packet_sn,vendor,chip_id,timestamp,rx_chain_num,csi_cnt,csi_i_0,csi_i_1,csi_i_2,csi_i_3,csi_i_4,csi_i_5,csi_i_6,csi_i_7,csi_i_8,csi_i_9,csi_i_10,csi_i_11,csi_i_12,csi_i_13,csi_i_14,csi_i_15,csi_i_16,csi_i_17,csi_i_18,csi_i_19,csi_i_20,csi_i_21,csi_i_22,csi_i_23,csi_i_24,csi_i_25,csi_i_26,csi_i_27,csi_i_28,csi_i_29,csi_i_30,csi_i_31,csi_i_32,csi_i_33,csi_i_34,csi_i_35,csi_i_36,csi_i_37,csi_i_38,csi_i_39,csi_i_40,csi_i_41,csi_i_42,csi_i_43,csi_i_44,csi_i_45,csi_i_46,csi_i_47,csi_i_48,csi_i_49,csi_i_50,csi_i_51,csi_i_52,csi_i_53,csi_i_54,csi_i_55,csi_i_56,csi_i_57,csi_i_58,csi_i_59,csi_i_60,csi_i_61,csi_i_62,csi_i_63,csi_i_64,csi_i_65,csi_i_66,csi_i_67,csi_i_68,csi_i_69,csi_i_70,csi_i_71,csi_i_72,csi_i_73,csi_i_74,csi_i_75,csi_i_76,csi_i_77,csi_i_78,csi_i_79,csi_i_80,csi_i_81,csi_i_82,csi_i_83,csi_i_84,csi_i_85,csi_i_86,csi_i_87,csi_i_88,csi_i_89,csi_i_90,csi_i_91,csi_i_92,csi_i_93,csi_i_94,csi_i_95,csi_i_96,csi_i_97,csi_i_98,csi_i_99,csi_i_100,csi_i_101,csi_i_102,csi_i_103,csi_i_104,csi_i_105,csi_i_106,csi_i_107,csi_i_108,csi_i_109,csi_i_110,csi_i_111,csi_i_112,csi_i_113,csi_i_114,csi_i_115,csi_i_116,csi_i_117,csi_i_118,csi_i_119,csi_i_120,csi_i_121,csi_i_122,csi_i_123,csi_i_124,csi_i_125,csi_i_126,csi_i_127,csi_i_128,csi_i_129,csi_i_130,csi_i_131,csi_i_132,csi_i_133,csi_i_134,csi_i_135,csi_i_136,csi_i_137,csi_i_138,csi_i_139,csi_i_140,csi_i_141,csi_i_142,csi_i_143,csi_i_144,csi_i_145,csi_i_146,csi_i_147,csi_i_148,csi_i_149,csi_i_150,csi_i_151,csi_i_152,csi_i_153,csi_i_154,csi_i_155,csi_i_156,csi_i_157,csi_i_158,csi_i_159,csi_i_160,csi_i_161,csi_i_162,csi_i_163,csi_i_164,csi_i_165,csi_i_166,csi_i_167,csi_i_168,csi_i_169,csi_i_170,csi_i_171,csi_i_172,csi_i_173,csi_i_174,csi_i_175,csi_i_176,csi_i_177,csi_i_178,csi_i_179,csi_i_180,csi_i_181,csi_i_182,csi_i_183,csi_i_184,csi_i_185,csi_i_186,csi_i_187,csi_i_188,csi_i_189,csi_i_190,csi_i_191,csi_i_192,csi_i_193,csi_i_194,csi_i_195,csi_i_196,csi_i_197,csi_i_198,csi_i_199,csi_i_200,csi_i_201,csi_i_202,csi_i_203,csi_i_204,csi_i_205,csi_i_206,csi_i_207,csi_i_208,csi_i_209,csi_i_210,csi_i_211,csi_i_212,csi_i_213,csi_i_214,csi_i_215,csi_i_216,csi_i_217,csi_i_218,csi_i_219,csi_i_220,csi_i_221,csi_i_222,csi_i_223,csi_i_224,csi_i_225,csi_i_226,csi_i_227,csi_i_228,csi_i_229,csi_i_230,csi_i_231,csi_i_232,csi_i_233,csi_i_234,csi_i_235,csi_i_236,csi_i_237,csi_i_238,csi_i_239,csi_i_240,csi_i_241,csi_i_242,csi_i_243,csi_i_244,csi_i_245,csi_i_246,csi_i_247,csi_i_248,csi_i_249,csi_i_250,csi_i_251,csi_i_252,csi_i_253,csi_i_254,csi_i_255,csi_i_256,csi_i_257,csi_i_258,csi_i_259,csi_i_260,csi_i_261,csi_i_262,csi_i_263,csi_i_264,csi_i_265,csi_i_266,csi_i_267,csi_i_268,csi_i_269,csi_i_270,csi_i_271,csi_i_272,csi_i_273,csi_i_274,csi_i_275,csi_i_276,csi_i_277,csi_i_278,csi_i_279,csi_i_280,csi_i_281,csi_i_282,csi_i_283,csi_i_284,csi_i_285,csi_i_286,csi_i_287,csi_i_288,csi_i_289,csi_i_290,csi_i_291,csi_i_292,csi_i_293,csi_i_294,csi_i_295,csi_i_296,csi_i_297,csi_i_298,csi_i_299,csi_i_300,csi_i_301,csi_i_302,csi_i_303,csi_i_304,csi_i_305,csi_i_306,csi_i_307,csi_i_308,csi_i_309,csi_i_310,csi_i_311,csi_i_312,csi_i_313,csi_i_314,csi_i_315,csi_i_316,csi_i_317,csi_i_318,csi_i_319,csi_i_320,csi_i_321,csi_i_322,csi_i_323,csi_i_324,csi_i_325,csi_i_326,csi_i_327,csi_i_328,csi_i_329,csi_i_330,csi_i_331,csi_i_332,csi_i_333,csi_i_334,csi_i_335,csi_i_336,csi_i_337,csi_i_338,csi_i_339,csi_i_340,csi_i_341,csi_i_342,csi_i_343,csi_i_344,csi_i_345,csi_i_346,csi_i_347,csi_i_348,csi_i_349,csi_i_350,csi_i_351,csi_i_352,csi_i_353,csi_i_354,csi_i_355,csi_i_356,csi_i_357,csi_i_358,csi_i_359,csi_i_360,csi_i_361,csi_i_362,csi_i_363,csi_i_364,csi_i_365,csi_i_366,csi_i_367,csi_i_368,csi_i_369,csi_i_370,csi_i_371,csi_i_372,csi_i_373,csi_i_374,csi_i_375,csi_i_376,csi_i_377,csi_i_378,csi_i_379,csi_i_380,csi_i_381,csi_i_382,csi_i_383,csi_i_384,csi_i_385,csi_i_386,csi_i_387,csi_i_388,csi_i_389,csi_i_390,csi_i_391,csi_i_392,csi_i_393,csi_i_394,csi_i_395,csi_i_396,csi_i_397,csi_i_398,csi_i_399,csi_i_400,csi_i_401,csi_i_402,csi_i_403,csi_i_404,csi_i_405,csi_i_406,csi_i_407,csi_i_408,csi_i_409,csi_i_410,csi_i_411,csi_i_412,csi_i_413,csi_i_414,csi_i_415,csi_i_416,csi_i_417,csi_i_418,csi_i_419,csi_i_420,csi_i_421,csi_i_422,csi_i_423,csi_i_424,csi_i_425,csi_i_426,csi_i_427,csi_i_428,csi_i_429,csi_i_430,csi_i_431,csi_i_432,csi_i_433,csi_i_434,csi_i_435,csi_i_436,csi_i_437,csi_i_438,csi_i_439,csi_i_440,csi_i_441,csi_i_442,csi_i_443,csi_i_444,csi_i_445,csi_i_446,csi_i_447,csi_i_448,csi_i_449,csi_i_450,csi_i_451,csi_i_452,csi_i_453,csi_i_454,csi_i_455,csi_i_456,csi_i_457,csi_i_458,csi_i_459,csi_i_460,csi_i_461,csi_i_462,csi_i_463,csi_i_464,csi_i_465,csi_i_466,csi_i_467,csi_i_468,csi_i_469,csi_i_470,csi_i_471,csi_i_472,csi_i_473,csi_i_474,csi_i_475,csi_i_476,csi_i_477,csi_i_478,csi_i_479,csi_i_480,csi_i_481,csi_i_482,csi_i_483,csi_i_484,csi_i_485,csi_i_486,csi_i_487,csi_i_488,csi_i_489,csi_i_490,csi_i_491,csi_i_492,csi_i_493,csi_i_494,csi_i_495,csi_i_496,csi_i_497,csi_i_498,csi_i_499,csi_i_500,csi_i_501,csi_i_502,csi_i_503,csi_i_504,csi_i_505,csi_i_506,csi_i_507,csi_i_508,csi_i_509,csi_i_510,csi_i_511,csi_q_0,csi_q_1,csi_q_2,csi_q_3,csi_q_4,csi_q_5,csi_q_6,csi_q_7,csi_q_8,csi_q_9,csi_q_10,csi_q_11,csi_q_12,csi_q_13,csi_q_14,csi_q_15,csi_q_16,csi_q_17,csi_q_18,csi_q_19,csi_q_20,csi_q_21,csi_q_22,csi_q_23,csi_q_24,csi_q_25,csi_q_26,csi_q_27,csi_q_28,csi_q_29,csi_q_30,csi_q_31,csi_q_32,csi_q_33,csi_q_34,csi_q_35,csi_q_36,csi_q_37,csi_q_38,csi_q_39,csi_q_40,csi_q_41,csi_q_42,csi_q_43,csi_q_44,csi_q_45,csi_q_46,csi_q_47,csi_q_48,csi_q_49,csi_q_50,csi_q_51,csi_q_52,csi_q_53,csi_q_54,csi_q_55,csi_q_56,csi_q_57,csi_q_58,csi_q_59,csi_q_60,csi_q_61,csi_q_62,csi_q_63,csi_q_64,csi_q_65,csi_q_66,csi_q_67,csi_q_68,csi_q_69,csi_q_70,csi_q_71,csi_q_72,csi_q_73,csi_q_74,csi_q_75,csi_q_76,csi_q_77,csi_q_78,csi_q_79,csi_q_80,csi_q_81,csi_q_82,csi_q_83,csi_q_84,csi_q_85,csi_q_86,csi_q_87,csi_q_88,csi_q_89,csi_q_90,csi_q_91,csi_q_92,csi_q_93,csi_q_94,csi_q_95,csi_q_96,csi_q_97,csi_q_98,csi_q_99,csi_q_100,csi_q_101,csi_q_102,csi_q_103,csi_q_104,csi_q_105,csi_q_106,csi_q_107,csi_q_108,csi_q_109,csi_q_110,csi_q_111,csi_q_112,csi_q_113,csi_q_114,csi_q_115,csi_q_116,csi_q_117,csi_q_118,csi_q_119,csi_q_120,csi_q_121,csi_q_122,csi_q_123,csi_q_124,csi_q_125,csi_q_126,csi_q_127,csi_q_128,csi_q_129,csi_q_130,csi_q_131,csi_q_132,csi_q_133,csi_q_134,csi_q_135,csi_q_136,csi_q_137,csi_q_138,csi_q_139,csi_q_140,csi_q_141,csi_q_142,csi_q_143,csi_q_144,csi_q_145,csi_q_146,csi_q_147,csi_q_148,csi_q_149,csi_q_150,csi_q_151,csi_q_152,csi_q_153,csi_q_154,csi_q_155,csi_q_156,csi_q_157,csi_q_158,csi_q_159,csi_q_160,csi_q_161,csi_q_162,csi_q_163,csi_q_164,csi_q_165,csi_q_166,csi_q_167,csi_q_168,csi_q_169,csi_q_170,csi_q_171,csi_q_172,csi_q_173,csi_q_174,csi_q_175,csi_q_176,csi_q_177,csi_q_178,csi_q_179,csi_q_180,csi_q_181,csi_q_182,csi_q_183,csi_q_184,csi_q_185,csi_q_186,csi_q_187,csi_q_188,csi_q_189,csi_q_190,csi_q_191,csi_q_192,csi_q_193,csi_q_194,csi_q_195,csi_q_196,csi_q_197,csi_q_198,csi_q_199,csi_q_200,csi_q_201,csi_q_202,csi_q_203,csi_q_204,csi_q_205,csi_q_206,csi_q_207,csi_q_208,csi_q_209,csi_q_210,csi_q_211,csi_q_212,csi_q_213,csi_q_214,csi_q_215,csi_q_216,csi_q_217,csi_q_218,csi_q_219,csi_q_220,csi_q_221,csi_q_222,csi_q_223,csi_q_224,csi_q_225,csi_q_226,csi_q_227,csi_q_228,csi_q_229,csi_q_230,csi_q_231,csi_q_232,csi_q_233,csi_q_234,csi_q_235,csi_q_236,csi_q_237,csi_q_238,csi_q_239,csi_q_240,csi_q_241,csi_q_242,csi_q_243,csi_q_244,csi_q_245,csi_q_246,csi_q_247,csi_q_248,csi_q_249,csi_q_250,csi_q_251,csi_q_252,csi_q_253,csi_q_254,csi_q_255,csi_q_256,csi_q_257,csi_q_258,csi_q_259,csi_q_260,csi_q_261,csi_q_262,csi_q_263,csi_q_264,csi_q_265,csi_q_266,csi_q_267,csi_q_268,csi_q_269,csi_q_270,csi_q_271,csi_q_272,csi_q_273,csi_q_274,csi_q_275,csi_q_276,csi_q_277,csi_q_278,csi_q_279,csi_q_280,csi_q_281,csi_q_282,csi_q_283,csi_q_284,csi_q_285,csi_q_286,csi_q_287,csi_q_288,csi_q_289,csi_q_290,csi_q_291,csi_q_292,csi_q_293,csi_q_294,csi_q_295,csi_q_296,csi_q_297,csi_q_298,csi_q_299,csi_q_300,csi_q_301,csi_q_302,csi_q_303,csi_q_304,csi_q_305,csi_q_306,csi_q_307,csi_q_308,csi_q_309,csi_q_310,csi_q_311,csi_q_312,csi_q_313,csi_q_314,csi_q_315,csi_q_316,csi_q_317,csi_q_318,csi_q_319,csi_q_320,csi_q_321,csi_q_322,csi_q_323,csi_q_324,csi_q_325,csi_q_326,csi_q_327,csi_q_328,csi_q_329,csi_q_330,csi_q_331,csi_q_332,csi_q_333,csi_q_334,csi_q_335,csi_q_336,csi_q_337,csi_q_338,csi_q_339,csi_q_340,csi_q_341,csi_q_342,csi_q_343,csi_q_344,csi_q_345,csi_q_346,csi_q_347,csi_q_348,csi_q_349,csi_q_350,csi_q_351,csi_q_352,csi_q_353,csi_q_354,csi_q_355,csi_q_356,csi_q_357,csi_q_358,csi_q_359,csi_q_360,csi_q_361,csi_q_362,csi_q_363,csi_q_364,csi_q_365,csi_q_366,csi_q_367,csi_q_368,csi_q_369,csi_q_370,csi_q_371,csi_q_372,csi_q_373,csi_q_374,csi_q_375,csi_q_376,csi_q_377,csi_q_378,csi_q_379,csi_q_380,csi_q_381,csi_q_382,csi_q_383,csi_q_384,csi_q_385,csi_q_386,csi_q_387,csi_q_388,csi_q_389,csi_q_390,csi_q_391,csi_q_392,csi_q_393,csi_q_394,csi_q_395,csi_q_396,csi_q_397,csi_q_398,csi_q_399,csi_q_400,csi_q_401,csi_q_402,csi_q_403,csi_q_404,csi_q_405,csi_q_406,csi_q_407,csi_q_408,csi_q_409,csi_q_410,csi_q_411,csi_q_412,csi_q_413,csi_q_414,csi_q_415,csi_q_416,csi_q_417,csi_q_418,csi_q_419,csi_q_420,csi_q_421,csi_q_422,csi_q_423,csi_q_424,csi_q_425,csi_q_426,csi_q_427,csi_q_428,csi_q_429,csi_q_430,csi_q_431,csi_q_432,csi_q_433,csi_q_434,csi_q_435,csi_q_436,csi_q_437,csi_q_438,csi_q_439,csi_q_440,csi_q_441,csi_q_442,csi_q_443,csi_q_444,csi_q_445,csi_q_446,csi_q_447,csi_q_448,csi_q_449,csi_q_450,csi_q_451,csi_q_452,csi_q_453,csi_q_454,csi_q_455,csi_q_456,csi_q_457,csi_q_458,csi_q_459,csi_q_460,csi_q_461,csi_q_462,csi_q_463,csi_q_464,csi_q_465,csi_q_466,csi_q_467,csi_q_468,csi_q_469,csi_q_470,csi_q_471,csi_q_472,csi_q_473,csi_q_474,csi_q_475,csi_q_476,csi_q_477,csi_q_478,csi_q_479,csi_q_480,csi_q_481,csi_q_482,csi_q_483,csi_q_484,csi_q_485,csi_q_486,csi_q_487,csi_q_488,csi_q_489,csi_q_490,csi_q_491,csi_q_492,csi_q_493,csi_q_494,csi_q_495,csi_q_496,csi_q_497,csi_q_498,csi_q_499,csi_q_500,csi_q_501,csi_q_502,csi_q_503,csi_q_504,csi_q_505,csi_q_506,csi_q_507,csi_q_508,csi_q_509,csi_q_510,csi_q_511
38714,mtk,MTK 7916,2420654582,rx1-tx0,512,0,-595,-365,-655,-629,-570,-475,-349,-203,-29,145,306,469,605,705,766,775,739,662,537,384,185,-12,-215,-415,-587,-727,-839,-888,-874,-824,-719,-555,-364,-134,94,313,537,719,853,943,969,937,856,717,515,301,65,-188,-419,-629,-812,-939,-1002,-1010,-957,-847,-683,-469,-227,24,276,515,732,895,983,1021,1004,925,784,590,369,115,-146,-383,-592,-772,-903,-970,-985,-921,-799,-630,-440,-213,24,256,465,632,753,832,853,828,755,617,461,291,104,-85,-267,-422,-541,-627,-681,-693,-658,-577,-478,-353,-216,-66,79,226,346,440,508,556,569,540,497,417,314,193,70,-45,-165,-282,-369,216,-488,-502,-486,-454,-388,-295,-194,-64,55,176,275,354,418,463,476,452,392,319,233,127,17,-88,-183,-272,-340,-385,-391,-392,-363,-314,-253,-169,-77,10,99,166,234,286,321,315,307,283,237,177,118,64,-6,-67,-122,-161,-189,-220,-229,-231,-206,-190,-161,-107,-85,-42,9,53,95,122,149,186,208,207,210,196,158,109,58,0,-58,-109,-147,-182,-209,-210,-200,-187,-157,-113,-70,-16,40,73,114,148,159,162,164,159,125,99,76,34,-9,-49,-82,-110,-125,-137,-139,-135,-116,-94,-67,-33,-1,35,74,104,120,125,124,107,69,32,-6,-47,-83,-95,-92,-374,-587,0,354,362,-117,-110,-83,-40,18,71,116,161,181,179,157,114,67,18,-32,-83,-126,-161,-180,-175,-158,-139,-108,-66,-26,16,67,106,134,151,158,160,151,133,103,88,56,26,2,-39,-75,-111,-143,-160,-185,-204,-196,-174,-145,-110,-59,1,55,114,173,217,253,274,264,232,209,162,91,21,-49,-118,-192,-254,-287,-309,-308,-284,-235,-169,-112,-42,44,115,178,241,274,287,304,291,257,210,142,72,0,-73,-142,-201,-245,-279,-296,-293,-270,-226,-177,-112,-50,14,93,154,202,233,263,269,257,227,182,122,68,13,-48,-93,-147,-180,-206,-210,-203,-193,-172,-146,-107,-584,-21,18,46,70,109,133,158,162,152,143,129,112,97,60,40,9,-29,-54,-82,-101,-114,-136,-148,-132,-138,-140,-108,-87,-64,-43,-26,7,43,64,88,119,139,169,184,187,200,189,171,131,87,46,-15,-84,-144,-193,-256,-306,-329,-346,-338,-307,-253,-185,-88,10,114,226,320,384,452,503,500,462,399,301,197,71,-82,-214,-333,-450,-531,-583,-585,-565,-516,-414,-294,-158,6,161,306,439,532,603,629,623,570,478,377,240,89,-65,-222,-366,-478,-562,-601,-614,-585,-524,-442,-327,-201,-68,77,211,335,434,513,561,587,576,538,466,364,253,119,-23,-162,-52,118,0,-327,-559,56,208,353,487,592,674,712,699,657,574,442,293,115,-75,-265,-448,-597,-725,-806,-831,-816,-739,-620,-470,-283,-60,155,358,558,720,845,920,918,886,788,631,442,222,-22,-258,-484,-689,-835,-932,-993,-983,-908,-781,-607,-389,-150,101,353,578,768,913,999,1022,982,886,739,525,289,44,-207,-450,-666,-833,-945,-1011,-1002,-929,-802,-624,-403,-172,76,320,537,707,826,903,919,883,777,625,448,253,42,-158,-363,-533,-652,-737,-782,-769,-709,-610,-479,-332,-168,6,183,327,445,529,594,625,620,572,485,382,266,142,-3,-130,-248,-351,-435,-498,-525,-522,-501,-446,-358,757,-144,-17,103,214,323,400,464,492,489,460,392,308,209,100,-16,-130,-228,-303,-371,-426,-441,-424,-379,-321,-243,-144,-54,38,137,217,290,343,361,359,333,293,245,177,89,13,-54,-130,-193,-240,-251,-263,-268,-253,-229,-181,-136,-87,-33,17,64,98,154,169,181,204,203,196,173,150,129,95,33,-14,-59,-117,-161,-194,-212,-221,-211,-192,-161,-124,-66,-4,46,92,141,171,192,208,192,167,144,102,55,16,-22,-73,-105,-113,-137,-144,-140,-129,-115,-91,-60,-38,-5,28,68,89,109,122,127,124,109,75,42,10,-30,-76,-103,-112,-112,-101,-71,-28,8,541,306,0,-109,67,24,68,112,145,155,140,117,77,13,-44,-101,-141,-166,-179,-173,-154,-121,-84,-30,17,56,90,129,157,163,171,157,130,99,63,28,-12,-45,-77,-93,-119,-146,-148,-165,-160,-144,-122,-91,-67,-39,13,71,114,147,188,219,235,233,219,181,131,76,11,-66,-124,-180,-240,-268,-279,-281,-264,-230,-164,-97,-29,54,130,203,247,279,307,305,277,247,194,126,53,-22,-104,-168,-217,-258,-282,-299,-298,-269,-226,-169,-100,-25,51,118,175,224,260,274,279,269,226,170,119,55,-11,-75,-134,-184,-218,-231,-240,-232,-214,-182,-137,-88,-35,10,58,99,134,166,-674,176,177,158,150,127,100,63,17,-14,-42,-70,-93,-123,-137,-140,-155,-147,-137,-121,-95,-76,-55,-14,12,23,66,90,105,130,135,148,155,143,134,127,107,88,64,18,-17,-57,-101,-144,-188,-214,-243,-270,-269,-250,-224,-186,-108,-29,48,132,217,297,360,402,419,425,401,327,237,149,31,-98,-218,-345,-439,-505,-552,-559,-519,-463,-368,-244,-100,49,179,334,453,536,596,619,598,547,454,333,191,33,-123,-284,-409,-521,-605,-635,-632,-589,-515,-413,-281,-136,20,165,298,415,508,564,589,588,546,478,388,277,150,9,-128,-246,-360,-456,-532,-591,-606,-592,-360,-349
38715,mtk,MTK 7916,2420654582,rx1-tx1,512,0,0,0,-163,149,433,605,599,425,138,-190,-474,-617,-588,-405,-110,216,478,610,575,377,72,-243,-478,-576,-517,-309,-19,259,460,527,442,235,-40,-289,-453,-484,-367,-140,123,336,453,434,286,49,-192,-376,-449,-393,-215,26,260,419,453,349,143,-102,-318,-449,-446,-313,-87,160,367,466,433,272,33,-212,-395,-471,-413,-239,-8,231,404,464,389,214,-26,-250,-393,-430,-345,-163,53,250,378,391,296,124,-81,-252,-345,-340,-238,-77,97,238,301,277,178,25,-129,-230,-266,-222,-112,23,142,219,236,176,62,-59,-160,-207,-192,-128,-28,86,165,191,149,58,-40,-116,-158,0,-107,-19,75,147,177,152,77,-22,-111,-177,-188,-141,-53,56,151,203,187,124,21,-91,-180,-222,-198,-118,4,131,212,240,210,115,-20,-155,-251,-274,-224,-116,26,165,260,284,239,131,-20,-169,-276,-311,-268,-145,2,148,267,321,277,166,27,-127,-252,-304,-279,-190,-66,72,195,270,277,215,101,-33,-159,-246,-269,-226,-134,-19,96,190,231,221,164,75,-31,-127,-188,-208,-181,-118,-31,59,127,167,183,154,93,14,-68,-128,-164,-166,-139,-81,-14,57,121,164,176,146,93,22,-54,-121,-165,-179,-156,-105,-42,29,92,134,153,148,121,79,29,-18,-57,0,0,0,0,0,55,61,49,22,-18,-65,-104,-129,-127,-94,-34,44,116,161,174,150,87,-11,-108,-181,-213,-199,-131,-25,92,189,244,237,161,46,-84,-198,-268,-261,-182,-54,92,212,277,270,185,53,-96,-227,-297,-281,-183,-32,130,249,302,266,151,-17,-191,-312,-341,-275,-125,78,261,370,387,295,101,-134,-327,-443,-441,-311,-85,169,390,509,486,326,74,-205,-443,-571,-541,-365,-77,242,488,608,575,380,69,-267,-536,-653,-593,-381,-61,285,551,660,594,379,54,-289,-560,-675,-600,-358,-23,313,562,649,567,328,-6,-333,-562,-628,-518,-272,49,362,562,593,463,206,-109,0,-565,-567,-404,-119,196,456,583,538,331,27,-287,-521,-604,-510,-264,62,374,579,623,485,202,-149,-468,-649,-643,-451,-130,236,550,714,661,418,53,-335,-637,-764,-674,-388,18,425,715,804,670,346,-83,-496,-768,-828,-660,-300,145,550,799,830,622,240,-207,-594,-824,-822,-584,-183,262,629,823,787,533,132,-305,-653,-814,-740,-466,-64,348,647,756,660,381,4,-369,-626,-698,-574,-289,70,399,608,631,470,179,-154,-435,-579,-546,-359,-69,236,462,544,466,249,-42,-319,-502,-532,-403,-156,138,392,531,517,345,75,-225,-462,-561,-495,-286,10,304,515,574,468,221,0,0,0,0,0,-576,-586,-432,-155,169,451,609,600,422,120,-212,-477,-618,-587,-394,-91,232,487,607,554,347,59,-245,-474,-554,-479,-277,-9,261,451,506,402,185,-71,-307,-451,-456,-327,-101,153,353,447,409,245,13,-228,-401,-454,-375,-188,65,301,442,449,327,118,-133,-349,-458,-430,-285,-58,192,394,474,419,258,26,-216,-397,-460,-396,-224,10,240,404,444,366,187,-39,-257,-391,-406,-316,-153,51,244,352,358,261,100,-81,-231,-315,-301,-200,-44,112,232,286,255,146,4,-131,-227,-249,-199,-92,42,154,212,208,146,43,-79,-174,-203,-174,-99,4,107,167,172,133,54,0,-132,-171,-160,-96,-2,99,165,180,148,69,-41,-139,-193,-193,-128,-30,71,164,211,193,120,11,-108,-199,-233,-206,-116,15,146,232,256,211,117,-23,-159,-249,-276,-236,-131,17,168,274,300,254,143,-8,-157,-269,-311,-265,-162,-7,147,259,309,286,186,39,-111,-226,-291,-290,-217,-96,52,189,266,272,225,125,-4,-124,-211,-251,-227,-152,-49,64,160,208,208,169,96,6,-83,-152,-194,-191,-143,-65,23,94,145,170,168,125,55,-23,-95,-148,-169,-157,-118,-57,16,94,149,173,164,124,68,-3,-85,-142,-167,-163,-137,-89,-26,34,85,119,130,118,90,0,0,0,0,0,8,35,65,87,97,90,54,1,-57,-112,-147,-153,-122,-59,20,109,176,195,169,101,1,-104,-188,-234,-220,-152,-36,88,197,258,254,182,61,-88,-214,-279,-269,-189,-52,98,222,290,279,189,44,-112,-243,-300,-266,-158,-2,163,280,318,266,134,-43,-222,-348,-365,-275,-107,100,292,409,406,286,85,-153,-364,-478,-460,-312,-72,197,415,535,514,348,74,-225,-471,-595,-551,-362,-74,246,515,643,585,373,57,-274,-536,-660,-601,-375,-49,292,553,666,599,365,37,-301,-560,-667,-583,-341,-10,321,560,647,552,306,-27,-337,-549,-615,-501,-244,77,374,559,579,0,160,-158,-424,-565,-548,-371,-78,245,491,594,522,295,-19,-331,-553,-617,-499,-232,106,419,621,642,465,156,-202,-514,-682,-650,-433,-91,286,594,731,661,407,29,-367,-666,-780,-672,-362,63,467,740,819,666,322,-119,-527,-789,-827,-641,-269,176,575,824,834,606,216,-239,-623,-827,-802,-560,-160,282,648,825,770,499,96,-326,-653,-792,-706,-423,-32,362,639,735,627,340,-40,-390,-619,-671,-526,-238,109,415,590,588,411,118,-199,-452,-566,-510,-307,-22,275,486,539,430,199,-95,-363,-523,-521,-367,-108,190,439,553,504,308,18,-274,-484,-559,-473,-251,47,342,541,0,0
38716,mtk,MTK 7916,2420654582,rx2-tx0,512,0,0,0,1009,950,606,81,-467,-878,-1034,-890,-483,69,593,940,1013,794,344,-213,-697,-972,-961,-667,-173,370,798,991,883,518,-10,-531,-894,-981,-774,-332,210,698,970,951,646,147,-413,-853,-1040,-911,-512,51,600,971,1062,843,371,-221,-751,-1056,-1057,-746,-200,405,881,1097,996,599,16,-572,-981,-1102,-895,-415,189,736,1068,1076,762,213,-405,-911,-1151,-1046,-627,-15,603,1053,1203,997,487,-173,-788,-1176,-1226,-919,-347,334,927,1249,1217,837,217,-468,-1019,-1271,-1162,-727,-84,580,1072,1255,1078,589,-53,-674,-1095,-1195,-950,-434,196,759,1100,1111,800,259,-341,-833,-1074,-1007,-642,-82,485,0,1057,894,466,-88,-619,-968,-1021,-765,-296,261,743,1010,971,641,119,-436,-861,-1039,-906,-505,51,597,978,1071,839,359,-236,-775,-1097,-1097,-778,-224,404,932,1196,1128,729,112,-554,-1071,-1290,-1143,-672,-1,678,1177,1346,1129,601,-97,-770,-1243,-1367,-1111,-541,182,857,1300,1383,1080,468,-262,-921,-1329,-1377,-1045,-426,310,953,1333,1354,1010,403,-312,-926,-1294,-1308,-978,-400,276,871,1208,1217,909,379,-231,-763,-1076,-1092,-827,-359,183,650,924,944,718,317,-146,-548,-782,-806,-613,-267,132,475,679,702,542,249,-94,-398,-591,-635,-526,-297,-10,260,456,543,510,380,190,-6,-171,-282,0,0,0,0,0,344,312,209,43,-155,-350,-492,-544,-482,-313,-68,205,442,585,591,457,207,-95,-382,-582,-634,-520,-271,48,363,586,651,546,296,-45,-376,-609,-681,-571,-298,63,411,643,706,572,278,-100,-453,-682,-717,-549,-229,153,501,712,715,503,143,-261,-597,-769,-717,-452,-57,362,693,830,727,409,-29,-466,-783,-886,-733,-368,105,557,854,916,723,316,-182,-636,-916,-940,-694,-256,260,701,945,921,640,175,-342,-758,-966,-904,-578,-85,422,805,965,854,493,-7,-502,-851,-957,-792,-407,94,570,883,938,723,303,-195,-632,-886,-888,-635,-207,283,683,877,816,519,76,-381,-722,0,-714,-378,65,490,768,808,604,218,-233,-610,-804,-760,-485,-60,390,727,844,711,361,-108,-554,-835,-870,-655,-236,269,697,927,886,580,93,-421,-823,-990,-869,-492,33,557,927,1022,817,368,-185,-689,-994,-1003,-722,-236,330,802,1035,969,613,71,-487,-896,-1040,-885,-458,112,643,983,1034,780,287,-294,-789,-1050,-1002,-653,-114,458,903,1085,940,523,-47,-609,-998,-1089,-859,-377,227,759,1065,1062,751,213,-383,-866,-1094,-1002,-621,-59,518,943,1099,930,485,-100,-650,-1005,-1068,-820,-335,246,755,1035,1010,688,166,-401,-845,-1040,-932,-543,4,541,916,1025,836,400,-152,-660,-974,0,0,0,0,0,-152,394,839,1035,922,543,8,-528,-914,-1031,-849,-412,141,648,959,990,732,262,-286,-756,-985,-917,-584,-80,452,847,989,830,423,-108,-608,-930,-969,-717,-246,309,772,997,927,573,41,-510,-918,-1050,-864,-433,132,672,1025,1069,792,283,-311,-820,-1092,-1041,-674,-108,482,933,1105,943,497,-96,-660,-1028,-1093,-830,-318,301,833,1113,1060,696,121,-507,-987,-1171,-1012,-553,81,702,1123,1218,957,413,-253,-853,-1219,-1229,-885,-284,402,976,1269,1195,782,155,-524,-1052,-1273,-1124,-661,-15,630,1083,1223,1009,513,-127,-720,-1098,-1152,-870,-348,267,794,1084,1057,719,176,-413,-873,-1071,-951,0,-1,549,930,1032,830,383,-178,-690,-985,-990,-709,-213,352,804,1020,939,576,39,-512,-921,-1057,-878,-433,144,693,1040,1083,808,291,-326,-857,-1154,-1113,-745,-163,475,998,1248,1144,706,51,-628,-1130,-1315,-1138,-638,50,732,1208,1352,1120,574,-139,-816,-1267,-1372,-1088,-505,227,904,1326,1379,1051,439,-293,-938,-1336,-1367,-1026,-398,321,953,1323,1343,1007,404,-293,-899,-1256,-1277,-955,-389,264,823,1149,1167,877,370,-211,-708,-1001,-1018,-772,-333,166,603,860,877,662,292,-137,-510,-733,-752,-572,-250,120,440,635,660,523,266,-47,-338,-535,-594,-520,-341,-102,145,334,440,447,372,243,0,0,0,0,0,83,238,366,449,456,368,193,-38,-282,-478,-576,-552,-399,-147,145,408,578,606,485,240,-76,-372,-579,-642,-539,-288,41,360,586,665,560,301,-49,-390,-629,-692,-567,-284,85,428,658,712,567,255,-129,-481,-695,-716,-534,-194,204,546,733,713,480,104,-306,-635,-792,-720,-432,-16,416,744,854,722,389,-65,-515,-828,-905,-724,-342,141,594,889,932,713,287,-228,-681,-937,-933,-666,-212,303,734,961,914,608,132,-381,-785,-963,-870,-529,-38,458,829,970,831,453,-51,-536,-872,-962,-772,-357,147,609,891,917,682,256,-235,-658,-886,-854,-576,-142,330,703,868,770,449,0,-439,-745,-832,-671,-305,148,551,788,788,551,144,-309,-671,-831,-741,-423,23,467,781,867,688,303,-182,-627,-886,-886,-622,-168,344,765,966,882,537,31,-494,-876,-1009,-847,-433,115,630,964,1020,777,306,-259,-750,-1022,-993,-673,-155,407,859,1053,929,536,-11,-564,-955,-1062,-842,-376,199,716,1021,1027,728,208,-373,-845,-1070,-977,-594,-36,538,955,1092,906,448,-137,-682,-1031,-1076,-801,-289,308,817,1085,1033,683,135,-459,-917,-1100,-965,-554,19,582,979,1086,872,404,-176,-701,-1023,-1041,-757,-251,321,796,1039,975,623,87,-471,-885,-1036,-885,-475,77,604,948,1010,779,319,0,0
38717,mtk,MTK 7916,2420654582,rx2-tx1,512,0,0,0,-595,-583,-395,-94,219,466,580,524,318,26,-267,-476,-544,-466,-251,36,296,464,502,398,174,-86,-309,-442,-445,-313,-91,141,322,405,365,223,27,-170,-308,-344,-280,-138,50,208,293,292,194,35,-124,-237,-264,-202,-83,58,177,233,202,96,-43,-177,-249,-234,-137,5,160,273,297,230,88,-114,-290,-384,-354,-217,-8,211,387,454,389,198,-50,-294,-460,-504,-400,-178,103,362,528,541,385,123,-176,-435,-574,-546,-354,-62,253,500,612,544,313,-9,-330,-559,-627,-523,-266,71,388,598,635,485,195,-153,-447,-626,-634,-453,-141,218,518,663,620,404,69,-287,-557,0,-600,-357,-16,330,585,664,552,285,-58,-390,-607,-653,-496,-197,159,468,635,615,421,101,-251,-518,-643,-589,-360,-8,346,599,683,566,277,-101,-457,-690,-727,-549,-199,208,568,773,761,526,134,-301,-659,-850,-799,-515,-87,376,742,901,818,505,45,-430,-794,-950,-842,-499,-13,472,842,989,862,485,-2,-488,-859,-996,-848,-479,8,499,851,986,853,498,17,-467,-828,-962,-842,-510,-59,399,750,891,796,500,83,-339,-654,-792,-727,-477,-117,262,562,703,655,445,139,-191,-467,-612,-599,-437,-179,113,364,520,545,448,262,27,-201,-367,-444,-429,-331,-186,-27,108,198,0,0,0,0,0,-121,-68,8,101,185,241,255,220,135,15,-112,-214,-269,-267,-202,-90,42,166,252,277,225,115,-23,-149,-243,-273,-229,-132,17,164,258,282,229,115,-32,-168,-264,-282,-225,-104,40,183,273,283,207,72,-87,-215,-284,-282,-197,-55,104,236,306,292,194,31,-128,-245,-311,-290,-171,-5,159,266,297,245,126,-29,-178,-268,-278,-199,-60,101,234,299,263,141,-21,-185,-312,-348,-265,-111,70,240,358,370,278,107,-102,-288,-391,-391,-275,-85,127,310,416,403,278,78,-140,-330,-428,-398,-259,-53,177,341,411,368,222,8,-202,-351,-393,-323,-159,41,237,367,381,0,77,-127,-291,-384,-364,-220,-7,209,364,412,342,164,-65,-275,-414,-436,-334,-125,128,341,457,441,295,57,-199,-399,-490,-438,-252,9,264,455,517,424,201,-83,-348,-513,-538,-400,-148,151,410,546,522,354,81,-224,-467,-574,-504,-283,19,315,523,578,457,191,-135,-414,-573,-574,-402,-99,241,517,642,587,354,6,-351,-607,-698,-585,-299,84,448,690,734,573,239,-166,-526,-744,-760,-559,-194,233,600,801,768,524,136,-295,-658,-830,-774,-497,-91,342,688,840,755,469,62,-360,-682,-814,-724,-427,-17,383,674,774,657,359,-20,-388,-644,-714,-576,-284,76,404,609,0,0,0,0,0,141,-179,-447,-588,-551,-355,-66,240,477,563,485,280,-7,-288,-476,-525,-427,-211,63,305,451,469,355,139,-110,-316,-423,-404,-273,-69,150,317,374,322,181,-1,-186,-310,-324,-234,-89,80,218,274,242,139,-12,-150,-226,-224,-151,-14,122,217,238,167,35,-105,-221,-277,-232,-97,65,213,319,336,230,46,-162,-337,-420,-376,-209,26,256,426,480,397,196,-78,-337,-496,-519,-397,-148,143,399,542,524,357,91,-208,-461,-593,-546,-340,-27,292,535,623,537,292,-37,-359,-579,-633,-507,-232,113,424,616,635,463,160,-187,-486,-650,-633,-431,-97,261,537,670,615,376,0,-315,-569,-665,-574,-314,38,380,613,664,527,244,-106,-431,-627,-640,-471,-163,198,496,636,599,384,53,-291,-553,-657,-569,-310,47,398,636,697,551,231,-148,-497,-723,-743,-543,-173,259,614,798,766,524,116,-342,-708,-874,-802,-512,-69,410,777,926,821,487,22,-457,-827,-968,-841,-485,6,497,847,980,849,489,-13,-505,-860,-985,-856,-497,-1,492,850,977,855,506,31,-439,-788,-922,-818,-508,-75,367,701,837,757,488,98,-298,-600,-752,-698,-469,-124,230,507,650,634,453,163,-161,-426,-578,-582,-443,-216,49,292,463,520,455,306,109,-90,-249,-340,-357,-309,-213,0,0,0,0,0,-129,-189,-212,-200,-152,-64,43,147,231,276,254,173,56,-68,-180,-259,-274,-216,-102,38,166,249,273,227,116,-25,-158,-246,-270,-226,-120,21,162,259,280,215,100,-43,-172,-263,-280,-221,-94,59,195,282,294,216,71,-94,-228,-298,-289,-201,-59,110,250,306,278,178,26,-135,-252,-294,-262,-148,11,159,257,278,214,86,-70,-204,-279,-272,-179,-22,144,270,313,259,128,-44,-204,-313,-343,-278,-112,87,270,379,376,276,105,-116,-305,-401,-400,-286,-87,135,320,424,397,252,54,-154,-338,-430,-390,-239,-22,190,354,412,343,182,-27,-228,-360,-390,-300,-119,89,0,370,358,237,42,-164,-323,-398,-348,-194,16,236,387,419,328,141,-92,-301,-434,-436,-307,-99,151,372,470,425,265,29,-237,-436,-509,-435,-221,54,310,486,522,406,172,-120,-380,-527,-533,-385,-116,191,437,554,510,314,22,-270,-492,-575,-482,-242,63,357,554,579,429,152,-173,-457,-607,-566,-369,-55,292,556,665,585,322,-40,-396,-645,-717,-582,-278,112,481,717,748,566,221,-201,-575,-782,-770,-542,-158,274,634,823,782,523,118,-323,-667,-833,-774,-494,-71,363,694,836,753,462,46,-377,-685,-797,-691,-403,-11,387,665,746,619,324,-50,-389,-622,-676,-535,-246,0,0
38718,mtk,MTK 7916,2420687667,rx0-tx0,512,-349,-57,-5,-330,-416,-472,-508,-501,-465,-410,-305,-198,-65,77,209,333,435,515,568,569,530,452,341,217,74,-81,-228,-352,-455,-526,-561,-550,-507,-440,-334,-206,-67,68,196,306,390,452,479,475,447,399,309,214,108,2,-89,-184,-271,-331,-360,-383,-379,-359,-328,-282,-220,-138,-59,20,99,173,246,309,361,393,406,398,366,304,228,139,24,-97,-212,-310,-398,-461,-493,-496,-465,-403,-310,-192,-68,75,206,325,429,491,522,515,470,402,302,179,42,-89,-213,-321,-397,-445,-461,-448,-406,-331,-238,-129,-26,80,171,232,284,317,320,309,280,243,192,136,73,10,-44,-84,-511,-154,-179,-201,-212,-211,-208,-194,-172,-148,-115,-72,-22,29,91,150,197,245,284,304,305,281,248,206,139,50,-51,-152,-231,-302,-356,-395,-409,-391,-350,-272,-179,-67,55,158,259,361,421,459,470,441,381,303,197,76,-52,-172,-278,-368,-437,-469,-474,-456,-406,-327,-219,-97,33,155,268,374,445,488,505,478,410,319,213,94,-37,-163,-281,-372,-438,-472,-472,-438,-371,-290,-180,-58,61,176,277,356,412,442,437,388,313,225,123,13,-102,-201,-287,-355,-390,-391,-364,-309,-228,-134,-28,79,173,256,311,341,339,299,231,140,38,-65,-152,-215,-251,-249,-207,-136,-189,-156,1179,-1115,-1339,-72,-30,31,89,139,175,188,178,139,83,17,-51,-115,-172,-208,-226,-233,-206,-159,-109,-32,37,112,178,225,259,272,262,232,171,99,13,-70,-150,-221,-277,-304,-302,-284,-242,-184,-104,-20,58,135,204,261,295,303,292,257,204,143,69,-12,-89,-161,-218,-263,-287,-289,-280,-245,-189,-125,-55,16,81,133,193,238,253,260,258,229,187,142,89,23,-30,-92,-153,-196,-226,-244,-263,-261,-230,-191,-143,-84,-11,60,120,187,246,283,307,304,275,238,182,120,47,-48,-140,-208,-267,-320,-345,-341,-320,-274,-207,-123,-37,57,148,220,279,325,347,341,323,281,-330,128,40,-49,-131,-213,-273,-322,-345,-337,-314,-282,-229,-148,-69,14,99,170,234,278,316,337,329,300,266,200,126,48,-29,-101,-182,-259,-301,-333,-348,-333,-320,-283,-220,-152,-63,29,115,206,280,342,397,415,408,387,331,255,160,53,-56,-174,-284,-372,-448,-489,-510,-491,-434,-342,-233,-111,30,177,300,412,499,567,585,553,489,398,269,114,-36,-192,-322,-438,-519,-573,-594,-551,-478,-379,-249,-111,31,175,296,394,474,510,509,485,429,346,246,137,18,-96,-205,-289,-363,-416,-439,-446,-425,-372,-300,-212,-114,-14,87,191,285,359,411,439,445,426,383,318,-36,-445,-729,180,174,-371,-275,-167,-47,86,201,326,425,491,536,535,504,435,333,217,73,-77,-224,-355,-455,-526,-570,-572,-527,-454,-349,-221,-70,78,206,332,435,501,531,524,485,412,321,211,87,-37,-151,-259,-340,-390,-423,-421,-405,-374,-318,-237,-157,-70,20,101,176,242,304,337,354,362,354,333,284,227,156,69,-25,-118,-211,-304,-374,-438,-466,-460,-423,-366,-284,-168,-51,72,197,316,421,486,521,522,481,418,315,187,54,-88,-216,-332,-422,-485,-507,-492,-450,-368,-266,-152,-27,87,203,292,354,392,399,385,333,274,207,123,38,-37,-108,-170,-214,-242,-250,-251,-234,-211,1105,-160,-125,-87,-43,-5,34,82,123,166,201,226,238,245,245,217,189,143,83,15,-64,-135,-197,-263,-322,-362,-372,-350,-306,-246,-167,-70,39,147,251,341,402,443,443,413,374,287,182,74,-47,-163,-269,-359,-428,-468,-478,-448,-394,-318,-212,-91,36,163,274,367,435,483,488,464,422,341,230,108,-32,-167,-280,-372,-439,-488,-490,-461,-398,-305,-201,-78,48,174,277,365,433,462,458,423,356,263,157,37,-82,-195,-284,-351,-400,-418,-400,-351,-285,-193,-83,31,130,228,302,344,364,349,312,244,154,57,-47,-147,-231,-288,-314,-298,-246,-174,-79,17,102,150,68,123,1145,-898,-537,97,136,147,134,98,41,-25,-87,-145,-184,-210,-210,-185,-142,-78,-19,54,126,177,220,247,245,232,192,139,71,-13,-95,-173,-232,-272,-294,-287,-263,-215,-147,-60,28,109,183,246,292,308,304,273,219,158,82,8,-77,-155,-215,-259,-290,-297,-286,-251,-196,-136,-58,14,87,162,215,249,274,278,262,235,193,121,57,1,-67,-126,-172,-206,-240,-253,-245,-232,-193,-152,-106,-55,3,78,137,182,227,263,278,269,246,219,167,99,29,-53,-124,-196,-256,-297,-325,-330,-303,-254,-199,-126,-32,55,143,225,292,332,348,348,318,269,201,119,21,-60,-139,-220,826,-323,-348,-349,-325,-276,-208,-134,-43,39,119,191,256,301,327,339,327,289,235,177,105,19,-72,-144,-214,-274,-307,-326,-328,-321,-296,-239,-167,-105,-18,64,137,222,282,334,372,373,365,331,272,203,117,15,-82,-183,-282,-361,-415,-447,-452,-433,-383,-310,-211,-98,30,168,294,400,469,521,544,520,460,376,266,133,-25,-179,-312,-429,-527,-579,-598,-570,-495,-392,-263,-124,41,202,324,434,508,546,555,523,447,356,242,112,-13,-134,-256,-351,-427,-467,-480,-464,-416,-352,-274,-170,-68,40,146,242,323,385,423,442,438,406,345,267,178,74,-37,-147,-249,-343,-1421,-1360
38719,mtk,MTK 7916,2420687667,rx0-tx1,512,87,-96,-58,-258,-384,-492,-572,-619,-627,-606,-540,-438,-303,-141,27,199,367,512,632,718,754,743,692,597,461,298,107,-93,-291,-472,-635,-768,-846,-873,-843,-760,-640,-463,-256,-36,195,412,601,765,883,941,945,892,782,625,428,203,-35,-271,-488,-686,-850,-955,-1008,-1007,-938,-808,-639,-426,-187,63,316,560,771,937,1055,1112,1090,1006,861,653,402,123,-173,-457,-713,-925,-1075,-1162,-1173,-1112,-982,-778,-526,-243,49,334,599,830,1006,1114,1146,1117,1009,843,636,383,108,-170,-429,-662,-855,-987,-1066,-1070,-1014,-901,-729,-517,-280,-31,222,459,666,830,949,1006,1005,952,848,681,472,235,-689,-246,-477,-680,-851,-965,-1019,-1027,-969,-844,-676,-465,-211,52,314,565,785,954,1074,1120,1098,1013,851,638,384,91,-212,-503,-763,-976,-1130,-1217,-1223,-1146,-1001,-772,-496,-189,141,466,760,1004,1184,1282,1296,1222,1068,840,549,219,-124,-462,-770,-1014,-1202,-1305,-1312,-1225,-1061,-823,-521,-188,151,486,771,1001,1165,1231,1216,1113,928,694,402,89,-206,-493,-739,-914,-1018,-1053,-1005,-891,-724,-513,-276,-31,205,420,593,715,789,801,771,683,553,393,211,23,-165,-331,-472,-574,-627,-643,-617,-546,-430,-276,-114,52,215,361,465,530,551,520,440,311,154,-13,-169,-296,-378,-397,-358,-269,-146,-156,0,-282,-385,183,155,87,0,-96,-185,-257,-300,-302,-274,-216,-132,-39,61,157,238,302,336,345,325,280,216,136,40,-59,-151,-232,-303,-356,-378,-383,-362,-310,-240,-146,-38,70,176,282,377,442,473,477,445,380,280,167,35,-111,-248,-380,-474,-531,-566,-548,-493,-408,-287,-141,14,166,302,421,517,570,579,555,488,387,268,130,-17,-165,-294,-405,-487,-536,-557,-535,-477,-392,-283,-150,-18,115,243,355,436,487,515,505,459,392,301,192,72,-52,-170,-276,-357,-422,-464,-469,-448,-396,-324,-234,-129,-15,99,200,289,353,403,419,409,381,328,249,167,73,-26,-115,-191,-263,-130,-349,-365,-359,-325,-281,-222,-154,-68,12,92,162,219,268,298,316,313,296,263,220,163,98,36,-33,-92,-147,-201,-238,-261,-279,-290,-283,-259,-227,-181,-134,-72,-3,66,145,215,278,326,364,377,365,343,300,237,154,55,-48,-153,-250,-336,-407,-456,-481,-473,-441,-375,-288,-181,-56,78,209,328,430,506,556,567,552,492,392,277,144,-1,-147,-283,-410,-501,-568,-597,-577,-531,-448,-343,-212,-67,76,215,334,432,499,533,537,505,443,364,269,154,36,-75,-182,-270,-346,-403,-432,-448,-440,-403,-359,-299,-218,-129,-35,64,157,252,334,404,454,485,490,464,411,246,77,504,138,171,-523,-447,-346,-220,-70,82,237,382,503,606,671,695,678,616,517,387,222,35,-155,-331,-502,-637,-740,-802,-807,-764,-677,-549,-379,-186,28,242,441,625,774,868,917,906,834,713,551,341,112,-125,-352,-561,-737,-872,-956,-979,-940,-851,-717,-532,-316,-84,165,409,623,806,948,1032,1056,1018,915,753,551,305,35,-245,-504,-742,-941,-1073,-1146,-1149,-1073,-928,-722,-470,-189,110,399,668,891,1052,1151,1171,1121,1000,813,578,310,27,-257,-529,-756,-937,-1062,-1114,-1094,-1017,-882,-686,-454,-190,79,333,568,768,916,1005,1039,1010,917,772,592,374,137,-110,-344,-565,-752,-892,-980,261,-989,-900,-765,-579,-354,-113,139,390,618,802,954,1044,1066,1031,933,767,556,305,23,-257,-529,-769,-962,-1104,-1177,-1168,-1080,-923,-706,-437,-138,176,476,754,989,1154,1253,1268,1196,1039,815,535,215,-126,-460,-763,-1014,-1200,-1300,-1316,-1243,-1068,-836,-547,-212,138,470,766,1014,1190,1275,1276,1184,1011,779,477,149,-182,-500,-763,-972,-1111,-1156,-1123,-1019,-834,-595,-331,-48,227,469,664,809,891,911,873,774,623,443,237,28,-178,-370,-521,-636,-704,-725,-696,-612,-498,-345,-178,-4,173,330,459,543,584,585,541,450,326,178,11,-156,-305,-417,-480,-489,-441,-345,-207,-53,91,203,-4,47,0,300,133,-83,-157,-222,-254,-252,-213,-144,-49,54,153,236,295,322,323,290,235,159,70,-24,-123,-209,-279,-330,-357,-354,-324,-279,-217,-127,-33,63,169,254,333,392,420,420,399,352,271,160,40,-88,-214,-328,-426,-490,-530,-524,-482,-404,-287,-155,-5,152,286,401,499,563,586,560,497,405,279,130,-19,-166,-305,-419,-506,-562,-575,-549,-481,-390,-271,-139,2,145,274,379,467,516,531,513,467,384,279,167,46,-85,-201,-306,-395,-456,-490,-492,-459,-399,-311,-214,-103,13,131,239,327,395,439,456,435,389,322,243,151,41,-60,-157,-249,-317,-365,-394,-394,-368,-326,-274,245,-116,-29,62,145,213,270,315,335,332,322,287,241,182,115,43,-32,-101,-163,-214,-257,-282,-296,-295,-276,-254,-212,-162,-107,-50,8,74,136,194,242,279,310,318,319,303,264,215,153,82,-6,-92,-175,-260,-333,-387,-422,-432,-415,-375,-308,-224,-121,-6,113,233,338,420,485,523,531,498,439,347,233,101,-37,-172,-315,-425,-510,-564,-590,-576,-528,-437,-316,-185,-35,111,252,376,474,544,573,565,521,451,352,234,107,-24,-153,-267,-363,-436,-483,-492,-479,-440,-376,-301,-209,-117,-23,81,173,248,320,381,418,441,442,425,387,323,238,140,36,-80,-195,-305,307,395
38720,mtk,MTK 7916,2420687667,rx1-tx0,512,0,-595,-365,362,487,592,660,681,655,597,496,357,191,14,-176,-360,-527,-658,-752,-795,-788,-731,-621,-471,-291,-78,143,349,548,709,828,897,905,848,734,580,372,137,-99,-342,-568,-743,-874,-962,-980,-930,-809,-641,-426,-182,72,329,558,757,905,988,1009,967,863,693,479,234,-29,-283,-526,-738,-889,-977,-1004,-967,-864,-701,-501,-249,17,264,487,690,835,917,933,896,789,636,451,226,2,-210,-414,-589,-713,-784,-812,-784,-690,-565,-415,-240,-42,143,304,450,560,624,656,635,594,506,383,251,99,-44,-183,-298,-397,-471,-501,-537,-518,-459,-385,-289,-175,-49,74,182,282,369,216,454,457,427,372,303,208,103,-3,-116,-220,-298,-346,-394,-410,-394,-348,-287,-216,-122,-26,70,148,222,289,324,334,334,308,260,206,137,59,-16,-88,-149,-196,-230,-264,-264,-244,-227,-193,-152,-91,-35,19,70,102,139,168,177,184,182,169,164,137,106,71,44,9,-47,-86,-123,-160,-190,-220,-228,-219,-195,-155,-109,-43,32,91,157,216,247,258,256,232,192,133,68,1,-68,-127,-170,-201,-208,-208,-192,-164,-134,-84,-24,26,71,109,132,147,158,153,152,128,92,58,15,-24,-55,-87,-114,-135,-138,-125,-106,-71,-30,5,45,80,101,106,99,76,33,-374,-587,0,354,362,-114,-116,-91,-46,3,60,113,153,175,180,157,128,78,16,-34,-84,-129,-162,-179,-179,-166,-141,-103,-56,2,45,84,114,135,146,160,154,142,121,96,69,33,-4,-40,-71,-107,-133,-155,-172,-178,-181,-165,-140,-97,-56,10,75,129,187,228,254,265,250,218,167,99,35,-42,-115,-179,-233,-270,-296,-294,-281,-236,-177,-104,-18,59,133,197,240,283,299,286,264,227,166,99,9,-62,-102,-168,-232,-256,-265,-265,-250,-224,-175,-113,-45,34,93,154,203,230,245,256,245,212,170,113,57,-10,-72,-117,-149,-189,-213,-204,-192,-174,-140,-108,-63,-22,14,65,-584,124,140,154,152,150,139,126,101,71,39,13,-17,-50,-66,-86,-107,-122,-136,-136,-127,-125,-107,-84,-65,-41,-8,24,54,83,105,127,145,160,166,167,160,143,112,87,51,-5,-63,-105,-145,-199,-227,-267,-283,-269,-251,-222,-160,-89,-14,77,172,259,328,388,425,435,409,353,270,159,40,-86,-212,-320,-426,-504,-543,-540,-501,-435,-338,-204,-63,78,222,359,480,548,604,620,572,504,396,256,103,-60,-218,-366,-491,-577,-625,-632,-610,-538,-423,-279,-138,11,171,321,443,530,589,606,584,537,456,344,210,69,-67,-210,-342,-453,-536,-589,-607,-580,-530,-461,-52,118,0,-327,-559,525,428,302,144,-33,-203,-362,-507,-627,-704,-743,-736,-677,-570,-424,-244,-46,158,352,535,680,794,856,851,792,684,524,329,110,-121,-350,-554,-730,-867,-929,-939,-899,-781,-603,-403,-167,79,334,566,755,899,977,1000,950,839,678,457,214,-50,-301,-543,-747,-898,-989,-1013,-972,-876,-714,-494,-248,14,274,517,712,866,963,977,935,841,685,472,234,-5,-240,-460,-633,-778,-856,-872,-835,-748,-607,-428,-235,-34,181,373,517,630,702,731,705,646,542,396,237,73,-89,-239,-383,-481,-549,-584,-584,-549,-476,-388,-259,-143,-21,125,236,333,414,467,491,479,434,374,284,757,81,-36,-150,-241,-326,-385,-420,-426,-410,-366,-288,-207,-120,-15,87,185,262,321,361,375,359,319,279,217,135,54,-30,-120,-183,-240,-287,-298,-302,-279,-241,-188,-138,-79,-1,56,114,160,197,226,227,231,208,182,156,109,62,15,-33,-63,-96,-125,-153,-162,-169,-192,-196,-183,-163,-131,-84,-41,14,84,135,188,224,257,255,242,213,156,86,18,-52,-123,-178,-218,-235,-240,-228,-192,-150,-99,-43,6,60,108,149,183,192,182,165,139,100,71,26,-12,-54,-99,-123,-139,-143,-136,-121,-100,-72,-37,5,41,74,108,123,128,123,93,55,14,-24,-64,-86,541,306,0,-109,67,5,53,103,136,153,154,127,82,30,-31,-88,-133,-172,-181,-173,-156,-126,-80,-31,21,69,110,142,170,172,158,143,115,81,47,7,-38,-69,-96,-116,-139,-152,-156,-149,-139,-123,-96,-63,-21,18,70,116,160,196,221,234,220,198,160,110,46,-25,-97,-161,-217,-250,-279,-285,-262,-228,-174,-110,-32,48,124,194,249,285,299,294,269,223,165,97,11,-65,-130,-193,-242,-277,-295,-267,-245,-226,-161,-91,-30,43,111,168,215,250,275,269,249,219,167,108,46,-14,-85,-136,-181,-213,-230,-240,-221,-185,-156,-118,-50,9,54,103,133,156,172,171,173,164,-674,101,82,50,11,-23,-54,-81,-104,-126,-136,-139,-141,-125,-109,-99,-81,-59,-32,8,31,55,86,104,125,137,148,147,136,127,109,89,65,34,-4,-46,-91,-134,-165,-179,-199,-218,-222,-207,-195,-153,-106,-60,22,97,159,231,293,328,350,355,331,282,218,129,26,-81,-197,-296,-385,-447,-480,-489,-459,-399,-309,-188,-53,82,216,346,460,540,577,577,545,480,358,225,83,-84,-235,-366,-483,-561,-608,-620,-590,-513,-401,-263,-107,45,207,356,482,560,604,622,601,531,424,305,166,16,-135,-274,-397,-492,-558,-586,-585,-556,-488,-390,-271,-136,11,159,287,410,-360,-349
38721,mtk,MTK 7916,2420687667,rx1-tx1,512,0,0,0,-431,-593,-585,-420,-146,173,453,608,600,427,146,-171,-441,-595,-580,-423,-156,161,428,567,555,397,139,-154,-393,-518,-503,-356,-115,154,372,475,445,288,55,-182,-372,-449,-391,-224,0,223,387,444,362,171,-65,-274,-410,-429,-327,-132,107,315,430,426,308,102,-132,-335,-447,-428,-289,-78,157,350,444,413,277,73,-155,-339,-422,-393,-264,-69,145,313,389,364,241,57,-128,-269,-344,-327,-219,-53,111,243,307,279,179,44,-93,-204,-253,-230,-145,-22,105,191,212,176,95,-3,-93,-161,-182,-141,-65,18,89,135,135,96,33,-35,-88,-114,-104,-62,2,60,100,0,75,18,-42,-83,-101,-85,-46,13,71,106,111,87,26,-46,-100,-129,-123,-82,-12,68,131,160,151,90,-4,-92,-155,-179,-161,-99,-5,100,173,209,188,123,18,-94,-191,-240,-231,-165,-58,69,175,242,251,200,98,-21,-133,-221,-259,-227,-140,-21,103,196,235,228,181,91,-26,-138,-211,-238,-211,-137,-31,73,156,202,209,167,90,-1,-95,-166,-195,-182,-140,-64,26,105,157,183,176,126,48,-34,-119,-179,-193,-171,-116,-40,45,121,174,191,168,114,35,-50,-129,-183,-202,-181,-122,-38,48,124,176,201,184,138,68,-9,-77,-127,-157,-159,-139,-101,-56,0,0,0,0,0,49,43,24,-9,-52,-87,-109,-118,-97,-54,2,66,125,159,160,122,52,-34,-122,-189,-210,-180,-104,6,112,194,228,206,131,28,-88,-194,-253,-243,-173,-54,81,198,264,260,182,60,-80,-209,-288,-280,-187,-42,113,241,310,291,183,20,-151,-291,-359,-322,-185,11,210,358,418,373,222,-1,-238,-414,-485,-435,-258,-1,263,460,547,491,300,22,-269,-502,-600,-543,-349,-57,263,512,634,590,389,78,-251,-517,-656,-620,-416,-102,240,513,652,628,440,131,-216,-496,-645,-625,-438,-138,205,489,632,607,426,128,-206,-480,-615,-582,-391,-98,216,474,602,549,350,0,-258,-502,-602,-528,-306,-4,302,524,600,502,259,-63,-370,-577,-621,-493,-224,113,426,625,646,484,185,-171,-497,-683,-676,-480,-149,234,557,729,704,486,129,-274,-613,-788,-742,-493,-109,308,654,825,773,503,100,-333,-691,-860,-790,-508,-89,349,691,855,786,509,94,-350,-696,-848,-770,-482,-66,359,685,824,741,460,58,-347,-648,-774,-693,-424,-43,337,617,715,612,349,-8,-343,-574,-641,-528,-271,51,360,553,584,446,185,-124,-383,-530,-522,-370,-113,177,413,518,477,300,30,-252,-458,-533,-454,-242,36,307,499,551,441,202,-90,-359,-529,-559,-427,-176,121,393,0,0,0,0,0,411,139,-179,-451,-605,-593,-432,-148,180,453,601,598,431,150,-166,-429,-580,-578,-418,-147,150,402,542,533,381,125,-159,-389,-508,-484,-323,-78,175,373,467,423,259,24,-212,-383,-440,-375,-205,28,257,403,428,333,147,-82,-294,-423,-432,-321,-117,119,323,434,423,295,87,-146,-337,-436,-423,-292,-79,147,330,425,412,282,71,-153,-328,-411,-381,-260,-67,133,292,373,352,235,60,-120,-262,-327,-303,-199,-49,112,235,287,259,161,29,-101,-193,-231,-207,-122,-6,98,166,187,156,86,-10,-96,-144,-155,-125,-54,27,83,115,118,81,14,-56,-104,-113,-94,-53,0,74,103,92,54,-2,-60,-101,-108,-89,-34,31,85,114,109,76,22,-48,-113,-139,-128,-83,-5,86,146,166,147,87,0,-93,-162,-191,-176,-108,-3,104,180,220,208,136,34,-85,-183,-231,-230,-178,-75,52,166,240,257,215,122,1,-122,-215,-258,-242,-165,-57,60,164,231,234,189,107,5,-103,-185,-221,-208,-154,-67,34,123,183,205,186,118,30,-60,-142,-194,-200,-166,-101,-15,72,143,185,191,157,90,9,-70,-142,-181,-184,-151,-79,8,92,160,195,190,146,83,-2,-93,-165,-203,-201,-161,-94,-11,70,134,177,188,167,122,62,-3,-57,-95,-115,0,0,0,0,0,28,55,78,86,81,60,21,-30,-83,-127,-146,-133,-93,-27,52,127,177,186,149,77,-19,-119,-193,-221,-199,-127,-21,96,192,242,231,155,39,-88,-201,-258,-251,-179,-53,89,203,272,268,187,52,-98,-227,-295,-283,-189,-33,135,269,328,301,184,6,-184,-324,-380,-333,-194,10,225,396,465,405,231,-12,-253,-442,-521,-462,-277,-10,265,473,571,519,325,39,-265,-511,-622,-566,-363,-55,270,526,643,601,408,101,-248,-526,-663,-627,-431,-124,219,515,666,634,437,127,-215,-497,-647,-622,-430,-129,204,485,630,598,408,115,-215,-483,-613,-567,-373,-82,234,490,0,543,331,29,-279,-505,-592,-518,-295,21,331,547,609,501,246,-86,-395,-595,-631,-486,-203,148,456,643,655,489,178,-198,-522,-701,-686,-486,-144,250,583,757,720,488,120,-288,-633,-810,-760,-500,-106,326,669,837,778,507,95,-346,-692,-853,-788,-515,-98,349,698,854,779,494,79,-362,-696,-838,-750,-466,-67,349,673,808,711,435,56,-342,-637,-746,-656,-386,-17,336,589,680,574,314,-22,-345,-562,-612,-487,-234,74,356,534,549,406,145,-154,-401,-525,-501,-334,-68,213,434,536,474,269,-9,-284,-475,-531,-442,-219,70,335,513,550,429,187,-111,-382,-545,-562,-429,0,0
38722,mtk,MTK 7916,2420687667,rx2-tx0,512,0,0,0,-624,-125,421,849,1033,924,557,34,-506,-903,-1035,-870,-467,65,580,922,997,797,361,-177,-659,-945,-958,-691,-226,304,743,966,905,578,80,-443,-843,-993,-850,-457,70,582,928,1008,789,340,-218,-726,-1025,-1027,-736,-227,355,833,1073,1015,664,111,-473,-917,-1101,-980,-567,15,588,988,1103,896,429,-166,-719,-1068,-1111,-827,-294,329,854,1138,1096,735,154,-479,-974,-1196,-1083,-662,-39,603,1080,1255,1073,593,-59,-701,-1150,-1285,-1064,-541,134,762,1178,1279,1024,481,-196,-813,-1198,-1240,-943,-395,249,817,1155,1168,844,290,-333,-851,-1128,-1080,-729,-183,405,876,1088,988,612,71,-485,0,-1047,-898,-487,55,577,939,1022,805,364,-185,-678,-978,-994,-726,-255,302,773,1019,974,648,133,-423,-866,-1066,-949,-562,-10,562,983,1124,946,499,-105,-688,-1086,-1191,-967,-460,181,783,1174,1258,993,447,-236,-854,-1243,-1302,-1013,-439,269,907,1298,1347,1028,428,-294,-935,-1327,-1364,-1036,-430,288,936,1344,1390,1066,464,-261,-916,-1325,-1386,-1091,-517,183,827,1249,1337,1087,570,-81,-695,-1117,-1242,-1049,-598,-16,545,946,1093,959,582,79,-412,-773,-928,-837,-539,-116,316,640,785,728,493,142,-229,-520,-667,-652,-477,-184,140,410,570,596,495,287,30,-213,-397,-486,-471,-376,-235,-72,0,0,0,0,0,335,290,179,9,-189,-373,-503,-544,-476,-302,-55,216,449,585,593,465,228,-71,-360,-566,-632,-543,-317,-6,309,548,651,588,370,54,-284,-553,-673,-613,-397,-69,288,567,693,639,411,70,-301,-590,-714,-649,-406,-45,332,616,730,644,366,-15,-392,-674,-773,-649,-335,80,483,754,822,663,314,-130,-546,-821,-879,-696,-312,160,598,876,914,705,296,-195,-638,-910,-933,-701,-273,231,675,932,934,682,242,-265,-701,-947,-939,-662,-202,304,728,957,919,619,157,-347,-760,-965,-900,-586,-114,385,780,956,865,537,63,-420,-783,-927,-806,-466,-4,454,783,886,739,387,-73,0,-794,-843,-652,-273,181,583,811,799,556,151,-299,-663,-839,-769,-467,-25,429,762,876,740,387,-82,-546,-858,-920,-721,-310,201,664,940,953,693,231,-310,-763,-1007,-966,-650,-145,401,837,1041,957,596,63,-486,-896,-1060,-923,-519,35,575,954,1058,855,402,-168,-686,-1008,-1040,-768,-277,294,781,1050,1016,682,146,-425,-881,-1085,-975,-587,-30,538,956,1101,935,494,-91,-651,-1025,-1117,-890,-405,192,734,1069,1100,819,305,-295,-809,-1095,-1068,-742,-208,382,863,1097,1019,653,104,-467,-906,-1091,-958,-559,-6,548,943,1064,885,452,-104,-624,-963,-1031,-799,-340,210,695,989,999,725,0,0,0,0,0,-812,-1027,-952,-600,-76,468,876,1035,903,511,-24,-554,-919,-1026,-836,-413,120,617,938,983,742,294,-238,-702,-960,-930,-631,-153,370,786,976,880,516,3,-511,-877,-995,-820,-398,145,657,981,1022,768,287,-285,-781,-1051,-1020,-699,-171,411,874,1094,1000,613,50,-525,-952,-1109,-943,-497,94,660,1032,1105,862,366,-237,-779,-1100,-1103,-782,-226,402,915,1169,1086,691,93,-547,-1041,-1235,-1087,-633,10,655,1118,1273,1069,565,-98,-741,-1179,-1286,-1034,-500,167,787,1185,1260,985,439,-230,-825,-1181,-1207,-906,-355,287,837,1147,1131,795,244,-367,-860,-1105,-1037,-677,-128,447,887,1066,941,0,3,-544,-925,-1037,-855,-427,122,631,955,1006,763,301,-249,-727,-999,-986,-683,-183,369,824,1042,958,604,65,-501,-924,-1091,-952,-533,51,629,1040,1160,954,471,-155,-743,-1144,-1232,-983,-455,203,822,1221,1288,999,434,-251,-879,-1283,-1337,-1022,-426,279,919,1316,1354,1034,427,-301,-950,-1339,-1374,-1046,-439,295,941,1336,1386,1079,484,-235,-875,-1287,-1370,-1094,-544,129,759,1184,1290,1064,580,-32,-621,-1033,-1168,-1006,-597,-51,481,866,1015,902,564,99,-362,-704,-854,-785,-515,-125,271,575,725,684,468,151,-189,-474,-629,-625,-478,-229,67,332,504,562,502,346,139,-68,-239,-341,-370,0,0,0,0,0,121,271,393,461,448,347,164,-67,-304,-489,-582,-556,-406,-155,135,399,572,618,514,279,-26,-328,-556,-646,-574,-349,-33,292,543,660,606,388,62,-288,-563,-684,-629,-404,-65,296,573,705,646,410,57,-314,-602,-727,-648,-383,-9,367,648,756,646,352,-48,-436,-718,-804,-664,-330,103,514,793,858,684,317,-146,-573,-853,-908,-709,-311,175,617,893,928,707,292,-208,-658,-923,-933,-695,-268,243,687,941,932,668,224,-287,-726,-964,-928,-638,-179,328,752,966,908,603,136,-370,-772,-959,-883,-563,-90,400,779,941,840,502,37,-437,-785,-911,-778,-430,33,476,781,867,0,329,-125,-540,-798,-818,-601,-210,243,621,818,779,507,87,-359,-711,-858,-750,-423,33,488,807,900,727,342,-152,-605,-901,-938,-704,-265,249,706,974,967,679,192,-356,-811,-1033,-961,-624,-112,438,867,1050,933,552,18,-531,-935,-1066,-887,-455,103,630,981,1048,811,344,-223,-730,-1026,-1026,-729,-213,365,831,1062,991,633,89,-484,-922,-1096,-956,-544,32,597,992,1102,899,447,-135,-690,-1048,-1103,-851,-354,247,778,1082,1087,784,255,-345,-840,-1093,-1045,-697,-157,422,882,1093,993,609,55,-508,-920,-1073,-922,-507,50,589,955,1052,847,406,-152,-667,-987,-1014,-757,-293,251,726,0,0
38723,mtk,MTK 7916,2420687667,rx2-tx1,512,0,0,0,385,124,-180,-431,-556,-530,-354,-75,217,436,532,491,316,47,-232,-427,-501,-441,-255,6,250,419,464,385,211,-22,-252,-392,-411,-322,-143,72,254,353,343,238,77,-107,-257,-317,-270,-150,-2,145,247,264,189,57,-86,-192,-233,-197,-94,41,164,237,228,134,-6,-149,-262,-291,-226,-85,91,257,355,347,233,40,-176,-357,-440,-404,-249,-17,235,444,517,446,258,-10,-288,-490,-556,-469,-246,51,333,528,586,479,236,-77,-369,-552,-588,-469,-207,124,409,581,597,454,177,-154,-453,-618,-603,-428,-138,204,486,628,600,410,100,-236,-513,-647,-598,-379,-65,270,533,0,588,355,28,-305,-553,-650,-569,-326,4,332,566,640,533,278,-54,-380,-597,-639,-496,-218,119,426,616,627,459,160,-195,-503,-663,-635,-420,-86,280,575,719,664,410,31,-350,-647,-773,-684,-405,-3,415,718,832,723,421,-1,-442,-781,-908,-787,-449,10,472,815,951,832,486,1,-483,-843,-985,-874,-534,-49,451,834,999,902,570,102,-387,-790,-992,-927,-637,-185,310,707,933,928,673,255,-200,-591,-823,-851,-665,-318,100,473,713,762,619,331,-30,-368,-597,-678,-590,-363,-53,255,492,600,562,395,150,-119,-351,-500,-530,-440,-267,-58,146,304,390,389,320,213,79,0,0,0,0,0,-102,-46,33,124,201,244,250,209,120,7,-115,-221,-274,-263,-197,-93,38,162,252,278,234,128,0,-132,-234,-273,-241,-154,-19,120,227,272,248,156,17,-126,-236,-285,-256,-166,-24,129,255,299,256,156,15,-142,-258,-305,-277,-166,4,160,274,315,278,157,-16,-171,-270,-305,-258,-141,13,170,274,288,228,111,-47,-193,-274,-267,-189,-53,106,230,287,267,167,8,-159,-292,-345,-299,-156,23,198,332,386,329,169,-44,-245,-379,-408,-327,-168,34,238,388,431,356,178,-46,-244,-378,-417,-340,-160,60,256,379,400,307,135,-76,-267,-380,-386,-282,-98,116,291,0,361,237,42,-172,-334,-401,-344,-192,23,238,385,419,351,175,-66,-288,-421,-444,-349,-150,105,330,462,462,338,111,-157,-385,-502,-479,-333,-83,199,427,535,498,320,49,-236,-467,-566,-499,-287,-6,276,490,567,473,251,-41,-331,-536,-579,-452,-196,115,389,551,562,404,127,-188,-460,-599,-570,-380,-70,277,545,652,572,334,-5,-341,-592,-697,-604,-325,51,414,666,740,612,309,-78,-449,-709,-776,-623,-294,114,496,746,796,624,285,-130,-515,-761,-801,-636,-294,130,513,759,800,630,298,-117,-490,-724,-765,-603,-275,110,456,676,708,543,243,-115,-433,-629,-641,-472,0,0,0,0,0,424,572,555,379,98,-198,-438,-550,-512,-325,-52,229,444,530,463,272,19,-237,-429,-490,-411,-227,16,249,401,440,347,168,-45,-243,-373,-382,-282,-110,87,245,322,307,208,49,-121,-243,-280,-232,-110,45,183,251,222,130,5,-123,-207,-227,-167,-46,98,202,250,220,116,-49,-211,-316,-316,-221,-62,133,307,401,383,246,29,-211,-397,-481,-429,-253,2,264,463,543,457,244,-30,-301,-502,-572,-474,-243,58,348,549,598,481,224,-91,-392,-584,-610,-460,-189,140,432,599,604,448,155,-182,-468,-626,-617,-432,-121,223,498,633,603,401,87,-252,-524,-647,-593,-376,0,296,549,646,571,343,17,-322,-564,-655,-560,-302,32,350,574,642,517,254,-82,-398,-599,-620,-482,-192,160,457,623,624,445,127,-231,-531,-688,-644,-411,-68,310,618,745,660,399,19,-386,-692,-810,-708,-410,8,435,762,882,760,433,-14,-464,-805,-931,-806,-464,6,485,838,972,847,501,16,-481,-848,-994,-895,-565,-79,424,814,996,920,607,135,-363,-760,-966,-925,-647,-216,251,652,875,874,668,305,-138,-536,-776,-808,-644,-330,54,410,653,716,598,342,13,-308,-538,-634,-576,-378,-98,197,431,555,552,425,209,-43,-271,-422,-478,-437,-318,-153,12,154,244,272,0,0,0,0,0,-152,-195,-212,-200,-143,-47,68,175,249,270,241,166,54,-73,-192,-270,-277,-220,-112,25,153,247,283,245,145,7,-127,-229,-276,-254,-158,-16,121,226,278,253,152,10,-129,-233,-276,-254,-157,-10,145,255,296,259,152,1,-155,-272,-317,-275,-156,3,162,271,305,253,141,-15,-172,-266,-289,-248,-129,28,168,263,276,212,82,-70,-206,-286,-280,-179,-23,140,264,311,270,158,-7,-186,-312,-349,-296,-153,37,219,350,397,329,166,-44,-235,-372,-419,-347,-175,43,249,394,429,350,176,-52,-262,-386,-402,-313,-147,60,258,382,398,305,121,-89,-271,-381,-380,-263,0,139,306,386,347,208,7,-198,-360,-425,-361,-189,26,253,412,445,351,152,-91,-309,-451,-471,-350,-128,127,351,481,482,336,95,-177,-406,-520,-486,-325,-68,218,444,544,494,302,25,-265,-493,-567,-487,-283,10,313,532,590,474,223,-82,-360,-537,-563,-424,-159,152,427,580,570,392,92,-229,-490,-618,-569,-345,-14,320,569,672,590,336,-18,-380,-645,-728,-602,-306,72,434,683,758,616,299,-102,-475,-730,-790,-628,-292,127,510,763,802,626,283,-131,-512,-760,-806,-640,-300,114,494,740,781,610,295,-99,-470,-701,-736,-577,-265,112,445,647,669,515,224,-121,-419,0,0
38724,mtk,MTK 7916,2420740752,rx0-tx0,512,-349,-57,-5,245,375,466,506,500,433,312,158,-9,-179,-340,-464,-532,-549,-502,-397,-249,-78,111,295,436,533,562,537,448,305,131,-46,-222,-370,-476,-526,-513,-451,-339,-196,-28,141,274,374,439,456,416,346,240,117,-12,-138,-242,-320,-361,-369,-333,-285,-214,-121,-28,77,156,233,287,314,327,313,267,196,102,-7,-117,-227,-323,-382,-402,-387,-329,-234,-106,32,174,304,395,442,459,412,317,184,35,-121,-261,-381,-463,-475,-436,-359,-233,-79,64,207,335,409,435,409,348,244,115,-26,-146,-238,-311,-348,-342,-295,-231,-142,-43,38,120,178,215,238,233,208,173,129,72,-511,-43,-87,-135,-170,-192,-205,-202,-185,-150,-93,-34,44,123,194,251,285,290,265,216,133,39,-74,-175,-264,-332,-361,-352,-307,-223,-109,20,150,268,361,417,416,374,290,173,40,-104,-247,-356,-419,-445,-409,-337,-231,-94,41,180,309,396,431,437,390,299,188,42,-108,-252,-363,-428,-460,-442,-366,-255,-108,52,196,329,417,470,461,392,284,140,-9,-157,-294,-388,-442,-453,-409,-314,-177,-23,131,266,359,422,432,386,298,175,31,-113,-243,-336,-391,-397,-353,-268,-154,-23,120,239,318,355,353,300,208,83,-46,-170,-265,-311,-308,-255,-162,-41,81,173,219,213,-189,-156,1179,-1115,-1339,68,18,-53,-121,-169,-186,-170,-114,-39,43,124,187,224,220,187,122,35,-50,-135,-209,-251,-256,-240,-184,-90,4,99,186,257,297,295,259,175,69,-39,-142,-237,-295,-315,-306,-252,-165,-53,62,162,247,301,319,298,246,161,53,-53,-157,-237,-290,-318,-304,-258,-184,-90,15,120,203,262,292,285,253,196,117,35,-66,-152,-201,-238,-257,-246,-216,-161,-91,-6,67,137,201,232,252,253,222,171,100,22,-67,-158,-234,-276,-292,-284,-242,-166,-81,26,125,213,289,329,325,298,230,135,26,-87,-198,-291,-347,-361,-332,-274,-176,-62,49,155,246,324,351,341,-330,225,124,15,-99,-203,-285,-340,-359,-336,-282,-198,-94,18,133,230,303,345,352,326,273,177,65,-46,-160,-248,-330,-360,-359,-326,-254,-161,-53,63,179,281,351,391,399,360,288,185,50,-84,-208,-323,-407,-450,-451,-397,-303,-182,-30,127,276,402,481,520,490,411,292,132,-38,-210,-370,-489,-564,-561,-504,-390,-233,-41,154,331,479,567,596,562,459,305,124,-81,-275,-424,-528,-575,-562,-487,-353,-191,-5,175,332,454,523,528,472,386,259,103,-62,-210,-334,-421,-465,-459,-418,-328,-211,-74,72,209,317,404,451,446,403,321,209,72,-76,-214,-333,-423,-460,-463,-36,-445,-729,180,174,425,324,188,31,-130,-287,-415,-490,-521,-499,-422,-290,-127,47,231,387,499,556,556,482,358,196,15,-170,-340,-468,-535,-546,-500,-393,-248,-73,99,260,389,469,500,471,392,285,146,-8,-152,-267,-358,-405,-413,-376,-307,-213,-104,13,114,198,270,315,339,325,283,231,146,62,-30,-135,-227,-296,-344,-359,-349,-308,-229,-120,7,136,260,358,420,436,414,335,216,84,-65,-220,-346,-436,-473,-461,-393,-292,-144,17,161,297,408,459,453,411,310,178,34,-110,-236,-337,-389,-395,-351,-285,-192,-75,46,144,220,272,287,277,247,186,125,49,-22,-82,-132,-173,-209,1105,-194,-176,-152,-109,-58,-2,58,114,170,206,230,246,228,195,132,51,-45,-137,-222,-285,-326,-332,-296,-231,-133,-21,99,214,313,379,401,375,316,212,80,-69,-207,-324,-400,-437,-431,-373,-265,-133,14,159,278,377,427,434,403,324,200,66,-73,-220,-330,-412,-456,-441,-385,-278,-144,-6,151,287,385,453,460,416,331,203,55,-110,-254,-372,-444,-465,-443,-363,-238,-96,61,210,338,424,450,429,351,240,106,-44,-184,-297,-382,-411,-396,-333,-225,-98,45,176,279,350,383,365,289,181,60,-67,-187,-282,-334,-335,-293,-198,-79,50,165,247,279,255,184,83,-20,68,123,1145,-898,-537,-100,-139,-144,-111,-51,25,102,166,200,207,173,111,28,-60,-140,-208,-241,-241,-209,-145,-58,30,118,209,262,273,257,211,134,36,-71,-175,-259,-301,-306,-281,-220,-119,-12,103,209,289,327,320,281,208,109,-3,-107,-202,-276,-316,-320,-285,-209,-122,-15,85,178,249,294,304,276,216,134,43,-59,-143,-214,-255,-278,-277,-232,-165,-98,-9,66,140,196,242,256,240,213,159,90,23,-58,-139,-207,-250,-272,-274,-247,-182,-96,-1,91,186,253,299,314,294,248,167,56,-53,-159,-256,-320,-343,-331,-286,-209,-106,14,124,229,312,342,345,309,251,157,36,-83,826,-276,-330,-351,-341,-286,-209,-107,4,119,217,300,346,356,330,267,180,77,-36,-137,-238,-320,-360,-364,-328,-265,-172,-53,55,170,261,329,368,372,341,268,171,60,-65,-192,-295,-385,-425,-419,-374,-292,-180,-45,95,237,352,439,486,470,413,302,160,-2,-171,-314,-439,-518,-533,-501,-406,-270,-96,96,269,420,530,585,568,497,361,183,-15,-218,-393,-518,-590,-603,-537,-406,-244,-56,136,314,455,538,562,523,437,303,138,-45,-207,-337,-443,-498,-495,-443,-350,-225,-81,64,205,329,412,457,455,401,317,208,68,-74,-207,-318,-403,-450,-454,-409,-329,-202,-60,79,-1421,-1360
38725,mtk,MTK 7916,2420740752,rx0-tx1,512,87,-96,-58,227,391,529,611,631,595,492,341,149,-68,-281,-478,-622,-708,-726,-663,-537,-350,-124,118,355,557,707,788,794,713,558,345,96,-174,-435,-651,-806,-879,-860,-757,-571,-320,-36,256,530,747,891,940,892,759,544,270,-28,-324,-591,-799,-929,-971,-917,-772,-549,-274,36,345,633,859,997,1035,978,822,572,258,-79,-416,-721,-950,-1083,-1114,-1027,-823,-526,-182,191,545,847,1064,1163,1138,994,744,416,51,-316,-658,-928,-1099,-1149,-1081,-903,-629,-303,60,409,715,953,1081,1094,999,804,530,206,-140,-468,-742,-937,-1035,-1027,-923,-726,-458,-145,175,474,731,913,1005,994,888,696,-689,124,-197,-503,-760,-943,-1032,-1019,-904,-695,-415,-83,261,581,848,1026,1104,1077,927,671,347,-20,-394,-734,-992,-1147,-1187,-1098,-892,-585,-215,186,574,906,1143,1261,1242,1087,807,437,21,-405,-796,-1096,-1274,-1316,-1210,-967,-621,-201,237,648,996,1233,1331,1279,1078,761,355,-89,-510,-889,-1156,-1282,-1266,-1109,-822,-449,-29,396,755,1019,1166,1175,1045,806,476,101,-265,-588,-844,-988,-1012,-920,-736,-478,-179,131,409,634,776,830,795,671,475,237,-22,-265,-476,-627,-701,-691,-605,-454,-252,-30,196,391,531,603,599,516,369,179,-38,-246,-413,-509,-527,-457,-309,-122,73,239,337,349,-146,-156,0,-282,-385,-189,-165,-93,11,122,218,284,296,256,175,60,-65,-180,-273,-329,-337,-299,-221,-117,-3,118,229,313,360,365,322,247,142,14,-118,-243,-337,-400,-424,-400,-327,-217,-76,81,236,368,458,507,498,425,296,133,-55,-242,-404,-527,-587,-575,-503,-356,-175,25,232,403,538,616,612,530,402,223,25,-179,-364,-505,-590,-599,-551,-445,-288,-95,98,281,427,534,574,549,471,345,182,5,-172,-328,-439,-515,-530,-480,-395,-268,-111,49,203,337,432,482,481,437,334,202,63,-87,-227,-343,-422,-457,-442,-383,-286,-160,-21,115,233,328,390,409,388,331,239,132,7,-115,-130,-297,-351,-374,-353,-305,-222,-121,-5,100,192,262,316,339,325,282,212,128,32,-66,-150,-221,-275,-305,-305,-283,-244,-175,-93,-5,80,165,238,296,325,331,311,260,179,78,-22,-139,-241,-327,-387,-411,-400,-348,-247,-125,14,155,293,403,478,505,483,412,296,137,-36,-207,-364,-481,-553,-568,-532,-434,-288,-106,86,264,426,548,613,610,546,420,253,58,-148,-338,-494,-589,-629,-603,-512,-366,-185,17,210,371,500,573,584,541,436,301,141,-34,-206,-342,-445,-501,-512,-477,-402,-292,-155,-8,134,267,375,446,480,476,433,346,215,78,-74,-227,-359,-464,-525,-539,246,77,504,138,171,555,465,328,142,-56,-254,-433,-568,-660,-681,-635,-520,-343,-137,94,318,510,661,748,759,692,547,350,111,-149,-399,-608,-755,-832,-831,-738,-568,-338,-64,217,480,701,852,913,886,764,559,293,-4,-301,-569,-781,-914,-956,-900,-760,-541,-268,33,336,610,819,957,995,941,792,560,266,-53,-373,-666,-900,-1042,-1076,-1009,-829,-559,-238,119,479,790,1011,1131,1137,1021,801,490,126,-252,-606,-903,-1094,-1167,-1121,-959,-695,-357,13,376,700,944,1089,1126,1044,866,587,246,-106,-446,-733,-944,-1062,-1068,-962,-762,-489,-167,157,468,732,920,1010,1001,896,704,439,132,-187,-482,-739,261,-1005,-999,-893,-694,-423,-108,223,534,796,980,1068,1043,913,683,383,41,-315,-653,-917,-1090,-1154,-1093,-914,-631,-286,100,482,816,1065,1205,1216,1099,858,523,124,-293,-683,-1000,-1210,-1293,-1236,-1041,-724,-331,102,536,904,1172,1315,1306,1158,885,506,71,-373,-776,-1084,-1276,-1314,-1213,-979,-611,-194,243,645,974,1183,1260,1181,962,651,273,-136,-510,-823,-1032,-1110,-1052,-889,-628,-303,40,359,628,818,912,895,786,594,344,71,-203,-445,-627,-736,-756,-694,-559,-363,-135,104,322,503,616,656,618,501,330,122,-95,-299,-455,-552,-575,-509,-369,-179,30,230,379,452,438,340,182,14,-4,47,0,300,133,46,138,214,250,234,174,72,-52,-167,-260,-314,-318,-273,-190,-76,48,167,265,326,351,339,274,181,63,-63,-183,-282,-354,-386,-378,-322,-229,-112,30,173,300,396,452,459,420,323,193,33,-148,-318,-453,-536,-562,-516,-412,-255,-61,142,332,492,581,616,569,457,302,106,-112,-308,-466,-577,-613,-586,-491,-341,-152,49,235,398,518,577,574,509,389,229,39,-142,-309,-440,-524,-549,-522,-431,-305,-152,30,189,326,434,494,500,459,371,240,90,-64,-216,-348,-426,-471,-464,-409,-314,-187,-45,101,232,340,411,435,411,352,257,137,5,-119,-233,-319,-375,-394,-370,245,-224,-121,-3,113,210,287,337,352,330,286,213,124,19,-83,-174,-247,-298,-323,-313,-276,-220,-149,-59,31,113,190,252,288,305,298,264,205,132,40,-48,-146,-238,-312,-347,-366,-357,-302,-220,-109,13,134,259,364,430,455,441,383,275,138,-20,-178,-320,-441,-519,-538,-507,-419,-286,-123,57,237,400,522,593,595,544,436,275,81,-116,-307,-466,-572,-626,-611,-532,-391,-213,-20,181,363,503,590,609,564,467,331,154,-32,-215,-371,-475,-535,-548,-501,-411,-288,-136,23,177,308,411,472,491,471,411,308,178,38,-104,-235,-359,-446,-491,-506,-467,-386,-265,-114,55,307,395
38726,mtk,MTK 7916,2420740752,rx1-tx0,512,0,-595,-365,-258,-448,-597,-677,-694,-640,-508,-333,-111,143,383,576,713,790,771,666,495,265,-4,-273,-525,-722,-837,-869,-813,-649,-430,-150,153,444,695,869,943,922,788,574,299,-23,-335,-616,-840,-960,-991,-910,-719,-449,-143,194,512,765,942,1016,989,843,601,294,-39,-373,-659,-882,-1016,-1020,-914,-717,-437,-105,231,551,796,948,1006,936,770,522,220,-97,-401,-651,-829,-910,-891,-772,-580,-312,-32,251,493,672,788,800,731,593,389,146,-99,-331,-518,-635,-689,-668,-582,-441,-244,-38,163,346,469,559,583,540,447,314,148,-26,-188,-326,-431,-483,-483,-442,-347,-232,-89,65,199,216,395,430,417,365,281,159,39,-86,-211,-304,-362,-378,-367,-305,-209,-104,14,127,217,290,321,313,283,226,149,52,-47,-123,-192,-239,-254,-243,-202,-153,-84,-6,58,109,152,179,184,172,145,117,64,25,-13,-50,-78,-104,-124,-133,-121,-117,-98,-74,-59,-19,22,55,102,149,171,185,176,145,105,39,-42,-116,-182,-234,-260,-241,-197,-139,-53,42,126,195,238,257,244,196,126,41,-41,-128,-178,-207,-221,-202,-158,-99,-41,21,84,137,179,193,182,150,116,55,-8,-71,-122,-151,-169,-166,-139,-88,-29,31,95,134,152,152,123,70,11,-43,-85,-112,-107,-374,-587,0,354,362,117,109,79,25,-46,-104,-152,-170,-149,-111,-60,8,75,130,166,178,162,128,75,7,-53,-115,-155,-159,-156,-139,-102,-56,-8,46,91,121,133,139,130,108,85,48,9,-23,-63,-106,-134,-152,-162,-162,-124,-82,-26,44,111,172,205,235,227,185,129,56,-15,-110,-194,-251,-279,-273,-234,-166,-76,13,113,196,249,284,279,254,194,109,22,-77,-166,-227,-257,-273,-258,-214,-140,-57,40,121,189,242,268,264,236,177,99,14,-67,-148,-212,-243,-256,-249,-203,-133,-67,18,101,164,215,241,232,198,143,81,4,-62,-126,-172,-191,-195,-188,-150,-111,-51,15,-584,103,129,150,147,133,115,81,46,5,-31,-62,-92,-108,-110,-116,-112,-97,-70,-39,-12,12,34,66,94,111,125,128,110,101,82,45,-2,-40,-80,-117,-147,-171,-174,-160,-133,-91,-39,16,80,146,197,251,268,250,219,161,76,-21,-125,-226,-305,-361,-368,-345,-281,-183,-58,98,232,345,436,481,463,393,290,137,-29,-193,-355,-469,-528,-537,-486,-388,-246,-71,118,313,462,554,603,574,485,342,157,-42,-252,-414,-543,-617,-616,-548,-435,-261,-57,142,325,477,575,614,585,495,360,189,-2,-197,-370,-497,-571,-596,-559,-470,-325,-143,55,234,396,525,597,610,-52,118,0,-327,-559,-604,-503,-339,-130,85,311,504,644,737,742,657,502,304,57,-211,-453,-646,-783,-832,-795,-676,-464,-202,79,368,616,795,900,900,808,625,362,64,-249,-541,-768,-929,-981,-917,-762,-517,-217,103,427,703,897,994,998,873,661,376,51,-285,-597,-835,-985,-1028,-962,-786,-532,-205,147,467,737,928,1017,989,855,614,325,-4,-326,-606,-818,-941,-958,-866,-673,-412,-117,186,456,680,823,866,820,681,480,228,-47,-291,-503,-661,-739,-739,-663,-506,-305,-84,140,338,502,607,636,607,514,371,207,4,-187,-343,-462,-527,-535,-491,-402,-270,-112,44,196,323,413,466,459,405,757,194,55,-86,-205,-312,-381,-397,-387,-336,-245,-134,-15,110,222,296,338,346,315,253,172,64,-35,-130,-216,-269,-294,-279,-240,-191,-108,-20,64,126,176,211,216,198,170,128,75,17,-43,-84,-122,-150,-148,-153,-136,-116,-89,-53,-12,22,46,77,88,115,142,139,138,132,91,42,-10,-75,-127,-172,-214,-223,-202,-161,-89,0,90,159,215,256,254,219,159,85,-2,-86,-163,-215,-237,-232,-196,-132,-75,-4,73,138,178,195,195,171,132,78,14,-47,-94,-140,-172,-175,-164,-125,-74,-18,41,101,140,158,164,136,85,32,-30,-88,-130,-141,-125,-92,-41,20,541,306,0,-109,67,5,-58,-109,-147,-147,-117,-69,7,76,127,169,178,160,114,54,-10,-71,-122,-166,-181,-175,-144,-83,-27,27,78,121,146,153,150,125,82,48,2,-48,-84,-116,-137,-136,-130,-124,-99,-61,-24,20,83,135,167,192,195,184,142,83,12,-83,-150,-209,-239,-259,-249,-191,-113,-23,68,158,235,274,284,269,211,139,50,-50,-135,-218,-263,-280,-273,-226,-151,-71,17,103,177,231,259,262,230,185,119,41,-41,-124,-199,-246,-263,-254,-220,-153,-77,1,87,170,210,244,254,231,186,116,34,-49,-122,-170,-211,-221,-206,-173,-119,-58,-5,63,115,152,178,175,-674,120,86,46,-3,-36,-76,-111,-127,-132,-119,-107,-87,-53,-31,-2,35,66,94,102,104,106,106,93,72,42,12,-29,-58,-75,-108,-137,-143,-136,-119,-97,-66,-20,34,81,127,166,192,209,211,182,139,74,-18,-97,-174,-248,-302,-320,-308,-261,-186,-75,45,166,277,364,429,435,380,293,173,18,-144,-281,-405,-488,-511,-486,-403,-259,-99,82,249,398,506,561,564,491,363,200,12,-192,-368,-510,-589,-615,-566,-455,-309,-114,96,283,447,569,622,603,524,388,214,15,-184,-362,-498,-580,-607,-567,-469,-318,-156,30,214,379,514,592,606,554,463,316,138,-60,-360,-349
38727,mtk,MTK 7916,2420740752,rx1-tx1,512,0,0,0,499,571,535,396,178,-74,-318,-498,-579,-549,-413,-193,63,302,482,569,541,406,193,-52,-280,-446,-518,-490,-370,-180,46,249,400,468,431,307,126,-76,-259,-386,-425,-369,-242,-68,119,272,367,387,318,176,4,-164,-293,-368,-361,-277,-136,38,205,317,370,350,253,106,-63,-218,-327,-367,-339,-244,-102,65,216,322,361,327,237,101,-52,-186,-283,-323,-299,-215,-99,34,155,238,270,256,190,90,-22,-122,-192,-223,-209,-156,-75,11,86,138,161,157,120,53,-8,-54,-90,-107,-105,-80,-38,5,36,52,64,62,43,24,4,-16,-25,-22,-21,-24,-15,-4,0,0,-12,-18,-18,-11,-4,7,27,45,53,48,35,9,-23,-51,-69,-82,-77,-51,-14,19,61,101,116,105,75,28,-23,-68,-111,-145,-148,-117,-62,-1,67,117,151,172,162,113,46,-26,-94,-154,-181,-181,-154,-98,-32,42,120,167,181,171,140,84,17,-49,-115,-165,-180,-163,-127,-77,-17,47,110,152,166,162,140,85,24,-36,-90,-136,-168,-176,-153,-104,-43,22,84,136,166,177,162,112,47,-21,-90,-150,-184,-198,-183,-135,-60,20,93,154,192,205,188,136,65,-10,-90,-159,-202,-216,-200,-154,-93,-22,50,117,164,192,194,174,137,95,48,1,-44,0,0,0,0,0,-44,-30,-10,17,52,86,115,128,124,102,60,3,-55,-112,-160,-178,-168,-133,-70,12,93,162,207,218,186,113,18,-77,-161,-224,-241,-214,-146,-47,66,166,239,265,244,170,58,-76,-194,-272,-298,-260,-164,-37,95,218,305,329,281,171,20,-144,-286,-380,-403,-343,-202,-10,186,352,460,479,405,249,35,-194,-395,-518,-541,-455,-287,-57,195,418,558,596,525,349,82,-197,-433,-593,-646,-568,-381,-123,164,426,603,655,589,410,142,-156,-423,-604,-660,-593,-414,-154,141,404,584,646,582,402,147,-136,-391,-562,-617,-552,-370,-114,162,400,556,596,512,321,64,0,-435,-569,-583,-473,-259,6,269,479,588,572,435,207,-70,-337,-533,-622,-579,-406,-144,149,416,599,661,583,383,96,-214,-479,-651,-703,-605,-374,-58,273,552,725,760,635,373,34,-316,-606,-781,-801,-654,-372,-12,345,640,810,817,661,372,9,-352,-644,-806,-803,-641,-353,7,364,645,791,772,606,330,-16,-350,-606,-745,-729,-557,-286,31,332,558,669,637,472,217,-73,-335,-515,-586,-535,-364,-125,131,351,487,515,436,261,31,-196,-377,-466,-452,-351,-167,66,276,415,478,433,285,79,-142,-340,-465,-492,-416,-250,-24,209,402,505,507,408,217,-19,-254,-440,-536,0,0,0,0,0,-290,-48,201,415,551,577,493,306,58,-193,-402,-541,-577,-495,-315,-75,173,383,518,550,467,290,64,-167,-355,-468,-485,-411,-251,-48,161,331,426,428,343,191,-1,-188,-326,-394,-384,-291,-138,41,212,333,380,345,229,70,-101,-254,-354,-373,-315,-193,-36,132,275,358,372,312,184,19,-142,-271,-354,-363,-298,-176,-12,149,265,325,334,276,163,23,-117,-227,-296,-300,-248,-147,-20,91,176,235,254,208,127,28,-63,-133,-176,-190,-164,-108,-35,38,90,124,135,113,66,17,-26,-61,-83,-86,-69,-40,-15,9,36,49,43,35,21,0,-11,-8,-6,-5,-3,0,-2,-2,-11,-24,-35,-34,-29,-18,7,35,54,59,62,56,35,-4,-46,-73,-95,-96,-74,-39,0,48,85,117,129,110,72,18,-41,-90,-130,-157,-152,-110,-56,11,86,149,175,182,154,103,38,-37,-112,-164,-185,-176,-139,-84,-20,48,118,166,178,170,143,91,12,-54,-103,-152,-177,-164,-129,-83,-21,42,98,140,164,167,142,95,33,-27,-90,-141,-170,-165,-147,-107,-47,20,87,145,181,189,169,128,57,-22,-91,-153,-193,-199,-178,-130,-60,18,88,156,197,208,191,149,87,5,-77,-143,-193,-218,-208,-178,-127,-59,6,62,112,139,147,143,126,0,0,0,0,0,-46,-65,-81,-90,-83,-69,-41,-2,48,95,136,158,155,122,64,-3,-72,-135,-181,-197,-181,-131,-49,40,122,189,228,223,175,87,-18,-118,-199,-249,-251,-202,-107,7,118,217,277,274,216,115,-19,-154,-253,-303,-295,-225,-106,43,193,309,364,349,252,107,-70,-247,-384,-442,-414,-302,-127,79,281,443,519,484,360,167,-75,-308,-487,-576,-550,-414,-202,57,314,512,613,596,461,238,-36,-312,-531,-650,-639,-503,-268,20,304,531,658,652,518,284,-2,-285,-511,-639,-635,-506,-291,-13,275,502,617,615,492,277,-1,-277,-489,-594,-584,-454,-232,39,304,505,595,0,402,171,-96,-352,-523,-585,-518,-352,-103,172,417,570,605,518,312,35,-246,-476,-614,-625,-503,-274,22,317,554,676,655,498,231,-87,-395,-623,-729,-688,-509,-222,126,453,684,780,726,519,203,-159,-496,-738,-832,-756,-528,-199,173,515,756,842,757,523,184,-183,-518,-749,-821,-729,-495,-171,184,501,711,774,685,459,134,-203,-484,-663,-709,-612,-395,-104,196,445,600,628,518,304,35,-227,-438,-551,-536,-406,-207,36,268,434,498,454,309,99,-130,-330,-449,-472,-393,-224,-4,213,389,482,465,348,162,-63,-284,-444,-511,-472,-332,-112,129,337,483,534,470,308,79,0,0
38728,mtk,MTK 7916,2420740752,rx2-tx0,512,0,0,0,498,50,-410,-787,-998,-995,-778,-396,69,515,845,1003,946,685,277,-187,-606,-886,-974,-852,-542,-119,331,700,912,926,738,378,-64,-486,-802,-943,-878,-615,-204,250,653,907,973,823,480,28,-429,-802,-1012,-997,-763,-354,128,588,922,1060,969,667,219,-280,-720,-1006,-1070,-910,-547,-61,445,852,1068,1052,809,384,-131,-620,-973,-1116,-1017,-690,-209,320,786,1095,1167,986,583,50,-497,-946,-1200,-1195,-945,-496,68,628,1056,1263,1204,902,413,-166,-718,-1112,-1274,-1171,-826,-319,250,767,1120,1231,1087,719,210,-336,-805,-1104,-1167,-979,-587,-77,437,854,1084,1082,847,430,-69,-544,-903,0,-987,-702,-267,216,651,947,1042,910,584,124,-357,-761,-1000,-1024,-828,-449,34,505,873,1062,1023,756,322,-186,-657,-991,-1116,-1008,-678,-193,331,800,1117,1194,1018,625,97,-464,-935,-1221,-1259,-1042,-603,-31,552,1028,1306,1314,1054,579,-19,-623,-1107,-1369,-1357,-1071,-569,49,660,1144,1407,1382,1086,575,-55,-680,-1161,-1411,-1391,-1104,-602,3,606,1091,1362,1363,1113,665,94,-484,-952,-1228,-1270,-1074,-684,-183,334,770,1039,1102,960,643,223,-213,-594,-845,-920,-820,-573,-234,134,457,676,752,688,499,228,-71,-349,-548,-638,-619,-491,-287,-44,195,390,510,548,505,396,247,86,-59,-176,0,0,0,0,0,-317,-274,-186,-51,114,288,437,530,557,508,376,176,-54,-286,-477,-593,-609,-523,-341,-92,174,413,582,644,584,414,161,-124,-392,-588,-670,-620,-456,-197,107,399,612,698,645,470,198,-123,-426,-640,-722,-658,-463,-168,168,472,680,746,658,434,107,-255,-562,-751,-799,-674,-401,-37,342,659,839,851,691,381,-15,-416,-733,-901,-894,-707,-365,60,478,793,946,919,699,325,-112,-525,-834,-971,-909,-667,-285,156,572,868,990,907,635,228,-228,-629,-902,-995,-883,-588,-173,277,665,917,982,848,535,111,-333,-696,-914,-942,-777,-451,-30,391,718,895,888,691,345,-68,-467,0,-888,-821,-576,-208,194,558,802,868,741,450,59,-348,-683,-863,-857,-666,-325,95,501,803,935,866,604,207,-245,-645,-916,-992,-858,-540,-102,374,773,1010,1031,842,471,-9,-498,-878,-1066,-1033,-790,-368,134,605,945,1085,991,687,239,-260,-710,-1004,-1075,-913,-564,-94,407,818,1044,1044,816,411,-85,-566,-926,-1085,-1005,-711,-265,251,714,1018,1104,956,602,111,-405,-840,-1094,-1114,-897,-487,31,538,933,1127,1084,816,371,-152,-643,-997,-1133,-1032,-716,-248,268,730,1032,1112,961,611,132,-376,-802,-1048,-1066,-864,-479,6,482,852,1036,1002,757,346,-139,-588,-907,-1028,-928,-626,-199,0,0,0,0,0,888,1019,930,646,230,-242,-664,-935,-1009,-874,-548,-103,354,735,961,975,773,409,-37,-470,-804,-960,-904,-651,-256,192,599,872,946,813,501,74,-376,-735,-938,-932,-717,-343,113,550,866,1000,911,616,187,-288,-711,-985,-1047,-877,-517,-41,438,837,1055,1037,794,385,-111,-587,-942,-1086,-993,-681,-215,300,741,1031,1106,928,538,29,-484,-899,-1121,-1102,-845,-396,139,652,1036,1201,1104,770,271,-298,-809,-1153,-1250,-1092,-704,-167,408,902,1213,1269,1058,632,74,-493,-959,-1219,-1224,-976,-528,26,565,980,1188,1149,871,413,-124,-626,-992,-1142,-1044,-727,-267,244,701,997,1077,930,588,0,-371,-777,-1009,-1023,-819,-433,45,508,863,1033,975,707,286,-201,-645,-950,-1056,-931,-604,-145,349,767,1025,1068,883,498,-2,-509,-908,-1129,-1116,-853,-407,130,654,1048,1230,1160,845,349,-231,-770,-1156,-1309,-1197,-835,-302,302,853,1232,1368,1228,834,268,-353,-907,-1281,-1405,-1252,-839,-258,378,937,1309,1430,1267,852,275,-348,-912,-1298,-1430,-1286,-900,-347,263,813,1190,1344,1248,915,418,-143,-659,-1024,-1189,-1134,-870,-450,30,488,831,1005,979,769,426,26,-355,-649,-816,-818,-658,-387,-60,259,515,666,684,573,370,106,-162,-390,-546,-604,-557,-429,-246,-36,159,315,411,440,410,337,0,0,0,0,0,-166,-290,-393,-460,-476,-428,-315,-143,60,269,449,565,597,534,381,161,-91,-336,-527,-622,-608,-484,-271,1,275,501,632,645,534,320,36,-261,-506,-654,-681,-571,-342,-42,266,527,681,696,571,338,32,-295,-564,-715,-717,-569,-298,37,367,622,758,741,559,245,-121,-467,-725,-836,-771,-541,-196,200,555,806,902,816,553,171,-247,-615,-868,-949,-830,-541,-137,295,671,912,968,824,511,91,-351,-725,-947,-973,-807,-475,-40,410,769,964,961,766,412,-26,-462,-800,-976,-949,-726,-353,87,510,828,969,910,670,292,-144,-550,-836,-943,-850,-586,-203,218,588,834,901,771,0,79,-326,-655,-848,-852,-670,-338,67,453,739,873,807,560,189,-226,-595,-841,-906,-774,-469,-57,372,733,936,935,737,373,-79,-522,-860,-1015,-953,-693,-279,201,643,957,1075,964,640,181,-315,-746,-1020,-1078,-904,-540,-61,429,831,1052,1048,818,410,-84,-562,-918,-1073,-994,-700,-251,252,701,997,1076,922,569,85,-416,-835,-1070,-1069,-846,-440,74,570,943,1121,1057,761,302,-223,-704,-1031,-1140,-1012,-665,-177,348,799,1083,1135,945,555,47,-466,-878,-1104,-1099,-861,-443,69,561,930,1095,1028,748,310,-194,-652,-964,-1073,-952,-630,-179,308,726,989,1035,855,495,34,-432,-803,-1002,0,0
38729,mtk,MTK 7916,2420740752,rx2-tx1,512,0,0,0,-302,-55,206,425,563,568,453,254,9,-244,-443,-542,-526,-399,-189,53,273,432,502,464,329,130,-92,-291,-421,-454,-400,-260,-75,118,287,390,402,319,176,12,-157,-283,-338,-313,-222,-80,67,193,271,284,231,117,-22,-150,-227,-253,-219,-119,13,135,226,266,239,146,12,-135,-264,-333,-308,-213,-73,99,255,369,407,346,211,34,-170,-353,-456,-472,-387,-207,22,244,423,528,521,394,182,-65,-302,-490,-575,-540,-384,-147,114,348,520,594,533,354,105,-167,-412,-576,-613,-525,-326,-60,215,451,597,618,502,293,14,-266,-491,-623,-621,-478,-239,42,318,533,633,0,454,211,-86,-362,-558,-642,-593,-415,-151,137,391,576,636,558,365,96,-194,-443,-596,-616,-506,-294,-8,285,510,625,616,472,221,-82,-367,-585,-681,-626,-436,-148,183,481,686,754,665,437,107,-253,-569,-777,-824,-696,-435,-81,297,626,834,882,749,466,81,-324,-672,-897,-946,-810,-513,-106,321,680,908,964,835,545,151,-276,-651,-904,-982,-877,-615,-233,191,570,830,941,877,650,305,-82,-449,-723,-852,-818,-639,-346,7,341,585,722,729,603,358,65,-226,-463,-612,-638,-550,-376,-142,117,339,489,556,527,411,240,44,-146,-311,-422,-458,-426,-342,-225,-95,17,99,0,0,0,0,0,87,41,-18,-90,-161,-221,-256,-256,-220,-148,-55,45,140,218,264,268,225,138,25,-94,-189,-250,-269,-243,-164,-51,66,164,235,262,245,174,67,-53,-162,-238,-268,-245,-174,-66,54,166,249,280,246,163,51,-75,-189,-262,-289,-252,-159,-33,94,211,274,279,237,148,24,-109,-214,-266,-269,-212,-114,12,130,228,271,253,171,49,-77,-180,-258,-275,-225,-130,2,149,267,326,318,245,115,-43,-206,-330,-391,-363,-276,-136,48,228,356,417,395,293,138,-47,-233,-364,-426,-403,-295,-133,55,238,370,419,388,284,117,-82,-259,-367,-393,-351,-243,-65,118,264,362,0,304,164,-12,-183,-310,-378,-367,-268,-100,84,252,372,414,364,236,56,-142,-315,-429,-449,-364,-212,-14,202,373,468,472,369,178,-55,-278,-439,-508,-483,-348,-139,107,336,497,552,493,325,96,-153,-379,-533,-563,-472,-276,-30,224,432,549,543,418,215,-39,-304,-507,-591,-545,-384,-134,148,405,574,622,528,326,54,-249,-504,-652,-675,-551,-302,10,324,575,712,708,558,277,-62,-381,-634,-767,-737,-555,-261,88,430,688,808,755,553,245,-113,-446,-696,-803,-753,-555,-246,115,447,689,782,731,538,234,-112,-420,-643,-737,-679,-480,-193,125,406,599,666,599,404,130,0,0,0,0,0,-496,-577,-533,-381,-157,106,346,505,553,493,329,94,-153,-357,-493,-523,-442,-268,-47,180,362,468,467,373,203,-17,-225,-363,-419,-403,-303,-132,58,225,339,372,322,208,59,-106,-232,-300,-298,-227,-105,34,162,245,257,209,121,-15,-151,-238,-255,-207,-113,9,142,245,292,270,169,19,-134,-268,-351,-361,-291,-155,33,223,363,437,419,304,116,-107,-311,-465,-520,-461,-305,-80,171,382,521,557,473,284,38,-215,-432,-563,-573,-466,-263,-6,261,478,595,582,449,222,-54,-324,-527,-616,-579,-425,-173,109,370,558,626,569,388,128,-163,-412,-585,-637,-545,-341,-81,0,460,608,632,524,312,31,-252,-489,-624,-619,-490,-274,11,301,522,627,597,443,200,-95,-369,-561,-630,-567,-388,-112,194,443,596,640,549,322,25,-284,-543,-688,-684,-548,-297,36,378,645,781,758,576,265,-93,-449,-723,-851,-803,-609,-281,116,491,780,918,872,650,296,-116,-515,-808,-954,-913,-689,-327,90,499,821,980,945,741,385,-36,-448,-773,-953,-949,-774,-458,-62,339,670,862,899,775,504,139,-233,-541,-736,-795,-710,-491,-194,117,403,604,687,642,478,232,-38,-295,-490,-587,-583,-481,-295,-67,161,348,471,516,483,379,225,53,-104,-229,-313,-342,-325,-273,0,0,0,0,0,155,200,220,208,172,112,31,-62,-154,-225,-260,-259,-225,-151,-51,55,160,237,267,253,201,109,-7,-126,-218,-262,-259,-206,-118,-2,113,201,254,258,214,123,-1,-122,-216,-278,-284,-221,-115,6,125,228,279,271,207,104,-20,-147,-242,-285,-274,-213,-109,27,157,247,280,265,193,75,-55,-169,-239,-264,-238,-150,-24,106,206,255,247,201,105,-33,-173,-264,-301,-277,-185,-44,106,242,331,358,311,199,47,-125,-283,-376,-398,-343,-218,-39,147,300,397,421,362,226,45,-150,-311,-404,-422,-355,-208,-20,169,315,394,394,321,176,-4,-179,-312,-380,-360,-268,-125,0,231,344,385,341,226,60,-128,-288,-378,-392,-318,-173,12,202,352,428,415,303,126,-71,-256,-395,-462,-422,-287,-91,130,332,460,495,435,278,47,-198,-399,-514,-527,-430,-234,15,257,441,541,534,417,198,-67,-311,-487,-565,-523,-370,-133,134,375,530,575,492,299,38,-237,-456,-580,-587,-466,-232,56,336,544,639,612,454,184,-134,-421,-633,-712,-641,-431,-132,205,499,690,749,659,425,93,-250,-555,-753,-792,-666,-417,-78,285,589,769,800,673,411,63,-296,-597,-771,-787,-656,-406,-71,278,571,740,759,628,379,58,-268,-535,-691,-693,-553,-318,-22,277,508,626,0,0
38730,mtk,MTK 7916,2420776261,rx0-tx0,512,-349,-57,-5,-469,-460,-420,-355,-268,-158,-42,88,213,323,420,482,522,529,503,458,368,263,135,-8,-143,-270,-375,-457,-507,-533,-527,-481,-410,-311,-195,-69,59,176,284,371,430,465,466,437,389,320,231,141,48,-43,-126,-200,-257,-305,-327,-333,-333,-308,-266,-237,-189,-134,-79,-15,40,99,165,216,267,307,327,343,337,318,287,225,145,57,-38,-133,-226,-308,-373,-420,-440,-438,-401,-331,-248,-148,-41,74,176,275,359,416,445,441,419,373,295,196,98,-13,-126,-218,-290,-345,-376,-379,-356,-318,-261,-190,-115,-42,27,88,143,187,217,236,239,231,209,190,171,140,108,-511,32,-8,-40,-81,-121,-158,-184,-218,-240,-249,-249,-228,-199,-159,-107,-48,23,96,170,235,285,327,348,356,336,286,225,149,56,-45,-145,-244,-317,-378,-422,-437,-424,-380,-313,-229,-128,-9,105,204,296,374,424,456,457,429,371,292,201,106,-6,-124,-224,-312,-386,-443,-473,-476,-439,-378,-297,-191,-72,45,175,281,378,447,484,496,470,419,343,236,118,-8,-130,-240,-338,-419,-468,-480,-460,-408,-330,-238,-125,0,120,229,314,380,423,427,403,358,281,186,83,-23,-125,-219,-295,-346,-364,-358,-330,-272,-188,-89,16,120,206,269,304,304,264,192,103,11,-73,-189,-156,1179,-1115,-1339,-43,-82,-130,-160,-168,-151,-113,-61,9,75,131,181,212,223,211,187,144,80,17,-57,-129,-188,-234,-262,-271,-253,-221,-172,-107,-33,49,132,203,259,300,311,303,275,225,156,73,-8,-96,-177,-239,-281,-316,-326,-296,-257,-210,-143,-66,15,95,160,215,256,289,297,283,258,214,161,94,27,-38,-110,-169,-218,-248,-266,-274,-258,-220,-179,-138,-93,-35,22,67,126,166,198,229,246,259,238,217,200,142,84,25,-45,-117,-172,-226,-273,-301,-304,-294,-266,-219,-165,-96,-24,61,146,218,275,320,342,346,322,279,226,149,68,-12,-100,-182,-251,-295,-328,-336,-330,-310,-274,-216,-149,-73,15,98,177,242,300,338,352,352,327,291,236,161,83,2,-85,-170,-237,-290,-353,-379,-377,-357,-324,-276,-202,-115,-30,52,141,228,301,355,389,400,396,379,332,269,184,85,-15,-123,-224,-321,-408,-453,-483,-486,-461,-404,-321,-236,-115,14,135,266,374,460,517,551,561,528,457,363,247,102,-53,-191,-326,-438,-523,-578,-595,-576,-518,-435,-323,-183,-36,107,246,367,457,514,548,548,514,451,362,252,131,14,-102,-213,-316,-396,-444,-468,-475,-455,-402,-328,-245,-152,-55,52,155,248,323,379,422,448,444,425,372,295,206,106,2,-109,-36,-445,-729,180,174,32,137,243,335,420,475,505,506,466,406,320,212,95,-41,-170,-289,-397,-471,-530,-544,-524,-474,-399,-297,-172,-38,103,225,335,426,488,511,502,467,408,318,214,101,-18,-121,-214,-303,-358,-390,-399,-390,-364,-319,-263,-188,-110,-43,31,105,155,201,246,267,291,301,295,292,264,224,179,115,51,-17,-92,-160,-237,-310,-359,-391,-402,-384,-343,-282,-205,-110,-5,105,213,299,371,427,452,454,424,366,282,177,61,-47,-153,-253,-335,-384,-413,-429,-406,-356,-286,-200,-104,-3,83,159,226,275,304,307,296,270,240,194,143,89,35,-15,-61,-93,-130,-160,-181,1105,-205,-199,-198,-195,-178,-148,-116,-81,-36,13,69,126,178,225,263,287,305,298,277,232,176,105,22,-67,-159,-241,-311,-365,-400,-401,-384,-343,-271,-191,-91,20,124,226,315,379,430,451,439,404,348,261,160,53,-60,-168,-264,-347,-405,-443,-462,-443,-402,-339,-258,-158,-47,76,198,300,388,455,489,494,463,401,320,215,106,-17,-148,-261,-366,-437,-480,-495,-471,-420,-349,-247,-129,-5,121,234,324,397,443,455,435,380,303,213,105,-8,-116,-218,-301,-356,-387,-390,-367,-317,-243,-150,-44,54,148,235,300,338,344,316,256,175,75,-29,-126,-197,-234,-239,-206,68,123,1145,-898,-537,-119,-108,-75,-19,38,104,152,190,208,194,167,120,59,-11,-81,-140,-196,-228,-245,-249,-226,-181,-122,-52,22,92,159,221,264,291,296,276,231,165,86,3,-79,-157,-230,-285,-314,-329,-318,-274,-209,-140,-67,26,109,172,233,281,306,316,299,263,213,149,84,7,-65,-134,-198,-242,-266,-268,-267,-252,-220,-169,-110,-53,12,76,131,174,204,230,242,237,230,213,176,137,90,36,-25,-88,-127,-183,-235,-256,-279,-284,-265,-234,-193,-136,-65,13,85,162,231,283,313,328,326,301,256,198,122,39,-51,-131,-200,-260,-308,-336,-350,-339,-302,-245,-178,-104,-19,826,142,216,277,315,344,349,332,302,257,194,111,27,-57,-136,-203,-276,-328,-356,-368,-357,-330,-277,-219,-142,-44,37,123,201,272,333,363,376,376,363,323,263,192,105,9,-79,-175,-268,-347,-404,-433,-443,-432,-396,-341,-255,-158,-58,64,187,299,386,454,509,521,513,478,400,300,182,53,-91,-238,-363,-458,-533,-587,-590,-562,-504,-408,-289,-152,1,153,292,409,506,564,589,577,532,450,340,215,83,-56,-179,-290,-387,-466,-505,-514,-491,-446,-380,-291,-187,-79,29,141,240,319,382,425,447,446,421,376,310,229,141,34,-67,-165,-265,-341,-401,-437,-454,-442,-1421,-1360
38731,mtk,MTK 7916,2420776261,rx0-tx1,512,87,-96,-58,-590,-597,-570,-509,-422,-303,-169,-23,129,285,427,543,631,695,717,699,640,543,422,264,94,-82,-263,-424,-571,-695,-779,-820,-814,-768,-672,-544,-375,-184,17,222,421,596,747,850,905,915,867,770,633,460,265,52,-168,-370,-562,-726,-842,-919,-959,-944,-874,-760,-606,-416,-200,36,268,484,681,849,969,1042,1058,1016,909,756,556,319,62,-209,-467,-700,-889,-1034,-1120,-1141,-1098,-988,-822,-611,-361,-92,184,447,687,883,1028,1116,1134,1086,986,827,619,378,120,-136,-383,-613,-807,-952,-1035,-1066,-1038,-955,-822,-643,-430,-196,42,276,498,687,842,950,1001,1005,955,849,704,-689,315,78,-153,-384,-601,-777,-911,-1008,-1048,-1028,-949,-815,-639,-419,-174,81,344,586,802,968,1086,1141,1124,1052,914,717,480,202,-84,-365,-637,-873,-1056,-1178,-1235,-1212,-1123,-958,-741,-470,-174,139,453,732,976,1160,1267,1300,1253,1124,920,665,366,45,-276,-588,-848,-1060,-1208,-1272,-1266,-1172,-995,-767,-485,-173,139,438,709,915,1068,1150,1146,1075,937,732,489,226,-37,-292,-524,-707,-836,-908,-920,-879,-779,-641,-471,-279,-73,126,317,475,595,687,727,715,663,570,443,295,122,-52,-213,-362,-479,-556,-601,-598,-552,-458,-331,-182,-15,151,297,406,472,487,444,345,212,66,-68,-146,-156,0,-282,-385,-87,-18,68,151,223,267,282,265,215,139,51,-44,-137,-219,-284,-320,-337,-327,-287,-231,-158,-80,8,101,191,271,327,366,387,377,346,293,214,126,19,-89,-193,-290,-371,-440,-481,-486,-470,-411,-326,-214,-86,54,199,328,441,531,585,594,557,489,391,261,110,-42,-190,-328,-450,-538,-591,-609,-583,-521,-429,-312,-176,-28,120,257,377,470,528,564,555,520,458,365,251,124,5,-120,-243,-340,-417,-472,-500,-500,-472,-412,-334,-239,-136,-22,97,206,301,376,427,454,460,438,389,320,237,141,39,-64,-163,-250,-323,-372,-402,-404,-389,-358,-301,-227,-148,-63,26,-130,172,240,291,326,342,353,337,302,255,194,126,56,-14,-84,-152,-209,-250,-283,-304,-310,-303,-278,-247,-206,-160,-101,-34,28,90,150,212,261,289,323,340,335,317,285,241,183,120,39,-50,-140,-227,-305,-369,-423,-447,-455,-434,-389,-325,-234,-128,-14,103,220,332,428,502,546,560,551,509,428,330,206,61,-83,-218,-346,-456,-544,-600,-624,-611,-559,-477,-369,-235,-93,61,204,339,458,541,590,607,593,542,468,361,236,103,-27,-152,-266,-369,-448,-493,-519,-523,-493,-445,-377,-289,-199,-94,16,124,218,303,374,432,481,497,485,463,417,350,263,156,47,-77,246,77,504,138,171,-57,85,224,352,465,561,625,653,650,613,535,428,299,143,-25,-190,-354,-494,-619,-711,-759,-772,-740,-662,-551,-403,-233,-46,146,336,512,660,779,845,873,853,786,672,514,319,118,-98,-316,-514,-678,-807,-891,-935,-920,-863,-763,-614,-427,-228,-10,214,424,613,774,896,978,1008,980,899,770,594,378,144,-102,-350,-578,-776,-947,-1057,-1112,-1102,-1027,-895,-711,-484,-218,60,331,584,799,978,1096,1145,1129,1047,914,723,495,234,-38,-294,-535,-755,-932,-1046,-1099,-1093,-1032,-907,-726,-506,-273,-27,220,453,660,825,945,1018,1030,992,898,755,577,364,135,-97,-333,-547,-724,261,-969,-1012,-1003,-950,-837,-675,-481,-258,-13,237,469,678,858,997,1074,1093,1048,946,786,576,331,58,-215,-476,-721,-927,-1083,-1173,-1187,-1140,-1028,-848,-613,-344,-45,253,543,803,1013,1169,1251,1271,1204,1064,855,582,278,-43,-363,-668,-921,-1119,-1250,-1296,-1270,-1158,-970,-732,-438,-124,195,513,783,1001,1158,1231,1226,1142,983,757,501,206,-91,-367,-625,-827,-967,-1033,-1041,-987,-863,-689,-481,-252,-21,210,413,576,702,778,807,789,717,601,461,296,110,-75,-245,-400,-518,-608,-657,-650,-605,-524,-401,-261,-101,64,221,360,465,533,555,523,440,318,171,9,-146,-273,-349,-373,-339,-4,47,0,300,133,175,215,221,196,139,60,-31,-125,-210,-273,-308,-316,-292,-245,-175,-92,-3,93,181,253,309,343,356,344,308,252,176,95,-6,-106,-194,-281,-346,-400,-432,-428,-403,-350,-273,-172,-48,68,187,308,412,493,536,551,521,453,362,238,95,-56,-206,-335,-454,-551,-605,-612,-579,-515,-413,-283,-138,17,171,308,424,512,567,587,575,526,441,326,209,78,-58,-188,-313,-413,-488,-526,-536,-527,-475,-392,-296,-180,-64,56,172,275,362,425,460,481,472,432,369,290,194,89,-28,-140,-238,-319,-382,-423,-439,-431,-398,-343,-270,-181,-94,-1,86,173,251,310,348,376,382,245,321,273,209,135,60,-19,-99,-167,-227,-274,-309,-324,-327,-315,-292,-251,-199,-137,-68,1,66,128,182,227,264,293,308,305,295,277,244,191,138,81,9,-66,-140,-215,-276,-322,-360,-391,-399,-383,-349,-288,-218,-132,-36,61,169,267,357,434,484,509,505,476,422,334,228,103,-22,-149,-280,-391,-481,-553,-593,-594,-568,-506,-414,-294,-155,-9,141,284,408,515,583,622,622,585,522,423,298,165,25,-120,-253,-371,-470,-538,-570,-571,-541,-485,-407,-304,-195,-83,35,148,250,342,409,453,485,492,477,438,383,312,228,128,14,-92,-193,-296,-381,-453,-496,-521,-533,307,395
38732,mtk,MTK 7916,2420776261,rx1-tx0,512,0,-595,-365,617,622,597,527,430,310,161,-5,-177,-340,-483,-610,-696,-745,-754,-718,-630,-510,-350,-162,36,232,419,593,716,814,870,857,796,683,529,344,132,-95,-307,-517,-696,-822,-909,-941,-905,-824,-694,-515,-306,-70,160,375,585,757,885,959,968,917,821,664,468,249,7,-234,-457,-647,-800,-906,-960,-950,-884,-758,-588,-383,-150,82,309,515,685,807,882,895,847,754,620,442,257,55,-145,-328,-496,-615,-707,-748,-739,-692,-604,-480,-326,-173,-8,156,293,418,519,578,599,583,541,473,383,263,133,20,-106,-220,-317,-396,-443,-478,-476,-449,-398,-323,-238,-134,-38,64,159,216,310,375,398,394,374,336,278,206,125,41,-44,-133,-203,-257,-302,-320,-330,-311,-278,-231,-177,-104,-26,43,103,161,199,232,255,243,235,214,171,128,86,34,-10,-54,-86,-109,-139,-143,-140,-144,-133,-116,-103,-85,-58,-35,-22,3,13,29,55,72,82,97,119,147,152,155,140,135,118,74,33,-16,-80,-128,-165,-205,-231,-240,-225,-200,-156,-95,-31,32,89,149,191,217,225,218,199,174,133,85,35,-16,-67,-116,-153,-176,-185,-187,-186,-165,-126,-85,-42,8,55,93,125,152,168,169,162,137,107,60,8,-48,-94,-129,-149,-151,-132,-99,-59,-8,32,-374,-587,0,354,362,82,44,-6,-63,-114,-148,-167,-165,-141,-105,-57,-6,46,95,143,177,184,177,168,139,94,47,3,-44,-81,-113,-147,-161,-158,-155,-141,-128,-93,-54,-22,17,45,68,101,126,148,160,172,174,156,138,111,65,34,-21,-76,-133,-184,-215,-249,-250,-237,-218,-180,-129,-71,-3,70,138,205,244,259,274,265,239,200,143,82,9,-65,-124,-172,-217,-251,-276,-272,-249,-221,-177,-123,-68,-2,66,123,165,209,235,244,246,237,217,170,112,57,-5,-65,-119,-172,-208,-231,-240,-235,-208,-182,-148,-99,-32,25,69,119,158,186,194,197,187,156,124,94,52,20,-584,-40,-68,-100,-120,-125,-133,-123,-118,-113,-89,-69,-59,-42,-18,-3,8,28,44,58,71,87,100,112,107,107,106,97,82,57,35,14,-1,-34,-64,-84,-109,-141,-161,-170,-176,-177,-174,-150,-117,-84,-31,19,79,141,191,246,284,308,314,301,274,223,148,68,-21,-111,-208,-293,-374,-422,-442,-443,-416,-359,-276,-175,-58,59,179,289,386,459,507,530,521,472,392,289,172,40,-102,-240,-354,-462,-533,-570,-576,-555,-495,-403,-284,-141,-2,137,273,387,481,546,574,570,543,479,390,274,149,16,-127,-250,-360,-452,-516,-564,-561,-546,-504,-422,-325,-209,-76,65,-52,118,0,-327,-559,53,-97,-246,-384,-499,-598,-669,-698,-685,-628,-542,-412,-253,-79,100,282,453,596,713,782,805,781,718,599,442,265,49,-168,-376,-561,-711,-826,-895,-898,-854,-763,-616,-431,-221,18,247,453,649,802,909,959,937,878,759,590,388,160,-79,-308,-526,-718,-862,-951,-980,-950,-857,-718,-538,-324,-89,152,383,593,754,873,930,933,886,773,614,423,213,-11,-230,-422,-599,-720,-790,-829,-805,-741,-627,-472,-305,-113,73,239,398,531,611,654,668,636,574,483,361,222,83,-52,-186,-308,-406,-481,-513,-522,-513,-466,-399,-307,-204,-91,28,135,229,301,368,408,425,425,397,757,286,185,77,-17,-102,-181,-251,-306,-340,-358,-360,-332,-280,-229,-160,-84,-1,82,149,201,247,285,291,277,257,220,174,133,66,0,-56,-113,-152,-176,-194,-196,-195,-183,-158,-134,-98,-58,-33,-3,32,54,76,98,114,115,119,113,104,108,102,94,82,71,55,25,-4,-37,-68,-98,-149,-183,-194,-211,-203,-177,-142,-97,-43,23,88,144,195,226,241,238,220,184,134,81,29,-31,-83,-135,-174,-199,-212,-211,-196,-166,-129,-84,-36,8,51,101,134,161,178,181,167,147,119,81,31,-14,-58,-97,-131,-157,-166,-154,-125,-91,-45,5,58,93,116,117,101,541,306,0,-109,67,-104,-123,-139,-136,-111,-71,-19,41,95,139,172,180,177,157,123,75,11,-31,-76,-125,-159,-175,-178,-169,-146,-126,-91,-44,-4,30,65,99,131,139,150,153,148,144,129,101,63,31,-4,-41,-81,-118,-165,-193,-207,-218,-210,-193,-155,-112,-51,20,81,139,193,237,259,273,264,239,194,123,60,6,-62,-121,-185,-230,-261,-277,-267,-242,-209,-160,-98,-43,30,87,137,188,222,248,262,254,226,190,146,83,27,-28,-86,-143,-188,-219,-237,-247,-235,-215,-182,-130,-71,-15,47,98,141,178,213,225,215,198,177,144,97,47,4,-46,-84,-113,-141,-157,-155,-674,-137,-128,-107,-71,-48,-16,11,21,49,67,75,81,95,103,98,100,92,79,67,58,51,37,14,-7,-20,-39,-64,-85,-100,-118,-125,-137,-140,-125,-115,-107,-82,-50,-15,21,56,103,150,176,204,225,235,245,225,200,152,92,25,-53,-131,-204,-275,-322,-365,-387,-382,-354,-300,-226,-121,-16,90,202,305,394,456,485,489,469,420,340,232,116,-10,-141,-274,-386,-467,-525,-558,-556,-515,-448,-349,-222,-84,52,191,326,432,523,570,582,572,520,439,334,207,67,-68,-203,-327,-427,-504,-549,-576,-558,-511,-441,-343,-236,-100,38,159,285,393,477,540,572,572,-360,-349
38733,mtk,MTK 7916,2420776261,rx1-tx1,512,0,0,0,36,-247,-465,-553,-492,-295,-14,272,484,558,480,270,-14,-283,-481,-548,-457,-239,37,293,467,509,412,200,-56,-294,-441,-466,-351,-145,93,295,411,402,276,80,-138,-309,-380,-343,-210,-20,179,322,364,298,147,-45,-219,-328,-335,-244,-82,99,254,335,317,206,41,-129,-266,-330,-299,-181,-17,152,274,322,279,162,0,-163,-270,-298,-250,-139,11,154,249,277,230,125,-11,-130,-210,-239,-201,-106,7,110,176,190,151,78,-6,-80,-134,-147,-117,-61,-1,51,93,105,87,47,0,-41,-63,-68,-62,-44,-16,18,36,38,31,29,22,10,3,-4,-15,-26,-32,0,-33,-15,6,28,47,57,49,33,5,-32,-65,-76,-74,-53,-14,31,70,97,104,78,26,-36,-87,-116,-119,-94,-45,15,82,135,148,120,72,3,-70,-132,-164,-154,-98,-20,55,120,154,156,120,55,-26,-96,-142,-162,-153,-99,-24,53,115,147,150,127,70,-4,-74,-121,-147,-144,-108,-45,22,88,135,156,151,111,45,-29,-99,-146,-162,-146,-96,-17,64,132,170,180,151,80,-15,-104,-168,-193,-181,-131,-44,56,147,198,207,168,86,-15,-106,-182,-215,-203,-143,-48,54,137,197,222,195,128,35,-59,-139,-194,-210,-184,-127,-55,20,84,127,145,143,0,0,0,0,0,-64,-75,-69,-39,2,46,92,128,134,113,64,-9,-88,-145,-178,-169,-118,-34,61,150,206,211,162,67,-46,-154,-224,-238,-187,-87,41,162,241,252,200,94,-37,-168,-254,-267,-203,-78,79,211,287,287,203,55,-109,-249,-324,-304,-195,-19,170,324,383,330,183,-17,-236,-397,-446,-369,-189,54,289,452,503,410,194,-79,-334,-507,-547,-437,-195,103,378,562,595,459,189,-128,-409,-585,-612,-467,-184,158,455,621,619,450,161,-184,-480,-642,-627,-452,-147,193,475,627,604,408,103,-225,-495,-629,-578,-367,-57,260,505,602,529,311,1,-306,-522,-580,-474,-231,76,0,541,559,410,136,-176,-435,-564,-525,-337,-50,263,497,587,506,276,-41,-353,-563,-609,-478,-203,141,457,639,630,444,124,-229,-525,-684,-649,-414,-53,321,608,731,653,378,-17,-407,-680,-774,-646,-328,86,474,735,791,627,283,-141,-522,-765,-793,-595,-231,191,561,771,759,539,167,-244,-581,-755,-716,-481,-110,278,586,719,645,395,46,-314,-569,-656,-556,-301,29,337,537,571,443,200,-103,-371,-514,-503,-342,-87,181,391,478,414,227,-23,-268,-425,-444,-331,-119,131,344,455,424,263,25,-223,-406,-471,-396,-203,53,295,458,490,381,149,-126,-362,-498,-493,-345,-104,0,0,0,0,0,545,490,303,31,-258,-471,-558,-490,-276,5,283,484,551,470,264,-17,-290,-479,-527,-435,-227,40,297,455,481,379,172,-79,-297,-427,-432,-315,-117,110,298,390,369,248,51,-155,-306,-365,-320,-182,23,209,328,353,271,110,-72,-236,-329,-327,-234,-68,119,259,323,303,196,35,-144,-282,-329,-279,-163,1,158,279,320,273,150,-8,-162,-266,-290,-242,-135,3,137,230,258,210,114,-11,-126,-200,-212,-172,-93,5,96,154,170,137,72,-2,-72,-113,-123,-102,-59,-6,40,73,86,68,43,11,-18,-43,-52,-50,-36,-23,-3,13,26,38,39,36,30,18,6,0,-36,-49,-54,-45,-27,-2,26,51,64,65,47,18,-27,-66,-91,-89,-72,-36,20,82,119,121,94,49,-10,-79,-129,-134,-109,-57,11,78,129,156,142,85,8,-68,-128,-159,-150,-112,-47,29,104,161,174,140,82,5,-74,-131,-158,-148,-106,-44,25,90,142,161,139,82,18,-53,-116,-153,-155,-133,-85,-14,56,117,156,158,128,72,-7,-81,-139,-169,-160,-117,-52,29,106,165,185,155,89,9,-80,-156,-197,-189,-143,-63,35,126,187,206,178,112,16,-83,-169,-216,-219,-172,-91,9,107,185,221,212,162,80,-10,-92,-155,-183,-178,-147,-96,-41,17,0,0,0,0,0,3,-27,-59,-90,-106,-103,-78,-34,30,95,142,160,142,93,18,-71,-151,-192,-192,-144,-55,53,151,212,223,179,81,-40,-155,-236,-256,-204,-96,42,172,250,268,210,87,-61,-190,-272,-279,-208,-72,91,237,305,282,188,32,-149,-297,-357,-316,-188,-2,204,355,411,347,184,-43,-267,-430,-477,-392,-200,57,313,490,529,420,193,-91,-357,-529,-566,-447,-201,111,392,573,602,461,187,-145,-436,-612,-622,-466,-178,167,466,628,624,451,151,-191,-482,-638,-620,-431,-127,213,495,629,590,397,90,-244,-504,-618,-553,-333,-26,283,514,600,505,265,-41,-339,-531,-564,0,-187,125,393,552,543,373,97,-213,-463,-574,-522,-313,-6,307,530,602,495,237,-90,-399,-596,-620,-461,-165,189,495,660,632,428,93,-283,-580,-712,-647,-396,-32,353,648,768,656,353,-49,-437,-711,-790,-642,-308,111,497,753,800,621,259,-171,-544,-764,-782,-576,-208,214,568,760,743,515,142,-260,-579,-728,-675,-432,-72,300,570,681,600,349,5,-324,-559,-626,-511,-256,60,347,528,546,401,144,-145,-380,-495,-462,-291,-33,218,401,461,374,169,-85,-310,-434,-426,-296,-77,173,372,457,408,233,-17,-262,-431,-479,-382,-168,96,336,478,492,362,129,-155,-392,-509,0,0
38734,mtk,MTK 7916,2420776261,rx2-tx0,512,0,0,0,-1002,-885,-500,36,561,920,1009,796,346,-198,-677,-956,-953,-665,-184,350,775,966,868,509,-4,-506,-847,-936,-742,-318,208,663,913,885,585,107,-406,-804,-952,-807,-416,110,608,923,961,705,231,-315,-777,-1006,-936,-583,-43,513,919,1053,876,433,-145,-681,-1014,-1042,-754,-238,348,823,1060,975,587,26,-542,-960,-1090,-880,-401,195,739,1067,1075,752,200,-416,-919,-1148,-1041,-616,2,626,1060,1188,974,468,-189,-798,-1178,-1214,-904,-328,346,915,1217,1167,776,163,-491,-996,-1217,-1083,-634,-4,615,1049,1173,958,466,-156,-727,-1074,-1097,-801,-277,316,815,1070,1002,637,85,-484,-902,0,-884,-450,109,629,964,1004,742,263,-291,-763,-1012,-957,-609,-81,470,889,1042,880,451,-112,-649,-1000,-1056,-792,-288,307,820,1101,1055,698,122,-501,-983,-1186,-1045,-594,40,673,1122,1253,1022,498,-178,-815,-1234,-1304,-997,-402,309,946,1317,1311,929,291,-430,-1049,-1372,-1299,-862,-191,535,1120,1394,1274,803,109,-617,-1174,-1410,-1258,-770,-80,627,1164,1378,1215,729,65,-605,-1108,-1301,-1141,-686,-66,551,998,1168,1021,615,69,-470,-866,-1016,-888,-531,-48,419,742,855,741,433,24,-367,-644,-737,-626,-365,-23,320,567,652,571,356,62,-232,-455,-568,-549,-412,-201,32,232,362,405,370,0,0,0,0,0,-322,-389,-386,-299,-135,77,293,467,556,527,377,134,-147,-401,-567,-601,-485,-247,55,351,563,629,530,290,-34,-351,-575,-651,-555,-301,41,374,616,683,560,284,-77,-423,-654,-700,-552,-241,142,488,695,705,509,169,-224,-556,-731,-697,-458,-83,324,645,777,686,395,-19,-448,-751,-839,-681,-325,130,558,834,868,658,255,-235,-661,-902,-888,-623,-173,336,744,947,879,555,67,-439,-818,-969,-847,-480,30,531,878,976,796,384,-139,-619,-923,-962,-725,-281,246,697,945,926,634,160,-356,-766,-957,-871,-536,-45,454,817,943,793,413,-81,-546,-849,-897,-683,-272,215,636,0,826,547,109,-362,-726,-865,-741,-397,68,515,811,860,649,232,-258,-673,-888,-839,-534,-61,439,813,945,798,416,-107,-610,-939,-990,-748,-283,273,759,1021,983,655,129,-436,-878,-1069,-942,-539,28,585,970,1062,845,381,-200,-727,-1036,-1031,-719,-198,380,847,1061,950,557,-7,-567,-961,-1060,-841,-366,219,737,1041,1030,709,166,-425,-893,-1098,-978,-561,29,606,1002,1105,883,397,-211,-758,-1083,-1087,-773,-227,381,883,1120,1028,633,49,-547,-976,-1119,-936,-480,119,676,1028,1080,815,307,-283,-784,-1057,-1012,-666,-130,436,869,1044,907,500,-51,-579,-933,-1011,-785,-325,230,710,978,0,0,0,0,0,37,-491,-880,-1010,-847,-431,113,624,948,988,736,271,-270,-726,-964,-913,-590,-92,427,813,952,804,416,-102,-584,-886,-918,-670,-217,302,725,928,850,508,1,-505,-862,-955,-754,-319,219,696,971,954,641,130,-424,-856,-1039,-910,-507,51,606,978,1055,822,343,-247,-757,-1036,-1009,-679,-138,446,896,1073,927,502,-80,-645,-1018,-1083,-818,-305,311,836,1116,1062,688,98,-532,-1009,-1186,-1013,-543,91,701,1117,1209,940,393,-268,-858,-1202,-1192,-833,-237,425,964,1226,1130,710,94,-551,-1031,-1207,-1029,-554,70,663,1057,1143,888,378,-238,-769,-1068,-1050,-723,-186,400,863,1063,941,545,0,-561,-935,-1028,-819,-361,203,704,991,980,676,172,-389,-837,-1028,-917,-534,18,566,941,1044,837,371,-217,-740,-1051,-1055,-743,-202,405,907,1143,1044,637,40,-584,-1052,-1223,-1040,-545,112,743,1175,1271,1009,452,-244,-881,-1268,-1297,-958,-343,379,999,1334,1301,906,245,-486,-1085,-1384,-1292,-834,-146,577,1150,1406,1273,784,81,-640,-1175,-1398,-1244,-753,-61,635,1150,1344,1180,709,64,-581,-1055,-1234,-1088,-656,-64,517,930,1084,950,574,62,-440,-804,-933,-805,-473,-36,391,689,793,682,392,15,-346,-599,-687,-593,-348,-24,290,518,614,560,380,121,-148,-365,-491,-509,-423,-265,-88,76,0,0,0,0,0,136,-12,-178,-344,-463,-500,-435,-274,-42,213,437,574,578,443,205,-91,-371,-561,-615,-511,-270,42,349,568,643,551,300,-34,-357,-587,-664,-557,-291,62,400,633,695,559,259,-112,-450,-670,-708,-539,-211,181,519,712,700,485,128,-272,-600,-760,-696,-423,-26,386,698,808,679,353,-79,-504,-794,-856,-672,-291,181,619,878,882,637,209,-284,-702,-924,-886,-589,-124,379,781,963,866,519,27,-476,-852,-984,-829,-436,80,573,902,967,755,323,-197,-660,-937,-948,-680,-220,299,732,955,900,587,109,-397,-791,-952,-835,-479,15,501,834,918,741,350,-142,-588,-854,-865,-626,0,293,680,864,788,473,18,-444,-769,-864,-697,-316,165,599,855,851,588,146,-349,-746,-922,-821,-474,17,522,877,968,773,348,-192,-685,-979,-987,-700,-206,357,820,1049,964,598,54,-514,-931,-1071,-902,-467,110,655,1003,1056,796,291,-296,-793,-1048,-992,-637,-94,480,909,1064,899,466,-110,-660,-1003,-1050,-779,-269,324,823,1075,1004,634,74,-516,-953,-1106,-933,-482,120,690,1054,1107,829,312,-301,-825,-1108,-1062,-704,-141,465,935,1128,989,563,-32,-611,-1006,-1113,-884,-390,207,731,1041,1047,745,220,-366,-835,-1053,-961,-587,-41,512,908,1032,851,417,-140,-652,-961,-990,-724,-243,0,0
38735,mtk,MTK 7916,2420776261,rx2-tx1,512,0,0,0,591,515,297,-4,-302,-508,-557,-446,-211,78,343,506,519,384,143,-136,-371,-492,-461,-297,-52,189,370,448,394,229,-5,-233,-378,-402,-309,-133,72,256,353,339,221,43,-140,-271,-307,-245,-116,42,187,264,250,152,7,-132,-221,-234,-166,-42,105,221,255,201,73,-83,-220,-287,-267,-147,29,198,321,358,277,98,-114,-299,-413,-409,-284,-56,200,399,482,423,238,-23,-288,-473,-522,-426,-197,98,362,529,544,400,145,-162,-433,-571,-537,-348,-65,247,492,593,532,315,-10,-333,-551,-610,-493,-231,92,392,585,609,448,161,-176,-467,-621,-589,-392,-80,262,524,630,0,338,2,-333,-567,-637,-521,-262,76,404,604,625,465,177,-163,-457,-620,-597,-400,-77,259,519,624,551,309,-32,-368,-591,-644,-508,-217,148,478,672,667,465,114,-278,-594,-745,-682,-419,-32,378,686,812,705,380,-54,-480,-784,-867,-707,-346,124,564,846,904,711,325,-164,-620,-903,-934,-709,-286,211,663,932,946,706,277,-230,-669,-927,-948,-702,-276,216,647,910,919,681,274,-193,-601,-845,-858,-648,-277,155,536,762,779,589,255,-127,-461,-664,-691,-541,-252,88,390,578,608,487,254,-42,-323,-516,-567,-481,-295,-49,197,382,473,459,346,175,-8,-164,-270,-313,-297,0,0,0,0,0,177,169,124,48,-49,-148,-224,-263,-247,-179,-68,60,177,251,267,223,121,-16,-145,-237,-270,-238,-141,-6,128,223,263,230,136,3,-125,-222,-262,-230,-129,9,148,247,280,226,108,-38,-172,-260,-277,-217,-83,75,197,268,273,192,56,-95,-222,-284,-264,-174,-33,117,231,274,239,129,-13,-145,-235,-258,-196,-65,78,192,257,244,150,8,-134,-242,-278,-221,-92,65,209,300,301,210,57,-122,-268,-347,-342,-231,-37,162,318,391,348,203,13,-183,-342,-405,-351,-196,15,225,366,407,331,164,-48,-248,-377,-398,-302,-127,84,270,374,353,238,61,-140,-310,-376,0,-166,18,202,332,367,280,104,-107,-281,-371,-362,-239,-36,184,353,420,358,190,-36,-256,-401,-439,-344,-143,104,326,453,448,313,77,-183,-398,-496,-444,-270,-13,267,468,522,419,198,-75,-331,-500,-521,-384,-135,155,401,536,508,325,45,-252,-476,-550,-462,-231,69,354,537,566,419,139,-185,-455,-588,-553,-350,-31,306,556,645,560,303,-55,-402,-641,-700,-555,-246,141,495,716,732,537,182,-228,-569,-751,-731,-494,-110,301,632,785,718,448,61,-350,-667,-793,-692,-401,-4,395,681,779,653,345,-45,-417,-660,-716,-576,-267,106,430,631,658,488,188,-156,-452,-616,0,0,0,0,0,-34,267,494,576,488,255,-40,-318,-502,-540,-409,-170,112,360,497,486,337,96,-171,-379,-472,-428,-260,-30,207,381,437,357,179,-39,-241,-365,-373,-269,-86,109,264,333,292,168,0,-166,-268,-283,-205,-68,86,209,253,206,95,-48,-173,-235,-212,-120,15,156,250,252,173,31,-139,-275,-325,-269,-121,72,258,374,389,279,73,-164,-352,-444,-415,-256,-13,241,434,507,427,224,-53,-323,-502,-534,-413,-168,130,396,547,545,386,102,-217,-468,-582,-530,-324,-24,276,512,606,512,265,-55,-359,-573,-619,-475,-195,138,435,599,599,425,118,-222,-491,-626,-581,-364,-45,0,548,640,546,295,-49,-377,-595,-642,-507,-222,120,425,606,614,439,132,-215,-494,-626,-573,-361,-37,300,552,638,533,260,-87,-414,-629,-656,-481,-162,209,529,703,673,433,58,-337,-644,-783,-701,-414,1,420,735,843,709,366,-86,-515,-814,-892,-719,-335,151,592,874,922,721,306,-194,-641,-918,-941,-702,-271,232,672,937,955,707,270,-233,-674,-930,-931,-693,-276,209,625,874,887,670,283,-171,-568,-801,-822,-620,-277,125,490,713,733,568,262,-103,-431,-629,-654,-512,-245,75,360,545,591,489,267,-9,-269,-452,-528,-482,-329,-115,106,287,392,407,348,234,97,-32,0,0,0,0,0,24,108,177,223,230,192,117,11,-108,-211,-265,-266,-210,-104,27,148,236,266,232,136,5,-130,-228,-270,-234,-132,0,125,220,263,230,125,-14,-143,-233,-261,-233,-125,28,166,251,270,211,93,-52,-189,-272,-272,-203,-85,67,204,281,271,188,47,-110,-229,-278,-256,-159,-19,125,228,265,223,112,-38,-170,-238,-238,-173,-46,106,217,262,226,112,-34,-180,-270,-287,-222,-92,80,242,330,316,214,48,-139,-295,-378,-353,-224,-29,187,346,398,350,203,-5,-206,-356,-411,-346,-181,31,233,371,405,319,140,-72,-263,-373,-375,-274,-95,113,284,370,346,212,11,0,-319,-361,-297,-139,61,251,367,366,254,66,-141,-320,-406,-366,-213,4,225,387,434,355,170,-71,-297,-435,-443,-332,-116,144,362,471,454,302,52,-228,-438,-513,-439,-237,41,303,472,515,414,179,-115,-372,-519,-518,-359,-92,203,440,543,478,275,-10,-299,-507,-563,-447,-190,126,406,565,556,385,85,-252,-516,-633,-570,-332,10,355,604,679,551,260,-112,-459,-679,-711,-537,-202,190,538,739,728,508,147,-258,-598,-770,-722,-468,-85,329,651,791,707,430,25,-390,-683,-787,-671,-376,21,408,679,755,614,304,-81,-431,-656,-696,-539,-239,123,441,622,622,443,150,0,0
38736,mtk,MTK 7916,2420847170,rx0-tx0,512,-349,-57,-5,302,152,-17,-189,-346,-468,-547,-579,-556,-478,-357,-202,-29,162,328,474,571,605,580,505,385,210,26,-151,-320,-459,-555,-585,-569,-496,-360,-198,-30,128,283,399,472,508,489,420,327,216,84,-54,-171,-262,-335,-378,-389,-379,-325,-254,-188,-106,-15,81,174,251,312,356,382,370,333,278,195,79,-45,-173,-294,-395,-462,-503,-485,-421,-324,-175,-3,170,332,462,548,586,569,492,359,193,10,-183,-355,-489,-577,-605,-578,-487,-348,-185,8,187,344,458,538,556,509,419,294,138,-23,-164,-281,-364,-411,-420,-392,-328,-242,-143,-37,63,142,210,260,287,287,271,233,-511,139,82,17,-58,-118,-187,-237,-276,-304,-306,-287,-238,-175,-89,11,112,219,321,386,424,424,375,299,183,44,-110,-252,-381,-479,-535,-537,-486,-389,-243,-67,126,302,445,557,606,603,545,427,265,80,-126,-325,-493,-606,-663,-661,-587,-463,-284,-68,141,353,521,645,717,701,618,478,285,61,-176,-387,-566,-678,-728,-707,-597,-442,-241,0,235,437,589,676,694,642,524,353,149,-53,-254,-433,-558,-615,-608,-552,-427,-263,-77,117,285,425,510,545,528,447,324,167,-11,-176,-320,-418,-471,-472,-420,-317,-172,-12,143,277,378,423,404,330,204,49,-105,-221,-286,-285,-189,-156,1179,-1115,-1339,-67,-121,-163,-176,-152,-90,-3,80,161,218,234,225,186,118,40,-55,-158,-233,-261,-274,-240,-190,-121,-18,77,184,264,299,305,287,224,134,31,-91,-184,-272,-318,-346,-331,-252,-157,-50,53,156,246,294,321,318,272,194,104,9,-81,-164,-230,-278,-284,-262,-215,-161,-97,-8,70,135,194,234,242,240,216,167,110,48,-18,-79,-132,-183,-225,-245,-229,-207,-175,-109,-48,18,94,171,220,256,275,268,236,170,86,-8,-85,-171,-243,-289,-309,-311,-277,-208,-126,-24,74,174,270,324,351,347,304,235,136,21,-88,-190,-277,-331,-358,-362,-321,-260,-166,-52,59,-330,266,339,379,382,358,292,200,84,-35,-147,-255,-339,-385,-402,-384,-322,-235,-137,-15,111,224,308,362,399,398,364,294,197,78,-56,-166,-272,-362,-418,-441,-418,-354,-270,-164,-40,97,235,359,449,495,502,470,404,280,120,-42,-214,-370,-487,-577,-597,-568,-491,-360,-195,6,205,389,537,643,681,662,566,421,224,-8,-228,-438,-599,-692,-734,-691,-576,-412,-202,14,240,448,598,688,710,662,551,389,194,-16,-225,-401,-531,-615,-634,-595,-506,-367,-210,-35,145,300,428,514,551,545,493,394,266,112,-51,-198,-329,-436,-498,-522,-517,-444,-333,-196,-47,109,252,374,-36,-445,-729,180,174,-455,-530,-553,-527,-444,-323,-174,-5,172,336,469,558,599,577,504,384,217,28,-165,-332,-478,-573,-601,-575,-503,-374,-210,-31,138,308,443,530,552,528,461,341,204,48,-104,-233,-327,-403,-445,-440,-392,-325,-238,-123,-20,89,184,250,304,343,356,346,311,253,189,110,6,-102,-203,-297,-377,-428,-441,-422,-362,-259,-136,7,167,301,425,519,552,537,466,345,187,8,-177,-347,-486,-571,-612,-583,-498,-367,-194,-3,184,360,483,568,594,546,457,325,166,-17,-181,-320,-424,-490,-494,-443,-360,-249,-127,-7,115,215,290,336,354,333,289,235,162,88,13,-62,-131,1105,-230,-254,-271,-265,-246,-217,-164,-104,-23,69,154,232,297,350,366,351,315,236,131,18,-118,-244,-351,-436,-478,-475,-427,-336,-214,-56,116,274,422,526,591,587,517,403,247,67,-117,-309,-471,-580,-641,-644,-579,-449,-276,-78,129,330,505,637,694,690,613,477,300,79,-153,-364,-543,-671,-730,-712,-621,-464,-263,-33,211,421,583,691,729,686,571,398,189,-36,-249,-436,-578,-652,-656,-601,-479,-309,-116,78,270,435,539,590,573,497,375,216,43,-134,-298,-418,-499,-515,-474,-382,-253,-99,63,212,341,425,450,420,339,212,55,-100,-243,-340,-377,-346,-255,-129,7,68,123,1145,-898,-537,-124,-91,-32,46,122,182,204,200,168,103,5,-81,-162,-219,-245,-253,-225,-146,-61,33,129,203,266,286,275,241,171,70,-32,-141,-236,-295,-334,-326,-274,-192,-94,9,127,225,285,307,307,283,222,132,33,-81,-186,-246,-281,-281,-259,-228,-170,-98,-6,81,158,203,246,260,250,221,174,100,27,-32,-105,-167,-207,-234,-235,-212,-173,-133,-82,-11,61,114,176,217,236,250,239,202,137,71,-9,-92,-175,-236,-282,-290,-284,-262,-199,-111,-21,80,178,253,311,338,328,296,227,131,30,-81,-188,-274,-342,-359,-352,-313,-241,-146,-46,71,173,267,342,371,369,826,271,184,70,-43,-154,-262,-337,-389,-397,-371,-312,-218,-105,10,137,244,325,378,408,393,339,252,155,44,-81,-194,-295,-365,-412,-413,-380,-329,-241,-126,0,135,253,350,426,463,460,418,336,216,77,-74,-218,-363,-478,-544,-559,-529,-437,-319,-161,23,198,374,511,610,651,624,536,399,218,10,-209,-408,-564,-679,-712,-678,-583,-414,-219,3,241,445,605,699,722,690,579,401,197,-29,-239,-425,-566,-654,-678,-630,-519,-376,-200,-7,182,352,477,557,596,572,496,372,222,68,-91,-245,-377,-474,-534,-533,-496,-418,-299,-157,-14,147,296,412,488,530,520,458,353,-1421,-1360
38737,mtk,MTK 7916,2420847170,rx0-tx1,512,87,-96,-58,441,300,121,-77,-277,-454,-595,-687,-721,-690,-597,-441,-249,-21,215,426,615,743,805,802,720,574,375,131,-120,-375,-599,-771,-871,-901,-842,-711,-512,-256,19,296,553,766,914,970,934,821,638,394,106,-193,-469,-707,-882,-982,-994,-915,-767,-546,-272,17,312,586,805,963,1040,1027,917,725,473,177,-142,-462,-743,-958,-1091,-1120,-1052,-895,-653,-343,1,345,661,924,1097,1162,1131,1000,772,469,120,-234,-566,-844,-1051,-1154,-1149,-1047,-848,-572,-250,98,430,721,943,1081,1125,1062,897,666,376,47,-283,-582,-822,-990,-1067,-1055,-946,-751,-495,-197,113,415,682,888,1009,1038,981,-689,623,356,57,-252,-540,-782,-953,-1048,-1044,-946,-772,-519,-222,102,424,707,933,1079,1125,1071,915,671,364,19,-331,-663,-936,-1119,-1197,-1166,-1025,-778,-458,-98,294,648,940,1157,1254,1228,1101,857,525,144,-258,-639,-951,-1178,-1275,-1259,-1121,-864,-524,-138,265,641,949,1154,1252,1226,1074,816,483,103,-281,-630,-914,-1098,-1158,-1107,-961,-712,-390,-47,292,581,814,947,985,924,776,574,306,25,-251,-496,-672,-784,-817,-771,-655,-477,-255,-21,203,402,563,661,691,652,542,396,203,-16,-213,-387,-520,-594,-597,-532,-416,-241,-45,151,327,454,517,506,416,266,83,-97,-243,-328,-338,-146,-156,0,-282,-385,-44,48,145,223,265,266,220,130,14,-101,-207,-291,-328,-331,-288,-196,-94,5,119,221,309,358,360,335,271,182,63,-63,-182,-288,-363,-412,-424,-388,-313,-203,-59,80,217,354,460,516,514,459,362,218,45,-136,-309,-449,-556,-604,-587,-501,-359,-197,2,201,370,520,601,622,587,490,337,158,-38,-233,-399,-524,-587,-596,-550,-455,-315,-135,35,199,358,473,538,547,506,424,305,159,5,-156,-294,-402,-474,-492,-475,-421,-323,-198,-57,90,227,339,421,457,455,408,328,220,90,-47,-172,-273,-351,-395,-401,-379,-320,-228,-126,-15,97,189,266,313,334,334,299,-130,169,87,1,-85,-166,-232,-276,-299,-293,-273,-232,-166,-88,-9,68,141,195,236,269,278,265,227,174,110,43,-29,-103,-173,-231,-269,-287,-287,-268,-237,-175,-100,-14,77,170,247,304,349,367,356,314,239,137,26,-92,-208,-316,-399,-448,-462,-431,-365,-255,-126,18,175,313,431,510,542,532,471,363,221,50,-121,-293,-434,-546,-605,-600,-554,-451,-299,-122,72,258,420,544,610,622,582,479,340,171,-13,-190,-354,-477,-555,-580,-552,-483,-380,-241,-82,70,215,345,436,491,503,479,422,329,219,91,-48,-183,-305,-402,-467,-501,-502,-467,-380,-266,-133,24,181,328,246,77,504,138,171,-449,-571,-653,-668,-623,-522,-373,-185,29,244,447,613,720,774,744,656,506,297,70,-172,-409,-606,-759,-841,-849,-785,-646,-444,-201,68,340,583,778,897,940,898,783,588,330,37,-255,-516,-742,-904,-983,-970,-871,-696,-461,-186,118,399,651,853,973,1012,971,838,634,382,85,-226,-525,-777,-960,-1062,-1078,-998,-824,-576,-264,72,403,698,941,1098,1151,1101,953,718,400,54,-289,-617,-894,-1085,-1173,-1151,-1023,-807,-519,-180,165,503,795,1005,1124,1140,1055,875,620,308,-30,-365,-660,-885,-1046,-1106,-1063,-922,-703,-429,-122,197,501,754,940,1038,1046,971,801,564,272,-36,-341,261,-828,-973,-1040,-1016,-901,-703,-443,-143,180,477,739,940,1054,1084,1015,848,602,296,-44,-379,-685,-933,-1097,-1158,-1113,-969,-729,-411,-61,309,653,937,1128,1227,1208,1061,819,493,106,-276,-634,-947,-1167,-1273,-1260,-1116,-870,-526,-137,262,643,957,1172,1278,1254,1104,839,506,129,-269,-628,-926,-1130,-1216,-1178,-1020,-761,-433,-71,280,598,868,1032,1086,1030,870,635,338,29,-280,-537,-737,-867,-896,-846,-716,-517,-281,-28,219,440,616,720,748,704,597,440,237,19,-200,-387,-528,-623,-638,-587,-488,-333,-140,67,250,409,520,559,533,438,287,103,-95,-272,-397,-450,-419,-321,-174,-19,-4,47,0,300,133,199,218,192,124,21,-94,-204,-282,-314,-299,-252,-160,-45,71,196,277,323,340,329,277,193,78,-42,-156,-260,-337,-382,-387,-354,-283,-182,-61,72,200,322,409,457,457,418,341,220,65,-97,-257,-395,-504,-557,-554,-486,-366,-207,-19,174,355,487,573,616,581,505,361,169,-28,-222,-398,-525,-595,-613,-566,-469,-319,-138,47,221,373,497,564,566,533,444,308,147,-23,-182,-325,-435,-499,-519,-490,-417,-312,-174,-26,117,253,369,444,479,470,412,325,208,71,-67,-200,-309,-390,-436,-440,-398,-324,-226,-104,15,131,238,316,360,377,354,305,235,144,50,-50,-141,245,-268,-298,-308,-294,-260,-203,-129,-47,40,117,191,247,278,288,279,244,191,131,60,-18,-92,-160,-212,-253,-270,-274,-257,-222,-169,-104,-30,42,117,191,257,300,321,320,292,234,165,78,-25,-129,-230,-323,-382,-412,-409,-374,-302,-200,-79,57,195,320,423,480,508,490,423,316,171,14,-148,-308,-441,-539,-585,-580,-519,-412,-267,-84,98,271,434,547,612,622,570,469,316,140,-45,-229,-391,-511,-586,-605,-572,-487,-355,-196,-25,140,284,405,494,532,523,482,395,276,144,1,-136,-263,-370,-443,-489,-495,-463,-396,-299,-178,-43,94,241,369,461,528,554,528,453,307,395
38738,mtk,MTK 7916,2420847170,rx1-tx0,512,0,-595,-365,-481,-300,-99,126,348,537,683,769,789,742,615,426,196,-70,-329,-565,-758,-878,-909,-861,-727,-522,-263,29,312,580,805,948,991,962,824,600,327,3,-327,-616,-845,-1007,-1072,-1023,-880,-661,-369,-36,313,615,851,1013,1091,1058,915,693,410,82,-269,-576,-838,-1035,-1111,-1084,-946,-733,-447,-105,225,538,804,997,1077,1054,926,714,437,113,-207,-504,-752,-907,-982,-955,-841,-649,-399,-106,173,423,634,780,843,817,730,574,366,132,-97,-295,-470,-604,-677,-685,-633,-515,-373,-199,-11,169,338,464,547,590,579,518,404,263,111,-63,-237,-367,-470,-531,-540,-507,-432,-308,-161,216,152,307,422,486,517,500,414,304,163,8,-134,-267,-368,-439,-458,-444,-373,-277,-159,-20,105,224,321,385,392,372,314,231,131,20,-86,-184,-255,-291,-305,-284,-237,-174,-112,-35,42,104,149,180,198,186,160,129,93,46,-2,-32,-48,-60,-64,-85,-82,-85,-96,-101,-98,-98,-78,-60,-31,26,76,118,146,184,196,184,152,96,32,-34,-104,-164,-214,-228,-219,-197,-150,-98,-27,55,115,172,217,233,226,199,138,76,15,-63,-131,-195,-218,-225,-211,-171,-117,-44,27,94,156,212,220,208,178,121,46,-34,-110,-171,-199,-197,-172,-106,-26,46,103,131,122,-374,-587,0,354,362,94,42,-43,-126,-192,-222,-204,-163,-88,0,78,148,211,241,230,202,145,65,-13,-86,-167,-226,-249,-248,-225,-163,-96,-11,68,126,182,213,239,235,208,163,105,28,-48,-109,-176,-231,-252,-268,-238,-198,-145,-58,25,126,207,259,300,319,287,226,153,51,-51,-149,-243,-293,-326,-323,-278,-224,-148,-41,67,158,234,292,317,317,284,224,147,60,-35,-128,-205,-255,-285,-288,-265,-226,-162,-85,6,90,168,219,257,285,279,236,192,114,20,-65,-141,-201,-244,-272,-273,-238,-188,-114,-35,40,111,176,214,230,228,208,171,112,35,-33,-87,-124,-160,-173,-168,-584,-139,-102,-67,-20,9,46,88,106,114,123,128,116,96,77,53,26,-1,-32,-58,-89,-116,-126,-140,-144,-138,-129,-108,-66,-5,39,87,131,165,214,219,215,198,156,103,34,-49,-125,-190,-263,-323,-336,-332,-300,-230,-146,-22,112,241,351,430,468,458,416,330,200,41,-126,-286,-418,-520,-589,-588,-517,-409,-252,-69,130,320,503,614,668,663,592,466,291,88,-134,-340,-508,-646,-715,-701,-627,-500,-318,-113,118,329,510,643,706,712,647,514,336,140,-69,-278,-449,-584,-649,-661,-626,-524,-383,-209,-16,178,360,494,599,643,630,571,463,315,135,-58,-240,-403,-52,118,0,-327,-559,544,654,727,740,673,545,363,140,-98,-338,-555,-716,-824,-854,-799,-676,-472,-218,57,327,584,783,923,954,902,774,565,288,-10,-318,-610,-829,-980,-1049,-1001,-851,-636,-353,-28,303,605,849,1018,1095,1051,906,678,389,56,-288,-598,-842,-1020,-1112,-1085,-949,-736,-443,-108,232,550,816,1021,1105,1074,956,737,444,115,-220,-525,-785,-967,-1047,-1008,-887,-673,-403,-107,197,471,690,843,915,882,787,610,379,115,-140,-370,-565,-701,-761,-742,-669,-550,-378,-173,35,239,409,532,608,628,594,515,390,238,62,-113,-275,-412,-499,-553,-573,-513,-412,-293,-146,19,177,332,449,508,757,504,427,305,164,12,-162,-303,-404,-475,-490,-464,-400,-299,-168,-24,120,256,343,412,430,405,351,267,142,15,-102,-207,-277,-332,-349,-332,-282,-201,-115,-22,73,145,194,228,246,230,195,147,96,36,-22,-67,-104,-127,-143,-134,-118,-108,-83,-74,-48,-16,-13,3,23,44,73,102,112,137,141,130,111,82,45,-20,-79,-143,-191,-208,-210,-192,-156,-98,-18,46,111,162,202,241,237,204,158,92,18,-54,-126,-185,-211,-229,-222,-191,-135,-57,7,81,150,199,226,220,198,160,89,9,-60,-130,-187,-217,-213,-181,-122,-49,25,98,160,178,162,119,55,-11,541,306,0,-109,67,-113,-167,-184,-159,-103,-17,75,157,225,247,225,182,117,32,-57,-135,-208,-252,-253,-238,-192,-112,-24,46,121,179,224,246,236,206,160,98,23,-63,-134,-189,-221,-245,-240,-220,-188,-114,-45,34,115,178,238,278,285,274,225,160,82,-26,-135,-216,-277,-320,-322,-301,-232,-141,-51,56,152,227,292,326,319,284,227,140,45,-50,-148,-226,-279,-304,-303,-278,-224,-154,-74,19,101,177,232,270,282,272,230,165,97,14,-82,-151,-207,-269,-280,-273,-238,-183,-115,-29,65,133,199,243,256,247,212,154,91,27,-34,-96,-147,-195,-212,-200,-170,-140,-95,-35,14,-674,95,116,140,142,131,131,100,76,51,30,-4,-45,-71,-89,-114,-122,-125,-117,-109,-97,-74,-49,-24,18,50,95,138,169,178,173,169,143,112,55,-12,-65,-126,-179,-220,-259,-276,-256,-225,-173,-89,12,105,211,295,362,406,403,367,287,167,26,-112,-252,-380,-481,-532,-532,-480,-374,-239,-63,135,306,455,569,625,633,575,450,265,64,-143,-334,-504,-626,-697,-695,-608,-481,-310,-92,130,336,516,643,707,709,640,513,332,121,-93,-306,-485,-612,-679,-692,-638,-520,-355,-161,36,233,410,541,622,645,626,543,417,259,67,-114,-289,-444,-564,-642,-663,-616,-519,-360,-349
38739,mtk,MTK 7916,2420847170,rx1-tx1,512,0,0,0,-543,-356,-85,220,476,621,632,510,278,-19,-304,-525,-631,-607,-447,-190,99,357,535,603,535,347,87,-175,-394,-529,-546,-439,-231,15,246,416,491,456,313,106,-118,-308,-427,-444,-357,-187,21,217,362,425,380,246,68,-126,-294,-389,-391,-307,-159,26,205,334,381,345,234,74,-107,-261,-362,-381,-309,-166,3,169,292,347,330,238,96,-52,-178,-273,-311,-278,-186,-51,87,193,249,248,191,108,4,-97,-159,-192,-186,-134,-53,34,108,147,145,111,62,8,-44,-84,-101,-88,-55,-11,28,63,76,60,32,9,-17,-45,-59,-49,-23,4,23,38,43,36,13,0,-36,-53,-52,-37,-9,34,62,73,75,66,31,-11,-57,-89,-96,-92,-61,-7,48,91,119,122,94,47,-14,-77,-128,-157,-154,-114,-44,24,89,148,183,178,136,67,-22,-97,-151,-179,-181,-139,-70,7,87,147,179,184,159,98,29,-55,-128,-178,-195,-170,-115,-50,23,97,160,196,193,156,95,31,-39,-107,-158,-184,-177,-144,-86,-13,62,123,168,191,179,127,63,-5,-84,-147,-190,-201,-180,-126,-51,36,119,186,221,211,167,93,-6,-105,-180,-219,-233,-215,-155,-69,25,118,197,240,241,210,156,75,-23,-115,-179,-213,-225,-207,-163,-108,-50,7,54,0,0,0,0,0,-72,-90,-100,-91,-68,-28,23,89,153,196,197,166,110,37,-54,-143,-210,-243,-234,-171,-74,28,145,252,305,287,219,108,-33,-174,-282,-334,-323,-239,-101,53,195,307,353,322,223,72,-100,-249,-343,-369,-304,-173,4,185,316,382,383,288,116,-86,-274,-412,-464,-402,-243,-24,210,408,515,504,387,185,-65,-311,-500,-586,-546,-390,-135,155,422,607,659,568,355,54,-249,-512,-677,-692,-556,-299,28,350,602,731,700,523,231,-114,-437,-668,-755,-680,-465,-156,191,497,691,733,611,363,45,-281,-556,-701,-685,-516,-240,81,371,584,666,601,396,99,-215,-467,-610,0,-501,-242,67,359,564,640,568,367,73,-243,-502,-652,-650,-491,-221,103,413,629,700,611,385,64,-280,-563,-717,-708,-543,-245,115,459,703,788,703,451,96,-291,-617,-801,-813,-651,-334,66,459,753,878,807,562,194,-217,-590,-836,-897,-755,-442,-34,381,716,885,861,660,311,-117,-510,-784,-884,-798,-538,-153,256,596,802,835,689,382,-7,-374,-640,-764,-721,-521,-213,137,441,635,679,568,333,32,-274,-497,-603,-566,-391,-133,144,389,529,544,430,209,-68,-317,-488,-547,-477,-291,-33,229,441,557,542,395,153,-123,-374,-538,-578,-492,-295,-25,253,482,602,580,424,0,0,0,0,0,-301,-532,-639,-601,-434,-175,121,396,584,639,560,368,95,-204,-450,-599,-616,-501,-283,-5,268,470,566,540,402,179,-85,-319,-475,-524,-448,-270,-43,183,368,465,446,332,153,-64,-263,-398,-432,-368,-226,-29,172,326,404,388,283,113,-75,-253,-376,-402,-331,-189,-7,168,308,378,361,267,119,-56,-217,-335,-371,-317,-209,-59,104,242,321,329,274,154,7,-132,-230,-281,-269,-198,-89,31,137,207,227,200,124,29,-56,-124,-165,-163,-122,-60,7,68,115,129,106,63,11,-42,-80,-82,-75,-51,-12,27,58,66,51,27,3,-23,-40,-45,-43,-25,2,28,48,0,32,2,-26,-47,-66,-69,-55,-16,28,56,73,81,64,29,-13,-55,-93,-119,-112,-82,-27,43,103,133,135,118,73,13,-48,-109,-151,-163,-144,-87,-15,57,128,174,183,155,98,22,-56,-123,-169,-182,-164,-116,-46,34,113,168,180,168,134,72,-1,-78,-146,-184,-185,-158,-107,-41,37,113,166,188,178,146,87,14,-56,-115,-166,-187,-172,-135,-71,-6,64,129,182,195,176,128,56,-26,-103,-162,-202,-207,-173,-110,-21,71,155,207,225,209,156,82,-11,-107,-190,-233,-245,-217,-154,-65,26,119,191,232,246,216,156,88,8,-67,-124,-164,-180,-168,-144,0,0,0,0,0,33,8,-25,-67,-108,-134,-137,-126,-89,-33,31,108,180,217,219,185,110,6,-103,-196,-259,-276,-242,-160,-33,96,210,296,325,273,175,41,-107,-247,-337,-353,-290,-163,1,159,276,333,340,274,127,-57,-220,-334,-386,-351,-236,-61,133,297,400,424,340,168,-49,-256,-417,-487,-453,-315,-107,135,361,513,552,473,289,35,-241,-475,-609,-611,-477,-238,52,351,574,671,634,460,173,-154,-448,-647,-720,-641,-419,-111,232,531,708,737,611,356,25,-318,-597,-732,-717,-550,-267,70,396,633,725,654,454,159,-174,-466,-650,-686,-563,-322,-17,285,526,654,624,441,168,0,-425,-595,-631,-523,-291,8,307,543,653,607,417,129,-183,-457,-634,-675,-559,-301,29,354,594,702,655,465,158,-201,-524,-723,-753,-620,-353,14,387,666,801,765,545,201,-192,-548,-796,-873,-754,-457,-57,348,685,877,873,670,324,-93,-492,-787,-902,-818,-558,-182,240,622,851,894,738,426,16,-383,-697,-857,-825,-612,-275,114,479,730,808,710,463,115,-239,-533,-703,-709,-557,-283,42,346,566,643,568,368,84,-209,-444,-568,-554,-409,-172,103,341,498,537,447,242,-22,-278,-473,-551,-502,-337,-88,191,420,551,566,451,222,-54,-317,-514,-600,-546,-373,-113,176,423,0,0
38740,mtk,MTK 7916,2420847170,rx2-tx0,512,0,0,0,610,956,1072,943,602,119,-393,-814,-1045,-1031,-778,-352,154,621,939,1033,885,534,64,-423,-811,-1000,-945,-667,-241,242,677,946,983,783,395,-94,-552,-880,-1008,-890,-550,-79,417,818,1023,992,723,275,-251,-721,-1022,-1093,-904,-499,25,544,941,1123,1037,707,207,-337,-801,-1077,-1100,-862,-420,123,635,996,1126,983,605,83,-465,-901,-1122,-1081,-782,-293,268,771,1099,1171,966,530,-34,-599,-1028,-1224,-1134,-778,-239,354,875,1195,1241,1013,550,-44,-627,-1057,-1250,-1164,-814,-278,315,831,1154,1213,1002,563,0,-558,-982,-1174,-1093,-763,-263,287,762,1057,1102,893,479,-42,-546,-920,-1075,0,-644,-173,334,761,1012,1020,785,371,-127,-599,-928,-1036,-900,-558,-78,425,827,1037,1006,743,300,-222,-695,-1005,-1082,-908,-514,1,524,937,1142,1075,765,278,-294,-814,-1146,-1224,-1028,-598,-23,565,1033,1278,1238,914,391,-227,-805,-1208,-1344,-1179,-751,-159,472,1014,1323,1345,1075,566,-73,-688,-1156,-1377,-1301,-944,-381,266,854,1256,1390,1226,811,225,-401,-932,-1263,-1330,-1118,-679,-113,461,923,1178,1187,957,536,24,-476,-860,-1049,-1012,-777,-393,58,475,775,899,828,595,253,-126,-459,-681,-755,-675,-462,-162,155,428,604,660,590,415,171,-88,-317,-480,-555,-540,-441,-287,-114,43,167,0,0,0,0,0,-303,-389,-427,-412,-332,-184,9,218,409,550,603,552,400,175,-87,-338,-533,-634,-616,-468,-227,55,341,564,673,647,484,215,-95,-392,-616,-712,-658,-462,-161,183,483,685,742,631,390,61,-290,-580,-741,-743,-576,-280,82,428,678,776,707,483,135,-245,-575,-777,-805,-647,-334,58,442,731,867,798,551,174,-244,-616,-850,-895,-739,-419,-4,421,755,921,880,640,248,-194,-591,-864,-946,-809,-493,-63,381,739,936,915,685,312,-131,-556,-851,-952,-836,-537,-113,335,705,917,922,712,349,-86,-502,-808,-924,-833,-552,-144,287,652,868,882,693,345,-83,-485,-770,-867,-763,0,-94,312,651,836,816,609,258,-153,-533,-788,-851,-711,-403,3,417,739,883,815,552,158,-281,-661,-888,-909,-717,-350,103,538,856,976,870,559,111,-365,-760,-984,-983,-748,-340,147,605,927,1032,899,556,80,-417,-814,-1011,-978,-714,-279,218,666,956,1021,844,468,-25,-516,-883,-1039,-948,-633,-166,345,779,1028,1037,800,371,-150,-636,-981,-1098,-958,-594,-84,449,877,1099,1069,790,324,-219,-717,-1044,-1125,-949,-556,-34,499,918,1123,1064,764,289,-254,-739,-1047,-1117,-925,-517,3,515,911,1095,1024,711,236,-288,-744,-1026,-1062,-857,-453,58,552,912,1063,965,646,175,-337,-769,0,0,0,0,0,-870,-490,8,507,892,1068,994,691,234,-274,-719,-994,-1038,-846,-457,39,517,868,1020,927,610,151,-332,-737,-976,-979,-737,-319,165,613,920,1002,840,477,-6,-490,-864,-1024,-943,-643,-175,339,776,1034,1051,811,379,-142,-634,-988,-1112,-979,-613,-97,442,877,1106,1076,789,316,-231,-718,-1038,-1114,-928,-519,16,547,945,1124,1035,695,183,-373,-843,-1116,-1124,-874,-414,153,698,1079,1204,1050,658,102,-485,-960,-1217,-1199,-901,-392,204,760,1147,1267,1100,688,123,-471,-958,-1216,-1198,-915,-424,158,695,1071,1200,1055,670,142,-413,-868,-1121,-1103,-830,-379,162,658,986,1084,932,561,63,0,-835,-1041,-1001,-723,-273,237,682,972,1034,846,462,-30,-516,-880,-1034,-955,-645,-179,328,759,1025,1052,823,398,-122,-616,-983,-1123,-992,-631,-125,426,889,1156,1166,904,428,-154,-707,-1109,-1266,-1145,-760,-201,405,929,1253,1299,1062,585,-34,-643,-1113,-1343,-1276,-923,-367,273,855,1253,1376,1202,758,143,-499,-1032,-1345,-1368,-1100,-600,18,628,1104,1350,1308,990,465,-144,-706,-1116,-1290,-1193,-847,-338,220,709,1038,1147,1016,684,226,-252,-665,-922,-973,-820,-508,-110,291,611,798,807,648,364,23,-307,-562,-694,-684,-538,-292,-1,272,486,605,607,508,335,117,-104,-286,-402,-446,-422,-344,0,0,0,0,0,189,89,-49,-213,-368,-488,-536,-511,-400,-213,21,258,460,597,629,536,346,91,-197,-446,-611,-666,-582,-370,-84,214,476,645,681,576,345,34,-286,-558,-710,-706,-552,-278,64,397,647,751,695,487,170,-187,-509,-722,-768,-640,-376,-22,339,626,777,758,557,230,-154,-517,-768,-840,-721,-435,-50,351,683,869,857,646,294,-132,-528,-809,-919,-824,-537,-125,313,686,904,924,734,377,-62,-491,-815,-953,-874,-601,-199,255,653,894,937,775,428,-16,-447,-777,-941,-889,-631,-233,212,611,868,925,779,457,28,-402,-740,-908,-868,-631,-253,182,571,825,886,739,422,15,-388,0,-849,-791,-549,-179,233,589,808,836,660,332,-80,-480,-763,-859,-757,-476,-70,356,703,887,864,636,252,-196,-602,-875,-951,-795,-452,-6,455,818,990,934,655,226,-261,-695,-969,-1017,-829,-450,37,515,871,1028,945,638,184,-316,-738,-985,-1006,-786,-375,123,587,924,1038,900,549,72,-429,-829,-1037,-998,-724,-270,253,715,1011,1071,878,479,-38,-553,-937,-1104,-1014,-686,-198,342,805,1083,1112,880,443,-95,-613,-990,-1137,-1020,-671,-165,381,836,1093,1097,848,403,-134,-637,-990,-1114,-981,-623,-122,401,831,1066,1049,790,352,-170,-650,-974,-1069,-919,-553,-60,445,840,1048,1012,738,0,0
38741,mtk,MTK 7916,2420847170,rx2-tx1,512,0,0,0,-398,-626,-704,-627,-421,-112,219,498,659,664,519,267,-45,-330,-536,-617,-555,-370,-115,161,395,531,534,419,223,-14,-250,-416,-481,-429,-282,-73,137,299,386,381,283,119,-56,-215,-323,-331,-246,-111,40,176,259,266,203,89,-49,-178,-260,-262,-178,-44,107,227,294,286,195,40,-139,-283,-365,-356,-258,-88,112,311,440,462,374,190,-48,-290,-470,-559,-509,-341,-92,186,436,591,621,500,251,-58,-365,-598,-699,-630,-428,-131,208,508,692,718,587,321,-24,-368,-634,-764,-718,-502,-178,193,517,726,775,655,383,14,-356,-649,-795,-763,-555,-216,168,511,751,817,696,0,51,-319,-627,-798,-786,-598,-269,121,474,722,805,695,437,83,-297,-615,-791,-781,-578,-251,130,485,733,810,706,425,33,-354,-664,-834,-824,-610,-242,196,586,849,923,793,488,53,-411,-789,-993,-986,-761,-346,155,624,959,1095,996,670,195,-320,-792,-1103,-1163,-970,-565,-35,503,938,1185,1169,903,450,-98,-629,-1032,-1208,-1134,-826,-339,224,734,1089,1211,1083,742,256,-279,-751,-1068,-1162,-1008,-650,-170,318,734,999,1048,875,537,111,-328,-694,-908,-928,-768,-456,-67,313,616,802,811,660,400,73,-257,-522,-675,-704,-612,-415,-158,104,338,504,578,555,452,299,132,-19,-139,0,0,0,0,0,233,244,217,153,63,-49,-154,-250,-322,-343,-303,-210,-68,76,204,307,351,328,251,123,-47,-205,-311,-356,-332,-248,-110,50,201,315,357,330,235,81,-95,-244,-349,-369,-312,-198,-35,147,286,364,360,282,143,-41,-209,-316,-361,-338,-230,-77,103,257,344,355,298,174,-1,-170,-300,-354,-329,-213,-58,100,232,311,307,237,110,-57,-210,-313,-344,-285,-151,16,181,309,385,371,258,69,-143,-319,-425,-442,-370,-207,7,213,384,479,465,340,143,-87,-306,-455,-508,-449,-290,-59,173,361,472,483,381,201,-16,-233,-396,-466,-425,-292,-88,135,319,425,439,348,172,0,-265,-394,-445,-394,-244,-33,182,354,442,437,316,119,-112,-315,-452,-490,-410,-222,15,252,439,531,494,347,106,-163,-387,-526,-551,-444,-234,34,300,506,590,532,355,100,-178,-423,-582,-599,-477,-246,55,349,559,636,568,361,66,-237,-478,-619,-613,-457,-186,132,423,614,663,556,309,-14,-344,-601,-713,-661,-459,-132,241,550,752,795,649,348,-30,-420,-719,-857,-810,-583,-204,226,592,833,899,767,454,42,-380,-728,-925,-910,-685,-310,125,539,833,949,854,570,168,-262,-638,-880,-923,-762,-439,-28,393,721,883,844,633,286,-120,-488,-734,-816,-715,-459,-113,254,561,0,0,0,0,0,597,347,12,-318,-567,-681,-640,-457,-185,128,407,592,638,544,332,53,-238,-470,-588,-564,-411,-175,85,317,477,527,451,267,37,-188,-363,-440,-412,-295,-112,89,263,358,360,270,119,-44,-191,-280,-297,-225,-97,46,165,234,240,181,65,-75,-200,-267,-260,-182,-44,112,249,324,315,223,61,-129,-299,-400,-417,-325,-141,89,300,448,508,449,277,20,-249,-452,-566,-557,-413,-174,112,389,583,651,563,329,26,-292,-557,-692,-674,-506,-220,123,440,666,748,655,415,75,-286,-586,-756,-756,-580,-278,84,438,696,798,716,467,115,-260,-589,-790,-806,-632,-331,47,413,0,800,749,519,167,-223,-563,-774,-802,-650,-360,14,390,671,802,763,536,179,-216,-554,-767,-803,-654,-352,37,417,702,826,759,513,144,-260,-619,-848,-882,-703,-362,82,514,835,974,907,626,198,-298,-732,-999,-1055,-881,-507,-23,484,889,1101,1080,830,394,-131,-652,-1035,-1193,-1089,-747,-241,314,805,1119,1204,1038,648,116,-433,-888,-1163,-1199,-979,-554,-6,533,947,1154,1141,897,477,-37,-533,-909,-1089,-1047,-788,-376,89,526,851,992,914,662,294,-128,-509,-770,-864,-792,-572,-253,115,451,681,768,711,524,246,-56,-328,-531,-640,-638,-530,-343,-119,95,270,381,428,413,344,0,0,0,0,0,-15,80,168,242,295,312,287,208,93,-43,-181,-289,-348,-348,-290,-180,-30,129,257,347,366,298,173,27,-136,-270,-344,-349,-290,-176,-21,144,282,355,347,270,138,-30,-193,-312,-368,-336,-235,-82,92,244,331,355,300,173,7,-148,-286,-377,-371,-267,-114,56,224,330,356,298,188,29,-134,-259,-328,-321,-232,-85,79,219,310,319,247,122,-38,-199,-309,-350,-315,-202,-22,167,322,400,394,301,137,-76,-278,-421,-465,-416,-274,-62,160,348,478,506,416,224,-12,-237,-408,-500,-473,-343,-147,82,296,437,479,414,257,44,-177,-360,-452,-439,-324,-141,77,282,420,0,367,199,-4,-211,-379,-447,-407,-272,-68,150,335,456,465,351,159,-70,-286,-454,-514,-453,-279,-42,205,412,522,511,378,154,-103,-344,-516,-572,-494,-288,-15,254,477,605,592,429,163,-129,-398,-579,-618,-512,-296,-7,290,519,626,592,411,131,-178,-451,-625,-640,-505,-245,81,391,608,689,602,372,38,-310,-592,-739,-726,-542,-231,140,503,758,836,721,455,82,-319,-665,-864,-869,-678,-335,91,497,793,922,849,580,183,-260,-642,-883,-923,-770,-450,-21,411,744,928,908,682,312,-115,-529,-812,-905,-812,-548,-158,258,605,811,841,679,375,-2,-366,-652,-786,-734,-525,0,0
38742,mtk,MTK 7916,2420980053,rx0-tx0,512,-349,-57,-5,-167,-18,149,303,434,538,599,608,559,460,314,139,-46,-231,-393,-524,-619,-659,-632,-555,-425,-253,-59,137,322,480,583,642,644,594,488,337,166,-12,-192,-356,-476,-562,-595,-578,-513,-419,-285,-130,26,177,320,432,497,519,508,465,388,286,165,31,-107,-229,-333,-419,-478,-505,-495,-449,-372,-259,-115,34,182,336,449,527,572,572,527,428,288,119,-65,-243,-401,-529,-606,-628,-599,-508,-372,-216,-33,146,324,456,543,594,575,507,407,258,94,-66,-217,-345,-435,-486,-485,-444,-369,-262,-138,-22,88,187,262,305,325,327,300,247,183,121,58,2,-56,-109,-157,-511,-218,-227,-230,-235,-227,-197,-148,-89,-22,54,139,203,265,319,346,346,319,260,173,61,-61,-176,-289,-377,-441,-475,-463,-402,-303,-184,-34,127,292,420,504,558,561,518,425,288,115,-68,-247,-398,-514,-582,-604,-581,-505,-374,-216,-24,160,331,474,574,630,633,570,462,308,127,-59,-250,-426,-548,-620,-649,-606,-508,-364,-189,4,189,356,487,570,605,585,510,382,233,71,-100,-255,-401,-493,-535,-544,-493,-404,-276,-123,31,188,324,430,492,501,463,388,274,135,-16,-167,-295,-396,-457,-457,-416,-334,-216,-69,87,226,337,410,418,369,273,129,-23,-157,-250,-279,-189,-156,1179,-1115,-1339,-117,-146,-153,-125,-71,1,81,148,193,210,199,158,92,14,-75,-148,-202,-237,-236,-213,-164,-95,-16,68,139,201,245,255,239,198,129,51,-38,-123,-186,-232,-253,-251,-220,-169,-107,-28,46,117,171,214,227,224,210,163,114,47,-23,-79,-137,-194,-231,-248,-236,-201,-157,-90,-17,55,130,185,225,244,239,209,155,108,41,-37,-95,-148,-187,-212,-225,-207,-172,-126,-83,-31,32,82,125,167,189,201,207,187,147,98,42,-22,-84,-136,-185,-215,-236,-243,-211,-155,-101,-32,46,105,166,210,246,259,246,214,165,103,29,-56,-126,-186,-231,-264,-281,-270,-234,-330,-108,-31,59,140,210,265,297,300,293,254,195,114,11,-78,-166,-242,-305,-350,-362,-344,-294,-216,-126,-22,88,193,294,370,415,419,393,340,251,132,2,-130,-252,-366,-456,-506,-502,-464,-374,-264,-130,38,201,341,458,546,584,570,499,395,253,75,-114,-281,-441,-565,-644,-665,-624,-525,-378,-199,8,218,410,574,682,722,704,614,474,291,65,-158,-359,-528,-653,-708,-702,-627,-510,-340,-140,60,250,419,551,626,637,600,509,385,235,63,-106,-247,-377,-469,-520,-524,-501,-430,-325,-210,-73,62,187,309,400,455,481,480,432,354,259,140,3,-144,-267,-375,-470,-36,-445,-729,180,174,531,565,552,488,385,247,80,-101,-274,-423,-539,-619,-639,-604,-505,-374,-210,-21,178,357,509,614,661,645,580,455,294,119,-74,-261,-425,-543,-607,-628,-596,-505,-378,-222,-54,111,261,388,493,546,551,518,452,339,205,63,-81,-213,-327,-416,-475,-498,-485,-443,-372,-270,-146,-12,127,253,370,465,523,540,525,457,337,213,61,-102,-268,-423,-532,-600,-613,-569,-477,-341,-174,9,189,366,492,578,611,592,522,395,249,73,-115,-268,-404,-502,-540,-533,-485,-387,-267,-122,25,156,271,356,403,406,381,329,247,160,72,-12,-94,-158,-204,-237,-254,-252,-241,-218,-182,1105,-103,-43,1,56,122,186,235,263,280,296,271,225,177,102,7,-95,-193,-286,-358,-409,-414,-389,-330,-241,-132,2,152,288,396,476,528,523,471,360,228,71,-99,-261,-406,-520,-591,-599,-551,-459,-323,-159,17,195,364,502,590,628,602,537,419,263,76,-114,-300,-453,-573,-635,-648,-598,-494,-337,-165,26,228,391,522,607,636,604,515,379,215,31,-145,-313,-444,-522,-570,-564,-512,-408,-257,-106,57,217,352,458,511,520,481,398,276,133,-27,-170,-309,-414,-470,-481,-444,-364,-256,-109,43,183,311,402,450,439,377,274,130,-35,-179,-298,-365,-364,-304,-196,-67,68,123,1145,-898,-537,-75,-18,51,117,167,190,181,140,75,-4,-87,-157,-207,-231,-219,-176,-117,-43,36,112,179,223,244,235,202,150,69,-16,-99,-175,-228,-257,-257,-229,-175,-113,-35,44,120,177,222,241,238,210,166,104,35,-31,-104,-163,-201,-226,-222,-204,-187,-144,-77,-2,76,135,183,225,234,235,213,161,103,30,-47,-120,-173,-206,-234,-221,-198,-166,-117,-67,-4,63,122,164,187,207,202,181,157,116,62,5,-54,-106,-150,-187,-211,-221,-202,-173,-130,-75,-15,64,131,176,207,238,240,219,190,138,73,-6,-85,-151,-206,-241,-269,-267,-238,-198,-135,-70,12,97,169,826,262,293,296,266,214,143,57,-26,-106,-185,-247,-306,-333,-329,-301,-242,-170,-74,30,134,237,315,365,388,376,348,277,186,70,-51,-167,-276,-373,-430,-454,-441,-392,-313,-201,-62,80,225,357,453,527,555,525,448,346,202,26,-158,-319,-449,-559,-629,-630,-577,-471,-315,-134,65,250,432,562,654,694,658,575,434,242,31,-188,-389,-548,-673,-732,-717,-636,-505,-314,-102,114,313,484,618,680,681,623,517,361,174,-16,-195,-351,-473,-550,-583,-553,-494,-401,-273,-128,16,156,290,385,453,490,485,453,389,288,170,45,-91,-228,-333,-421,-480,-507,-487,-425,-344,-213,-1421,-1360
38743,mtk,MTK 7916,2420980053,rx0-tx1,512,87,-96,-58,-92,96,278,445,576,667,702,681,606,475,304,106,-99,-313,-500,-648,-750,-791,-765,-683,-538,-343,-117,115,352,563,726,836,879,847,752,587,373,130,-139,-391,-624,-807,-919,-955,-915,-800,-610,-373,-113,164,429,660,839,944,984,943,827,651,422,148,-134,-406,-645,-846,-974,-1025,-1012,-911,-729,-493,-214,86,389,660,884,1032,1105,1089,979,788,534,226,-110,-430,-718,-950,-1102,-1165,-1128,-997,-778,-496,-175,158,477,754,976,1113,1153,1098,956,740,448,124,-192,-495,-772,-974,-1085,-1119,-1057,-901,-679,-407,-108,206,494,736,925,1032,1062,999,857,653,398,111,-186,-456,-694,-689,-1004,-1036,-989,-866,-671,-422,-135,160,444,696,898,1031,1073,1032,908,702,438,133,-186,-492,-763,-975,-1102,-1136,-1082,-934,-708,-411,-75,265,587,876,1084,1199,1209,1110,918,650,325,-42,-394,-731,-999,-1175,-1262,-1217,-1079,-849,-536,-182,194,551,857,1093,1231,1255,1172,979,703,369,-5,-387,-722,-990,-1166,-1236,-1193,-1033,-778,-457,-107,252,584,854,1038,1119,1094,968,756,482,169,-146,-437,-672,-842,-933,-918,-827,-675,-459,-214,38,281,489,648,738,755,701,584,421,231,18,-192,-371,-509,-591,-616,-580,-481,-341,-165,24,202,358,462,509,494,413,279,121,-50,-202,-301,-337,-311,-146,-156,0,-282,-385,139,193,217,198,143,57,-42,-143,-228,-282,-302,-282,-225,-141,-39,71,170,258,311,336,330,291,219,120,15,-98,-196,-285,-350,-382,-378,-339,-272,-174,-58,65,189,303,387,441,449,418,347,245,117,-31,-177,-308,-418,-490,-522,-499,-432,-326,-175,-21,145,303,423,506,550,544,479,379,241,87,-71,-232,-372,-469,-535,-543,-510,-432,-313,-166,-16,130,279,397,478,510,506,451,366,249,108,-27,-166,-291,-385,-450,-473,-466,-417,-328,-221,-97,34,161,276,366,417,445,436,385,308,202,78,-44,-156,-256,-334,-380,-396,-385,-337,-263,-172,-76,29,130,218,286,334,-130,356,322,270,196,109,12,-81,-169,-244,-307,-334,-339,-322,-279,-223,-144,-56,30,122,196,256,302,322,318,296,256,198,126,44,-34,-123,-205,-261,-315,-352,-355,-340,-298,-232,-144,-47,63,169,261,347,408,442,435,397,327,222,104,-33,-171,-296,-403,-494,-531,-532,-490,-403,-290,-142,25,194,345,472,557,596,589,530,429,288,121,-52,-225,-377,-498,-580,-605,-592,-534,-421,-277,-112,61,228,365,480,553,575,556,491,385,262,109,-41,-179,-312,-411,-474,-512,-512,-464,-387,-291,-177,-57,80,202,313,405,472,503,499,467,396,298,175,33,-125,-274,-402,-500,-565,246,77,504,138,171,642,646,606,513,373,194,-4,-199,-389,-549,-669,-736,-749,-699,-582,-419,-220,3,224,435,615,752,818,824,768,644,473,256,7,-250,-487,-692,-831,-917,-918,-847,-709,-503,-251,21,293,544,751,892,968,966,879,721,508,257,-12,-289,-541,-747,-901,-987,-994,-925,-786,-582,-322,-43,243,522,759,936,1047,1075,1017,868,649,374,68,-252,-555,-812,-1010,-1128,-1143,-1065,-904,-664,-363,-34,300,611,870,1056,1153,1155,1063,880,629,321,-8,-335,-630,-881,-1059,-1136,-1115,-1020,-834,-568,-274,45,359,643,862,1014,1087,1067,954,776,536,252,-50,-344,-600,-811,-961,-1037,-1022,-924,-764,261,-274,20,307,579,804,960,1043,1039,958,802,572,294,-10,-310,-595,-835,-1006,-1097,-1094,-1005,-831,-578,-277,50,374,675,925,1101,1176,1149,1033,826,535,201,-158,-507,-809,-1045,-1196,-1237,-1178,-1022,-758,-439,-65,310,641,930,1133,1243,1241,1129,923,634,279,-96,-467,-791,-1039,-1201,-1264,-1205,-1029,-760,-425,-57,315,654,932,1110,1186,1151,1007,773,469,136,-205,-516,-766,-945,-1027,-1012,-900,-712,-475,-193,93,347,568,733,823,838,772,635,448,230,-3,-225,-422,-566,-654,-686,-644,-541,-394,-209,-16,180,350,475,552,561,511,406,256,83,-96,-260,-378,-435,-429,-354,-226,-78,58,-4,47,0,300,133,117,59,-29,-121,-201,-252,-265,-240,-174,-85,18,124,213,279,314,314,281,216,125,22,-87,-191,-280,-332,-361,-350,-307,-238,-138,-27,92,206,306,375,410,411,379,305,203,81,-52,-182,-304,-400,-465,-487,-460,-393,-286,-152,2,162,304,430,510,536,526,459,351,215,61,-116,-274,-400,-495,-536,-542,-500,-401,-278,-127,35,182,326,436,502,519,505,443,341,212,69,-79,-220,-339,-435,-479,-494,-467,-399,-296,-168,-33,97,228,335,408,452,458,427,361,258,142,24,-105,-217,-313,-386,-422,-416,-383,-324,-236,-131,-19,93,198,278,338,370,377,351,298,220,129,245,-63,-153,-235,-300,-344,-353,-337,-300,-245,-167,-73,17,105,182,250,303,328,332,312,262,203,130,42,-43,-126,-201,-258,-303,-326,-325,-313,-264,-208,-142,-47,45,134,220,292,349,383,391,364,315,244,143,26,-100,-221,-332,-420,-477,-498,-471,-410,-325,-198,-46,103,254,382,487,554,574,541,471,361,214,50,-118,-280,-419,-534,-597,-609,-577,-492,-368,-205,-29,144,314,452,549,598,604,545,456,332,180,21,-139,-286,-402,-488,-539,-536,-500,-430,-326,-211,-83,58,199,308,402,463,498,498,458,395,297,179,42,-92,-223,-346,-442,-513,-548,-542,-488,-400,-283,-136,307,395
38744,mtk,MTK 7916,2420980053,rx1-tx0,512,0,-595,-365,155,-52,-270,-470,-625,-738,-787,-769,-689,-553,-360,-126,116,349,556,719,830,861,814,715,546,317,50,-212,-463,-672,-825,-918,-923,-842,-695,-470,-212,64,341,588,784,920,972,928,805,612,361,93,-196,-473,-694,-855,-960,-962,-874,-724,-506,-241,24,301,545,737,858,917,899,790,616,388,123,-144,-397,-597,-744,-836,-851,-789,-661,-483,-248,-13,213,427,597,707,741,725,646,509,335,142,-76,-252,-409,-526,-598,-615,-584,-514,-396,-254,-95,64,216,345,449,502,508,490,426,328,215,76,-66,-191,-302,-388,-431,-436,-406,-347,-267,-158,-43,76,181,263,322,357,366,216,297,210,115,15,-79,-173,-243,-280,-297,-297,-267,-212,-147,-81,5,74,141,186,221,234,212,191,152,96,55,-1,-53,-97,-131,-137,-141,-127,-110,-105,-84,-52,-27,-6,13,29,38,48,63,73,94,94,106,104,101,101,93,63,23,-30,-84,-142,-203,-239,-255,-253,-227,-160,-67,27,126,230,304,364,367,340,274,177,63,-63,-198,-305,-378,-403,-389,-336,-256,-150,-17,123,224,315,371,378,348,290,206,89,-34,-129,-230,-303,-326,-323,-283,-222,-145,-58,40,135,198,247,271,255,213,156,86,3,-68,-136,-191,-213,-205,-180,-122,-42,30,85,128,144,128,-374,-587,0,354,362,-22,-79,-133,-170,-184,-155,-96,-22,52,129,190,218,214,188,136,74,-2,-87,-148,-199,-229,-228,-205,-159,-102,-32,50,125,177,214,221,205,179,136,86,29,-35,-99,-141,-164,-183,-182,-159,-132,-108,-77,-23,34,71,118,160,180,181,183,167,125,82,25,-31,-83,-144,-193,-218,-226,-209,-179,-126,-68,-9,70,128,166,203,223,213,187,147,105,41,-24,-79,-126,-164,-193,-207,-207,-181,-126,-79,-32,29,85,130,161,189,205,195,169,136,87,25,-29,-82,-126,-162,-185,-183,-174,-153,-115,-67,-9,38,88,121,148,160,155,136,113,88,57,10,-24,-45,-584,-103,-111,-110,-107,-98,-82,-55,-40,-23,8,25,33,52,70,91,92,93,109,109,93,81,59,34,-2,-56,-90,-127,-168,-187,-202,-195,-169,-128,-78,-18,53,127,194,246,292,307,300,264,201,120,18,-88,-191,-293,-367,-413,-424,-400,-332,-231,-105,36,176,304,423,503,543,531,474,362,218,58,-130,-301,-435,-541,-603,-602,-563,-469,-332,-164,18,204,370,518,623,647,636,581,461,301,109,-89,-276,-450,-578,-662,-682,-649,-564,-428,-245,-47,149,338,503,629,684,687,638,545,398,202,2,-199,-392,-535,-633,-692,-697,-638,-524,-368,-169,34,233,418,565,677,-52,118,0,-327,-559,-723,-752,-725,-617,-461,-262,-34,189,404,588,735,815,819,758,631,455,226,-34,-281,-505,-698,-833,-888,-872,-781,-617,-402,-138,142,400,637,821,922,950,886,746,548,298,12,-272,-529,-746,-887,-956,-950,-845,-671,-454,-181,110,380,617,812,923,948,901,761,564,326,67,-212,-467,-673,-826,-898,-890,-800,-643,-446,-209,57,299,511,677,778,796,761,660,501,296,79,-136,-341,-507,-616,-689,-689,-622,-524,-372,-200,-17,150,306,433,517,558,556,502,412,289,141,2,-134,-265,-361,-433,-475,-463,-417,-345,-242,-117,7,130,237,325,380,404,392,346,277,185,89,-18,757,-212,-283,-319,-334,-324,-287,-217,-134,-49,41,129,196,236,261,263,237,198,151,97,25,-42,-99,-151,-174,-183,-182,-165,-143,-104,-68,-27,24,48,71,94,102,98,90,79,73,71,78,69,59,40,19,5,-27,-52,-84,-121,-151,-168,-175,-176,-164,-119,-50,27,101,194,268,309,317,302,251,174,68,-54,-169,-269,-346,-381,-387,-347,-264,-160,-29,109,223,313,377,405,375,316,242,124,-3,-122,-223,-309,-357,-355,-320,-271,-171,-67,39,136,208,260,287,291,252,191,119,33,-54,-129,-189,-231,-237,-217,-183,-123,-43,33,104,166,186,177,147,96,24,-31,541,306,0,-109,67,-140,-131,-90,-33,43,120,178,205,204,174,115,35,-44,-121,-185,-218,-235,-215,-174,-122,-42,38,113,173,210,228,225,190,146,86,14,-52,-112,-161,-186,-199,-193,-171,-129,-85,-40,20,74,105,132,159,181,173,158,144,101,50,4,-43,-107,-150,-183,-205,-200,-192,-163,-111,-57,7,72,129,180,203,225,216,182,144,100,22,-49,-107,-147,-176,-205,-205,-191,-162,-120,-68,-12,46,111,153,167,183,195,178,147,106,56,-2,-60,-99,-138,-171,-194,-192,-182,-151,-105,-49,6,56,103,141,172,174,167,147,115,83,37,-17,-63,-95,-115,-132,-135,-122,-118,-674,-77,-47,-23,6,30,61,81,90,106,105,91,94,89,76,49,17,3,-17,-46,-73,-94,-113,-127,-144,-144,-132,-114,-74,-25,26,76,133,184,220,245,252,230,194,136,64,-17,-105,-197,-272,-335,-360,-351,-324,-267,-174,-56,72,201,319,411,475,494,467,406,306,172,16,-150,-306,-441,-528,-577,-585,-522,-420,-284,-103,77,252,414,535,615,632,598,518,401,230,40,-136,-326,-481,-589,-658,-660,-611,-507,-355,-174,24,215,393,543,646,686,675,608,494,325,126,-80,-276,-446,-597,-681,-702,-678,-586,-441,-276,-85,119,312,475,604,684,700,669,573,436,257,-360,-349
38745,mtk,MTK 7916,2420980053,rx1-tx1,512,0,0,0,658,514,252,-66,-378,-608,-693,-623,-414,-115,211,495,664,675,534,279,-32,-328,-546,-639,-583,-391,-117,177,415,551,561,442,215,-50,-293,-460,-508,-432,-255,-13,227,396,472,436,293,78,-155,-350,-456,-447,-330,-131,97,307,442,466,380,207,-18,-236,-398,-472,-435,-296,-91,126,318,443,464,374,206,0,-196,-342,-415,-391,-279,-111,70,223,323,340,292,181,40,-108,-208,-255,-246,-181,-77,31,116,165,173,140,76,5,-59,-104,-117,-95,-52,-6,41,63,66,50,19,-16,-41,-47,-35,-15,16,44,58,42,15,-12,-36,-61,-71,-57,-16,34,83,112,108,0,24,-38,-95,-152,-175,-143,-85,-8,88,170,214,213,157,64,-42,-154,-231,-261,-240,-160,-40,92,203,276,286,236,134,0,-139,-250,-308,-297,-232,-118,26,171,272,313,285,204,76,-70,-202,-285,-305,-268,-176,-39,98,213,274,278,235,145,15,-106,-197,-248,-255,-203,-115,-10,90,167,207,200,156,91,21,-57,-111,-144,-151,-137,-91,-41,7,43,73,88,100,86,64,54,35,-1,-31,-57,-85,-102,-104,-97,-74,-28,27,86,132,157,159,136,84,12,-68,-143,-195,-209,-191,-145,-74,22,110,184,232,241,213,152,73,-15,-93,-157,-197,-206,-191,-156,-100,0,0,0,0,0,-77,-120,-145,-155,-139,-94,-27,51,139,212,244,232,182,94,-17,-135,-241,-298,-292,-229,-119,25,169,281,337,325,244,115,-47,-213,-332,-384,-348,-234,-73,94,254,368,402,332,192,6,-180,-340,-418,-396,-282,-103,106,287,401,423,340,173,-34,-239,-397,-466,-417,-258,-42,190,393,509,502,373,147,-120,-367,-538,-590,-505,-300,-19,283,529,660,644,479,196,-141,-449,-664,-735,-644,-405,-71,285,589,760,764,603,298,-83,-446,-706,-802,-732,-499,-156,221,550,754,783,641,357,-1,-357,-632,-755,-700,-490,-174,180,483,673,705,560,290,-37,-353,-584,-670,-590,-370,0,254,512,641,614,435,152,-173,-458,-638,-654,-505,-237,81,390,609,683,584,349,20,-326,-600,-726,-675,-460,-128,233,554,753,770,596,279,-106,-476,-742,-835,-731,-442,-38,382,711,879,846,614,234,-208,-613,-873,-928,-776,-439,7,455,794,959,902,626,213,-246,-653,-917,-964,-793,-447,8,458,794,948,882,611,207,-237,-626,-870,-907,-723,-380,27,417,707,824,738,492,136,-251,-563,-732,-718,-531,-224,121,437,637,675,546,295,-22,-331,-561,-643,-563,-342,-43,262,501,615,583,404,115,-193,-446,-594,-604,-462,-205,100,384,572,624,527,301,-1,-301,-533,-641,-599,0,0,0,0,0,153,437,628,680,574,339,30,-297,-565,-695,-663,-488,-206,127,422,611,661,567,346,50,-246,-479,-596,-577,-421,-177,102,355,510,539,440,237,-18,-260,-429,-491,-433,-269,-47,185,372,467,448,306,94,-135,-331,-451,-457,-356,-168,61,273,421,470,405,257,49,-171,-356,-458,-454,-339,-144,66,266,404,441,386,250,65,-127,-286,-375,-373,-290,-152,9,163,268,306,274,190,66,-60,-167,-221,-220,-165,-81,8,83,130,140,117,71,5,-49,-80,-88,-74,-38,5,36,50,51,31,3,-25,-40,-42,-33,-8,28,49,54,45,22,-15,-56,-80,-79,-64,-30,27,0,132,135,106,52,-29,-115,-173,-191,-172,-118,-31,74,166,227,236,196,108,-10,-131,-228,-276,-271,-207,-86,49,172,265,303,278,188,59,-83,-210,-289,-313,-266,-154,-14,121,241,308,300,231,119,-18,-154,-251,-298,-285,-209,-86,43,161,243,273,247,180,68,-59,-159,-210,-230,-216,-152,-71,17,96,154,168,155,114,59,2,-49,-89,-110,-110,-95,-62,-35,-5,25,53,62,71,76,77,67,43,9,-27,-63,-106,-133,-137,-123,-86,-21,47,108,150,179,184,144,74,-9,-93,-168,-218,-231,-208,-153,-67,30,114,179,222,235,213,164,97,24,-43,-92,-124,0,0,0,0,0,81,57,12,-49,-116,-172,-199,-199,-169,-107,-18,83,178,246,274,247,168,51,-82,-207,-296,-322,-288,-190,-48,102,234,328,357,303,176,15,-154,-302,-379,-372,-290,-138,53,236,362,401,355,233,56,-146,-316,-414,-410,-307,-138,65,263,397,431,374,224,13,-213,-395,-482,-446,-301,-77,162,384,524,547,440,224,-56,-326,-538,-631,-577,-394,-110,214,495,668,692,563,300,-45,-382,-632,-756,-717,-508,-183,185,517,739,793,671,402,36,-341,-636,-792,-769,-578,-259,112,458,694,772,677,434,93,-267,-564,-717,-704,-536,-242,108,420,626,681,576,338,23,-299,-539,0,-598,-407,-109,218,489,629,621,471,198,-135,-431,-630,-675,-551,-292,38,363,605,707,635,406,72,-286,-577,-734,-720,-526,-204,170,517,748,794,648,352,-38,-430,-728,-857,-782,-523,-132,302,662,871,887,694,333,-111,-536,-846,-963,-855,-546,-114,351,733,946,941,726,334,-133,-565,-869,-972,-847,-526,-93,352,713,912,896,673,301,-132,-524,-785,-860,-740,-443,-46,337,640,790,744,514,176,-186,-496,-676,-693,-540,-268,65,378,589,651,552,325,16,-288,-522,-624,-565,-364,-75,227,472,602,584,422,159,-143,-409,-586,-621,-502,-258,47,342,557,633,556,347,59,-245,0,0
38746,mtk,MTK 7916,2420980053,rx2-tx0,512,0,0,0,28,-462,-846,-1031,-960,-656,-197,306,738,982,988,758,342,-155,-606,-907,-986,-824,-462,12,484,831,965,862,549,96,-382,-763,-950,-899,-625,-190,300,709,946,949,713,292,-205,-656,-950,-1011,-818,-417,88,580,932,1058,926,562,55,-466,-873,-1069,-1006,-685,-195,339,787,1047,1050,788,328,-214,-707,-1028,-1092,-891,-466,85,613,996,1137,990,599,59,-502,-957,-1172,-1096,-759,-236,358,874,1178,1195,929,436,-173,-740,-1127,-1257,-1091,-662,-76,528,1014,1252,1189,850,315,-295,-825,-1157,-1217,-989,-530,48,612,1017,1179,1065,698,166,-394,-855,-1102,-1082,-803,-328,214,691,995,1057,862,0,-48,-535,-889,-1021,-902,-564,-93,405,801,995,940,659,218,-282,-711,-964,-986,-762,-350,150,617,932,1018,858,487,-18,-521,-901,-1062,-977,-657,-163,380,832,1094,1100,838,368,-185,-704,-1077,-1196,-1031,-623,-66,507,970,1212,1173,862,335,-268,-804,-1155,-1249,-1047,-603,-20,566,1032,1263,1202,863,327,-284,-828,-1184,-1269,-1071,-634,-59,527,995,1237,1197,899,414,-152,-676,-1046,-1179,-1056,-707,-213,311,749,1007,1043,862,497,37,-407,-746,-913,-881,-654,-297,102,460,707,788,700,461,143,-187,-463,-631,-663,-556,-335,-62,204,421,551,568,477,302,92,-115,-290,-398,-428,-392,-307,-186,0,0,0,0,0,-186,-315,-410,-457,-436,-338,-174,31,250,442,570,593,509,329,84,-187,-429,-594,-642,-556,-351,-68,231,490,646,667,544,305,-11,-333,-581,-704,-676,-490,-196,144,462,678,741,643,398,62,-300,-588,-745,-732,-552,-241,123,456,693,773,661,395,36,-333,-624,-772,-738,-520,-179,203,541,755,797,644,331,-60,-442,-727,-835,-745,-485,-104,313,645,829,825,618,264,-151,-532,-794,-865,-731,-424,-22,386,711,865,811,574,199,-232,-607,-835,-867,-688,-348,71,469,761,872,778,503,106,-315,-662,-851,-837,-624,-268,150,522,770,832,699,403,14,-375,-669,-799,-732,-489,-133,0,576,746,731,542,221,-158,-491,-701,-735,-583,-285,86,432,670,742,628,352,-14,-379,-654,-770,-688,-426,-58,330,644,806,771,538,168,-245,-609,-828,-845,-652,-296,143,551,829,907,768,438,1,-442,-780,-927,-845,-559,-141,319,703,912,888,650,250,-216,-630,-890,-929,-736,-359,109,549,855,944,806,465,5,-462,-822,-980,-888,-580,-130,364,770,984,953,691,259,-244,-688,-966,-1014,-812,-406,97,580,929,1051,916,562,68,-452,-857,-1052,-999,-704,-243,276,735,1021,1053,828,408,-110,-603,-953,-1069,-925,-561,-63,446,849,1046,992,698,233,-287,-733,-995,-1020,-807,-399,109,0,0,0,0,0,1027,922,589,110,-389,-792,-1003,-978,-714,-281,221,668,947,994,801,409,-78,-543,-867,-973,-843,-511,-44,431,790,954,887,594,143,-342,-737,-948,-927,-672,-243,243,679,947,980,765,355,-153,-622,-947,-1042,-876,-486,23,528,913,1074,967,630,131,-400,-834,-1061,-1027,-737,-272,266,746,1041,1073,837,396,-142,-661,-1012,-1113,-938,-534,18,569,974,1148,1044,681,142,-446,-925,-1180,-1148,-841,-329,266,808,1160,1234,1014,553,-46,-636,-1076,-1263,-1145,-750,-189,411,917,1213,1220,927,415,-173,-716,-1093,-1209,-1032,-614,-58,502,936,1142,1076,747,248,-301,-766,-1041,-1065,-835,-398,133,624,0,1036,881,512,22,-479,-852,-1006,-918,-613,-153,339,749,972,958,709,283,-215,-663,-953,-1010,-819,-424,77,564,920,1046,916,559,64,-454,-875,-1086,-1044,-749,-263,292,774,1088,1148,930,492,-69,-625,-1037,-1215,-1103,-732,-194,397,901,1199,1219,961,471,-123,-693,-1106,-1270,-1136,-743,-180,434,948,1238,1246,973,480,-120,-690,-1104,-1271,-1162,-783,-237,351,854,1163,1214,1008,581,36,-499,-911,-1119,-1081,-807,-368,130,577,886,993,881,586,180,-247,-605,-816,-840,-687,-399,-36,320,584,712,682,512,243,-62,-341,-541,-618,-572,-418,-192,62,289,450,519,493,389,236,63,-94,-209,-274,0,0,0,0,0,294,230,117,-40,-218,-383,-503,-547,-502,-371,-167,86,331,519,612,592,459,227,-57,-336,-552,-656,-619,-453,-190,118,407,615,694,621,406,97,-237,-526,-700,-720,-581,-308,36,375,637,753,698,484,157,-201,-517,-721,-755,-608,-320,41,398,663,764,694,462,108,-273,-592,-768,-764,-582,-258,134,494,738,814,695,406,19,-373,-687,-835,-783,-551,-189,222,588,815,848,679,348,-65,-463,-755,-872,-783,-505,-108,314,664,856,845,638,274,-152,-539,-797,-869,-738,-428,-13,397,712,863,810,567,189,-233,-596,-814,-839,-670,-342,63,448,719,819,720,451,76,-309,-617,-777,0,-530,-184,200,526,715,725,560,256,-111,-456,-684,-733,-597,-312,53,406,660,754,656,388,18,-361,-656,-788,-725,-482,-113,298,638,821,807,595,233,-198,-584,-833,-878,-712,-366,74,495,801,917,804,501,69,-381,-744,-926,-880,-612,-197,262,655,897,916,700,308,-153,-581,-864,-936,-768,-411,53,498,827,954,848,521,66,-412,-792,-978,-917,-631,-190,306,728,978,987,761,346,-162,-638,-952,-1035,-870,-492,15,514,893,1060,965,638,158,-365,-802,-1039,-1027,-772,-329,201,677,987,1061,881,481,-26,-532,-912,-1066,-963,-633,-153,365,797,1027,1008,750,313,-199,-660,-959,-1029,0,0
38747,mtk,MTK 7916,2420980053,rx2-tx1,512,0,0,0,89,304,451,487,409,232,4,-222,-388,-449,-405,-275,-74,132,291,374,364,273,128,-45,-198,-302,-325,-269,-150,0,141,232,257,217,128,18,-91,-175,-200,-157,-85,6,99,153,146,102,29,-64,-137,-161,-131,-65,24,119,191,206,156,50,-85,-200,-285,-301,-220,-79,88,255,370,401,334,169,-49,-263,-426,-505,-468,-316,-71,202,437,573,591,467,226,-80,-376,-601,-684,-610,-396,-86,264,556,708,713,558,262,-96,-433,-683,-776,-689,-444,-90,283,588,760,760,585,279,-102,-450,-686,-762,-669,-422,-70,298,590,742,721,526,212,-147,-473,-687,-734,-609,-337,9,0,598,718,660,435,105,-246,-532,-693,-686,-519,-231,125,451,655,708,598,335,-9,-359,-620,-730,-662,-436,-95,272,573,734,723,539,218,-166,-521,-752,-816,-681,-374,27,433,747,881,815,566,169,-279,-667,-916,-958,-769,-401,66,524,873,1034,956,656,206,-295,-748,-1038,-1079,-888,-508,-6,513,918,1116,1070,788,336,-194,-677,-1020,-1136,-1004,-654,-165,359,797,1058,1101,912,528,38,-439,-810,-1007,-992,-772,-395,63,486,788,919,861,620,260,-138,-494,-728,-802,-706,-480,-168,171,455,628,672,587,395,130,-146,-376,-524,-570,-514,-373,-176,31,206,333,396,395,328,225,123,0,0,0,0,0,199,211,191,143,70,-26,-125,-213,-269,-286,-256,-181,-75,45,156,236,271,259,204,104,-20,-132,-215,-256,-239,-176,-74,37,125,191,219,194,131,47,-43,-123,-171,-174,-124,-63,4,73,123,129,100,37,-24,-67,-90,-106,-86,-29,25,73,113,116,75,14,-58,-120,-142,-129,-81,-7,76,148,187,180,122,27,-88,-190,-250,-253,-199,-88,63,202,296,337,308,203,49,-135,-298,-398,-408,-333,-169,25,219,379,456,415,295,110,-112,-300,-428,-472,-401,-236,-21,209,397,484,455,320,119,-101,-307,-458,-493,-398,-218,5,225,404,490,457,310,85,-159,-362,-491,0,-371,-169,79,314,474,511,442,271,26,-235,-447,-550,-524,-379,-140,140,392,550,575,469,254,-34,-311,-517,-608,-560,-369,-87,211,455,601,605,463,218,-80,-371,-581,-645,-556,-338,-39,270,521,646,612,427,159,-138,-408,-588,-619,-496,-261,36,329,538,605,521,319,41,-261,-492,-601,-560,-383,-107,195,454,600,601,442,172,-141,-421,-603,-645,-538,-298,23,352,602,706,643,429,102,-253,-548,-713,-718,-557,-261,90,419,667,766,677,428,79,-289,-584,-745,-742,-571,-271,88,427,665,749,661,427,92,-246,-521,-673,-679,-532,-264,57,350,555,634,563,367,98,-186,0,0,0,0,0,-496,-393,-195,43,264,420,470,412,255,44,-166,-331,-412,-388,-278,-103,91,255,340,346,281,144,-29,-181,-273,-299,-253,-141,-9,114,204,237,196,107,3,-93,-158,-172,-134,-63,22,101,147,135,83,-12,-107,-166,-174,-134,-48,59,166,236,245,182,59,-97,-234,-321,-338,-275,-130,59,258,402,449,395,235,5,-244,-440,-547,-533,-384,-136,149,412,592,641,546,307,-10,-324,-578,-710,-674,-482,-177,179,508,714,751,625,364,7,-359,-648,-785,-734,-514,-184,184,521,733,777,642,348,-16,-368,-644,-768,-704,-482,-148,226,543,721,728,572,284,-78,-419,-659,-738,0,-402,-55,300,573,711,680,480,167,-181,-489,-673,-696,-554,-281,64,385,629,714,620,375,41,-307,-579,-723,-701,-495,-157,219,540,733,770,610,296,-92,-471,-751,-853,-750,-462,-58,365,712,908,899,675,286,-177,-603,-909,-1007,-868,-528,-64,428,824,1040,1036,791,357,-158,-637,-987,-1116,-993,-647,-160,365,812,1074,1112,912,507,-12,-525,-921,-1122,-1082,-813,-368,156,628,955,1083,983,676,233,-239,-651,-910,-965,-819,-515,-111,310,645,829,838,675,384,27,-327,-602,-730,-709,-550,-285,19,305,523,635,616,483,262,14,-215,-387,-481,-491,-425,-293,-132,25,153,232,266,0,0,0,0,0,-12,53,122,193,250,273,246,181,91,-19,-134,-226,-278,-283,-239,-152,-38,79,179,247,268,229,144,34,-80,-166,-217,-231,-194,-112,-15,81,159,197,186,138,63,-20,-97,-140,-142,-117,-76,-5,67,113,126,94,37,-25,-76,-108,-109,-73,-16,35,88,120,115,75,7,-64,-119,-146,-134,-97,-24,81,180,228,222,164,58,-73,-201,-281,-298,-248,-141,14,172,306,378,364,264,104,-83,-259,-392,-435,-376,-234,-43,168,351,449,448,352,171,-51,-262,-411,-472,-428,-281,-69,154,345,466,472,364,180,-54,-277,-428,-486,-431,-270,-44,193,387,480,460,336,129,0,-337,-472,-506,-417,-214,38,282,462,550,500,327,70,-193,-416,-547,-559,-429,-197,89,361,543,599,523,313,28,-263,-495,-611,-582,-416,-154,146,423,592,629,524,284,-33,-327,-546,-643,-593,-394,-100,208,459,610,628,480,215,-94,-374,-565,-614,-516,-284,14,302,504,595,540,348,72,-229,-475,-599,-576,-412,-130,191,461,617,636,504,239,-93,-402,-612,-679,-592,-359,-37,303,575,709,678,484,177,-181,-492,-693,-745,-618,-343,9,365,635,760,721,505,170,-190,-506,-712,-750,-618,-354,-7,335,589,714,682,492,193,-135,-430,-621,-664,-552,-316,-17,263,478,581,543,0,0
38748,mtk,MTK 7916,2421020792,rx0-tx0,512,-349,-57,-5,-150,6,166,315,453,557,624,649,634,577,472,337,182,-1,-183,-350,-498,-610,-678,-699,-669,-598,-485,-333,-163,19,198,368,511,604,659,671,633,555,441,292,130,-33,-193,-338,-451,-531,-585,-596,-570,-514,-419,-302,-185,-52,82,204,318,409,469,506,525,505,455,386,293,180,65,-51,-182,-298,-401,-486,-538,-573,-559,-504,-429,-314,-173,-23,137,294,428,532,606,638,629,573,462,329,166,0,-164,-329,-460,-552,-598,-620,-589,-513,-414,-275,-128,30,181,313,416,479,524,515,467,397,306,207,86,-29,-129,-209,-274,-327,-343,-350,-332,-292,-254,-206,-154,-80,-17,-511,98,154,200,241,273,292,302,298,273,236,188,122,38,-44,-136,-218,-291,-353,-398,-420,-415,-383,-327,-243,-135,-18,120,243,350,451,517,543,535,482,396,283,144,-11,-164,-306,-434,-534,-599,-626,-605,-541,-432,-296,-141,31,199,362,494,597,669,688,652,572,442,279,103,-86,-281,-440,-568,-656,-704,-705,-635,-520,-371,-199,0,186,364,499,593,653,658,621,543,405,261,99,-81,-237,-379,-493,-557,-583,-577,-525,-428,-306,-162,-2,147,283,397,479,524,523,480,410,306,173,18,-126,-258,-373,-450,-487,-471,-413,-309,-183,-36,117,250,345,391,378,313,204,79,-189,-156,1179,-1115,-1339,-31,30,98,149,191,199,181,131,68,-13,-95,-163,-217,-248,-252,-229,-183,-119,-42,42,120,196,252,289,297,275,235,167,71,-16,-102,-199,-262,-302,-329,-323,-284,-220,-137,-43,51,135,214,271,309,323,310,271,215,143,60,-33,-111,-193,-257,-297,-320,-312,-285,-239,-175,-100,-12,87,157,223,268,288,302,275,230,180,117,46,-24,-86,-149,-199,-230,-250,-243,-229,-210,-169,-120,-72,-20,33,89,141,186,220,243,248,244,219,181,138,70,4,-62,-140,-198,-249,-289,-297,-291,-269,-220,-161,-89,-9,68,159,223,272,312,331,325,297,254,186,109,18,-81,-330,-235,-293,-336,-356,-352,-322,-270,-209,-135,-50,49,144,229,300,357,397,402,386,342,271,188,83,-17,-121,-230,-327,-398,-443,-468,-468,-428,-362,-266,-151,-22,116,242,368,468,533,580,581,530,466,353,206,50,-125,-297,-451,-569,-658,-699,-692,-632,-523,-375,-202,-14,184,374,541,669,755,785,752,674,545,369,172,-46,-259,-464,-626,-741,-806,-803,-749,-641,-490,-296,-85,123,319,485,635,718,750,731,647,536,394,212,29,-142,-301,-434,-540,-610,-630,-612,-554,-468,-351,-224,-84,63,194,314,410,485,541,552,532,486,414,310,182,49,-86,-215,-335,-443,-521,-559,-36,-445,-729,180,174,584,609,594,541,451,319,172,6,-160,-331,-472,-580,-659,-691,-666,-596,-488,-340,-168,17,196,360,508,615,679,692,660,583,461,304,142,-36,-207,-355,-485,-576,-624,-634,-603,-526,-415,-295,-153,1,145,280,393,471,525,551,537,498,429,338,232,118,-6,-133,-243,-343,-426,-483,-504,-516,-498,-448,-374,-268,-143,-6,147,280,402,515,579,615,610,557,457,334,182,19,-148,-316,-453,-561,-624,-640,-620,-558,-451,-312,-164,-3,175,324,446,531,570,579,542,465,355,232,101,-40,-162,-269,-356,-413,-438,-426,-390,-344,-282,-198,-105,-20,69,134,180,220,262,288,292,1105,271,241,205,159,100,40,-28,-92,-157,-213,-269,-319,-347,-354,-343,-311,-256,-185,-94,7,113,217,312,398,450,484,483,434,370,275,142,9,-135,-280,-403,-500,-561,-583,-564,-516,-424,-298,-150,18,184,342,474,573,635,652,624,551,437,297,130,-56,-232,-400,-543,-633,-687,-704,-655,-552,-414,-245,-61,142,329,476,589,668,696,665,589,457,307,128,-50,-211,-368,-494,-572,-627,-626,-573,-491,-360,-207,-56,100,256,386,481,549,563,536,471,366,241,100,-53,-192,-311,-415,-484,-504,-479,-423,-326,-203,-54,95,235,351,426,456,430,354,241,95,-53,-182,-268,-294,68,123,1145,-898,-537,136,154,138,98,36,-36,-114,-177,-214,-235,-218,-180,-119,-46,39,117,186,235,266,268,248,204,131,53,-38,-122,-200,-269,-310,-311,-303,-263,-183,-109,-18,85,176,250,295,322,320,297,248,170,86,-3,-94,-169,-238,-282,-314,-308,-288,-250,-189,-120,-37,53,139,206,264,304,322,303,258,207,137,70,-14,-100,-160,-209,-247,-270,-271,-255,-222,-166,-116,-56,5,59,119,172,203,226,232,232,218,192,161,105,47,-20,-82,-146,-186,-228,-254,-263,-269,-251,-207,-162,-91,-11,65,146,213,261,297,313,314,291,237,178,101,16,-75,-153,-231,-291,-328,-349,-344,826,-260,-188,-109,-25,61,153,231,298,346,377,381,354,309,241,160,68,-35,-128,-226,-307,-370,-415,-429,-417,-382,-313,-224,-120,-12,108,226,332,426,477,509,500,470,407,306,190,47,-120,-264,-398,-524,-597,-634,-638,-589,-504,-376,-220,-38,150,332,494,618,705,743,729,662,540,381,188,-19,-222,-412,-580,-705,-782,-801,-763,-672,-522,-346,-136,84,290,480,637,747,794,776,704,596,437,245,52,-150,-332,-476,-595,-667,-684,-662,-595,-491,-360,-209,-49,107,249,378,473,536,576,571,535,465,368,258,132,-7,-137,-257,-365,-452,-513,-545,-545,-518,-457,-364,-238,-99,-1421,-1360
38749,mtk,MTK 7916,2421020792,rx0-tx1,512,87,-96,-58,-55,109,264,414,541,639,692,698,670,599,479,323,146,-43,-236,-415,-580,-707,-790,-825,-801,-724,-601,-446,-255,-36,189,396,588,745,857,921,913,847,722,550,342,115,-132,-371,-585,-763,-893,-973,-983,-928,-820,-660,-454,-220,25,274,509,707,868,981,1031,1024,943,807,618,386,129,-138,-407,-655,-864,-1021,-1115,-1140,-1089,-957,-770,-525,-239,64,359,638,875,1049,1163,1197,1151,1027,830,583,297,-14,-318,-596,-837,-1025,-1137,-1174,-1138,-1029,-857,-631,-351,-60,226,501,739,924,1059,1117,1099,1012,867,669,423,154,-117,-379,-618,-820,-960,-1037,-1054,-999,-895,-731,-519,-274,-16,-689,492,706,878,1002,1055,1045,966,823,634,397,135,-138,-406,-649,-857,-1008,-1095,-1114,-1056,-929,-733,-494,-224,77,381,659,894,1063,1171,1201,1148,1016,810,542,241,-78,-396,-689,-942,-1132,-1234,-1260,-1209,-1066,-831,-541,-231,110,452,755,1003,1182,1279,1291,1202,1036,787,481,140,-217,-548,-838,-1064,-1209,-1269,-1221,-1088,-882,-612,-302,34,361,649,878,1042,1124,1109,1014,850,627,371,96,-168,-418,-626,-775,-873,-899,-855,-758,-609,-428,-214,11,210,387,549,661,703,708,662,557,419,258,72,-112,-279,-422,-526,-586,-600,-552,-458,-328,-158,21,189,335,434,477,457,376,253,101,-38,-146,-156,0,-282,-385,87,4,-88,-175,-244,-281,-285,-247,-174,-85,15,120,212,280,327,340,325,278,214,130,31,-75,-169,-250,-325,-370,-381,-366,-330,-268,-182,-73,40,150,252,341,408,448,452,426,371,288,178,45,-94,-227,-354,-454,-524,-555,-543,-482,-389,-270,-124,26,184,332,444,530,594,596,549,466,346,211,59,-98,-243,-367,-474,-538,-563,-551,-505,-423,-311,-185,-43,98,226,342,435,495,518,510,467,401,306,188,64,-64,-188,-291,-377,-444,-483,-486,-459,-406,-324,-225,-101,19,139,252,342,411,454,465,446,399,328,232,124,15,-97,-197,-288,-360,-401,-429,-424,-392,-339,-130,-179,-81,20,117,211,295,352,385,400,388,353,300,228,144,52,-41,-133,-212,-280,-330,-361,-373,-370,-344,-294,-236,-165,-84,5,92,181,254,312,362,389,392,385,357,300,228,138,40,-75,-177,-271,-362,-435,-481,-494,-486,-448,-371,-266,-149,-14,123,260,385,488,557,596,597,560,484,366,229,72,-87,-244,-389,-512,-601,-650,-649,-611,-531,-414,-274,-113,54,220,367,485,577,626,640,610,539,428,295,149,-3,-152,-284,-402,-489,-542,-563,-548,-507,-436,-339,-229,-111,15,140,254,344,424,479,504,506,483,437,358,266,153,36,-85,-216,-335,-430,-508,-563,-574,246,77,504,138,171,648,638,599,525,413,269,100,-75,-246,-418,-566,-679,-743,-764,-737,-663,-544,-382,-198,4,214,412,582,724,823,873,858,786,669,501,305,76,-162,-389,-594,-762,-884,-952,-956,-892,-772,-603,-400,-161,95,335,552,744,891,978,1009,973,875,726,536,305,55,-205,-459,-680,-868,-998,-1071,-1080,-1019,-892,-707,-471,-209,79,372,640,870,1046,1152,1177,1127,1003,807,560,277,-32,-338,-626,-864,-1045,-1158,-1199,-1152,-1032,-853,-609,-328,-26,277,554,782,971,1095,1141,1118,1022,856,640,387,104,-177,-444,-683,-876,-1012,-1073,-1069,-1004,-878,-695,-461,-210,54,308,544,752,910,1010,1047,261,926,771,573,334,76,-188,-446,-666,-855,-995,-1070,-1074,-1008,-876,-692,-453,-191,96,383,647,873,1029,1131,1160,1105,975,777,527,243,-72,-381,-671,-915,-1098,-1202,-1233,-1178,-1038,-830,-557,-241,80,405,718,977,1154,1253,1282,1211,1049,816,526,200,-147,-484,-785,-1034,-1202,-1289,-1280,-1171,-983,-718,-407,-60,290,609,873,1065,1181,1209,1134,979,760,495,191,-121,-403,-650,-840,-963,-1006,-978,-884,-722,-522,-291,-41,195,406,578,704,787,793,743,656,518,334,143,-42,-235,-404,-527,-613,-652,-635,-572,-466,-321,-156,27,204,350,471,541,545,499,401,259,93,-82,-225,-324,-363,-340,-4,47,0,300,133,-178,-217,-219,-186,-116,-25,78,179,253,301,320,306,256,183,90,-14,-115,-205,-275,-328,-361,-359,-321,-268,-192,-92,15,116,213,302,371,413,419,396,346,270,175,61,-60,-181,-291,-386,-462,-503,-502,-467,-392,-283,-154,-10,143,288,412,511,566,580,555,479,369,244,94,-76,-226,-366,-471,-544,-582,-578,-523,-444,-329,-187,-42,102,240,365,457,520,545,528,484,409,306,179,44,-86,-208,-318,-412,-473,-503,-501,-461,-397,-315,-215,-95,36,159,272,366,438,476,476,455,400,322,225,114,-5,-117,-224,-315,-388,-429,-445,-432,-391,-333,-249,-153,-50,63,163,252,245,377,405,407,388,352,284,200,105,11,-84,-172,-249,-317,-362,-382,-386,-365,-322,-259,-181,-95,-12,72,158,230,288,334,365,377,369,341,288,233,156,65,-27,-118,-212,-292,-360,-411,-442,-448,-419,-378,-308,-211,-93,23,143,264,376,462,517,552,546,510,436,326,192,48,-105,-255,-396,-510,-585,-625,-623,-586,-513,-400,-257,-97,71,231,385,508,594,647,654,617,541,431,290,129,-31,-188,-335,-455,-540,-585,-598,-572,-519,-435,-314,-184,-47,87,210,325,418,478,515,524,504,452,380,295,185,72,-44,-161,-276,-371,-442,-495,-521,-531,-508,-443,-354,-249,-119,24,307,395
38750,mtk,MTK 7916,2421020792,rx1-tx0,512,0,-595,-365,166,-19,-200,-385,-546,-671,-755,-785,-763,-697,-578,-418,-229,-13,205,412,584,724,829,868,848,775,642,458,233,-5,-248,-475,-663,-816,-921,-948,-916,-818,-652,-455,-220,39,289,513,704,852,936,960,914,802,636,436,201,-48,-294,-521,-706,-841,-933,-942,-902,-789,-628,-434,-196,40,280,501,683,820,904,922,869,773,620,413,188,-56,-284,-496,-657,-779,-850,-851,-795,-691,-541,-359,-142,80,272,442,588,680,723,728,677,576,446,295,122,-48,-207,-360,-476,-556,-604,-606,-568,-499,-403,-272,-131,10,145,264,369,453,492,506,495,439,365,269,147,31,-89,-201,-295,216,-426,-438,-427,-388,-329,-244,-153,-46,58,158,246,313,350,362,351,320,268,194,119,34,-50,-130,-185,-223,-256,-269,-270,-240,-198,-156,-106,-48,-16,24,79,106,128,156,141,139,135,135,150,130,120,105,76,48,10,-35,-86,-136,-176,-228,-265,-291,-289,-256,-217,-146,-62,28,139,237,316,371,413,419,388,317,205,75,-51,-181,-298,-389,-441,-459,-438,-381,-296,-176,-58,68,190,300,366,391,401,378,321,240,145,42,-52,-145,-226,-281,-307,-313,-294,-257,-197,-119,-35,41,118,181,228,254,260,238,198,138,58,-20,-86,-143,-195,-219,-206,-162,-100,-32,33,-374,-587,0,354,362,-116,-98,-47,18,82,138,181,201,195,163,100,33,-40,-101,-154,-196,-217,-215,-188,-155,-111,-53,8,66,120,158,189,203,193,181,151,113,69,12,-32,-79,-126,-160,-176,-185,-184,-182,-173,-138,-90,-42,5,51,92,143,197,231,249,249,219,192,128,56,-7,-89,-157,-220,-266,-286,-298,-279,-237,-184,-120,-31,49,126,186,240,267,282,280,257,213,153,92,12,-61,-130,-177,-223,-255,-266,-258,-233,-216,-160,-104,-45,31,100,159,206,240,259,255,236,206,149,101,44,-30,-91,-142,-187,-214,-225,-227,-215,-178,-143,-100,-49,5,66,110,138,164,176,177,-584,182,158,127,91,52,10,-34,-62,-98,-126,-152,-158,-168,-163,-153,-135,-115,-88,-51,-9,33,69,107,152,168,182,208,205,183,162,126,84,45,-11,-64,-126,-185,-223,-261,-281,-288,-281,-245,-200,-148,-69,13,99,193,266,332,379,399,406,378,321,236,131,15,-112,-236,-352,-443,-506,-526,-514,-473,-407,-298,-166,-18,136,286,410,504,585,605,585,530,449,323,177,22,-148,-301,-436,-554,-627,-647,-639,-584,-488,-356,-198,-25,147,308,452,575,641,667,656,601,505,372,210,35,-137,-295,-446,-559,-634,-676,-678,-622,-530,-408,-261,-93,94,259,405,535,628,692,-52,118,0,-327,-559,-716,-734,-715,-652,-534,-381,-197,5,201,396,564,699,791,830,816,742,616,451,241,6,-223,-433,-625,-777,-871,-911,-892,-803,-651,-460,-228,22,261,501,701,845,944,964,920,813,649,447,202,-49,-294,-520,-702,-850,-941,-962,-922,-813,-638,-438,-200,49,288,512,691,841,919,938,887,782,623,427,205,-43,-276,-489,-674,-806,-885,-895,-844,-730,-572,-386,-164,63,275,464,623,737,798,793,734,641,493,311,134,-53,-242,-405,-529,-618,-664,-653,-612,-528,-411,-281,-131,28,177,307,418,501,548,556,531,466,380,266,138,14,-126,-245,-332,-413,-458,-471,-457,-412,-348,757,-152,-34,79,186,282,352,394,407,393,353,291,219,130,36,-63,-148,-226,-277,-309,-324,-311,-279,-225,-173,-110,-40,24,86,128,166,200,200,193,193,171,137,124,81,43,23,-6,-21,-53,-78,-101,-131,-153,-175,-185,-195,-195,-179,-158,-125,-66,3,93,160,237,304,341,360,346,305,229,139,28,-99,-213,-316,-394,-442,-453,-437,-362,-257,-134,-7,124,237,336,398,428,435,402,321,208,105,-8,-120,-215,-291,-335,-360,-353,-318,-257,-172,-83,4,86,164,231,272,285,278,253,204,140,71,-9,-87,-154,-213,-238,-231,-206,-168,-109,-30,48,112,150,165,151,541,306,0,-109,67,68,114,158,172,161,122,66,-4,-71,-139,-184,-211,-215,-193,-154,-99,-38,31,93,138,180,204,211,199,163,112,64,7,-42,-85,-131,-159,-182,-185,-176,-174,-148,-113,-70,-24,18,61,111,153,177,195,211,208,195,174,131,68,12,-60,-121,-184,-239,-262,-277,-277,-242,-200,-134,-55,22,109,175,224,269,297,292,271,226,166,90,17,-58,-129,-197,-240,-272,-283,-271,-242,-202,-151,-82,-14,47,100,159,213,232,255,256,239,200,156,105,45,-31,-96,-157,-199,-216,-246,-245,-221,-192,-153,-98,-45,7,68,116,154,187,203,211,204,175,146,111,60,16,-674,-68,-100,-125,-146,-162,-177,-172,-158,-142,-108,-76,-40,-8,33,70,95,118,142,162,176,173,164,156,118,75,49,13,-40,-84,-131,-178,-206,-229,-236,-231,-220,-185,-146,-95,-26,39,112,189,236,298,338,348,355,321,269,199,95,0,-100,-204,-302,-392,-446,-477,-469,-434,-365,-265,-146,-8,125,254,380,486,549,579,566,511,418,313,171,6,-146,-289,-427,-535,-602,-634,-612,-552,-462,-341,-187,-22,142,307,443,558,637,666,655,593,506,371,201,31,-142,-308,-450,-569,-650,-681,-663,-610,-511,-378,-228,-64,115,285,428,546,632,689,693,641,559,440,293,123,-360,-349
38751,mtk,MTK 7916,2421020792,rx1-tx1,512,0,0,0,653,442,106,-265,-568,-724,-695,-475,-132,237,543,711,687,483,159,-201,-502,-666,-646,-464,-166,178,463,616,590,413,132,-177,-435,-563,-535,-362,-91,203,429,537,495,313,39,-241,-450,-533,-469,-267,6,273,462,529,452,249,-30,-302,-484,-535,-450,-243,36,298,476,534,454,255,-15,-274,-456,-514,-440,-247,2,241,405,459,398,239,25,-189,-340,-393,-337,-194,-13,159,280,313,258,139,3,-134,-231,-246,-192,-88,34,142,196,189,128,35,-68,-147,-176,-150,-80,10,96,148,161,118,33,-54,-118,-158,-146,-86,-4,72,127,148,121,52,-35,-109,-153,-153,-105,0,71,150,183,162,94,-6,-109,-183,-222,-201,-108,19,144,231,260,217,115,-18,-157,-261,-287,-241,-138,10,162,275,317,282,171,8,-151,-271,-329,-299,-195,-46,110,249,320,313,233,91,-77,-220,-312,-321,-251,-122,34,179,276,303,257,155,15,-124,-224,-267,-251,-176,-62,59,154,201,206,158,82,0,-80,-138,-149,-127,-88,-40,11,48,72,81,75,59,44,29,15,-4,-26,-46,-57,-76,-87,-76,-46,0,53,106,141,155,138,78,-7,-92,-161,-205,-205,-162,-83,12,120,208,254,255,202,101,-20,-130,-223,-272,-273,-231,-152,-50,47,128,179,196,191,0,0,0,0,0,121,136,125,84,16,-67,-145,-199,-227,-216,-152,-41,85,190,260,288,249,138,-10,-152,-275,-338,-318,-222,-75,101,264,362,376,296,132,-65,-250,-385,-426,-354,-197,15,232,392,450,395,240,14,-220,-399,-475,-428,-259,-26,212,402,495,447,271,21,-243,-445,-526,-473,-300,-32,257,484,584,538,342,48,-281,-531,-648,-602,-397,-73,280,562,693,654,443,113,-261,-565,-734,-716,-518,-169,231,571,758,760,568,228,-184,-548,-766,-783,-606,-279,120,498,742,787,627,311,-82,-455,-710,-771,-627,-333,36,396,649,721,595,313,-40,-376,-611,-677,-547,-269,75,394,604,0,494,220,-116,-420,-611,-630,-468,-169,178,482,653,646,456,137,-232,-544,-699,-663,-449,-103,276,587,746,699,449,78,-322,-645,-789,-728,-467,-68,358,686,833,764,477,48,-396,-733,-881,-795,-496,-50,420,775,921,825,515,67,-411,-782,-946,-860,-536,-67,410,781,949,860,546,90,-391,-765,-919,-843,-547,-95,375,732,893,819,527,103,-344,-683,-836,-758,-480,-84,334,643,766,689,427,47,-334,-611,-717,-619,-349,8,354,596,666,545,273,-73,-393,-594,-629,-491,-218,120,425,609,621,459,170,-174,-467,-637,-624,-440,-136,208,503,656,634,435,117,-241,-532,-674,-642,0,0,0,0,0,274,563,712,675,452,107,-266,-562,-708,-683,-480,-144,228,527,689,671,478,163,-188,-482,-637,-620,-444,-156,169,447,592,566,385,109,-184,-427,-550,-513,-334,-71,218,441,540,477,284,17,-251,-460,-535,-459,-255,12,287,482,539,454,246,-33,-305,-490,-548,-460,-253,19,279,462,523,446,252,-6,-252,-428,-485,-419,-246,-18,204,368,428,364,212,15,-176,-313,-354,-304,-179,-7,159,257,279,228,113,-23,-139,-212,-222,-165,-61,52,145,192,179,104,7,-84,-144,-164,-126,-54,31,107,148,147,101,22,-63,-127,-151,-125,-67,13,99,155,156,109,28,-63,-135,0,-161,-102,-11,93,172,203,173,98,-15,-130,-211,-239,-204,-105,19,147,243,270,229,125,-20,-160,-263,-304,-265,-151,2,151,270,320,288,186,30,-137,-269,-331,-318,-225,-72,99,235,317,323,249,109,-55,-201,-288,-308,-260,-148,4,149,253,290,255,161,34,-95,-189,-238,-226,-162,-64,38,116,161,177,150,93,20,-44,-88,-100,-98,-86,-57,-19,9,30,47,51,49,49,53,55,39,9,-27,-60,-94,-120,-117,-82,-32,33,106,166,185,173,120,32,-65,-155,-222,-244,-217,-143,-34,83,184,251,274,244,170,67,-49,-154,-227,-257,-244,-200,-132,-55,18,0,0,0,0,0,-15,35,91,144,178,182,152,86,-7,-112,-201,-257,-257,-201,-96,40,175,273,314,287,187,34,-138,-280,-354,-344,-253,-99,89,265,383,406,327,164,-48,-248,-386,-434,-376,-217,-3,219,393,465,410,251,24,-215,-395,-473,-426,-267,-34,220,422,512,464,287,27,-243,-462,-567,-514,-319,-31,269,514,627,572,367,53,-274,-537,-673,-627,-411,-91,265,568,723,689,481,142,-244,-575,-757,-742,-534,-189,214,556,762,780,594,254,-152,-516,-750,-789,-631,-304,101,474,714,775,638,328,-64,-432,-679,-743,-612,-326,40,392,635,701,577,308,-48,-387,-601,-649,-522,-246,0,403,604,637,485,202,-139,-452,-633,-635,-458,-142,212,505,670,652,448,114,-254,-565,-726,-680,-454,-102,289,607,765,718,462,70,-338,-658,-806,-737,-464,-59,369,708,861,773,469,44,-398,-742,-894,-811,-506,-54,415,781,936,850,536,74,-410,-788,-950,-857,-541,-82,401,775,946,856,544,97,-374,-743,-911,-833,-535,-95,351,697,860,791,505,87,-339,-665,-811,-730,-457,-71,321,625,750,666,396,23,-351,-604,-685,-577,-318,24,361,596,648,519,247,-94,-406,-603,-634,-478,-184,151,446,623,625,455,152,-192,-484,-643,-629,-441,-123,231,523,668,633,430,112,-239,0,0
38752,mtk,MTK 7916,2421020792,rx2-tx0,512,0,0,0,67,-447,-844,-1014,-904,-543,-36,472,850,997,869,495,-13,-506,-860,-973,-813,-426,77,553,872,949,754,343,-161,-611,-889,-915,-680,-247,255,683,923,896,608,148,-359,-769,-967,-887,-548,-54,463,859,1010,877,497,-28,-549,-921,-1040,-863,-444,101,620,964,1038,825,371,-184,-688,-1000,-1032,-771,-292,276,766,1051,1035,715,191,-381,-856,-1096,-1030,-670,-121,473,939,1148,1040,639,51,-552,-1011,-1195,-1045,-611,-6,610,1054,1216,1058,605,-21,-630,-1067,-1219,-1044,-584,37,639,1058,1194,1011,551,-53,-634,-1033,-1155,-961,-504,85,639,1011,1095,884,440,-118,-640,-983,-1048,-816,-363,180,0,964,989,742,288,-249,-710,-969,-961,-684,-216,313,749,979,933,625,139,-383,-802,-1004,-925,-587,-80,451,867,1044,926,550,21,-525,-933,-1094,-951,-544,16,578,990,1141,991,563,-25,-609,-1041,-1198,-1029,-584,20,625,1064,1226,1074,622,-2,-621,-1072,-1250,-1101,-654,-35,592,1058,1252,1122,700,86,-541,-1025,-1238,-1138,-748,-168,459,958,1210,1151,804,257,-342,-842,-1120,-1114,-833,-347,214,700,990,1030,819,412,-81,-542,-846,-922,-767,-436,-12,402,693,802,707,438,76,-282,-553,-678,-632,-437,-142,174,430,574,581,456,229,-38,-282,-451,-516,-472,-338,-150,48,210,316,351,316,0,0,0,0,0,304,386,408,354,221,27,-192,-391,-534,-576,-498,-307,-46,235,476,617,617,471,217,-97,-398,-608,-670,-567,-327,-4,334,593,706,641,417,78,-288,-592,-743,-707,-492,-141,245,568,756,754,552,205,-204,-560,-774,-785,-584,-235,179,551,778,794,591,232,-189,-567,-795,-802,-598,-231,206,586,810,816,598,220,-222,-607,-833,-835,-611,-216,239,630,856,845,600,200,-259,-655,-872,-861,-616,-201,269,669,890,868,612,198,-277,-678,-893,-869,-613,-188,285,683,891,858,597,176,-296,-678,-880,-852,-585,-162,292,667,866,827,569,156,-296,-661,-848,-800,-528,-120,307,645,804,0,467,69,-343,-655,-785,-686,-394,5,393,676,762,626,316,-79,-458,-708,-753,-577,-237,176,542,759,761,547,173,-257,-624,-815,-779,-520,-111,337,694,863,789,497,63,-395,-752,-897,-791,-462,-6,458,796,908,768,419,-54,-511,-828,-915,-737,-350,130,579,865,908,693,281,-212,-641,-893,-894,-637,-203,286,708,929,886,591,128,-378,-777,-960,-875,-540,-54,444,829,987,866,497,-15,-524,-889,-1001,-837,-444,74,578,920,1008,814,395,-133,-627,-948,-1006,-781,-338,196,672,961,990,747,292,-243,-709,-979,-980,-708,-238,295,742,987,962,670,190,-340,-770,-982,-933,-627,-144,0,0,0,0,0,1003,902,554,55,-460,-853,-1010,-887,-518,-12,493,864,995,843,462,-40,-531,-872,-960,-779,-387,113,584,886,931,716,298,-204,-650,-906,-907,-648,-199,304,723,941,888,582,104,-410,-811,-981,-877,-523,-12,506,885,1018,869,474,-64,-591,-953,-1046,-851,-416,140,657,981,1033,797,330,-236,-732,-1025,-1032,-746,-240,333,810,1068,1029,694,148,-437,-902,-1123,-1033,-652,-83,521,985,1170,1037,620,21,-582,-1031,-1208,-1056,-607,9,624,1071,1227,1049,585,-29,-634,-1071,-1216,-1030,-571,47,645,1061,1183,985,523,-68,-634,-1024,-1131,-927,-478,96,635,995,1068,847,398,-150,-654,-975,-1020,0,-326,214,691,968,974,711,246,-286,-733,-968,-940,-647,-172,351,779,994,931,605,114,-417,-839,-1030,-931,-568,-47,492,899,1060,932,548,2,-557,-970,-1120,-964,-549,19,600,1021,1171,1009,573,-29,-622,-1056,-1212,-1044,-598,13,626,1080,1245,1074,630,18,-605,-1076,-1263,-1116,-671,-57,570,1050,1254,1128,706,112,-510,-1007,-1236,-1149,-778,-211,403,907,1174,1140,824,309,-271,-768,-1063,-1085,-834,-388,141,614,913,984,806,430,-40,-470,-766,-856,-734,-434,-45,339,619,734,665,438,112,-224,-492,-629,-605,-436,-176,115,363,516,548,462,282,51,-178,-351,-439,-439,-363,-232,-81,61,0,0,0,0,0,-167,-44,116,289,433,508,492,379,179,-71,-318,-510,-604,-566,-401,-141,160,437,615,644,524,275,-47,-367,-600,-694,-614,-376,-42,309,589,721,675,456,119,-264,-588,-759,-732,-524,-177,222,573,774,770,570,220,-190,-554,-774,-787,-590,-233,183,554,775,790,597,238,-195,-573,-794,-809,-603,-228,211,595,818,827,608,215,-231,-620,-847,-842,-609,-208,250,638,859,852,612,199,-268,-664,-879,-859,-613,-195,279,677,893,869,614,194,-283,-682,-897,-867,-607,-185,293,688,893,859,596,173,-292,-675,-876,-840,-580,-164,291,665,851,811,553,143,-302,-655,-827,-773,-500,-94,0,657,790,707,430,34,-370,-663,-769,-660,-367,36,431,694,755,601,277,-128,-497,-730,-761,-566,-210,214,580,785,766,528,139,-300,-659,-830,-773,-506,-81,373,725,877,793,485,31,-434,-775,-903,-783,-438,28,484,808,913,759,387,-92,-547,-851,-913,-715,-317,169,612,879,896,667,244,-255,-676,-914,-895,-614,-155,343,746,943,880,565,87,-422,-811,-973,-869,-516,-10,497,866,997,851,467,-49,-550,-899,-1003,-826,-418,106,606,937,1004,798,367,-167,-648,-952,-995,-760,-320,211,689,974,984,730,266,-270,-726,-986,-973,-687,-214,316,759,993,952,645,164,-357,-781,-992,0,0
38753,mtk,MTK 7916,2421020792,rx2-tx1,512,0,0,0,26,272,443,503,419,216,-34,-253,-400,-442,-363,-188,27,217,353,391,318,157,-35,-204,-306,-314,-241,-122,32,170,248,251,186,71,-52,-152,-201,-181,-109,-13,72,125,132,89,18,-58,-113,-114,-70,3,73,122,128,94,28,-62,-151,-198,-180,-94,32,163,260,290,235,101,-76,-240,-352,-376,-298,-118,108,317,449,462,342,126,-128,-362,-522,-545,-418,-174,127,403,586,612,472,208,-120,-436,-642,-671,-519,-228,126,448,660,712,569,269,-97,-437,-668,-729,-597,-302,77,432,667,724,591,310,-56,-415,-659,-720,-601,-319,50,404,654,722,580,295,-71,-418,-645,0,-563,-271,97,423,637,684,540,252,-106,-440,-655,-685,-528,-231,121,453,664,685,509,194,-170,-489,-678,-675,-484,-158,221,544,723,707,490,127,-272,-610,-785,-755,-513,-132,303,671,866,831,572,149,-324,-726,-939,-904,-633,-198,302,741,999,993,726,271,-272,-747,-1034,-1061,-833,-381,175,691,1034,1110,897,467,-72,-598,-977,-1111,-961,-585,-66,465,875,1064,999,692,209,-313,-744,-979,-972,-735,-323,158,583,849,909,751,407,-21,-419,-706,-812,-723,-467,-103,278,562,700,675,501,214,-113,-401,-587,-632,-534,-327,-56,209,417,529,521,413,244,42,-142,-271,-340,-346,-285,0,0,0,0,0,-144,-123,-71,-3,76,151,202,218,199,141,51,-51,-142,-208,-224,-196,-132,-32,79,168,210,208,159,80,-14,-119,-193,-204,-164,-95,-3,83,150,177,163,107,23,-65,-131,-161,-148,-98,-22,63,117,129,108,71,9,-54,-90,-97,-81,-37,22,63,79,74,39,-12,-60,-85,-74,-42,0,51,100,120,94,29,-58,-136,-178,-185,-142,-43,72,182,257,271,213,91,-65,-216,-321,-349,-289,-148,28,204,347,402,351,220,21,-179,-330,-401,-378,-255,-52,161,333,422,400,275,83,-143,-329,-419,-403,-288,-94,129,307,406,404,280,75,-147,-328,-426,-407,-280,-77,0,346,437,411,277,60,-182,-375,-467,-435,-280,-47,206,401,494,452,286,35,-222,-429,-524,-480,-300,-37,244,460,550,494,299,23,-267,-487,-579,-519,-310,-11,288,508,604,532,314,18,-282,-509,-601,-529,-313,-18,285,505,587,507,292,-2,-295,-506,-575,-482,-260,37,332,536,582,463,206,-112,-396,-571,-588,-436,-161,160,439,617,623,445,138,-209,-502,-664,-651,-460,-146,211,528,712,695,491,156,-226,-556,-737,-722,-517,-176,220,562,749,743,546,206,-187,-534,-743,-756,-580,-262,125,480,704,745,597,303,-74,-419,-643,-693,-569,-310,20,330,544,614,529,301,-6,0,0,0,0,0,-519,-433,-236,17,262,428,465,384,200,-32,-244,-377,-417,-334,-161,41,220,332,358,286,139,-34,-185,-276,-288,-219,-97,41,165,221,205,139,41,-61,-134,-165,-133,-68,16,92,121,94,44,-22,-94,-125,-112,-54,25,108,154,154,99,-4,-116,-199,-234,-198,-96,44,191,303,334,257,94,-93,-270,-401,-425,-316,-116,119,346,489,499,379,151,-127,-386,-554,-586,-449,-186,131,418,601,635,501,220,-126,-441,-651,-707,-563,-266,104,443,668,717,579,291,-71,-419,-667,-740,-606,-308,63,419,656,724,599,306,-58,-408,-648,-710,-581,-303,58,403,641,700,564,278,0,-417,-641,-685,-553,-272,102,443,654,688,538,250,-108,-434,-651,-686,-524,-216,150,476,669,680,504,190,-186,-518,-699,-690,-493,-154,235,558,739,720,504,137,-287,-646,-828,-785,-528,-130,322,711,911,863,597,167,-324,-739,-964,-949,-692,-236,296,759,1019,1026,780,329,-228,-724,-1035,-1094,-873,-430,120,643,1004,1106,937,532,-2,-538,-935,-1105,-997,-656,-151,384,815,1030,989,710,266,-236,-668,-924,-949,-746,-370,83,509,787,861,730,434,43,-339,-634,-760,-697,-475,-154,197,486,646,652,512,264,-35,-315,-512,-587,-532,-378,-152,87,289,418,460,413,298,156,14,-103,0,0,0,0,0,-60,-120,-167,-193,-190,-152,-83,7,103,182,227,229,187,102,-11,-113,-191,-235,-221,-151,-53,53,148,210,219,172,86,-15,-106,-175,-199,-169,-102,-16,64,137,176,156,100,30,-50,-116,-148,-131,-84,-19,62,117,119,93,59,3,-50,-85,-89,-64,-20,31,60,69,52,12,-40,-78,-99,-90,-48,22,88,135,142,114,32,-69,-165,-218,-220,-163,-63,73,207,295,299,237,121,-46,-223,-342,-385,-333,-189,2,190,346,412,366,229,40,-173,-333,-413,-391,-266,-57,155,327,420,407,275,82,-139,-326,-417,-398,-288,-92,137,324,417,397,280,85,-148,-341,-433,0,-270,-60,165,354,452,419,271,48,-196,-392,-487,-452,-287,-45,210,416,513,463,289,28,-245,-446,-530,-476,-294,-20,261,471,563,503,302,21,-269,-500,-594,-528,-321,-17,287,513,599,525,313,22,-276,-508,-603,-531,-313,-12,291,509,591,504,279,-20,-316,-523,-577,-473,-234,80,374,552,569,433,173,-145,-430,-594,-597,-435,-149,187,481,644,634,449,138,-218,-520,-688,-674,-479,-150,223,541,718,707,503,167,-228,-565,-748,-737,-537,-196,202,549,751,751,567,235,-154,-499,-716,-748,-584,-274,102,442,665,717,586,308,-50,-386,-604,-658,-549,-306,3,305,522,598,0,0
38754,mtk,MTK 7916,2421078111,rx0-tx0,512,-349,61,39,-591,-617,-586,-498,-361,-185,8,203,376,528,618,644,616,523,386,206,-5,-209,-396,-530,-619,-655,-620,-522,-368,-191,11,209,382,510,583,603,557,473,339,184,1,-167,-314,-418,-490,-516,-489,-428,-336,-212,-76,61,188,296,372,415,429,409,358,290,189,84,-42,-156,-259,-354,-417,-442,-439,-404,-335,-231,-101,51,198,337,454,524,554,522,439,317,156,-21,-208,-372,-500,-584,-603,-566,-471,-326,-150,39,231,395,515,582,584,543,436,282,112,-70,-232,-370,-465,-506,-501,-445,-344,-223,-87,50,172,273,345,389,389,353,299,222,136,46,-54,-140,-211,-260,-297,-511,-305,-270,-219,-153,-79,8,95,178,248,312,348,355,335,284,208,100,-14,-136,-258,-350,-427,-466,-453,-401,-309,-177,-31,130,284,420,511,556,556,488,367,209,19,-172,-343,-494,-593,-629,-615,-533,-395,-213,-8,204,400,549,652,689,652,540,389,198,-31,-251,-445,-598,-692,-716,-655,-539,-372,-147,82,296,498,630,695,697,615,477,286,71,-153,-349,-509,-619,-651,-619,-531,-392,-207,-5,191,362,492,574,591,550,458,307,127,-60,-232,-382,-484,-535,-528,-471,-360,-202,-28,151,305,424,492,499,449,338,184,5,-165,-310,-416,-450,-413,-312,-163,5,158,263,297,132,109,1179,1458,1475,-107,-161,-181,-163,-112,-30,63,149,210,248,247,202,131,40,-65,-164,-245,-294,-302,-273,-215,-126,-15,96,206,285,329,336,305,232,129,15,-110,-214,-305,-361,-366,-332,-263,-165,-45,73,189,281,340,364,353,306,219,114,8,-111,-225,-308,-362,-368,-349,-292,-197,-78,32,145,248,323,367,370,334,262,174,66,-59,-174,-264,-320,-350,-337,-297,-239,-151,-42,55,144,227,289,328,338,306,255,184,94,-15,-123,-211,-286,-343,-357,-346,-308,-229,-131,-13,102,216,311,373,399,385,338,243,135,18,-119,-244,-343,-398,-425,-410,-350,-254,-133,-3,127,254,346,410,-330,422,363,262,143,6,-127,-249,-342,-412,-437,-430,-389,-298,-184,-48,86,213,323,407,454,463,420,347,245,113,-33,-180,-315,-422,-499,-534,-510,-437,-327,-183,-18,157,329,468,567,616,601,532,411,243,48,-165,-365,-527,-648,-717,-709,-622,-483,-273,-54,182,409,606,736,804,782,681,509,282,25,-236,-478,-669,-788,-845,-811,-688,-501,-256,17,286,525,706,811,838,784,638,434,195,-68,-311,-533,-683,-760,-777,-701,-569,-383,-162,68,287,471,600,679,688,632,518,362,180,-18,-210,-381,-509,-591,-624,-594,-512,-388,-229,-60,124,297,428,527,581,587,537,433,287,740,1070,-729,-102,-108,-160,25,213,377,510,598,637,604,521,379,194,3,-196,-376,-526,-627,-660,-625,-522,-377,-201,-2,201,386,517,603,636,594,498,352,179,-12,-193,-347,-467,-546,-572,-537,-451,-329,-191,-27,125,252,363,436,471,463,420,337,238,122,2,-116,-220,-314,-379,-421,-422,-386,-334,-252,-149,-36,89,212,331,420,483,498,469,395,281,138,-30,-203,-356,-478,-554,-581,-554,-467,-337,-160,33,217,386,512,587,609,562,456,306,126,-62,-236,-396,-495,-548,-555,-503,-408,-259,-96,65,215,337,415,451,436,388,316,227,113,-12,-121,-210,-284,-322,-338,-321,-285,-231,-169,-97,1105,71,145,212,264,300,316,309,275,226,154,53,-47,-154,-244,-331,-388,-401,-394,-336,-249,-148,-10,131,261,384,466,503,495,440,337,196,33,-144,-314,-454,-552,-603,-586,-512,-384,-204,-12,183,373,523,624,663,642,546,395,210,-7,-227,-421,-569,-679,-712,-663,-552,-379,-172,59,281,467,620,712,710,646,515,317,103,-127,-344,-516,-639,-692,-669,-576,-436,-243,-31,174,357,504,598,627,587,489,342,165,-27,-206,-367,-493,-557,-558,-506,-401,-250,-83,95,256,397,486,523,499,415,286,119,-55,-221,-361,-451,-483,-446,-350,-204,-23,145,287,371,386,325,207,63,-50,-85,1145,301,-118,-106,-53,30,109,176,216,220,182,115,27,-75,-164,-230,-272,-278,-243,-170,-69,38,139,226,290,321,309,261,172,66,-52,-166,-267,-327,-353,-339,-282,-200,-80,45,161,261,334,368,361,316,232,128,12,-100,-208,-296,-348,-368,-355,-300,-211,-101,13,123,238,332,376,378,349,281,188,70,-57,-179,-272,-328,-364,-359,-318,-246,-155,-43,71,163,244,307,336,326,299,245,165,71,-30,-128,-208,-278,-329,-348,-330,-280,-216,-118,-2,101,208,293,351,381,370,331,243,135,7,-113,-232,-332,-380,-407,-400,-343,-251,-139,-10,125,250,348,407,430,421,361,260,141,826,-124,-257,-355,-420,-445,-425,-366,-274,-156,-25,104,234,339,412,445,445,402,321,207,77,-67,-201,-316,-412,-472,-489,-462,-394,-285,-150,6,168,313,433,528,573,561,497,376,218,33,-160,-343,-499,-618,-672,-664,-583,-447,-271,-57,178,387,575,698,749,740,655,501,287,47,-208,-440,-636,-768,-827,-805,-694,-509,-275,-16,259,503,696,824,858,805,670,467,225,-40,-304,-537,-699,-799,-809,-742,-607,-398,-175,70,306,497,647,726,732,669,538,366,162,-53,-252,-424,-552,-630,-649,-610,-512,-373,-205,-21,165,331,467,557,603,599,527,411,264,91,-87,-261,-406,-514,1258,1011
38755,mtk,MTK 7916,2421078111,rx0-tx1,512,87,100,77,-653,-665,-610,-497,-338,-135,82,298,489,640,738,765,721,615,444,228,-17,-262,-485,-667,-791,-841,-822,-724,-552,-327,-68,202,457,677,838,916,921,837,669,435,161,-134,-415,-666,-859,-976,-995,-919,-761,-534,-253,52,354,623,835,972,1030,990,857,656,388,84,-226,-528,-785,-968,-1076,-1077,-978,-796,-540,-227,116,449,738,962,1104,1144,1078,910,653,329,-30,-380,-702,-958,-1120,-1181,-1131,-982,-726,-408,-53,308,638,909,1092,1166,1138,1001,772,467,122,-227,-559,-834,-1025,-1124,-1116,-998,-793,-520,-194,148,464,729,934,1052,1069,990,824,582,288,-24,-346,-621,-834,-973,-1012,-689,-860,-660,-397,-98,204,494,741,918,1016,1026,939,762,521,221,-101,-412,-698,-924,-1056,-1094,-1033,-870,-632,-325,20,366,680,934,1108,1169,1117,961,705,383,14,-360,-702,-979,-1161,-1239,-1190,-1019,-746,-396,-7,385,740,1034,1210,1270,1215,1021,733,370,-36,-443,-796,-1074,-1241,-1270,-1178,-969,-649,-275,125,515,833,1058,1185,1181,1050,814,493,138,-220,-548,-805,-979,-1046,-999,-857,-633,-355,-49,249,508,710,831,873,814,679,493,249,-4,-252,-463,-622,-717,-735,-672,-544,-364,-150,77,292,469,591,646,621,525,372,178,-36,-246,-418,-528,-561,-508,-384,-208,-3,184,316,375,352,104,106,0,155,265,114,186,228,225,180,97,-9,-116,-210,-277,-302,-288,-231,-143,-39,75,176,264,324,343,331,276,186,78,-42,-160,-264,-338,-388,-398,-362,-288,-184,-55,89,223,344,434,473,470,415,311,172,16,-152,-311,-444,-534,-563,-532,-450,-306,-129,61,250,411,536,602,600,535,420,257,73,-122,-300,-449,-551,-599,-582,-508,-381,-221,-39,144,308,440,536,570,538,464,359,206,39,-129,-284,-400,-485,-523,-513,-448,-348,-215,-58,94,236,354,434,481,480,434,345,229,93,-54,-190,-308,-397,-442,-449,-417,-342,-241,-126,0,130,246,331,389,411,395,351,266,162,47,-75,-130,-269,-336,-374,-386,-364,-304,-213,-116,-4,104,202,280,339,358,348,316,258,175,84,-13,-111,-188,-256,-316,-336,-337,-310,-261,-193,-104,-10,91,179,260,327,367,378,370,331,248,146,29,-95,-222,-329,-416,-472,-493,-457,-384,-279,-142,31,199,347,476,565,594,581,506,378,213,23,-178,-364,-522,-634,-679,-655,-572,-440,-255,-44,170,365,527,641,695,678,596,457,274,62,-143,-331,-494,-603,-653,-646,-577,-460,-297,-112,73,245,394,500,562,577,544,463,343,197,41,-116,-261,-378,-473,-521,-527,-502,-427,-323,-191,-47,106,254,381,483,555,564,537,463,342,183,-249,-137,504,-87,-124,-89,113,313,482,617,699,719,665,554,390,181,-52,-280,-490,-661,-771,-812,-771,-664,-492,-271,-24,228,471,672,815,884,871,777,613,384,113,-168,-444,-680,-853,-954,-963,-886,-721,-488,-203,104,395,653,854,976,1012,954,809,592,322,20,-293,-578,-809,-973,-1043,-1027,-917,-721,-461,-156,171,485,753,961,1095,1117,1036,854,598,285,-59,-410,-724,-973,-1130,-1175,-1114,-948,-687,-366,-13,341,669,937,1108,1181,1140,991,749,433,82,-269,-599,-873,-1065,-1152,-1130,-1008,-785,-499,-166,184,514,784,985,1093,1090,987,800,550,242,-85,-400,-676,-889,-1014,-1053,-994,-835,-615,-334,-28,261,555,787,949,1022,1007,903,716,459,161,-150,-457,-712,-909,-1029,-1054,-984,-827,-580,-272,53,387,683,918,1081,1134,1081,921,672,351,-7,-364,-694,-964,-1143,-1216,-1164,-1000,-736,-399,-20,372,725,1009,1191,1261,1200,1030,746,380,-6,-405,-766,-1043,-1225,-1284,-1208,-1007,-710,-330,77,465,817,1074,1220,1241,1123,888,579,213,-176,-537,-834,-1039,-1126,-1099,-953,-715,-417,-83,248,539,767,912,960,903,762,546,293,20,-258,-480,-666,-774,-794,-743,-612,-426,-205,36,263,456,602,676,677,604,470,284,71,-151,-346,-496,-585,-601,-539,-404,-220,-9,195,357,462,482,416,284,114,-52,25,-13,0,-271,-168,149,100,11,-90,-185,-252,-277,-257,-198,-104,6,113,210,278,314,314,274,207,107,-5,-119,-226,-303,-352,-366,-344,-277,-180,-65,68,192,303,383,434,436,390,307,179,35,-119,-273,-402,-489,-524,-509,-443,-322,-161,20,201,366,501,573,587,536,433,282,93,-105,-285,-437,-547,-600,-593,-524,-398,-239,-50,136,310,451,542,584,563,492,375,222,36,-146,-291,-423,-514,-543,-533,-462,-352,-212,-54,107,257,376,468,507,493,440,345,224,80,-67,-210,-328,-413,-461,-462,-422,-346,-238,-107,24,161,281,366,415,431,412,347,257,148,25,-92,-206,-298,-358,-392,-390,245,-281,-193,-86,23,135,241,315,361,376,354,303,231,141,35,-61,-151,-236,-296,-331,-344,-325,-276,-222,-137,-42,51,144,222,289,330,346,338,303,255,176,80,-26,-130,-243,-334,-393,-424,-427,-392,-319,-214,-92,54,207,335,441,525,555,524,449,334,176,3,-178,-358,-503,-599,-641,-623,-541,-410,-231,-24,184,371,528,641,691,674,588,450,265,56,-157,-358,-519,-640,-687,-669,-594,-463,-286,-91,109,298,454,567,619,617,564,460,319,156,-18,-184,-332,-443,-518,-550,-535,-475,-378,-260,-113,28,175,312,422,499,536,533,481,393,277,124,-44,-202,-359,-483,-571,-177,-278
38756,mtk,MTK 7916,2421078111,rx1-tx0,512,0,572,413,585,671,685,631,526,363,151,-70,-284,-482,-637,-735,-756,-710,-593,-408,-188,55,306,516,692,799,827,767,638,443,198,-59,-317,-549,-730,-838,-864,-808,-676,-472,-222,46,318,559,741,861,894,831,694,494,241,-41,-302,-540,-738,-867,-904,-848,-717,-525,-276,9,290,536,735,866,906,854,729,527,266,-7,-288,-541,-725,-839,-871,-821,-685,-490,-244,20,280,503,673,774,787,733,613,436,216,-18,-243,-433,-579,-669,-689,-647,-537,-382,-209,-14,178,337,466,555,587,557,486,380,232,61,-105,-259,-384,-477,-516,-514,-465,-373,-242,-101,53,200,324,417,471,476,434,216,246,112,-25,-150,-268,-358,-407,-419,-388,-330,-226,-117,-6,109,216,289,344,368,343,295,217,127,33,-69,-155,-228,-276,-290,-285,-262,-214,-143,-64,19,99,158,213,242,261,244,210,167,111,47,-22,-83,-141,-197,-222,-230,-238,-218,-175,-120,-62,19,99,161,217,265,285,278,240,181,109,2,-102,-192,-275,-309,-323,-311,-258,-176,-70,35,131,221,294,326,317,278,218,133,40,-57,-154,-221,-278,-307,-287,-237,-172,-93,2,86,171,235,264,269,239,190,122,37,-49,-130,-194,-229,-239,-226,-180,-111,-30,56,129,182,212,205,167,106,25,-56,-114,-144,-143,229,465,0,-343,-392,14,-51,-120,-166,-183,-173,-125,-49,33,111,176,211,214,195,146,74,4,-74,-143,-195,-227,-224,-200,-148,-78,-4,68,134,184,217,224,201,162,116,46,-25,-94,-140,-180,-212,-217,-205,-169,-123,-66,7,66,130,187,213,232,220,194,140,73,-3,-90,-151,-205,-238,-239,-224,-177,-134,-72,12,88,151,190,226,232,216,180,132,74,7,-56,-127,-173,-199,-221,-220,-192,-159,-100,-37,25,95,145,191,223,221,201,176,119,48,-16,-86,-150,-185,-213,-219,-206,-168,-115,-64,-4,58,112,161,184,203,199,174,132,78,27,-25,-79,-127,-158,-176,-187,-180,-158,-584,-68,-19,41,98,140,175,194,199,186,160,107,53,-1,-62,-117,-152,-178,-203,-198,-186,-143,-91,-44,7,64,117,164,196,207,203,178,148,116,60,-8,-69,-127,-178,-214,-236,-246,-233,-208,-154,-91,-19,71,164,246,302,331,355,339,284,197,81,-44,-180,-308,-407,-475,-488,-456,-379,-253,-98,78,238,378,497,568,576,529,423,264,91,-95,-276,-434,-552,-618,-624,-575,-449,-276,-95,99,295,460,564,628,630,568,444,289,98,-100,-274,-443,-562,-620,-621,-562,-452,-309,-132,51,234,401,510,584,605,569,477,348,191,15,-167,-340,-488,-576,-624,-604,-540,-430,160,-33,0,193,442,325,131,-85,-286,-468,-620,-712,-722,-677,-563,-392,-173,60,293,506,664,762,794,738,616,437,204,-55,-307,-530,-707,-814,-843,-791,-662,-458,-209,58,322,556,740,848,878,830,686,481,238,-42,-312,-550,-738,-864,-895,-836,-712,-515,-261,23,298,545,737,873,912,856,725,533,279,-5,-281,-535,-741,-862,-895,-850,-708,-507,-265,11,280,521,702,814,840,788,651,461,222,-31,-267,-470,-634,-728,-746,-692,-574,-408,-207,5,212,395,522,605,637,594,503,375,218,36,-138,-291,-420,-513,-549,-534,-475,-378,-244,-89,70,218,351,440,487,492,446,362,248,111,-39,-180,757,-384,-442,-447,-417,-352,-241,-118,18,138,245,327,365,383,364,306,219,125,11,-103,-194,-266,-308,-326,-320,-279,-215,-129,-42,41,123,196,251,273,273,243,205,153,93,20,-60,-121,-180,-213,-235,-233,-213,-191,-147,-79,-20,44,114,173,216,248,268,251,215,167,97,6,-85,-166,-233,-278,-308,-296,-266,-193,-91,1,111,210,291,334,332,301,245,164,55,-52,-150,-229,-284,-308,-311,-272,-202,-120,-14,87,165,227,265,274,255,218,146,65,-26,-108,-173,-227,-254,-252,-220,-160,-86,-7,76,157,210,232,225,183,122,38,-46,-117,-170,-189,-170,-122,-58,6,-536,-370,0,198,16,-138,-151,-121,-58,15,93,163,203,209,186,133,54,-25,-103,-173,-209,-223,-214,-167,-111,-34,41,110,170,209,219,205,173,123,59,-15,-87,-142,-190,-220,-225,-202,-159,-112,-50,22,82,136,176,209,220,205,185,132,65,-5,-82,-146,-200,-227,-252,-235,-196,-146,-67,9,89,156,193,230,237,219,181,136,74,-2,-78,-137,-180,-210,-222,-223,-194,-139,-79,-19,51,105,156,204,220,225,203,161,115,48,-25,-82,-142,-197,-219,-223,-217,-173,-120,-59,13,80,131,172,198,215,206,178,123,71,14,-50,-99,-152,-179,-190,-189,-172,-139,-95,-48,6,64,117,-674,185,195,191,167,135,87,34,-22,-77,-133,-177,-191,-202,-190,-164,-116,-76,-22,37,94,150,174,190,202,193,164,124,70,15,-42,-99,-141,-186,-217,-223,-212,-190,-159,-107,-44,30,97,170,236,273,295,295,269,211,134,41,-55,-172,-271,-350,-396,-414,-396,-336,-233,-100,55,205,349,466,533,545,495,407,273,95,-87,-263,-416,-531,-590,-597,-545,-429,-272,-87,105,296,464,568,624,623,568,435,271,94,-108,-299,-454,-563,-624,-614,-560,-456,-295,-111,80,265,419,526,595,600,567,462,321,163,-21,-206,-371,-494,-576,-609,-588,-520,-391,-229,-48,143,307,465,365,400
38757,mtk,MTK 7916,2421078111,rx1-tx1,512,0,0,0,-300,-533,-651,-632,-473,-209,93,369,571,656,594,399,124,-173,-433,-585,-607,-503,-292,-24,237,447,556,529,382,164,-84,-318,-472,-509,-427,-247,-19,215,397,475,447,313,108,-121,-330,-463,-484,-396,-220,10,236,405,486,458,324,116,-117,-324,-470,-505,-429,-261,-43,196,384,486,481,379,206,-13,-229,-383,-448,-423,-309,-132,67,239,352,387,333,215,54,-104,-231,-299,-302,-226,-106,24,137,209,230,194,116,19,-82,-160,-192,-173,-107,-14,66,123,153,148,101,22,-61,-121,-149,-148,-111,-38,46,106,137,142,109,48,-28,-98,-145,-145,-117,-68,7,90,154,0,153,87,2,-91,-169,-201,-186,-132,-49,53,157,230,235,189,107,-1,-123,-222,-268,-261,-202,-99,38,170,271,310,288,201,73,-74,-206,-304,-341,-305,-212,-68,91,235,325,346,302,197,53,-101,-229,-317,-334,-283,-183,-47,94,216,283,297,257,170,43,-82,-179,-237,-250,-211,-134,-43,53,134,183,186,154,101,38,-27,-73,-99,-104,-90,-56,-29,-4,12,20,15,11,9,15,24,37,50,59,59,40,6,-31,-77,-119,-140,-136,-109,-62,8,83,155,202,211,184,124,48,-48,-144,-215,-249,-249,-213,-134,-41,51,136,207,245,246,221,174,109,42,-24,0,0,0,0,0,-27,-75,-115,-145,-161,-151,-114,-50,27,106,168,208,215,180,112,23,-82,-184,-248,-265,-235,-155,-39,92,211,294,314,274,181,46,-110,-246,-332,-353,-301,-189,-33,140,287,374,382,313,172,-11,-191,-332,-409,-403,-293,-116,87,275,411,464,412,259,48,-174,-368,-498,-522,-425,-222,32,283,487,594,569,413,173,-108,-382,-580,-654,-600,-413,-128,191,483,684,732,623,383,59,-280,-573,-749,-765,-621,-349,-3,357,651,805,789,606,296,-67,-412,-679,-805,-761,-564,-240,133,470,705,786,700,468,140,-216,-517,-702,-740,-608,-346,-20,310,565,681,643,472,193,-131,0,-618,-671,-569,-338,-32,288,539,666,646,477,189,-143,-441,-647,-711,-610,-368,-36,306,583,741,728,544,236,-118,-456,-705,-794,-697,-448,-103,284,617,808,815,645,331,-63,-458,-755,-881,-818,-574,-199,220,594,851,923,787,480,72,-359,-715,-915,-909,-712,-354,78,497,812,944,866,603,213,-219,-605,-860,-918,-770,-461,-63,340,666,843,838,648,318,-75,-443,-703,-801,-725,-490,-151,207,517,705,729,583,305,-35,-356,-587,-677,-616,-416,-124,196,471,628,636,500,256,-41,-333,-548,-634,-578,-388,-108,200,461,616,628,497,254,-43,-327,-543,-637,-587,-409,-142,166,433,0,0,0,0,0,591,391,109,-196,-464,-631,-662,-546,-316,-20,278,507,626,615,469,221,-68,-340,-527,-587,-524,-350,-106,160,380,510,516,407,211,-28,-259,-431,-499,-444,-287,-62,169,359,468,465,355,163,-73,-289,-437,-482,-424,-269,-54,179,380,485,486,381,190,-45,-263,-428,-495,-460,-327,-119,107,302,433,475,408,255,58,-139,-306,-408,-417,-327,-172,-2,166,289,340,313,222,85,-61,-182,-256,-261,-209,-112,-5,101,185,210,178,116,21,-76,-143,-168,-160,-104,-20,66,124,156,151,105,30,-47,-111,-148,-147,-113,-47,35,107,142,151,120,54,-29,-106,-155,-165,-134,-70,0,97,161,187,165,106,20,-75,-164,-212,-206,-160,-78,35,148,227,255,226,150,34,-88,-199,-274,-296,-250,-148,-9,137,261,323,322,262,142,-8,-161,-285,-349,-346,-268,-131,24,170,294,348,330,247,122,-29,-171,-275,-324,-302,-223,-105,26,148,236,285,272,194,88,-26,-123,-188,-212,-204,-159,-86,-7,69,129,152,137,104,65,19,-28,-65,-73,-64,-45,-25,-11,-13,-13,-20,-22,-17,-2,15,38,71,97,104,86,56,8,-58,-118,-151,-170,-162,-121,-50,34,118,184,222,227,197,134,41,-62,-152,-221,-265,-264,-224,-158,-75,11,87,147,179,187,181,0,0,0,0,0,103,98,77,38,-19,-86,-141,-178,-192,-178,-124,-46,42,130,206,245,238,180,87,-26,-141,-232,-280,-278,-222,-113,26,163,271,327,316,246,114,-42,-197,-322,-380,-356,-252,-101,73,242,360,403,363,237,52,-139,-306,-414,-431,-347,-184,20,222,394,486,463,335,136,-111,-341,-499,-555,-496,-316,-68,204,438,594,626,523,292,-1,-302,-549,-684,-677,-528,-258,70,393,635,751,710,517,205,-154,-476,-706,-793,-719,-492,-149,220,541,764,824,705,447,95,-278,-587,-772,-800,-652,-368,-14,338,613,749,727,550,251,-88,-397,-625,-710,-636,-422,-120,210,487,651,667,0,265,-46,-344,-571,-668,-607,-405,-106,219,501,670,683,543,278,-59,-380,-623,-728,-670,-457,-133,225,535,725,760,629,351,-19,-383,-661,-811,-777,-555,-214,178,541,786,857,744,461,67,-347,-684,-881,-884,-690,-347,76,484,791,928,864,608,216,-224,-605,-865,-940,-803,-489,-71,362,712,904,904,708,355,-73,-478,-769,-894,-823,-569,-200,207,559,780,829,696,406,36,-327,-609,-757,-727,-538,-233,124,443,647,703,601,363,48,-273,-525,-656,-635,-460,-187,123,402,595,643,540,326,33,-272,-509,-629,-606,-442,-176,127,403,592,647,553,334,42,-254,-502,-636,-621,-472,0,0
38758,mtk,MTK 7916,2421078111,rx2-tx0,512,0,0,0,-983,-908,-624,-200,268,675,926,968,797,441,-10,-455,-791,-952,-894,-632,-230,224,625,878,919,757,420,-18,-447,-771,-914,-837,-568,-166,271,646,866,884,695,339,-105,-524,-823,-930,-818,-509,-85,365,742,945,929,695,299,-170,-606,-904,-1000,-867,-531,-63,409,788,989,964,718,297,-193,-635,-930,-1006,-848,-489,-20,459,832,1012,959,679,237,-262,-705,-992,-1048,-860,-473,30,532,919,1096,1024,721,257,-269,-740,-1055,-1130,-953,-562,-45,484,900,1118,1084,816,368,-160,-650,-994,-1114,-981,-634,-152,359,781,1021,1035,819,422,-68,-531,-867,-1003,-907,-611,-180,289,682,918,946,0,383,-58,-484,-800,-929,-841,-562,-155,283,656,884,908,710,352,-80,-498,-807,-927,-835,-557,-144,316,701,922,934,739,373,-88,-538,-868,-1003,-915,-620,-179,309,738,1007,1053,870,491,-7,-507,-900,-1102,-1061,-787,-339,188,665,1011,1142,1026,680,191,-342,-803,-1081,-1130,-945,-551,-31,489,907,1127,1104,851,420,-105,-605,-969,-1130,-1056,-766,-312,198,660,977,1088,978,673,237,-244,-663,-930,-997,-867,-567,-161,264,614,828,870,735,458,102,-255,-547,-716,-736,-604,-356,-47,250,483,616,622,506,294,35,-218,-415,-530,-542,-456,-296,-92,116,285,396,439,413,329,210,84,-31,0,0,0,0,0,1,-128,-254,-368,-448,-470,-419,-296,-116,102,312,482,576,570,462,269,16,-245,-466,-608,-634,-538,-331,-53,241,492,651,682,577,347,37,-288,-560,-722,-736,-599,-330,8,349,621,769,754,582,280,-81,-429,-687,-803,-740,-520,-191,182,516,751,817,695,420,64,-314,-629,-809,-807,-623,-297,91,463,737,855,779,525,152,-253,-602,-826,-869,-716,-408,-5,403,727,896,864,630,264,-158,-555,-831,-926,-815,-528,-123,308,671,884,907,726,376,-49,-457,-770,-916,-854,-605,-225,204,586,834,900,773,473,67,-348,-682,-866,-855,-650,-307,100,481,753,849,752,488,116,-275,0,-784,-787,-609,-296,82,436,687,783,696,444,88,-291,-598,-765,-751,-558,-236,144,496,729,795,675,396,15,-369,-674,-828,-788,-562,-201,207,574,818,874,727,416,7,-412,-744,-907,-860,-615,-232,206,599,850,915,771,449,24,-403,-746,-913,-860,-611,-230,211,601,853,907,746,410,-19,-447,-767,-914,-847,-575,-164,276,656,889,915,722,363,-86,-508,-819,-947,-851,-558,-138,315,705,929,940,736,362,-99,-539,-858,-979,-871,-570,-139,326,720,945,955,754,373,-95,-537,-860,-986,-884,-586,-154,316,712,942,956,759,391,-71,-521,-850,-982,-891,-600,-174,287,686,929,957,0,0,0,0,0,66,-391,-762,-960,-948,-717,-324,136,566,871,972,851,542,111,-341,-713,-920,-912,-701,-329,115,527,816,919,797,489,72,-361,-709,-892,-866,-634,-254,192,588,851,914,757,423,-8,-452,-789,-945,-884,-611,-192,272,676,931,974,793,422,-49,-513,-856,-1002,-917,-620,-181,301,712,960,985,775,386,-95,-556,-887,-1014,-903,-582,-129,361,774,1012,1012,772,350,-152,-625,-965,-1085,-955,-603,-113,414,849,1090,1087,843,409,-118,-623,-993,-1147,-1042,-698,-205,330,787,1074,1122,916,508,-2,-509,-896,-1081,-1022,-737,-291,207,654,946,1025,869,520,61,-406,-779,-968,-934,-691,-290,170,0,862,940,803,482,53,-388,-731,-910,-878,-641,-256,178,583,856,919,772,450,28,-408,-756,-931,-893,-647,-247,208,619,902,985,836,494,41,-426,-810,-1020,-999,-755,-337,162,635,968,1089,977,650,173,-344,-794,-1076,-1121,-920,-517,-2,514,924,1136,1099,828,375,-153,-647,-1008,-1154,-1044,-709,-229,294,763,1067,1138,966,596,106,-402,-825,-1078,-1103,-898,-510,-20,459,832,1028,1008,783,409,-31,-456,-782,-938,-895,-676,-327,71,434,698,811,754,551,244,-97,-401,-612,-689,-626,-443,-184,103,355,526,585,531,383,166,-68,-276,-428,-499,-484,-389,-240,-68,95,225,305,329,305,0,0,0,0,0,329,342,303,211,70,-102,-277,-424,-518,-539,-470,-313,-93,152,378,545,614,571,417,180,-100,-368,-572,-665,-631,-467,-204,103,394,615,708,659,475,185,-156,-468,-683,-759,-687,-468,-144,226,543,746,795,677,412,57,-315,-621,-789,-786,-617,-313,59,427,705,821,756,528,180,-210,-558,-786,-835,-706,-417,-27,368,687,853,829,623,279,-129,-515,-790,-893,-793,-522,-132,288,649,867,900,734,401,-23,-439,-760,-914,-867,-630,-255,178,573,841,923,800,506,98,-331,-688,-890,-896,-696,-350,66,470,767,892,823,570,193,-222,-583,-810,-857,-716,-416,-22,370,666,812,771,0,203,-170,-512,-737,-784,-649,-368,-5,358,641,773,722,498,158,-220,-550,-753,-778,-620,-314,64,433,701,810,732,480,110,-293,-635,-832,-839,-645,-304,103,498,788,901,800,517,116,-316,-681,-891,-898,-703,-345,96,512,811,927,830,541,126,-317,-683,-887,-890,-689,-323,114,525,819,916,795,491,70,-367,-718,-904,-877,-646,-268,176,588,859,933,792,467,30,-419,-771,-944,-901,-647,-244,215,627,902,969,810,469,21,-432,-790,-971,-926,-666,-258,212,635,907,972,821,482,32,-429,-792,-973,-933,-680,-271,199,623,905,983,840,503,60,-398,-771,-967,-938,-699,-305,154,0,0
38759,mtk,MTK 7916,2421078111,rx2-tx1,512,0,0,0,654,510,258,-39,-321,-526,-611,-569,-406,-151,127,362,520,566,481,288,46,-200,-403,-503,-487,-372,-183,40,242,388,438,387,255,74,-111,-270,-357,-353,-271,-138,23,167,265,290,242,140,8,-111,-201,-238,-215,-135,-27,88,176,211,180,98,-2,-108,-182,-208,-178,-100,14,131,221,249,209,117,-5,-139,-245,-292,-271,-177,-35,126,267,349,347,271,124,-64,-251,-376,-419,-373,-237,-41,170,354,465,477,381,193,-47,-275,-449,-529,-498,-357,-136,120,352,511,561,483,294,37,-220,-433,-556,-549,-417,-203,62,313,493,562,507,346,106,-161,-387,-528,-553,-457,-253,0,272,465,550,518,372,137,-124,-357,-509,-551,-469,-276,-16,243,441,547,531,383,151,-113,-358,-522,-569,-486,-288,-18,255,473,590,575,422,168,-127,-403,-592,-652,-568,-352,-63,266,541,697,702,554,281,-67,-407,-661,-774,-721,-516,-195,183,526,757,838,745,488,120,-273,-616,-831,-872,-727,-436,-52,347,676,862,873,708,400,11,-390,-707,-873,-864,-685,-368,26,409,700,840,812,633,332,-44,-393,-645,-774,-745,-567,-285,46,355,584,693,662,506,263,-31,-316,-523,-616,-594,-461,-254,-5,234,426,533,538,453,299,103,-95,-265,-382,-430,-411,-338,-229,-108,8,102,0,0,0,0,0,105,139,167,180,164,124,62,-15,-91,-162,-208,-221,-196,-135,-56,29,120,192,220,211,165,87,-6,-97,-173,-208,-206,-169,-94,-1,88,159,201,194,148,75,-7,-87,-151,-174,-160,-118,-49,35,101,146,168,141,76,-2,-66,-113,-138,-133,-93,-32,28,80,106,100,80,34,-26,-81,-100,-95,-62,-14,45,98,129,120,80,18,-56,-124,-180,-199,-163,-82,18,127,221,274,260,192,75,-57,-184,-284,-332,-310,-223,-79,90,240,335,365,322,211,55,-111,-263,-356,-373,-311,-185,-13,155,292,365,359,275,130,-47,-210,-328,-372,-335,-227,-66,110,260,353,366,0,148,-22,-189,-332,-394,-354,-240,-71,125,291,381,390,314,171,-17,-206,-355,-422,-394,-275,-100,102,292,420,438,361,201,-7,-225,-394,-477,-450,-319,-108,131,338,474,510,432,254,10,-236,-427,-530,-520,-382,-161,99,342,505,555,487,299,40,-221,-433,-556,-551,-412,-174,103,357,535,594,513,310,37,-260,-502,-624,-609,-455,-193,122,414,616,680,602,385,68,-264,-538,-701,-717,-577,-305,41,388,652,781,736,528,208,-159,-499,-735,-813,-718,-461,-106,265,584,785,817,674,389,23,-346,-642,-790,-774,-606,-307,64,410,657,765,708,502,191,-152,-447,-640,-698,-596,0,0,0,0,0,149,418,590,632,542,338,61,-225,-452,-579,-575,-449,-226,36,281,462,532,484,336,121,-116,-316,-443,-468,-390,-227,-17,187,333,396,376,278,117,-65,-213,-309,-329,-264,-144,-2,142,238,265,228,138,17,-99,-180,-210,-189,-116,-5,103,178,202,164,88,-12,-115,-194,-222,-190,-98,23,142,228,267,235,138,2,-137,-254,-322,-309,-221,-80,93,265,375,395,325,176,-23,-219,-369,-445,-430,-313,-112,122,330,473,519,454,279,35,-213,-412,-532,-544,-424,-213,46,295,484,564,517,359,130,-134,-375,-526,-559,-470,-284,-31,228,436,555,546,406,183,-75,-329,-507,0,-492,-311,-68,193,410,540,547,422,203,-52,-301,-484,-555,-503,-336,-88,180,401,533,545,434,222,-44,-309,-504,-583,-519,-342,-88,194,444,597,615,490,259,-43,-346,-573,-677,-638,-455,-161,174,484,691,747,639,387,50,-303,-604,-788,-806,-642,-341,26,396,693,846,822,628,293,-109,-495,-773,-897,-828,-584,-225,178,551,801,894,810,559,189,-210,-565,-800,-874,-770,-515,-164,214,546,765,819,709,461,130,-213,-511,-695,-740,-636,-404,-100,203,465,628,659,563,370,113,-153,-380,-531,-584,-526,-364,-151,70,274,427,497,482,400,264,95,-72,-207,-292,-327,-310,-259,0,0,0,0,0,-102,-75,-29,36,103,161,197,209,192,144,73,-13,-99,-171,-210,-217,-187,-122,-35,56,143,204,221,194,135,50,-45,-126,-186,-207,-187,-127,-48,39,122,172,187,160,100,17,-61,-124,-153,-156,-126,-67,6,73,125,151,140,86,23,-41,-94,-125,-120,-87,-32,28,73,99,99,80,32,-28,-77,-103,-103,-71,-10,58,120,157,157,116,41,-55,-148,-217,-236,-205,-129,-28,102,218,290,305,258,155,18,-137,-269,-347,-341,-265,-144,14,178,305,368,355,263,125,-49,-223,-345,-385,-348,-238,-75,104,253,348,373,311,179,10,-162,-307,-376,-362,-265,-111,66,0,347,382,327,194,18,-165,-308,-386,-381,-290,-126,69,245,375,420,361,217,29,-169,-333,-427,-430,-331,-158,58,257,400,454,405,258,50,-178,-373,-486,-491,-377,-178,57,295,467,524,470,322,88,-171,-390,-523,-543,-440,-239,18,274,473,566,526,363,117,-166,-400,-543,-564,-459,-248,32,317,524,610,554,369,102,-195,-456,-620,-652,-531,-292,23,342,591,704,669,482,185,-158,-476,-697,-760,-659,-422,-88,277,584,763,776,625,337,-35,-396,-670,-809,-776,-576,-252,127,475,722,819,738,501,161,-207,-529,-740,-786,-668,-409,-70,274,555,720,727,572,300,-27,-335,0,0
38760,mtk,MTK 7916,2421124865,rx0-tx0,512,-349,63,27,-282,-445,-577,-658,-684,-662,-575,-429,-240,-33,172,370,531,661,725,725,660,537,367,161,-57,-271,-457,-598,-683,-712,-677,-589,-442,-259,-64,141,318,469,572,627,630,582,488,350,181,15,-139,-286,-404,-476,-513,-519,-479,-408,-305,-189,-80,44,165,256,339,404,436,444,423,380,318,215,96,-22,-160,-294,-405,-489,-542,-558,-521,-436,-319,-157,23,204,370,504,593,637,631,567,441,271,83,-111,-294,-458,-577,-642,-650,-597,-496,-341,-160,24,213,376,478,552,572,530,452,337,198,49,-92,-225,-330,-396,-430,-422,-378,-314,-239,-151,-52,43,120,182,241,282,299,-511,279,246,194,139,81,3,-66,-135,-198,-260,-299,-325,-327,-304,-254,-181,-97,6,115,215,312,391,429,439,411,351,256,129,-17,-168,-315,-429,-499,-544,-530,-466,-372,-228,-59,108,272,416,523,575,579,540,445,311,150,-23,-193,-351,-478,-554,-593,-573,-505,-392,-241,-71,102,274,401,506,571,570,530,446,318,163,-5,-177,-333,-449,-527,-558,-534,-470,-368,-227,-69,97,240,366,454,506,510,465,376,256,123,-29,-173,-293,-386,-447,-470,-450,-371,-269,-147,-8,127,249,346,410,425,395,330,235,110,-24,-159,-281,-357,-389,-372,-306,-195,-64,68,187,261,277,246,142,125,1179,-322,5,177,111,12,-100,-215,-295,-330,-315,-254,-150,-12,113,229,326,378,391,355,277,175,43,-105,-230,-335,-415,-443,-427,-370,-279,-147,8,158,288,401,466,493,464,394,286,151,-3,-155,-301,-416,-491,-512,-494,-433,-317,-175,-22,127,270,395,484,523,524,462,369,242,80,-77,-223,-356,-451,-517,-530,-492,-420,-297,-151,-7,137,277,386,467,497,481,444,365,248,116,-30,-161,-279,-383,-449,-483,-487,-438,-351,-239,-109,31,166,302,414,482,509,498,454,350,232,79,-85,-215,-351,-459,-524,-547,-511,-442,-340,-204,-41,116,275,397,487,543,551,507,435,317,165,2,-330,-308,-430,-517,-561,-569,-515,-428,-306,-149,19,177,332,457,543,594,595,551,452,307,150,-23,-201,-365,-508,-597,-642,-642,-588,-474,-326,-145,50,238,417,572,675,722,714,643,518,341,136,-92,-305,-499,-664,-757,-793,-760,-659,-513,-305,-70,166,408,607,741,825,848,790,666,483,248,-4,-253,-488,-676,-811,-883,-859,-760,-600,-385,-140,112,361,574,730,820,837,790,667,482,277,39,-199,-417,-582,-702,-762,-749,-673,-545,-379,-182,12,212,391,525,610,647,632,578,477,343,183,5,-165,-319,-436,-530,-590,-607,-572,-492,-374,-222,-65,106,273,414,533,599,626,595,-1117,-892,-729,-124,-125,-593,-495,-350,-173,20,219,411,565,673,713,698,616,486,311,99,-122,-322,-499,-629,-707,-725,-676,-569,-407,-213,-3,202,389,540,637,685,667,592,464,302,121,-66,-234,-382,-493,-559,-569,-548,-489,-381,-247,-117,28,167,282,377,426,454,462,425,361,291,193,86,-24,-138,-245,-348,-433,-470,-489,-481,-425,-331,-212,-71,84,246,382,495,581,609,586,505,377,208,33,-154,-340,-492,-601,-656,-649,-589,-468,-308,-126,61,250,416,551,617,628,578,465,331,179,1,-161,-303,-413,-483,-507,-487,-427,-328,-211,-93,29,138,227,290,337,354,341,308,260,199,121,41,1105,-96,-157,-208,-245,-281,-293,-285,-263,-225,-168,-98,-16,69,160,245,306,357,383,378,337,276,178,57,-65,-194,-311,-402,-471,-500,-482,-422,-305,-177,-28,142,284,413,517,561,557,511,411,272,101,-68,-240,-386,-502,-576,-595,-570,-491,-362,-203,-29,152,309,443,542,587,588,529,422,288,117,-60,-215,-366,-483,-555,-577,-548,-464,-346,-199,-36,130,272,402,488,534,523,464,372,243,101,-55,-209,-334,-421,-474,-490,-448,-375,-267,-140,-6,142,268,360,424,448,423,357,258,139,1,-129,-248,-343,-400,-407,-374,-290,-171,-38,98,221,308,343,333,267,158,32,-72,-46,-84,1145,1419,1469,-136,-220,-265,-268,-216,-117,3,129,242,335,370,354,305,214,86,-50,-181,-293,-371,-421,-417,-364,-279,-153,-9,136,261,365,444,471,447,387,278,146,-8,-157,-292,-399,-466,-495,-480,-418,-307,-156,3,150,295,414,488,521,507,448,345,209,58,-100,-251,-376,-479,-534,-530,-485,-400,-273,-130,38,190,323,433,493,506,492,433,332,208,48,-92,-222,-341,-422,-471,-486,-454,-402,-307,-183,-47,94,236,344,427,484,493,466,405,296,161,13,-125,-265,-388,-468,-532,-520,-480,-412,-288,-144,11,171,307,425,510,544,540,488,387,257,106,-58,-212,-353,-469,-540,-562,826,-469,-370,-233,-80,90,256,386,496,563,577,550,486,368,226,64,-108,-273,-419,-524,-590,-619,-593,-522,-397,-237,-61,124,306,463,586,665,681,647,559,421,238,44,-163,-356,-528,-664,-743,-762,-702,-596,-433,-224,-1,238,450,628,758,810,812,741,586,387,167,-84,-325,-539,-716,-831,-868,-832,-722,-543,-329,-75,186,427,626,776,849,853,786,643,444,209,-37,-282,-503,-664,-768,-807,-781,-679,-526,-333,-107,116,321,491,618,689,704,662,561,423,265,87,-96,-269,-416,-519,-589,-610,-592,-521,-423,-286,-130,39,204,351,476,566,610,614,557,464,323,159,-15,-196,911,1146
38761,mtk,MTK 7916,2421124865,rx0-tx1,512,87,161,177,-425,-576,-689,-748,-741,-675,-557,-382,-182,53,292,504,677,799,865,858,777,632,422,187,-67,-329,-569,-760,-897,-955,-937,-853,-690,-465,-203,84,370,627,838,981,1048,1033,929,744,495,198,-110,-408,-684,-899,-1044,-1106,-1064,-951,-753,-498,-205,109,407,686,905,1052,1122,1099,989,804,552,254,-65,-377,-674,-916,-1084,-1174,-1152,-1045,-857,-596,-279,67,399,706,948,1114,1193,1170,1048,840,570,245,-100,-430,-722,-945,-1097,-1162,-1123,-999,-794,-527,-218,104,412,683,890,1034,1093,1055,932,740,493,209,-82,-375,-630,-822,-947,-1006,-984,-884,-716,-498,-247,29,296,545,747,887,958,-689,889,743,543,299,33,-239,-493,-710,-880,-972,-990,-934,-800,-601,-351,-72,215,492,739,928,1044,1070,1011,869,656,369,49,-270,-577,-837,-1026,-1140,-1150,-1061,-884,-627,-312,34,375,694,945,1126,1208,1180,1040,818,528,182,-171,-513,-809,-1042,-1179,-1214,-1136,-953,-692,-382,-29,327,648,911,1089,1164,1132,997,780,489,158,-169,-479,-741,-931,-1030,-1028,-940,-769,-541,-268,26,295,531,720,832,866,831,724,558,351,118,-121,-334,-515,-650,-720,-731,-679,-560,-391,-189,23,230,413,543,619,641,596,489,335,152,-40,-230,-388,-504,-557,-539,-454,-313,-131,57,225,347,397,371,286,65,97,0,338,218,-150,-125,-63,13,101,178,227,245,233,184,107,21,-69,-155,-224,-269,-288,-277,-232,-164,-86,6,101,192,262,308,330,316,278,217,132,27,-85,-193,-289,-358,-398,-406,-374,-309,-209,-87,45,191,314,407,471,493,461,387,280,133,-29,-186,-322,-435,-506,-529,-503,-432,-328,-189,-25,132,276,394,473,519,514,457,369,248,104,-46,-191,-313,-411,-478,-498,-472,-408,-310,-191,-65,67,195,308,382,432,448,425,363,281,178,67,-52,-170,-264,-339,-395,-411,-398,-353,-275,-182,-78,36,151,248,329,379,390,380,338,268,186,84,-20,-125,-218,-294,-343,-369,-360,-332,-130,-195,-108,-5,94,184,257,312,338,345,323,274,215,138,53,-38,-128,-201,-262,-306,-325,-329,-299,-255,-204,-130,-51,34,118,197,263,311,345,353,340,309,243,161,72,-39,-148,-254,-346,-418,-458,-463,-435,-370,-267,-147,-6,142,286,415,514,572,581,546,466,341,182,3,-178,-355,-495,-606,-661,-669,-610,-507,-357,-174,24,224,403,547,645,692,675,598,476,320,135,-61,-242,-401,-528,-610,-643,-627,-552,-436,-297,-139,25,190,339,451,527,568,562,526,448,332,201,56,-86,-223,-342,-440,-512,-545,-543,-499,-423,-316,-183,-45,119,274,407,517,594,628,617,561,135,292,504,58,24,-577,-434,-259,-52,162,365,555,695,785,823,778,668,500,293,62,-184,-418,-626,-786,-879,-910,-865,-741,-559,-332,-65,204,469,702,873,978,1006,952,814,604,343,53,-247,-529,-769,-956,-1061,-1078,-1011,-852,-626,-355,-41,267,557,807,986,1092,1105,1034,883,654,383,75,-239,-537,-797,-995,-1115,-1144,-1086,-939,-709,-430,-105,229,538,812,1027,1158,1193,1127,968,725,429,99,-246,-572,-847,-1053,-1176,-1191,-1105,-929,-683,-389,-59,273,577,829,1011,1108,1115,1034,865,638,361,52,-257,-531,-764,-934,-1024,-1037,-973,-820,-613,-364,-88,196,463,693,859,961,984,931,809,620,389,129,261,-398,-624,-802,-919,-966,-941,-842,-681,-463,-195,76,352,602,810,957,1027,1016,921,746,506,218,-90,-389,-662,-893,-1052,-1111,-1084,-968,-763,-496,-182,156,480,764,990,1133,1177,1128,975,735,435,84,-279,-614,-889,-1098,-1207,-1207,-1107,-907,-626,-292,69,423,741,981,1142,1206,1150,994,753,441,99,-252,-571,-835,-1026,-1107,-1087,-986,-791,-532,-224,95,390,638,820,930,950,883,749,552,310,52,-206,-432,-612,-732,-793,-782,-701,-564,-377,-162,54,268,450,584,662,682,640,530,373,189,-11,-209,-383,-514,-586,-600,-547,-432,-274,-83,117,291,426,494,484,407,272,104,-63,-190,129,111,0,160,314,62,133,185,209,198,149,70,-16,-107,-191,-244,-270,-267,-231,-167,-87,4,97,182,245,287,307,299,254,184,98,-1,-102,-193,-272,-329,-359,-358,-325,-258,-164,-51,68,188,295,385,430,453,430,347,241,104,-45,-192,-318,-431,-503,-522,-490,-415,-302,-154,6,169,306,415,495,527,510,448,346,214,69,-93,-242,-358,-446,-498,-504,-468,-393,-290,-157,-9,131,252,356,427,465,463,423,343,239,123,-1,-126,-233,-320,-385,-415,-420,-385,-323,-240,-131,-11,103,210,295,355,394,398,372,316,238,131,20,-84,-186,-271,-334,-376,-383,-353,-304,-231,-144,-43,57,152,245,294,341,362,347,308,243,162,68,-21,-116,-195,-256,-307,-329,-330,-303,-260,-203,-130,-51,37,122,186,247,296,323,330,313,272,215,146,61,-29,-120,-212,-292,-351,-389,-401,-381,-337,-266,-173,-52,75,202,320,420,485,521,516,468,382,255,98,-70,-234,-389,-515,-599,-632,-616,-545,-430,-271,-91,109,297,456,587,662,685,652,561,420,250,57,-145,-327,-484,-598,-666,-668,-622,-524,-383,-217,-41,139,311,446,541,595,603,570,488,370,232,82,-72,-213,-346,-448,-515,-547,-539,-499,-419,-320,-195,-52,91,234,358,467,538,577,583,532,438,317,167,-2,-174,-348,-344,-222
38762,mtk,MTK 7916,2421124865,rx1-tx0,512,0,-162,-462,268,446,588,691,732,720,637,504,329,121,-106,-339,-530,-684,-785,-819,-793,-688,-522,-313,-68,176,421,627,773,872,894,833,711,512,269,-2,-275,-517,-721,-871,-947,-930,-832,-683,-464,-201,83,348,591,791,918,966,929,822,634,405,151,-138,-407,-636,-820,-929,-960,-913,-775,-584,-336,-54,220,478,684,848,930,918,832,677,470,219,-48,-305,-534,-709,-808,-851,-815,-710,-554,-346,-121,112,325,514,645,707,723,677,578,443,255,70,-107,-276,-427,-531,-588,-595,-542,-468,-365,-223,-67,88,209,325,422,478,503,482,420,341,239,108,-34,-166,-282,-372,-433,-455,-457,216,-324,-218,-101,13,136,250,339,396,414,412,373,304,214,106,-8,-127,-221,-304,-356,-374,-380,-342,-273,-191,-95,10,122,211,273,317,333,334,291,226,166,83,-6,-91,-154,-216,-248,-267,-271,-251,-222,-181,-113,-43,27,82,145,213,239,266,281,270,247,192,114,32,-55,-154,-228,-285,-334,-353,-333,-282,-202,-101,14,120,212,291,326,344,341,298,220,126,35,-67,-166,-237,-279,-310,-311,-277,-221,-150,-59,33,114,176,240,267,278,272,222,160,81,-8,-93,-161,-217,-247,-250,-237,-196,-138,-64,20,100,168,203,223,216,173,101,25,-53,-124,-155,-161,-137,609,459,0,-240,-17,184,216,188,117,20,-91,-192,-267,-304,-303,-258,-166,-63,46,153,244,298,326,322,267,189,98,-14,-120,-210,-276,-323,-325,-306,-262,-176,-98,-1,98,190,261,298,322,315,283,220,139,54,-43,-129,-214,-290,-332,-350,-340,-285,-207,-125,-40,80,190,281,338,366,366,337,280,187,71,-39,-145,-235,-314,-358,-368,-338,-278,-210,-112,-9,93,172,246,305,326,314,288,244,166,76,-6,-91,-167,-234,-275,-293,-271,-245,-213,-150,-75,6,80,144,200,244,253,243,221,180,126,63,-2,-67,-122,-171,-207,-225,-218,-192,-171,-128,-75,-12,51,89,130,176,187,187,-584,167,126,83,29,-22,-74,-109,-139,-160,-171,-171,-144,-121,-81,-31,6,37,68,103,118,117,125,111,101,98,86,63,40,25,18,-20,-54,-64,-90,-116,-157,-173,-183,-182,-157,-129,-84,-15,61,131,213,269,318,346,349,306,232,124,-1,-129,-250,-369,-450,-499,-505,-459,-349,-218,-74,99,271,425,536,595,604,552,466,325,149,-29,-212,-381,-515,-596,-624,-618,-553,-430,-282,-105,81,260,434,549,616,647,612,520,397,238,67,-127,-301,-438,-558,-620,-631,-591,-508,-374,-227,-60,124,293,429,538,612,625,593,515,400,251,86,-97,-274,-425,-545,-623,-654,-635,-347,-430,0,606,435,653,547,405,221,20,-190,-394,-561,-694,-768,-777,-720,-592,-423,-214,20,252,475,658,793,862,853,775,618,413,180,-91,-346,-582,-770,-888,-930,-889,-767,-588,-365,-99,181,434,660,834,931,948,884,755,555,302,32,-239,-495,-712,-856,-950,-960,-869,-715,-506,-240,35,317,567,759,907,963,935,821,645,415,134,-142,-396,-609,-777,-879,-901,-846,-722,-526,-300,-49,204,422,608,736,788,780,705,574,393,193,-13,-212,-385,-531,-619,-646,-622,-569,-460,-317,-158,14,173,310,433,516,552,530,475,405,292,169,30,-118,-245,-346,-428,-470,-474,-440,-373,-285,-163,-41,82,757,315,383,422,432,418,355,265,155,48,-72,-191,-285,-355,-390,-404,-382,-325,-249,-145,-39,66,178,263,321,361,370,349,288,212,130,41,-56,-156,-228,-281,-316,-314,-292,-249,-196,-125,-54,23,96,152,209,255,269,267,253,239,180,114,56,-20,-92,-168,-236,-278,-296,-310,-294,-235,-169,-80,29,135,233,314,355,368,342,298,212,103,9,-94,-196,-268,-315,-335,-326,-282,-207,-131,-43,55,148,216,266,295,293,264,227,157,76,5,-82,-161,-222,-261,-267,-245,-206,-148,-74,1,80,151,202,237,242,220,169,101,27,-59,-142,-191,-206,-194,-146,-79,-12,59,108,417,0,-367,-437,32,-52,-150,-223,-265,-261,-219,-138,-32,81,195,274,304,308,281,216,124,26,-93,-196,-268,-315,-335,-307,-259,-184,-86,18,109,203,261,300,324,305,264,188,107,29,-66,-151,-232,-281,-313,-326,-305,-265,-186,-94,3,115,213,283,326,356,363,319,247,152,57,-50,-155,-251,-334,-373,-377,-350,-292,-208,-98,19,135,225,294,334,348,332,289,238,149,45,-47,-128,-211,-273,-306,-305,-288,-251,-189,-113,-24,64,119,192,239,264,267,249,220,176,105,27,-43,-111,-170,-211,-231,-237,-227,-201,-155,-96,-30,35,76,122,169,193,206,186,163,146,104,41,-1,-674,-107,-145,-170,-185,-187,-169,-140,-105,-65,-20,38,82,115,143,150,145,136,120,94,59,39,13,-24,-43,-61,-78,-91,-95,-92,-101,-118,-107,-97,-87,-72,-53,-18,17,77,133,179,221,256,257,248,215,149,65,-24,-133,-230,-323,-398,-431,-420,-382,-300,-178,-35,118,276,410,502,553,565,514,416,279,120,-58,-232,-393,-530,-601,-622,-597,-511,-379,-211,-29,154,340,483,580,640,642,594,487,334,170,-10,-207,-371,-500,-590,-633,-630,-557,-457,-310,-134,43,217,375,502,578,620,613,553,452,329,154,-27,-199,-354,-485,-578,-635,-634,-577,-478,-347,-189,-9,183,275,46
38763,mtk,MTK 7916,2421124865,rx1-tx1,512,0,0,0,-550,-628,-564,-367,-78,226,481,622,613,463,213,-88,-364,-551,-607,-528,-321,-48,226,440,552,532,388,151,-108,-329,-467,-490,-394,-198,33,250,396,442,374,211,1,-214,-367,-418,-370,-227,-27,182,343,423,386,250,53,-152,-321,-415,-411,-302,-120,90,280,409,446,384,227,14,-202,-364,-442,-420,-302,-114,89,268,389,408,338,200,25,-152,-286,-347,-329,-232,-95,44,168,258,276,227,131,13,-91,-165,-196,-184,-121,-38,43,103,136,127,81,24,-35,-75,-91,-84,-52,-7,34,52,57,45,15,-21,-51,-60,-54,-26,14,48,64,61,39,5,-38,-80,-102,0,-61,-14,45,102,142,144,110,42,-40,-114,-162,-182,-160,-87,7,99,168,211,207,150,56,-56,-155,-226,-249,-211,-131,-29,95,210,276,272,212,112,-18,-147,-243,-294,-283,-208,-96,35,170,262,298,269,187,64,-68,-179,-253,-276,-247,-172,-59,58,156,224,248,225,163,70,-34,-116,-175,-206,-207,-162,-94,-16,59,124,162,169,152,120,69,-1,-64,-110,-138,-152,-148,-125,-79,-21,47,110,158,185,184,144,80,-3,-89,-159,-204,-213,-184,-123,-39,55,146,210,240,227,176,90,-9,-108,-188,-237,-251,-229,-164,-76,13,95,164,205,216,197,154,103,52,0,0,0,0,0,-62,-34,1,44,88,129,152,151,121,68,0,-75,-145,-190,-197,-164,-98,-11,83,165,215,222,183,94,-17,-120,-207,-254,-243,-175,-68,58,171,250,273,236,142,11,-131,-255,-310,-291,-209,-71,96,231,315,338,277,130,-44,-209,-340,-403,-355,-217,-17,189,358,455,455,335,136,-105,-335,-497,-546,-468,-280,-28,244,475,600,582,423,168,-139,-416,-609,-682,-595,-359,-48,272,551,713,708,540,246,-105,-434,-665,-754,-678,-447,-110,260,566,740,749,588,293,-59,-398,-645,-740,-669,-442,-113,234,521,683,679,513,228,-101,-399,-596,-656,-559,-323,-1,307,537,638,0,374,79,-236,-492,-632,-615,-435,-149,179,468,646,665,526,255,-94,-426,-653,-716,-613,-359,-14,354,639,773,722,494,141,-260,-599,-802,-817,-636,-288,132,524,798,895,780,469,39,-402,-752,-938,-903,-648,-241,221,636,905,967,803,448,-17,-478,-828,-974,-895,-609,-181,292,689,923,940,740,361,-98,-521,-829,-945,-835,-531,-120,322,686,879,859,630,260,-161,-530,-762,-809,-669,-370,8,370,638,745,671,430,86,-267,-538,-678,-650,-465,-165,171,455,627,645,492,223,-92,-386,-587,-637,-535,-301,7,309,533,626,572,376,88,-221,-470,-607,-594,-437,-174,136,406,577,0,0,0,0,0,304,13,-289,-523,-628,-588,-418,-151,153,419,590,623,511,276,-16,-295,-495,-586,-538,-363,-108,164,386,508,509,387,173,-70,-285,-429,-462,-376,-206,16,228,378,428,371,220,11,-196,-348,-409,-366,-237,-52,155,330,416,395,281,97,-121,-308,-419,-435,-351,-184,30,244,397,450,404,264,69,-141,-319,-411,-417,-333,-166,31,207,331,384,346,232,77,-91,-224,-298,-299,-235,-120,13,131,206,228,195,120,28,-68,-145,-172,-157,-110,-34,34,76,102,95,64,22,-24,-65,-76,-58,-24,10,29,46,48,31,1,-33,-62,-66,-39,-11,24,60,85,85,61,15,0,-89,-117,-115,-82,-25,45,105,142,152,131,72,-12,-99,-167,-196,-180,-121,-33,71,165,224,228,183,93,-23,-138,-221,-256,-245,-178,-65,60,179,261,284,248,163,42,-91,-211,-281,-282,-232,-133,-3,126,230,283,280,221,119,-6,-124,-224,-271,-259,-203,-119,-6,95,172,225,234,191,120,38,-46,-120,-167,-187,-175,-135,-77,-12,52,110,142,156,149,124,80,19,-41,-99,-147,-169,-164,-139,-87,-10,62,125,177,204,191,134,55,-30,-118,-193,-229,-230,-188,-114,-17,89,180,236,253,227,169,82,-21,-119,-192,-236,-246,-219,-165,-93,-12,58,113,144,150,0,0,0,0,0,-57,-90,-109,-111,-94,-58,-11,51,110,160,177,163,120,53,-28,-115,-182,-216,-203,-143,-54,49,142,203,234,213,141,33,-86,-193,-255,-257,-201,-101,30,153,248,289,260,170,38,-113,-237,-311,-309,-237,-102,70,232,331,354,296,167,-11,-201,-355,-425,-397,-279,-84,145,347,475,490,401,214,-37,-298,-493,-585,-532,-356,-93,196,453,613,635,508,263,-42,-353,-594,-703,-656,-458,-144,202,512,704,744,616,350,-3,-356,-629,-760,-720,-518,-200,163,481,691,744,625,367,35,-310,-587,-717,-673,-476,-170,168,469,649,670,539,290,-36,-356,-572,-645,-564,-343,-38,0,515,625,585,401,113,-204,-479,-640,-635,-470,-186,146,449,647,694,564,294,-58,-401,-655,-756,-682,-437,-71,309,625,801,787,571,219,-185,-556,-809,-865,-700,-374,42,465,788,919,835,557,138,-323,-700,-918,-930,-723,-343,124,569,879,978,856,530,78,-391,-761,-959,-931,-691,-285,189,612,883,954,810,469,11,-435,-762,-913,-856,-600,-194,245,607,818,838,656,324,-72,-436,-696,-782,-668,-397,-36,321,594,710,657,443,126,-212,-495,-651,-640,-484,-203,127,422,605,637,511,263,-43,-343,-551,-624,-546,-334,-39,267,501,612,575,401,129,-176,-443,-594,-601,-461,-215,0,0
38764,mtk,MTK 7916,2421124865,rx2-tx0,512,0,0,0,-795,-382,120,590,918,1027,886,525,39,-452,-830,-1002,-926,-626,-174,310,718,945,937,688,272,-207,-624,-884,-918,-716,-335,130,554,840,914,749,390,-70,-514,-829,-935,-800,-456,8,476,828,974,870,547,83,-411,-814,-1017,-963,-665,-206,305,750,1009,1009,760,328,-193,-670,-978,-1035,-832,-424,93,587,932,1038,881,500,-15,-526,-909,-1063,-954,-606,-94,451,877,1083,1033,724,225,-337,-824,-1107,-1119,-859,-385,189,721,1074,1175,987,564,-7,-569,-989,-1171,-1077,-725,-207,355,840,1118,1119,845,380,-171,-674,-1010,-1097,-914,-514,5,516,887,1035,928,596,124,-369,-767,-968,-929,0,-229,254,669,911,929,714,316,-154,-589,-877,-939,-766,-402,65,512,830,951,836,507,43,-431,-792,-965,-902,-613,-166,323,744,989,985,740,320,-193,-663,-981,-1068,-895,-498,15,538,933,1109,1017,688,194,-356,-831,-1100,-1111,-862,-401,157,678,1037,1150,992,606,77,-476,-918,-1135,-1092,-799,-319,239,743,1077,1156,967,561,27,-509,-923,-1132,-1083,-787,-318,211,686,997,1082,927,579,104,-384,-768,-968,-955,-736,-364,77,476,762,869,777,521,174,-198,-515,-704,-728,-598,-349,-35,269,499,609,591,451,223,-39,-280,-449,-525,-496,-372,-192,5,189,324,391,387,324,224,112,0,0,0,0,0,-318,-291,-214,-91,71,246,403,503,521,452,295,69,-182,-401,-553,-602,-531,-347,-86,196,440,604,646,543,310,15,-287,-537,-676,-668,-507,-228,104,424,654,726,640,412,83,-271,-562,-730,-726,-558,-256,111,452,690,762,654,386,28,-343,-629,-767,-722,-502,-157,231,564,763,783,614,292,-109,-487,-753,-844,-725,-431,-34,381,713,872,822,577,188,-249,-620,-855,-890,-706,-346,92,514,814,925,812,502,69,-382,-743,-927,-889,-643,-240,218,621,876,924,751,399,-50,-489,-807,-929,-832,-542,-119,331,699,893,875,644,257,-184,-573,-825,-878,-715,-379,43,448,740,846,0,450,57,-346,-667,-816,-755,-509,-135,269,601,782,766,556,200,-208,-568,-786,-802,-615,-266,154,536,785,844,690,360,-71,-490,-787,-896,-784,-470,-33,419,765,923,856,576,145,-320,-707,-923,-920,-689,-283,199,630,902,946,761,392,-86,-544,-854,-948,-806,-468,-13,448,798,941,848,541,97,-374,-752,-935,-884,-611,-181,295,695,933,933,686,271,-211,-642,-915,-956,-760,-373,108,565,882,981,834,473,-6,-487,-850,-996,-895,-578,-117,380,781,989,952,679,234,-271,-708,-973,-988,-762,-351,148,607,916,1007,850,475,-20,-506,-869,-1019,-920,-592,-118,383,784,1002,972,704,0,0,0,0,0,-657,-949,-1017,-840,-455,43,521,872,1016,910,583,113,-384,-778,-976,-930,-656,-223,258,674,917,925,700,305,-159,-586,-866,-921,-740,-371,97,540,839,920,773,426,-35,-496,-829,-953,-832,-496,-33,444,821,992,909,595,133,-369,-790,-1013,-984,-713,-262,257,712,994,1026,804,379,-145,-632,-952,-1034,-857,-462,52,554,910,1038,908,543,38,-489,-894,-1083,-993,-650,-146,400,858,1108,1081,788,295,-278,-783,-1104,-1157,-933,-480,92,642,1039,1182,1036,653,109,-466,-924,-1153,-1101,-791,-294,278,773,1073,1116,887,450,-88,-598,-954,-1070,-929,-564,-68,434,817,998,932,632,182,-299,0,-943,-934,-687,-272,199,619,890,926,730,356,-106,-548,-851,-941,-799,-452,12,472,818,967,875,559,101,-381,-771,-977,-949,-684,-246,262,710,988,1027,814,400,-119,-616,-964,-1089,-960,-593,-80,456,887,1106,1070,776,296,-264,-765,-1081,-1142,-936,-508,41,574,976,1151,1054,705,194,-363,-836,-1112,-1133,-887,-434,118,636,1010,1151,1033,682,172,-374,-824,-1084,-1097,-869,-458,50,536,893,1047,966,672,243,-222,-620,-870,-927,-777,-459,-59,329,631,782,757,570,268,-74,-386,-603,-681,-599,-402,-130,153,390,536,568,482,306,77,-154,-339,-447,-471,-412,-287,-127,30,158,244,290,0,0,0,0,0,-81,-210,-325,-412,-440,-402,-291,-117,98,311,479,566,550,427,219,-38,-301,-512,-621,-604,-458,-211,83,363,576,667,608,415,127,-192,-481,-670,-710,-577,-315,15,349,608,734,690,482,165,-190,-508,-712,-755,-616,-326,41,392,658,767,687,446,99,-286,-606,-772,-755,-561,-226,171,537,767,813,669,364,-39,-443,-742,-856,-773,-506,-107,323,678,872,858,643,272,-172,-574,-844,-912,-759,-425,13,448,783,932,858,581,159,-299,-685,-907,-914,-703,-323,138,560,846,936,800,469,27,-420,-761,-921,-864,-601,-196,250,637,863,876,679,326,-105,-511,-786,-861,-725,-416,-10,0,696,820,748,484,98,-303,-633,-802,-760,-527,-166,243,587,782,782,585,233,-179,-552,-788,-826,-652,-310,115,512,788,869,732,407,-22,-455,-783,-915,-818,-521,-92,367,743,932,891,634,219,-247,-660,-916,-938,-730,-338,141,582,879,949,786,428,-37,-491,-820,-946,-834,-503,-53,409,771,942,869,580,137,-342,-732,-934,-906,-652,-232,250,676,926,942,721,320,-163,-612,-907,-974,-802,-428,61,535,872,989,862,523,51,-436,-816,-994,-926,-626,-175,324,749,985,972,722,299,-203,-657,-945,-1000,-807,-412,86,562,900,1015,883,536,58,-439,-832,-1015,-945,-646,-189,313,739,0,0
38765,mtk,MTK 7916,2421124865,rx2-tx1,512,0,0,0,371,12,-337,-588,-702,-656,-443,-122,211,481,645,648,489,223,-90,-373,-559,-606,-510,-296,-15,259,458,541,489,316,73,-171,-366,-467,-449,-316,-109,119,306,395,386,278,98,-110,-270,-353,-344,-243,-79,101,249,325,309,200,26,-156,-287,-343,-300,-170,6,180,328,383,332,181,-22,-231,-383,-441,-390,-230,4,245,433,519,466,300,50,-231,-451,-566,-548,-387,-115,186,463,633,642,495,235,-99,-424,-650,-722,-630,-387,-37,332,625,763,721,517,189,-191,-530,-744,-783,-632,-342,31,406,687,795,710,465,102,-276,-590,-759,-743,-554,-238,129,474,695,741,604,321,0,-368,-616,-714,-634,-393,-60,286,556,693,663,459,145,-199,-503,-673,-682,-528,-233,125,456,671,710,579,308,-48,-403,-660,-755,-665,-407,-41,344,649,801,760,521,158,-247,-607,-834,-856,-673,-318,123,529,832,956,838,502,48,-425,-802,-1001,-976,-720,-291,206,666,990,1082,925,555,45,-485,-886,-1092,-1068,-796,-338,199,704,1040,1146,995,629,118,-411,-847,-1093,-1105,-866,-445,71,558,912,1062,984,695,255,-233,-651,-907,-972,-836,-521,-105,313,658,854,851,675,378,3,-364,-638,-769,-743,-569,-286,37,336,552,667,653,507,286,40,-199,-382,-483,-503,-447,-329,-188,-46,0,0,0,0,0,145,87,7,-86,-181,-260,-305,-297,-239,-145,-21,116,229,300,322,288,189,51,-94,-224,-315,-335,-287,-185,-50,101,228,312,324,262,146,14,-121,-237,-296,-276,-207,-97,40,156,226,249,223,140,25,-90,-175,-221,-212,-145,-51,46,118,157,153,116,48,-25,-82,-121,-126,-81,-13,56,106,123,98,34,-40,-109,-146,-139,-90,-16,83,170,224,217,166,66,-59,-193,-290,-321,-281,-166,-1,171,309,386,385,298,134,-73,-262,-392,-435,-384,-246,-53,158,339,437,429,322,149,-52,-247,-397,-446,-387,-239,-35,175,339,421,403,292,107,-105,-285,-392,-399,-313,-149,0,243,372,412,341,187,-10,-215,-370,-425,-374,-232,-34,180,350,432,405,278,68,-154,-340,-448,-447,-329,-124,112,321,463,487,384,181,-62,-304,-478,-533,-455,-264,-6,266,487,582,530,355,86,-201,-448,-592,-596,-440,-182,119,393,573,621,510,260,-52,-345,-554,-632,-542,-318,-18,295,544,654,601,393,81,-257,-536,-691,-676,-485,-174,182,512,728,760,598,289,-92,-455,-714,-811,-718,-445,-50,349,669,843,818,589,217,-206,-586,-839,-890,-732,-412,8,440,773,922,850,579,181,-255,-639,-865,-888,-715,-382,45,454,743,869,793,525,136,-275,-612,-787,-784,-610,-294,0,0,0,0,0,634,727,646,411,84,-259,-533,-668,-643,-469,-182,146,432,600,626,505,271,-28,-315,-517,-580,-501,-312,-49,217,417,509,469,317,96,-142,-337,-436,-419,-303,-117,98,276,369,361,253,82,-101,-253,-340,-323,-218,-51,127,266,334,306,193,19,-163,-302,-357,-314,-181,8,203,352,404,348,192,-17,-231,-404,-483,-429,-258,-18,246,450,541,507,343,83,-208,-459,-611,-609,-449,-184,145,453,651,693,569,301,-43,-385,-646,-758,-689,-451,-113,260,582,759,764,590,265,-127,-478,-715,-789,-683,-407,-32,337,622,772,725,500,171,-199,-533,-738,-745,-570,-274,82,417,644,0,630,372,24,-329,-595,-708,-650,-435,-108,247,529,683,673,500,196,-164,-488,-687,-709,-556,-271,87,435,665,728,620,356,-10,-374,-646,-773,-711,-460,-86,313,641,819,803,596,234,-201,-590,-840,-906,-753,-416,34,486,829,989,915,616,167,-327,-754,-1007,-1033,-820,-423,76,563,944,1101,998,667,181,-354,-810,-1081,-1114,-906,-483,50,569,966,1139,1067,759,284,-243,-706,-1012,-1091,-936,-586,-108,385,774,988,994,785,407,-45,-483,-800,-933,-862,-619,-244,157,513,754,825,724,485,154,-202,-498,-679,-719,-629,-420,-139,146,391,557,608,555,412,222,14,-160,-286,-347,-356,0,0,0,0,0,161,221,258,257,211,134,37,-71,-186,-278,-319,-299,-225,-111,25,159,267,324,313,244,126,-25,-164,-259,-309,-307,-233,-105,44,179,276,312,280,180,48,-79,-192,-261,-272,-216,-109,6,113,199,243,217,141,28,-71,-146,-194,-195,-139,-56,31,102,146,141,93,26,-28,-78,-102,-100,-61,1,67,112,127,99,32,-55,-133,-185,-194,-138,-42,80,193,261,266,210,104,-40,-189,-310,-366,-341,-234,-58,127,279,387,403,329,184,-14,-210,-359,-433,-414,-296,-105,114,301,418,440,364,201,-7,-220,-383,-437,-386,-251,-63,138,309,404,403,308,129,-82,-267,-393,0,-335,-169,35,234,368,412,351,209,10,-199,-356,-422,-390,-253,-54,158,341,442,429,302,103,-124,-328,-453,-453,-342,-149,88,316,467,501,407,211,-36,-283,-471,-550,-496,-306,-37,237,460,591,569,403,135,-163,-423,-581,-598,-470,-219,86,369,563,620,528,311,-3,-324,-554,-640,-575,-352,-29,293,539,672,641,432,113,-228,-525,-708,-719,-546,-238,130,480,724,789,664,373,-19,-409,-705,-838,-767,-510,-136,279,641,850,857,659,310,-122,-535,-821,-912,-790,-489,-81,349,701,894,880,661,288,-149,-551,-822,-895,-762,-448,-43,361,676,829,792,571,218,-182,-524,-738,0,0
38766,mtk,MTK 7916,2421198483,rx0-tx0,512,-349,79,63,24,-177,-374,-537,-647,-703,-694,-621,-488,-298,-79,144,356,537,664,727,724,656,517,329,111,-112,-326,-511,-644,-717,-710,-628,-505,-336,-133,75,270,440,559,625,630,581,481,350,180,5,-156,-312,-435,-512,-546,-530,-476,-392,-275,-134,-1,144,279,370,441,483,491,469,411,314,181,39,-103,-254,-392,-501,-565,-584,-551,-469,-331,-157,30,227,402,549,637,667,634,535,391,201,-16,-232,-419,-566,-660,-677,-640,-536,-364,-178,31,237,411,529,598,609,555,443,305,144,-29,-188,-319,-418,-472,-471,-431,-350,-243,-131,-9,106,198,264,313,332,317,289,243,174,101,-511,-36,-109,-170,-220,-254,-264,-272,-251,-203,-157,-95,-21,58,140,211,272,304,325,318,275,212,126,22,-90,-196,-292,-359,-394,-410,-374,-291,-194,-76,61,197,324,407,448,456,421,352,240,103,-44,-199,-324,-424,-494,-516,-470,-393,-283,-138,26,180,316,430,510,532,497,424,305,146,-21,-187,-334,-455,-520,-532,-492,-412,-283,-127,36,200,333,432,492,496,452,368,248,97,-56,-189,-314,-398,-442,-451,-402,-319,-206,-79,56,182,288,369,402,402,351,267,159,46,-80,-197,-282,-346,-359,-337,-279,-188,-76,46,160,255,316,330,295,222,107,-18,-121,-198,-232,-217,49,66,1179,-1455,-1399,-169,-170,-130,-59,39,136,218,268,283,248,167,68,-40,-159,-257,-323,-353,-340,-288,-195,-73,64,196,308,389,427,417,357,254,112,-39,-201,-343,-443,-493,-496,-443,-326,-179,0,170,320,447,520,543,485,387,257,77,-95,-256,-390,-478,-518,-506,-444,-326,-174,-25,124,270,381,446,462,444,385,284,169,30,-116,-232,-319,-374,-404,-393,-350,-282,-189,-79,35,141,237,320,355,372,357,312,246,151,44,-66,-170,-260,-321,-370,-386,-352,-303,-230,-133,-5,114,216,319,384,419,408,355,292,183,62,-67,-199,-308,-396,-437,-453,-416,-338,-234,-107,28,174,286,378,-330,477,442,375,276,148,9,-132,-253,-361,-429,-460,-459,-414,-327,-215,-93,41,181,306,398,462,478,459,407,316,189,55,-91,-228,-356,-457,-524,-543,-518,-451,-336,-185,-8,182,344,470,580,641,642,585,466,298,99,-121,-332,-501,-643,-725,-738,-681,-561,-383,-165,76,311,526,698,793,815,769,647,453,214,-46,-299,-534,-713,-827,-853,-804,-674,-480,-246,31,287,517,693,789,820,779,658,488,271,19,-227,-442,-607,-712,-753,-728,-639,-489,-297,-79,137,326,499,620,678,679,618,504,356,179,-16,-210,-386,-518,-606,-649,-623,-557,-438,-275,-92,93,275,440,555,629,-1051,-1272,-729,-17,-44,-670,-655,-580,-443,-261,-54,161,359,536,662,717,711,638,503,316,95,-130,-345,-528,-658,-727,-722,-650,-516,-333,-119,107,309,470,603,674,675,621,502,343,154,-41,-228,-384,-505,-577,-585,-552,-484,-365,-220,-60,94,230,344,440,491,504,493,422,328,217,88,-49,-184,-309,-418,-487,-516,-510,-476,-392,-265,-107,60,232,389,522,604,638,610,520,372,180,-18,-229,-414,-559,-656,-687,-645,-543,-386,-183,29,229,419,547,627,651,606,498,339,159,-38,-227,-378,-479,-544,-547,-494,-404,-281,-133,15,154,268,347,393,403,375,315,238,144,45,-43,-115,-184,-241,-269,1105,-271,-247,-204,-155,-90,-26,40,114,174,217,260,288,290,270,228,157,72,-12,-114,-203,-278,-339,-365,-359,-326,-259,-160,-52,71,203,307,381,435,444,416,340,218,82,-58,-193,-316,-408,-470,-487,-452,-373,-265,-132,35,189,315,424,497,521,490,413,299,143,-28,-184,-320,-440,-510,-535,-504,-427,-299,-142,29,191,336,450,505,513,471,379,261,111,-50,-194,-319,-417,-478,-476,-435,-348,-224,-95,49,189,298,377,416,417,376,301,186,59,-74,-193,-284,-346,-372,-366,-315,-231,-127,-7,109,215,299,345,344,299,218,108,-16,-130,-229,-288,-291,-247,-167,-64,33,68,44,1145,26,411,-1,80,159,214,237,213,146,56,-52,-167,-252,-296,-319,-291,-216,-119,3,120,230,320,373,387,350,272,155,19,-127,-266,-376,-448,-468,-439,-352,-222,-66,98,269,405,495,531,500,422,295,128,-56,-229,-360,-476,-530,-519,-466,-353,-209,-45,118,270,394,467,486,473,408,295,158,15,-119,-248,-343,-404,-441,-422,-362,-276,-174,-56,67,179,276,345,382,382,351,300,213,113,10,-104,-202,-288,-342,-367,-359,-320,-253,-171,-85,30,136,227,308,372,403,382,345,269,160,42,-94,-208,-309,-389,-425,-436,-393,-318,-206,-78,51,193,302,390,443,461,433,359,270,826,-13,-156,-277,-380,-449,-469,-450,-398,-301,-179,-48,87,222,338,417,458,468,439,365,264,140,-2,-141,-272,-388,-463,-501,-501,-455,-370,-260,-121,35,193,343,466,543,584,577,503,399,254,65,-131,-325,-491,-615,-691,-699,-637,-518,-349,-137,95,323,524,685,779,795,733,608,417,184,-58,-308,-538,-714,-817,-834,-787,-658,-461,-219,47,297,527,697,817,846,786,663,469,245,-1,-254,-475,-645,-759,-804,-767,-653,-483,-269,-40,184,391,557,670,722,697,626,501,324,123,-80,-273,-437,-556,-640,-666,-631,-537,-395,-232,-42,144,315,469,578,635,641,596,483,330,155,-981,-681
38767,mtk,MTK 7916,2421198483,rx0-tx1,512,87,24,43,-86,-266,-439,-573,-664,-694,-663,-573,-429,-235,-16,202,409,589,719,782,780,702,558,366,140,-107,-346,-556,-725,-835,-866,-819,-700,-519,-287,-21,249,497,708,862,935,927,839,669,433,155,-134,-411,-662,-854,-965,-996,-933,-792,-583,-316,-24,264,540,775,934,1021,1021,930,757,515,226,-88,-400,-674,-898,-1047,-1100,-1052,-923,-698,-400,-80,261,584,855,1042,1144,1138,1026,826,546,214,-135,-473,-768,-983,-1104,-1135,-1063,-887,-644,-341,-9,325,621,861,1030,1100,1065,944,745,473,159,-167,-470,-733,-931,-1040,-1054,-978,-815,-589,-304,5,315,587,807,951,1012,991,876,687,440,-689,-136,-422,-673,-867,-981,-1010,-952,-809,-587,-320,-21,279,559,797,964,1046,1030,931,739,481,176,-153,-473,-746,-957,-1078,-1107,-1038,-858,-600,-282,69,408,718,963,1121,1173,1111,945,691,376,18,-351,-685,-958,-1130,-1207,-1159,-993,-740,-415,-48,317,664,937,1113,1187,1146,989,728,411,52,-314,-640,-898,-1071,-1129,-1073,-911,-671,-362,-22,304,587,825,959,994,936,787,563,300,16,-262,-507,-703,-820,-850,-795,-672,-483,-260,-19,230,441,600,698,725,676,563,395,189,-26,-239,-423,-551,-617,-615,-550,-420,-253,-54,144,321,460,532,531,453,320,146,-43,-211,-331,-382,-356,-256,-58,-35,0,-90,-241,124,185,213,205,155,71,-30,-136,-220,-272,-290,-271,-211,-124,-26,77,178,253,306,328,307,263,187,83,-28,-139,-236,-315,-364,-373,-349,-293,-199,-81,49,181,300,390,448,468,423,351,233,81,-79,-244,-381,-485,-541,-540,-485,-374,-228,-48,136,307,448,539,577,562,486,361,196,7,-173,-322,-457,-542,-566,-543,-460,-330,-177,-13,151,302,418,494,525,506,443,335,201,47,-101,-240,-354,-426,-467,-468,-426,-348,-240,-119,18,148,262,363,421,445,428,368,283,174,52,-67,-189,-291,-362,-400,-412,-383,-319,-233,-128,-7,116,217,306,368,390,386,350,282,195,-130,-16,-134,-237,-320,-377,-396,-389,-344,-267,-170,-60,54,165,256,327,373,383,366,317,237,149,44,-62,-158,-242,-313,-356,-373,-362,-327,-265,-178,-86,18,129,233,320,387,426,432,404,340,240,122,-10,-152,-290,-404,-485,-529,-531,-485,-390,-260,-94,81,252,409,537,611,634,603,503,363,191,-6,-209,-394,-543,-644,-686,-664,-586,-440,-266,-65,148,341,507,624,675,671,608,483,318,128,-67,-255,-410,-530,-604,-622,-587,-499,-375,-219,-47,123,279,404,491,543,552,514,434,317,177,35,-106,-248,-362,-445,-501,-523,-496,-434,-348,-221,-79,73,221,355,466,541,567,322,234,504,109,108,-630,-587,-492,-345,-165,38,239,428,588,697,740,720,639,497,305,81,-157,-388,-582,-727,-811,-824,-761,-632,-448,-213,47,302,533,720,851,903,873,765,591,362,87,-191,-460,-697,-867,-952,-959,-880,-731,-503,-234,59,347,596,808,950,1008,980,866,669,416,129,-174,-469,-724,-918,-1035,-1063,-994,-837,-610,-318,3,323,617,876,1041,1118,1106,982,767,479,149,-199,-526,-809,-1019,-1137,-1150,-1059,-872,-599,-284,60,401,700,930,1081,1133,1077,922,699,409,81,-249,-547,-802,-983,-1073,-1066,-967,-783,-528,-230,85,390,656,865,996,1040,986,848,638,372,78,-225,-506,-738,-907,261,-997,-914,-752,-520,-243,53,349,618,830,967,1025,986,871,664,401,102,-212,-508,-764,-953,-1062,-1077,-989,-807,-548,-238,94,430,727,958,1107,1151,1084,919,660,338,-19,-382,-705,-963,-1131,-1196,-1140,-978,-717,-392,-31,343,678,945,1126,1196,1149,995,735,411,51,-316,-655,-922,-1090,-1164,-1116,-958,-712,-395,-38,313,619,865,1024,1070,1007,862,632,339,23,-285,-560,-767,-890,-923,-864,-729,-524,-272,-4,253,474,646,747,781,737,611,440,230,-4,-229,-428,-579,-658,-673,-620,-502,-336,-137,68,266,427,535,583,557,469,320,132,-66,-249,-386,-467,-470,-397,-264,-99,67,188,77,100,0,342,261,134,76,-11,-104,-191,-247,-266,-239,-173,-80,21,125,215,274,303,296,254,181,93,-15,-120,-211,-289,-332,-341,-321,-265,-184,-76,43,155,259,346,397,416,392,324,218,91,-62,-209,-330,-437,-493,-509,-466,-367,-233,-63,114,280,423,524,575,559,491,363,199,23,-161,-332,-466,-556,-584,-545,-468,-346,-183,-9,162,321,442,513,541,514,443,330,191,32,-123,-268,-386,-464,-503,-487,-433,-337,-218,-83,61,195,312,395,448,460,420,358,259,138,10,-123,-235,-324,-388,-418,-418,-379,-308,-207,-93,23,150,254,332,388,409,388,338,267,164,50,-62,-176,-271,-342,245,-400,-377,-320,-237,-129,-14,96,201,287,349,384,390,356,290,206,105,-4,-105,-207,-281,-335,-371,-373,-344,-290,-212,-116,-12,94,194,281,346,385,400,380,328,252,162,54,-69,-189,-303,-396,-454,-483,-469,-414,-318,-198,-50,107,267,405,515,583,590,552,461,323,149,-34,-234,-412,-545,-638,-674,-644,-554,-409,-229,-27,181,376,531,631,683,667,593,463,287,88,-109,-303,-465,-583,-647,-653,-601,-495,-353,-175,14,195,356,477,558,589,567,500,393,257,108,-52,-205,-332,-436,-493,-514,-507,-458,-367,-256,-131,12,156,282,394,479,528,540,505,429,316,169,2,106,260
38768,mtk,MTK 7916,2421198483,rx1-tx0,512,0,-547,-417,-47,148,334,493,617,688,697,637,520,339,127,-101,-326,-531,-694,-780,-807,-755,-625,-429,-192,67,321,551,729,840,879,829,705,505,245,-43,-311,-552,-749,-881,-925,-873,-744,-541,-283,-9,266,520,715,854,911,885,774,583,337,85,-182,-448,-666,-822,-898,-890,-791,-642,-421,-161,118,384,601,765,866,890,824,672,465,217,-60,-302,-529,-711,-815,-841,-783,-656,-473,-240,2,236,451,613,713,744,705,602,448,257,53,-141,-325,-475,-580,-637,-616,-555,-449,-300,-135,36,196,342,458,520,548,518,441,343,208,69,-96,-238,-358,-443,-492,-499,-446,-374,-259,-119,24,216,290,389,449,458,444,388,282,156,19,-118,-246,-340,-397,-418,-406,-358,-276,-165,-46,82,188,269,327,353,340,300,242,158,64,-40,-115,-175,-226,-249,-255,-237,-199,-153,-102,-45,3,51,100,134,154,177,185,186,175,150,121,79,26,-36,-104,-164,-222,-272,-292,-287,-259,-190,-108,5,114,209,302,368,379,364,311,211,94,-34,-160,-284,-372,-398,-389,-357,-272,-162,-30,88,200,300,360,388,366,309,219,113,-2,-110,-208,-280,-331,-338,-314,-260,-160,-55,42,141,225,279,303,281,230,166,72,-24,-109,-191,-252,-270,-243,-174,-91,3,88,151,182,173,135,-132,-369,0,269,349,-72,-150,-218,-253,-231,-160,-59,54,160,243,301,311,273,194,102,1,-112,-213,-288,-316,-318,-280,-204,-113,-10,97,189,265,308,317,292,244,167,83,-7,-99,-181,-255,-294,-304,-291,-257,-183,-100,-13,83,172,249,301,334,326,301,241,154,41,-71,-178,-271,-346,-379,-372,-341,-272,-167,-53,79,190,302,373,396,389,339,259,147,29,-84,-198,-301,-365,-383,-374,-326,-250,-151,-43,61,164,264,328,359,340,299,233,150,52,-45,-144,-221,-274,-302,-310,-288,-227,-151,-70,8,98,181,231,272,265,241,201,150,91,16,-56,-118,-172,-213,-232,-211,-187,-161,-105,-584,14,70,111,139,171,179,166,145,114,71,32,-9,-47,-84,-107,-122,-120,-120,-115,-94,-76,-46,-23,-4,29,51,71,88,96,101,111,117,117,104,79,48,20,-24,-72,-120,-163,-197,-226,-219,-209,-177,-113,-35,40,123,217,289,351,372,349,298,219,97,-39,-162,-288,-397,-468,-499,-469,-394,-281,-131,40,210,350,464,540,569,526,442,315,148,-32,-206,-356,-486,-563,-588,-567,-476,-350,-197,-12,177,337,467,560,598,584,509,393,241,61,-122,-280,-410,-518,-578,-585,-537,-436,-297,-142,30,204,348,461,542,577,558,497,389,244,80,-95,-253,-397,-512,-590,-230,-64,0,-110,-367,642,639,571,453,288,92,-121,-322,-514,-655,-734,-751,-698,-575,-387,-159,76,321,537,710,816,842,794,658,456,221,-53,-317,-549,-748,-867,-902,-849,-717,-520,-268,20,293,545,749,875,913,873,750,561,328,56,-219,-484,-702,-843,-899,-891,-789,-613,-382,-125,148,401,615,796,893,903,821,655,443,193,-74,-340,-571,-745,-852,-865,-793,-668,-480,-239,16,267,483,659,767,788,749,638,463,257,27,-197,-392,-553,-653,-685,-662,-577,-447,-286,-99,90,254,410,514,568,573,537,453,321,173,16,-147,-277,-394,-469,-514,-515,-457,-368,-245,-108,49,192,316,420,477,499,757,394,283,140,0,-128,-265,-369,-428,-455,-434,-377,-276,-158,-26,98,210,302,368,392,379,323,253,171,60,-49,-141,-219,-277,-306,-302,-266,-234,-168,-91,-9,69,129,170,206,211,208,198,179,144,104,55,2,-45,-89,-122,-154,-187,-216,-231,-222,-193,-149,-77,6,86,179,249,310,338,322,286,220,111,-15,-132,-257,-353,-404,-412,-382,-310,-186,-52,69,189,299,362,390,371,329,248,139,17,-101,-209,-293,-344,-358,-334,-273,-186,-84,26,127,220,283,307,306,281,218,127,24,-84,-162,-224,-269,-268,-247,-196,-108,-4,99,178,218,227,198,139,62,-18,-74,524,397,0,-242,-88,-191,-156,-85,20,135,225,279,287,247,173,72,-45,-158,-244,-292,-313,-296,-241,-152,-48,54,160,241,291,318,308,262,188,88,-12,-110,-197,-263,-293,-308,-286,-246,-177,-85,6,93,183,260,294,311,306,269,212,132,34,-72,-164,-260,-326,-363,-361,-322,-254,-159,-38,77,187,301,366,400,389,341,264,145,28,-93,-207,-301,-366,-380,-368,-337,-258,-153,-31,82,190,278,343,361,348,311,242,156,52,-66,-163,-247,-301,-320,-324,-296,-234,-157,-67,22,121,202,253,279,288,281,234,170,85,-9,-82,-153,-200,-237,-250,-230,-200,-163,-106,-26,50,97,148,185,-674,194,177,140,106,67,14,-33,-77,-119,-145,-152,-153,-139,-123,-91,-54,-17,14,50,75,91,105,100,106,106,91,75,56,35,25,5,-22,-54,-82,-103,-124,-145,-164,-161,-147,-114,-77,-12,58,116,191,249,282,287,282,238,174,76,-39,-156,-254,-347,-419,-432,-410,-353,-244,-120,30,182,319,431,507,534,500,416,298,150,-30,-203,-350,-482,-564,-586,-546,-465,-341,-169,10,197,359,473,565,610,584,502,377,220,36,-140,-310,-445,-546,-599,-587,-516,-411,-271,-99,68,239,382,489,554,580,536,449,333,191,24,-144,-295,-427,-517,-578,-585,-536,-444,-307,-145,-270,-356
38769,mtk,MTK 7916,2421198483,rx1-tx1,512,0,0,0,-633,-512,-275,31,327,550,642,600,441,185,-112,-387,-577,-640,-554,-354,-94,185,421,560,564,450,243,-3,-248,-434,-512,-469,-325,-112,120,318,431,444,356,184,-36,-237,-383,-441,-402,-260,-56,163,339,438,433,339,161,-63,-264,-400,-457,-414,-280,-84,131,320,437,457,381,222,16,-191,-350,-439,-436,-340,-176,17,199,335,402,376,279,130,-37,-194,-300,-339,-310,-218,-90,46,157,234,255,225,151,54,-39,-114,-164,-179,-150,-92,-27,33,74,96,99,81,48,19,-10,-31,-38,-34,-26,-24,-18,-11,-3,-6,1,11,22,26,36,44,43,30,6,-29,-64,0,-93,-75,-44,-2,53,106,128,129,104,53,-9,-64,-117,-149,-146,-110,-54,20,89,149,182,174,127,60,-21,-103,-167,-196,-180,-128,-57,31,121,175,186,169,126,51,-36,-109,-164,-180,-160,-105,-36,29,93,137,147,118,78,30,-23,-65,-77,-87,-77,-45,-18,1,18,24,15,2,-2,-3,5,18,44,69,78,58,26,-13,-59,-110,-144,-150,-125,-75,-6,72,145,195,219,193,120,21,-79,-173,-247,-271,-238,-161,-54,70,179,266,299,270,208,102,-30,-160,-261,-316,-318,-267,-166,-41,86,205,290,321,306,245,155,49,-59,-152,-216,-245,-241,-210,-160,0,0,0,0,0,-105,-134,-144,-133,-97,-43,25,107,178,223,233,203,133,43,-56,-159,-244,-280,-258,-192,-80,49,179,274,318,297,210,77,-75,-215,-317,-356,-328,-223,-69,106,264,368,397,344,216,35,-155,-321,-423,-430,-337,-172,25,226,391,468,434,315,124,-107,-316,-467,-520,-451,-277,-48,201,415,546,560,446,229,-45,-320,-525,-613,-573,-416,-164,139,422,616,676,591,374,68,-251,-520,-683,-709,-584,-324,16,349,602,733,713,538,245,-101,-423,-660,-753,-693,-485,-167,189,493,684,738,635,394,67,-267,-541,-696,-688,-527,-258,58,360,580,662,585,381,98,-208,-468,-616,0,-477,-228,73,368,580,656,580,361,58,-261,-526,-670,-669,-509,-224,113,427,652,739,659,422,80,-281,-580,-757,-769,-605,-303,70,437,709,829,761,515,156,-237,-594,-826,-874,-728,-410,-1,405,737,911,875,645,279,-148,-555,-836,-936,-820,-525,-117,319,680,894,911,726,379,-49,-471,-781,-920,-860,-609,-219,214,587,829,893,761,458,60,-343,-662,-840,-823,-617,-285,94,447,697,782,683,439,96,-256,-542,-703,-703,-540,-255,79,391,606,684,605,388,76,-248,-508,-650,-642,-488,-224,90,382,585,653,575,371,88,-225,-485,-631,-631,-493,-243,59,343,548,627,564,0,0,0,0,0,-134,-403,-587,-650,-575,-366,-88,220,481,628,636,517,288,-4,-288,-506,-603,-569,-412,-175,89,326,489,543,468,291,56,-182,-379,-484,-472,-357,-160,68,267,405,448,381,219,12,-193,-360,-444,-415,-293,-102,113,303,417,439,367,209,-1,-207,-367,-455,-446,-339,-157,58,259,402,457,416,285,98,-98,-278,-408,-434,-369,-235,-65,113,258,352,369,313,189,38,-106,-221,-291,-286,-228,-123,-13,89,168,210,198,144,76,1,-66,-116,-134,-125,-82,-39,6,48,68,69,59,44,22,-1,-14,-13,-16,-22,-20,-20,-26,-30,-27,-21,-10,8,33,57,69,73,65,0,-24,-60,-89,-106,-97,-65,-27,21,83,131,147,132,82,15,-52,-118,-164,-170,-153,-105,-27,68,139,184,191,164,101,18,-69,-144,-188,-189,-159,-93,-6,82,150,181,177,145,82,5,-71,-127,-157,-151,-125,-74,-6,55,101,121,110,88,45,-10,-39,-50,-58,-58,-38,-12,6,6,-2,-4,-13,-27,-27,-8,24,60,88,108,110,81,22,-45,-100,-148,-181,-178,-134,-60,31,125,194,230,234,187,95,-23,-134,-225,-277,-275,-226,-135,-19,109,221,295,317,284,198,71,-66,-187,-280,-330,-315,-248,-157,-37,89,194,267,305,295,244,170,86,2,-70,-121,0,0,0,0,0,47,9,-36,-93,-148,-188,-194,-178,-134,-61,35,130,204,246,249,202,116,3,-123,-229,-286,-288,-241,-142,-5,131,248,325,339,276,154,-3,-165,-294,-372,-373,-291,-145,34,209,347,416,399,290,112,-93,-276,-404,-441,-381,-248,-48,172,359,465,472,376,197,-33,-264,-446,-533,-503,-355,-125,134,376,544,594,509,312,47,-231,-473,-628,-643,-506,-258,45,345,581,696,664,482,200,-126,-434,-655,-737,-658,-438,-119,226,529,714,747,622,370,39,-304,-582,-741,-734,-567,-283,53,379,620,723,668,468,171,-159,-450,-637,-677,-570,-339,-30,276,516,641,613,441,172,0,-424,-593,-631,-522,-292,13,321,557,661,622,442,143,-189,-478,-669,-710,-581,-327,10,354,626,759,716,517,199,-174,-519,-748,-807,-690,-419,-41,353,667,833,820,627,287,-129,-513,-793,-900,-811,-535,-137,296,660,882,921,748,406,-18,-439,-771,-924,-869,-630,-248,187,583,858,942,811,500,90,-337,-691,-892,-884,-684,-347,60,455,747,868,791,543,182,-213,-558,-768,-797,-656,-373,-14,345,616,745,703,499,182,-168,-470,-657,-696,-578,-325,-4,305,543,665,632,447,158,-165,-437,-609,-641,-529,-294,4,303,532,639,603,428,153,-154,-424,-594,-627,-532,-319,-25,278,0,0
38770,mtk,MTK 7916,2421198483,rx2-tx0,512,0,0,0,-285,204,649,945,1031,886,538,63,-415,-792,-993,-976,-727,-314,161,598,894,978,839,507,55,-403,-760,-936,-896,-647,-241,220,623,875,920,740,383,-62,-495,-815,-945,-847,-543,-107,352,737,959,954,716,304,-183,-633,-934,-1019,-868,-517,-43,446,833,1022,972,699,258,-237,-678,-964,-1026,-837,-451,42,522,887,1046,953,634,164,-348,-783,-1039,-1047,-806,-371,151,647,1006,1136,995,619,100,-446,-900,-1156,-1145,-875,-401,163,695,1076,1218,1086,706,179,-393,-878,-1165,-1186,-948,-501,51,588,992,1163,1082,757,266,-283,-756,-1050,-1101,-904,-510,-13,484,864,1037,970,685,244,-243,0,-941,-981,-798,-438,25,478,814,965,891,601,175,-287,-682,-919,-944,-746,-378,76,516,841,969,874,580,146,-331,-727,-961,-977,-761,-364,115,578,914,1041,930,614,154,-359,-799,-1061,-1084,-869,-452,66,581,966,1145,1071,762,269,-284,-771,-1095,-1185,-1013,-624,-97,459,914,1174,1176,924,471,-90,-626,-1025,-1207,-1135,-825,-337,219,720,1070,1195,1074,727,232,-299,-755,-1053,-1129,-971,-623,-155,329,723,958,996,827,497,85,-331,-661,-842,-848,-684,-383,-26,306,567,711,703,545,291,-8,-288,-496,-595,-580,-453,-243,4,233,407,502,506,419,271,92,-82,-229,-326,-358,-335,-270,0,0,0,0,0,-206,-310,-385,-417,-387,-290,-137,50,250,425,538,560,489,332,107,-147,-387,-560,-624,-566,-398,-152,127,393,590,666,608,428,151,-162,-443,-644,-714,-625,-408,-102,234,521,706,745,622,359,20,-319,-593,-743,-736,-570,-273,85,432,682,782,705,470,133,-239,-557,-757,-781,-627,-333,38,406,688,812,760,532,178,-218,-563,-792,-846,-708,-408,-18,389,708,866,835,621,257,-167,-554,-821,-904,-790,-503,-100,331,692,900,905,704,346,-89,-503,-807,-930,-847,-578,-176,266,645,884,926,756,418,-5,-422,-750,-915,-870,-629,-245,181,560,815,889,754,448,48,-359,-679,-839,0,-585,-234,173,542,782,834,692,388,-4,-397,-703,-844,-779,-530,-162,251,610,829,851,673,335,-82,-489,-785,-901,-813,-533,-124,316,691,909,914,707,335,-119,-552,-866,-978,-864,-554,-111,358,738,954,958,737,342,-129,-567,-879,-985,-859,-535,-91,383,765,960,932,690,285,-185,-609,-891,-967,-811,-470,-14,449,805,974,916,632,205,-264,-676,-939,-974,-779,-406,63,521,851,981,887,587,150,-326,-730,-959,-967,-747,-355,122,573,886,990,869,549,96,-380,-769,-975,-959,-724,-322,156,601,906,1004,865,531,70,-403,-785,-989,-964,-712,-302,183,627,916,999,862,524,64,0,0,0,0,0,-982,-1001,-805,-422,58,523,872,1025,941,640,197,-286,-699,-952,-982,-783,-410,52,501,827,958,865,569,141,-316,-692,-907,-911,-698,-314,140,558,848,935,798,469,19,-428,-780,-951,-893,-623,-208,274,697,950,980,786,411,-74,-541,-888,-1034,-934,-611,-151,349,769,1007,1014,780,362,-138,-603,-929,-1035,-897,-547,-66,439,840,1042,997,712,261,-262,-727,-1034,-1094,-899,-493,35,563,968,1154,1078,752,250,-314,-817,-1137,-1201,-998,-568,-6,555,994,1211,1154,845,351,-218,-739,-1084,-1190,-1029,-647,-118,430,873,1113,1102,842,394,-132,-617,-954,-1074,-947,-603,-132,365,769,989,984,0,341,-132,-573,-878,-972,-840,-516,-77,377,746,943,921,680,279,-180,-597,-882,-964,-815,-473,-28,423,785,972,926,660,239,-235,-665,-944,-1015,-849,-491,-8,484,871,1067,1027,750,296,-230,-706,-1030,-1132,-985,-612,-103,428,873,1138,1147,899,446,-103,-628,-1013,-1184,-1104,-781,-283,276,776,1116,1211,1041,651,126,-421,-887,-1162,-1195,-969,-543,-5,521,936,1150,1121,868,444,-66,-552,-910,-1071,-1015,-761,-352,108,526,817,934,857,613,254,-138,-488,-721,-792,-701,-477,-171,154,434,612,658,571,379,122,-148,-381,-523,-556,-489,-341,-140,78,269,401,456,433,347,226,91,-36,-139,0,0,0,0,0,253,183,76,-70,-229,-374,-476,-513,-469,-343,-153,74,301,485,588,583,469,264,4,-269,-493,-624,-633,-520,-298,-12,285,533,674,673,532,278,-35,-345,-595,-723,-703,-527,-239,105,430,666,755,683,470,154,-199,-513,-717,-763,-640,-373,-18,333,611,763,749,559,237,-142,-492,-728,-809,-709,-442,-71,311,631,811,809,617,296,-95,-479,-766,-874,-779,-517,-136,282,639,856,882,711,379,-38,-451,-770,-920,-858,-607,-227,213,611,868,929,783,468,49,-385,-730,-912,-892,-668,-297,140,543,827,927,821,533,130,-303,-665,-877,-884,-694,-354,61,458,749,868,788,525,145,0,-612,-811,-821,-641,-321,78,464,734,829,732,459,77,-321,-649,-829,-807,-595,-242,173,558,815,881,739,433,18,-410,-753,-919,-870,-621,-230,225,631,893,954,799,452,-2,-458,-804,-970,-912,-647,-231,243,664,927,975,805,440,-23,-475,-818,-977,-901,-615,-186,286,691,936,961,759,382,-81,-526,-851,-971,-862,-551,-111,352,737,954,943,705,301,-170,-603,-897,-980,-832,-492,-36,431,801,981,932,664,245,-233,-657,-929,-984,-811,-452,10,479,830,985,913,640,212,-272,-689,-943,-984,-798,-430,38,501,849,995,912,622,185,-300,-717,-965,-996,-795,-410,69,525,863,1008,0,0
38771,mtk,MTK 7916,2421198483,rx2-tx1,512,0,0,0,71,-207,-434,-567,-570,-441,-223,40,287,466,539,495,336,115,-121,-330,-459,-484,-401,-233,-20,191,345,414,394,282,109,-69,-231,-329,-347,-284,-155,-4,131,228,272,236,140,23,-89,-173,-205,-182,-105,-1,90,158,181,137,45,-47,-133,-188,-194,-139,-30,94,192,252,258,188,60,-98,-245,-349,-368,-296,-147,52,257,405,463,426,297,80,-179,-399,-531,-550,-456,-239,39,306,524,635,608,439,158,-170,-455,-649,-717,-627,-385,-60,287,579,749,752,590,307,-51,-406,-681,-802,-743,-527,-194,182,520,752,814,695,432,78,-297,-609,-788,-788,-604,-299,66,422,682,0,714,488,156,-215,-541,-740,-768,-626,-360,-5,351,624,750,709,511,197,-164,-485,-701,-755,-632,-371,-26,330,612,754,715,508,186,-178,-503,-727,-791,-657,-374,-16,366,676,828,801,598,245,-174,-560,-825,-901,-790,-506,-109,341,727,954,960,766,415,-29,-486,-854,-1043,-1000,-736,-326,161,620,950,1082,987,687,256,-252,-707,-1013,-1107,-965,-634,-176,314,736,1013,1076,913,574,126,-338,-719,-952,-989,-830,-512,-105,318,666,873,900,748,451,76,-294,-583,-750,-780,-660,-408,-93,220,481,644,678,587,398,143,-130,-359,-512,-578,-543,-422,-254,-61,129,274,357,379,347,269,0,0,0,0,0,199,226,234,202,133,37,-71,-172,-256,-313,-319,-270,-183,-64,80,216,303,331,311,237,111,-32,-169,-273,-331,-330,-259,-132,5,149,263,328,320,250,133,0,-135,-241,-294,-287,-227,-116,22,135,224,262,248,187,86,-31,-130,-198,-222,-185,-115,-39,45,115,153,139,100,52,1,-60,-91,-84,-62,-25,28,61,68,38,1,-42,-89,-122,-120,-84,-23,67,155,206,226,196,118,4,-134,-239,-303,-312,-258,-147,7,168,290,358,363,290,148,-26,-197,-333,-402,-384,-279,-119,64,235,355,390,349,232,61,-131,-283,-369,-372,-299,-157,22,194,324,381,350,232,0,-127,-273,-360,-372,-291,-145,36,216,353,411,369,239,56,-148,-323,-418,-423,-330,-155,60,261,400,451,406,271,70,-160,-356,-471,-481,-374,-180,52,277,450,516,462,312,81,-177,-391,-520,-531,-421,-222,24,274,465,538,484,335,109,-158,-387,-518,-538,-426,-208,52,297,481,560,498,316,59,-218,-443,-567,-564,-425,-184,103,370,566,631,544,331,42,-260,-507,-651,-657,-505,-227,106,410,628,712,642,425,111,-230,-528,-709,-737,-609,-338,11,359,627,762,731,543,238,-115,-444,-678,-761,-684,-461,-139,207,499,680,714,597,350,27,-287,-530,-654,-641,-476,-215,79,0,0,0,0,0,600,562,397,148,-125,-362,-519,-565,-492,-304,-44,210,397,498,498,376,172,-53,-262,-408,-455,-396,-259,-76,130,294,379,373,286,144,-19,-174,-279,-304,-261,-167,-36,98,192,230,205,131,26,-74,-153,-182,-147,-72,21,110,163,169,127,33,-80,-170,-222,-225,-161,-43,102,228,307,313,232,87,-90,-262,-384,-422,-365,-216,-2,225,406,506,494,369,151,-116,-369,-546,-605,-529,-328,-48,252,507,660,666,529,274,-50,-372,-631,-748,-693,-488,-177,179,497,717,788,691,439,87,-291,-602,-778,-782,-614,-318,54,420,685,792,742,534,196,-192,-531,-750,-805,-678,-405,0,312,615,778,758,574,261,-105,-445,-680,-759,-677,-444,-108,252,553,730,743,581,294,-58,-404,-658,-757,-680,-444,-107,257,555,730,748,586,288,-77,-443,-711,-811,-732,-486,-118,280,623,832,865,700,380,-40,-462,-788,-942,-894,-650,-259,200,617,913,1018,894,585,136,-344,-750,-1003,-1048,-868,-507,-30,464,852,1062,1055,829,429,-50,-532,-905,-1084,-1041,-793,-386,95,544,879,1048,992,731,337,-107,-521,-827,-958,-894,-649,-290,110,470,733,842,788,576,256,-97,-406,-634,-738,-699,-517,-252,40,317,529,631,617,495,299,69,-157,-345,-468,-506,-465,-360,-222,-76,47,138,0,0,0,0,0,-64,14,94,169,240,286,293,252,175,67,-55,-180,-275,-328,-321,-258,-152,-25,111,240,321,337,295,197,64,-78,-217,-316,-340,-298,-207,-71,79,215,297,317,275,186,60,-76,-197,-262,-274,-242,-157,-37,79,173,229,230,183,107,7,-82,-148,-185,-178,-124,-51,21,71,107,112,91,49,-11,-51,-62,-63,-32,14,61,97,96,51,-9,-69,-124,-161,-171,-138,-60,33,144,240,283,263,195,68,-74,-210,-311,-350,-312,-214,-72,96,253,357,386,326,199,33,-136,-281,-379,-398,-323,-171,11,188,321,385,367,277,121,-64,-231,-339,-372,-328,-205,-30,150,293,0,356,262,106,-74,-247,-365,-393,-330,-192,-3,191,336,406,392,286,104,-106,-290,-408,-434,-367,-213,-9,206,390,483,450,317,119,-105,-314,-462,-509,-425,-242,-21,218,422,520,492,362,154,-94,-329,-496,-542,-467,-293,-51,210,430,540,519,374,154,-103,-338,-509,-554,-461,-267,-8,256,468,558,508,351,113,-166,-420,-575,-597,-489,-261,41,335,552,647,599,408,129,-190,-482,-666,-692,-582,-333,3,335,592,726,698,509,207,-136,-446,-671,-756,-674,-446,-119,241,551,737,760,613,349,20,-320,-596,-735,-711,-531,-245,87,398,618,698,625,421,131,-179,-452,-613,-636,0,0
38772,mtk,MTK 7916,2421244906,rx0-tx0,512,-349,-66,-284,-573,-462,-322,-168,7,179,344,490,613,689,719,699,647,553,424,271,89,-101,-273,-425,-564,-659,-713,-715,-679,-600,-479,-337,-173,7,180,339,468,567,624,653,642,583,490,379,252,107,-48,-179,-300,-405,-476,-523,-546,-529,-488,-429,-347,-253,-144,-42,65,176,274,366,439,489,511,519,505,465,387,280,160,24,-117,-261,-398,-504,-591,-645,-651,-614,-545,-430,-293,-132,49,229,383,525,630,680,692,655,567,457,311,138,-35,-207,-353,-471,-554,-600,-605,-575,-505,-395,-272,-144,-8,121,236,325,395,433,439,425,388,338,262,187,103,22,-54,-120,-185,-242,-281,-511,-316,-310,-295,-275,-235,-186,-129,-62,4,81,154,221,275,330,356,361,363,335,280,221,133,31,-76,-176,-268,-354,-422,-456,-470,-448,-401,-329,-227,-111,17,146,266,366,449,498,511,503,461,378,278,164,29,-96,-226,-343,-437,-501,-530,-534,-499,-431,-336,-219,-92,51,184,313,417,486,533,545,518,457,373,251,122,-17,-160,-288,-390,-463,-507,-511,-485,-428,-340,-234,-114,15,144,247,331,405,439,448,424,369,298,199,96,-10,-114,-217,-301,-349,-385,-389,-368,-324,-252,-158,-57,54,153,232,302,338,349,333,280,204,106,-4,-110,-197,-260,-284,-264,-209,-132,541,372,1179,-782,-1050,123,81,10,-71,-159,-226,-263,-282,-263,-204,-125,-26,76,179,260,322,355,359,336,281,200,101,-17,-145,-261,-352,-427,-468,-454,-418,-351,-247,-127,18,172,303,422,508,544,545,496,405,299,156,-3,-153,-298,-411,-499,-542,-551,-514,-440,-346,-229,-86,51,189,310,396,465,494,488,463,396,309,217,99,-21,-133,-236,-329,-392,-432,-441,-421,-386,-325,-242,-154,-55,52,146,227,302,353,385,397,387,356,308,238,155,69,-37,-129,-219,-303,-361,-399,-425,-421,-391,-338,-264,-170,-66,43,151,253,345,413,450,465,454,407,335,244,140,20,-103,-223,-317,-382,-439,-330,-472,-441,-384,-303,-200,-92,16,127,234,317,394,437,465,461,423,366,289,201,104,0,-111,-229,-319,-383,-442,-480,-476,-455,-417,-353,-261,-159,-48,69,196,317,413,495,555,579,573,534,468,364,227,76,-81,-242,-393,-521,-619,-696,-718,-697,-643,-528,-375,-207,-26,160,364,538,677,777,831,827,774,665,511,324,115,-118,-331,-530,-697,-808,-870,-881,-825,-717,-566,-378,-164,55,268,467,637,751,824,850,803,709,575,414,228,32,-165,-346,-496,-618,-697,-742,-733,-679,-589,-460,-322,-162,10,169,317,446,554,625,665,658,617,546,441,305,163,3,-156,-306,-438,322,-56,-729,-745,-688,370,509,608,674,698,678,619,523,390,222,38,-143,-313,-466,-591,-678,-729,-723,-665,-584,-457,-297,-119,60,232,389,519,616,682,695,661,585,482,349,201,46,-117,-272,-390,-488,-561,-605,-598,-555,-487,-388,-280,-168,-42,82,189,293,379,444,482,492,494,469,424,355,267,158,51,-58,-176,-295,-408,-488,-548,-584,-587,-556,-481,-374,-246,-87,82,242,391,520,614,673,695,651,568,451,293,128,-39,-217,-374,-505,-608,-655,-659,-621,-539,-428,-285,-135,20,166,303,412,483,526,534,503,445,363,267,150,46,-59,-150,-235,-292,-333,-361,-369,-351,-321,-283,-227,-162,1105,-39,32,92,153,215,256,297,314,328,329,304,263,211,144,65,-12,-100,-195,-275,-340,-394,-423,-422,-397,-350,-280,-185,-80,35,159,267,365,438,481,499,487,433,356,255,135,10,-113,-250,-365,-447,-508,-529,-520,-484,-413,-315,-191,-59,73,206,326,426,496,534,541,511,453,351,240,114,-30,-171,-292,-402,-482,-526,-536,-512,-449,-355,-238,-107,26,151,268,362,430,470,485,459,399,327,224,100,-9,-127,-230,-314,-384,-410,-413,-394,-355,-280,-192,-89,21,123,216,292,342,365,366,330,279,198,99,-4,-108,-201,-275,-320,-330,-302,-239,-153,-51,51,132,182,-505,-643,1145,-1004,-724,-112,-169,-207,-217,-188,-123,-40,49,148,228,286,320,322,292,226,145,44,-62,-169,-271,-344,-398,-417,-400,-347,-263,-168,-34,99,221,337,425,486,514,491,429,341,205,60,-97,-250,-370,-474,-542,-561,-536,-469,-371,-250,-116,37,183,309,408,491,535,531,494,418,323,212,83,-40,-165,-279,-357,-424,-465,-472,-443,-398,-322,-228,-123,-11,88,186,272,337,379,409,413,380,339,278,204,117,17,-82,-167,-254,-322,-366,-397,-405,-392,-363,-290,-207,-120,-29,73,175,269,351,406,437,437,417,373,305,207,97,-13,-130,-239,-333,-403,-454,-477,-468,-429,-353,-273,-180,826,52,175,280,369,428,462,471,457,402,331,242,142,35,-80,-186,-283,-365,-422,-452,-457,-451,-411,-346,-269,-180,-66,50,155,261,360,430,476,507,509,489,428,349,256,137,-3,-137,-270,-394,-504,-592,-638,-648,-619,-548,-446,-314,-154,33,204,375,532,648,731,769,772,715,595,444,268,63,-147,-350,-536,-683,-792,-860,-862,-803,-705,-546,-352,-136,91,309,501,665,789,855,862,815,725,579,398,200,-16,-228,-415,-570,-689,-770,-793,-772,-691,-578,-433,-272,-91,93,262,417,533,622,680,692,665,597,503,375,233,80,-78,-228,-366,-492,-582,-638,-669,-650,-586,-483,-1242,-1278
38773,mtk,MTK 7916,2421244906,rx0-tx1,512,87,639,723,-506,-394,-260,-100,71,245,405,544,666,741,765,746,687,586,444,279,92,-112,-300,-474,-631,-749,-822,-849,-829,-758,-639,-484,-296,-92,132,348,541,705,832,918,945,917,834,695,513,302,67,-170,-400,-606,-777,-905,-982,-998,-961,-865,-720,-538,-321,-85,158,396,611,802,947,1030,1064,1040,951,802,605,366,106,-164,-427,-667,-874,-1030,-1130,-1161,-1126,-1017,-839,-608,-341,-53,238,519,767,964,1102,1177,1177,1101,960,767,521,255,-33,-319,-575,-799,-971,-1092,-1140,-1118,-1030,-885,-687,-453,-189,91,356,598,794,945,1045,1075,1045,953,804,615,388,148,-100,-343,-570,-759,-899,-689,-1036,-1008,-917,-788,-607,-387,-154,87,340,562,761,912,1007,1047,1025,948,812,622,393,141,-125,-394,-638,-845,-1002,-1110,-1139,-1094,-992,-819,-599,-336,-46,247,539,797,999,1139,1209,1205,1119,963,745,473,163,-155,-451,-729,-970,-1131,-1226,-1227,-1159,-1020,-809,-542,-235,71,387,672,902,1073,1171,1187,1132,1007,807,542,247,-47,-337,-598,-808,-954,-1049,-1064,-998,-870,-688,-460,-217,31,268,479,657,786,853,867,825,725,578,399,199,-12,-209,-385,-538,-639,-698,-715,-669,-580,-455,-300,-128,49,219,369,489,564,599,574,500,391,244,76,-93,-251,-370,-436,-449,-404,-310,-183,-50,125,324,0,-195,107,-186,-204,-184,-132,-58,31,122,201,259,288,288,261,208,140,55,-36,-126,-200,-263,-314,-335,-333,-310,-261,-193,-109,-19,80,172,260,330,381,411,403,374,319,240,141,23,-100,-219,-328,-421,-488,-514,-514,-474,-393,-281,-153,-8,143,291,423,511,564,591,572,507,410,284,135,-18,-174,-309,-420,-511,-570,-581,-562,-496,-402,-287,-158,-17,126,256,368,452,494,523,516,473,404,307,193,78,-45,-166,-267,-347,-412,-448,-462,-455,-412,-350,-267,-172,-66,47,144,229,308,367,410,426,415,385,330,254,169,81,-16,-119,-208,-287,-350,-393,-413,-410,-380,-332,-269,-188,-130,-7,91,187,264,334,375,395,400,378,335,277,199,107,14,-72,-162,-236,-299,-345,-372,-388,-377,-343,-290,-235,-163,-79,4,93,166,236,300,342,368,391,393,373,334,270,199,112,20,-90,-188,-289,-379,-445,-496,-511,-501,-466,-399,-309,-195,-58,83,231,356,468,554,611,635,615,554,464,345,199,34,-136,-292,-437,-552,-643,-689,-680,-643,-562,-446,-303,-146,20,187,337,464,566,638,655,638,593,508,388,254,108,-37,-178,-312,-412,-496,-546,-558,-553,-521,-459,-372,-267,-148,-31,87,202,300,392,465,511,535,531,499,442,368,276,162,35,-98,-232,-351,-472,-602,-596,504,383,184,440,548,639,692,705,677,605,503,364,187,-2,-192,-364,-525,-655,-749,-807,-806,-756,-672,-543,-374,-185,18,221,421,587,732,833,892,899,839,736,587,406,194,-33,-260,-479,-669,-821,-923,-974,-968,-901,-782,-614,-409,-180,53,287,510,706,859,966,1016,1010,949,831,669,459,225,-22,-272,-514,-729,-912,-1045,-1112,-1111,-1045,-920,-736,-503,-230,50,328,592,828,1011,1132,1177,1156,1069,910,691,436,150,-142,-423,-678,-890,-1044,-1139,-1170,-1120,-1004,-828,-605,-350,-71,207,467,699,887,1016,1094,1100,1046,925,750,535,289,30,-228,-472,-687,-856,-979,-1037,-1039,-980,-863,-696,-499,261,-37,222,451,655,829,945,1007,1023,974,864,710,505,273,22,-230,-469,-691,-875,-1005,-1075,-1085,-1029,-905,-726,-504,-244,41,319,587,825,1002,1127,1175,1153,1060,893,674,409,115,-196,-497,-760,-977,-1139,-1225,-1227,-1153,-1008,-783,-515,-210,108,416,702,939,1114,1206,1225,1162,1017,808,554,258,-54,-350,-628,-870,-1037,-1124,-1135,-1076,-948,-749,-511,-244,46,315,547,743,881,953,965,910,797,635,435,210,-14,-229,-427,-589,-705,-772,-783,-743,-660,-527,-356,-179,15,203,366,501,593,642,640,594,502,368,215,43,-131,-282,-410,-501,-537,-520,-448,-329,-183,-23,126,243,313,323,726,661,0,-582,-619,-32,45,126,195,241,260,245,197,124,36,-58,-146,-218,-275,-309,-319,-299,-254,-195,-119,-26,64,154,233,297,341,363,363,336,288,217,126,18,-95,-198,-292,-372,-431,-459,-458,-427,-369,-278,-156,-18,118,257,380,475,538,566,554,504,407,279,143,-3,-166,-309,-430,-522,-572,-590,-569,-502,-405,-284,-141,2,149,291,403,481,533,552,540,486,404,286,168,48,-90,-210,-317,-401,-453,-485,-493,-462,-402,-323,-231,-124,-18,96,206,295,364,412,436,435,405,363,301,217,123,17,-88,-181,-264,-328,-371,-401,-414,-397,-358,-302,-223,-132,-38,61,153,235,310,366,245,408,399,361,308,239,148,56,-42,-139,-223,-294,-352,-385,-395,-392,-366,-315,-247,-163,-80,2,92,172,242,295,341,364,373,368,342,305,244,167,92,12,-80,-164,-251,-317,-374,-419,-452,-452,-421,-379,-302,-216,-108,15,130,252,363,457,533,576,585,555,488,394,270,131,-29,-188,-337,-463,-571,-641,-675,-664,-613,-523,-399,-252,-80,87,247,399,524,616,667,681,654,583,481,352,198,32,-119,-262,-399,-499,-572,-611,-614,-584,-520,-429,-320,-182,-48,77,201,314,412,485,523,535,526,491,435,362,264,154,39,-80,-198,-309,-401,-487,-548,-578,-582,-545,-492,-407,126,-173
38774,mtk,MTK 7916,2421244906,rx1-tx0,512,0,-653,-470,574,503,389,240,69,-104,-281,-440,-577,-695,-756,-770,-745,-664,-537,-385,-194,18,229,423,599,744,841,878,860,783,661,493,289,68,-168,-394,-604,-767,-868,-924,-925,-863,-745,-577,-377,-153,87,313,524,702,831,909,941,915,811,665,493,279,43,-179,-400,-601,-747,-868,-928,-921,-859,-745,-597,-403,-177,48,275,480,654,783,853,880,856,767,632,462,263,44,-165,-359,-534,-667,-759,-809,-795,-737,-625,-485,-315,-137,44,213,369,503,595,652,666,652,594,496,382,250,93,-52,-189,-324,-443,-533,-579,-589,-577,-518,-435,-338,-208,-69,80,210,322,418,491,542,543,216,454,370,255,126,-6,-137,-251,-345,-412,-467,-486,-465,-417,-348,-256,-155,-48,73,168,247,318,366,379,369,337,297,222,141,69,-9,-69,-123,-178,-209,-231,-249,-249,-223,-189,-165,-120,-90,-53,-12,24,63,88,112,130,163,188,205,203,214,222,188,151,111,65,-17,-95,-160,-224,-295,-350,-367,-372,-337,-262,-180,-75,39,139,246,330,388,419,416,373,309,232,130,20,-85,-192,-278,-340,-377,-381,-358,-312,-250,-156,-71,21,122,192,248,290,316,306,287,246,170,90,19,-59,-128,-194,-238,-252,-259,-231,-180,-128,-59,13,85,148,187,200,184,143,87,28,-351,-593,0,987,899,179,222,239,215,155,64,-33,-128,-217,-284,-319,-313,-278,-225,-148,-56,50,140,221,292,326,340,333,284,225,148,60,-30,-127,-205,-276,-328,-340,-346,-325,-284,-220,-138,-50,35,123,203,260,305,335,347,337,309,243,172,103,9,-100,-181,-254,-333,-381,-396,-397,-363,-303,-224,-128,-24,84,193,285,353,397,413,407,371,322,241,138,40,-58,-143,-241,-306,-358,-396,-394,-376,-325,-251,-165,-69,22,106,200,272,320,346,355,348,316,260,194,118,32,-65,-152,-210,-264,-303,-320,-312,-295,-259,-197,-137,-58,15,79,146,196,228,260,264,245,218,186,136,84,-584,-12,-63,-103,-135,-171,-190,-202,-199,-185,-171,-144,-98,-59,-21,16,54,89,121,133,143,149,146,145,118,97,90,62,28,6,-21,-38,-58,-80,-98,-114,-126,-135,-142,-134,-135,-144,-122,-107,-78,-40,-1,51,97,148,199,246,273,295,291,272,229,172,100,6,-91,-193,-289,-360,-415,-452,-453,-423,-358,-264,-155,-31,89,221,336,421,495,528,524,490,428,336,212,92,-42,-194,-315,-409,-479,-533,-554,-533,-480,-402,-301,-179,-42,95,220,330,427,502,545,543,519,467,385,284,168,38,-87,-211,-329,-426,-492,-538,-558,-539,-491,-413,-312,-194,-70,67,206,345,83,523,0,-255,-527,-299,-438,-564,-654,-699,-708,-676,-595,-480,-316,-125,65,252,436,589,710,801,825,799,719,602,439,238,12,-210,-421,-603,-759,-862,-910,-900,-829,-710,-526,-321,-102,132,364,569,736,854,927,939,883,776,621,423,212,-19,-258,-481,-650,-793,-894,-931,-911,-839,-704,-539,-349,-117,117,338,533,704,832,898,909,866,770,629,439,224,7,-223,-424,-596,-730,-822,-857,-834,-762,-643,-481,-306,-103,104,293,456,587,684,733,741,697,619,496,350,194,30,-132,-292,-417,-508,-590,-627,-620,-582,-515,-419,-298,-157,-19,123,266,373,470,539,567,561,509,439,349,243,107,-35,757,-281,-380,-463,-509,-517,-494,-435,-350,-258,-148,-18,98,213,307,381,417,435,425,380,326,252,154,55,-38,-117,-197,-262,-292,-308,-305,-280,-260,-212,-144,-92,-40,18,70,96,131,151,167,184,188,190,172,156,138,127,112,77,31,-13,-43,-104,-164,-203,-240,-280,-309,-297,-270,-229,-171,-80,4,95,200,281,353,404,414,394,341,256,161,49,-66,-183,-273,-343,-394,-403,-393,-358,-280,-198,-96,7,108,187,256,309,339,360,332,272,210,136,45,-40,-112,-188,-243,-271,-278,-271,-243,-193,-123,-49,27,109,163,204,227,226,203,160,100,30,-39,-97,-133,-141,612,384,0,-36,425,111,42,-52,-144,-223,-275,-290,-276,-223,-144,-40,62,150,228,287,320,323,300,257,187,91,7,-92,-182,-250,-310,-338,-350,-322,-273,-213,-126,-39,45,134,212,275,319,335,338,323,282,224,152,75,-17,-101,-191,-270,-316,-355,-386,-373,-326,-280,-214,-111,-9,93,193,274,348,398,414,403,370,310,236,134,29,-86,-182,-266,-350,-382,-405,-398,-371,-324,-240,-163,-62,42,133,224,296,346,375,371,365,331,259,176,85,3,-80,-161,-235,-292,-327,-349,-343,-306,-253,-203,-129,-46,36,108,184,233,269,292,286,275,243,184,132,79,4,-51,-102,-150,-193,-216,-674,-228,-214,-184,-155,-113,-69,-30,18,59,93,134,158,167,172,170,162,147,114,76,49,16,-9,-35,-66,-73,-99,-133,-133,-132,-126,-107,-102,-92,-86,-76,-52,-34,4,34,51,89,121,145,180,200,214,215,208,194,163,105,40,-23,-99,-174,-247,-299,-350,-377,-382,-362,-300,-224,-136,-26,93,217,325,407,464,490,494,475,401,303,186,52,-74,-201,-326,-435,-502,-531,-550,-526,-455,-361,-257,-136,5,143,267,379,463,527,555,545,503,431,334,222,88,-42,-166,-286,-391,-462,-519,-542,-537,-508,-442,-343,-228,-115,21,151,272,381,474,539,578,583,555,485,-966,-821
38775,mtk,MTK 7916,2421244906,rx1-tx1,512,0,0,0,237,-122,-448,-652,-665,-500,-204,151,467,651,657,488,186,-152,-443,-610,-611,-441,-149,171,432,563,540,374,108,-185,-419,-522,-473,-292,-31,230,416,470,384,194,-45,-269,-427,-446,-326,-112,125,333,446,429,291,59,-193,-394,-481,-437,-263,-22,225,413,494,438,260,8,-245,-427,-499,-444,-264,-15,228,403,481,431,262,41,-174,-345,-424,-390,-258,-63,135,289,354,326,227,74,-92,-216,-273,-260,-187,-73,53,150,190,184,135,58,-29,-84,-114,-117,-92,-45,1,38,57,61,52,42,28,11,-10,-28,-40,-42,-42,-37,-28,-14,10,44,75,89,88,58,9,0,-93,-132,-137,-93,-31,36,107,159,155,112,48,-36,-112,-170,-192,-160,-81,23,119,190,211,178,95,-8,-112,-183,-213,-196,-119,-10,92,178,217,193,117,15,-89,-168,-203,-181,-114,-28,61,133,169,159,107,34,-40,-98,-122,-116,-76,-14,38,68,76,52,22,-4,-24,-25,-15,3,31,41,30,3,-41,-83,-108,-104,-61,8,81,143,177,164,110,25,-81,-179,-234,-231,-173,-65,68,192,276,290,229,112,-39,-184,-289,-323,-284,-180,-23,147,278,345,335,248,101,-72,-234,-338,-362,-317,-206,-40,129,260,340,355,298,188,55,-75,-183,-250,-267,-237,-169,0,0,0,0,0,-50,5,71,135,181,203,185,115,11,-95,-189,-257,-268,-214,-109,23,160,268,311,280,177,30,-134,-268,-338,-320,-220,-59,119,281,370,357,250,78,-125,-290,-387,-383,-275,-88,128,314,417,402,279,78,-150,-343,-440,-420,-277,-48,195,391,488,448,273,13,-253,-460,-540,-469,-265,23,315,528,606,515,276,-45,-357,-586,-662,-559,-297,56,404,651,718,591,308,-64,-432,-689,-762,-622,-317,80,461,731,804,660,329,-87,-485,-749,-813,-661,-336,72,468,738,808,661,332,-89,-469,-717,-773,-621,-302,100,472,701,733,565,237,-159,-494,-685,-687,-500,-170,201,512,0,637,418,75,-296,-585,-696,-609,-345,21,389,649,722,586,280,-114,-481,-719,-759,-577,-219,203,575,784,779,553,165,-282,-655,-850,-811,-541,-104,362,731,906,831,518,56,-426,-784,-930,-830,-489,-5,481,835,962,825,456,-43,-532,-874,-968,-785,-400,98,575,887,948,747,344,-164,-626,-898,-922,-704,-282,215,647,898,891,636,217,-258,-663,-875,-836,-568,-140,314,663,828,764,483,64,-367,-679,-794,-683,-384,20,408,677,748,604,291,-104,-457,-677,-710,-534,-198,186,503,683,668,462,120,-251,-543,-683,-631,-401,-55,303,573,678,592,336,-15,-355,-599,-672,-552,-276,0,0,0,0,0,634,661,509,218,-143,-461,-650,-665,-500,-204,151,461,637,634,464,174,-159,-440,-587,-574,-408,-137,170,419,545,510,330,70,-203,-413,-498,-427,-235,12,253,416,462,364,154,-98,-310,-435,-436,-306,-83,163,368,469,431,273,36,-219,-413,-488,-429,-255,-11,241,429,503,439,264,15,-235,-419,-487,-425,-259,-38,203,382,451,402,253,47,-161,-316,-389,-356,-243,-72,103,242,315,306,207,65,-72,-174,-226,-219,-157,-59,37,109,148,147,107,53,-3,-58,-93,-100,-79,-47,-15,12,33,43,43,40,34,22,5,-3,-18,-42,-59,-64,-59,-39,-1,46,88,112,0,65,17,-40,-96,-138,-146,-116,-41,41,116,178,196,142,58,-33,-120,-184,-205,-167,-83,22,118,189,213,178,95,-8,-106,-182,-210,-187,-119,-17,88,171,212,187,117,19,-73,-139,-176,-167,-107,-23,58,113,134,126,85,22,-46,-83,-94,-84,-58,-16,22,39,43,27,-1,-21,-24,-16,8,47,69,67,40,-7,-64,-121,-149,-132,-79,-5,87,166,202,198,144,39,-89,-193,-252,-264,-207,-84,63,195,281,308,262,144,-16,-169,-285,-340,-311,-209,-58,114,256,337,349,282,145,-26,-187,-303,-354,-332,-242,-108,37,175,279,326,308,235,134,28,-64,-131,0,0,0,0,0,-118,-149,-148,-120,-64,22,115,189,231,231,170,67,-59,-176,-261,-287,-247,-145,-1,153,269,316,296,200,42,-125,-268,-353,-346,-239,-62,134,292,377,373,265,80,-127,-311,-413,-400,-283,-90,136,323,425,411,285,74,-169,-368,-468,-435,-281,-39,226,430,515,462,276,-1,-284,-493,-579,-498,-266,41,342,551,619,530,282,-57,-387,-620,-698,-585,-307,65,430,681,748,609,309,-77,-457,-715,-781,-641,-325,81,470,734,810,663,332,-83,-470,-743,-821,-672,-336,80,462,725,796,652,318,-100,-477,-719,-772,-611,-274,122,471,689,713,535,208,-170,-498,-677,-665,-464,0,259,549,681,623,382,18,-345,-608,-705,-601,-318,68,444,691,736,576,251,-152,-522,-751,-772,-569,-193,234,603,822,803,549,139,-316,-690,-871,-814,-526,-83,393,757,916,823,499,26,-459,-821,-953,-825,-467,18,506,851,962,812,434,-70,-553,-878,-963,-778,-368,134,597,886,936,722,308,-190,-633,-902,-913,-669,-241,241,655,885,867,602,171,-294,-670,-854,-795,-512,-98,333,676,821,721,421,15,-396,-688,-773,-644,-338,68,447,690,730,567,244,-143,-487,-685,-688,-495,-162,213,524,688,659,431,84,-276,-562,-689,-616,-366,-14,336,587,674,568,308,-35,-379,-612,0,0
38776,mtk,MTK 7916,2421244906,rx2-tx0,512,0,0,0,-714,-1012,-1026,-748,-259,304,776,1030,991,666,157,-395,-828,-1021,-918,-556,-35,491,872,998,830,418,-110,-596,-903,-949,-716,-270,255,704,945,898,586,101,-419,-815,-976,-846,-462,66,575,919,992,773,324,-229,-721,-1006,-999,-704,-200,369,836,1062,974,602,53,-510,-927,-1074,-911,-478,96,642,1001,1064,813,318,-268,-785,-1067,-1031,-693,-156,439,916,1126,1004,584,-8,-606,-1044,-1183,-981,-494,143,749,1141,1213,950,414,-256,-850,-1207,-1228,-899,-312,352,916,1231,1208,838,233,-423,-952,-1218,-1141,-746,-149,477,957,1170,1054,634,48,-541,-970,-1112,-938,-503,72,620,975,1049,824,0,-204,-688,-975,-982,-704,-218,321,764,983,914,578,77,-439,-828,-981,-851,-474,45,560,912,991,790,358,-179,-668,-962,-980,-720,-246,311,782,1033,996,662,136,-439,-893,-1105,-1007,-621,-57,527,978,1158,1013,574,-21,-613,-1042,-1190,-1000,-540,79,685,1106,1216,994,497,-134,-733,-1133,-1236,-996,-480,161,759,1153,1231,982,468,-157,-739,-1125,-1214,-986,-501,113,683,1060,1158,961,519,-48,-587,-960,-1074,-904,-518,-18,476,827,944,812,488,58,-367,-684,-805,-714,-453,-88,288,564,680,626,414,108,-208,-458,-584,-561,-405,-165,105,339,478,503,424,263,60,-132,-273,-343,-343,-284,0,0,0,0,0,-215,-114,33,206,364,468,489,411,235,-2,-253,-462,-577,-562,-414,-169,122,398,584,626,511,268,-47,-360,-589,-670,-575,-329,6,346,603,708,617,360,10,-350,-627,-743,-655,-389,-21,363,653,756,659,385,1,-387,-671,-769,-654,-358,36,427,705,779,637,313,-106,-502,-755,-797,-613,-251,186,573,808,819,596,203,-247,-635,-849,-825,-574,-147,325,705,885,822,525,78,-397,-766,-921,-813,-487,-27,454,810,936,797,438,-43,-519,-857,-944,-765,-376,111,576,878,931,727,324,-173,-622,-897,-923,-689,-256,241,664,900,889,622,182,-302,-695,-891,-828,-531,-93,368,726,0,758,429,-22,-467,-771,-848,-679,-313,146,561,811,822,593,188,-277,-664,-858,-802,-507,-58,416,771,905,773,419,-61,-533,-857,-934,-744,-336,175,645,934,955,697,238,-289,-737,-975,-935,-629,-134,401,815,997,896,528,10,-510,-882,-994,-813,-399,125,620,927,963,718,264,-265,-723,-974,-926,-602,-110,416,821,986,862,488,-35,-547,-902,-991,-792,-363,175,663,961,975,702,225,-320,-774,-1010,-952,-610,-92,448,867,1029,896,506,-37,-567,-933,-1027,-829,-394,159,666,981,1010,747,270,-288,-761,-1017,-980,-663,-153,398,834,1032,935,564,29,-509,-907,-1044,-882,-472,78,606,0,0,0,0,0,778,302,-261,-753,-1027,-1011,-710,-209,354,812,1029,954,611,104,-435,-848,-1012,-874,-490,28,540,890,977,773,344,-180,-651,-925,-924,-652,-190,336,760,955,868,522,16,-496,-872,-986,-802,-385,148,651,966,1001,742,263,-297,-773,-1030,-988,-654,-123,439,879,1063,941,541,-12,-570,-961,-1067,-856,-397,184,710,1031,1048,754,235,-362,-860,-1102,-1021,-650,-88,520,978,1152,993,545,-73,-686,-1105,-1203,-957,-446,205,803,1180,1226,923,363,-302,-888,-1224,-1217,-869,-282,386,941,1227,1164,789,194,-454,-963,-1194,-1091,-691,-98,513,967,1141,999,571,-17,-578,-968,-1080,-881,-434,132,652,0,1011,760,291,-259,-728,-981,-948,-641,-153,383,801,985,879,528,25,-494,-871,-994,-825,-417,111,606,927,979,747,297,-248,-725,-994,-979,-687,-191,371,837,1068,999,643,93,-487,-935,-1124,-1001,-596,-20,574,1013,1168,1000,556,-54,-658,-1071,-1195,-998,-520,109,704,1110,1208,982,489,-150,-748,-1139,-1225,-981,-470,169,759,1141,1224,989,491,-140,-725,-1110,-1200,-980,-513,80,639,1018,1127,947,524,-17,-528,-888,-1003,-862,-506,-38,419,744,866,767,475,76,-325,-622,-742,-666,-428,-93,246,506,629,591,409,130,-160,-396,-531,-535,-414,-209,32,247,395,447,408,298,150,0,-130,0,0,0,0,0,-247,-347,-397,-377,-278,-103,112,324,479,547,500,340,91,-190,-434,-580,-595,-471,-227,79,376,583,640,539,302,-22,-353,-597,-687,-600,-354,-8,346,620,726,641,390,27,-355,-637,-746,-659,-391,-15,367,652,762,660,374,-16,-404,-683,-788,-664,-341,76,462,729,795,633,283,-150,-545,-787,-813,-609,-231,219,612,831,822,579,171,-284,-670,-873,-831,-551,-111,362,735,906,821,504,47,-422,-785,-929,-811,-464,9,483,827,938,786,413,-80,-545,-862,-944,-758,-357,139,593,889,930,709,294,-203,-644,-897,-899,-653,-224,268,681,897,858,581,136,-344,-716,-883,-797,-487,0,420,746,852,713,373,-75,-508,-791,-838,-636,-248,213,614,838,813,547,122,-343,-720,-888,-795,-468,0,468,811,920,763,379,-124,-593,-890,-942,-728,-291,234,695,959,946,664,192,-342,-779,-992,-915,-578,-76,447,842,990,856,467,-54,-559,-903,-979,-768,-338,196,673,949,945,664,189,-343,-773,-975,-891,-542,-34,489,864,986,824,423,-106,-612,-938,-987,-750,-292,255,725,986,966,658,163,-379,-815,-1015,-924,-562,-37,504,897,1027,863,447,-99,-616,-953,-1027,-800,-334,218,704,993,998,710,215,-346,-806,-1034,-966,-614,-90,458,877,1047,914,521,-21,-558,-934,-1042,-846,0,0
38777,mtk,MTK 7916,2421244906,rx2-tx1,512,0,0,0,484,605,564,375,83,-222,-453,-561,-520,-334,-58,223,437,525,460,273,20,-229,-401,-463,-405,-229,8,232,372,402,326,167,-35,-213,-314,-320,-241,-95,67,193,256,238,141,15,-96,-165,-177,-127,-40,58,121,134,94,26,-54,-120,-137,-99,-13,90,175,203,169,66,-71,-199,-272,-261,-164,-7,173,320,377,326,178,-38,-268,-433,-485,-397,-191,82,346,519,548,434,197,-125,-423,-608,-635,-489,-189,174,481,672,690,514,183,-205,-543,-737,-727,-521,-165,236,578,764,743,518,143,-278,-615,-789,-748,-502,-117,305,642,789,727,463,74,-344,-668,-811,-722,-431,-22,0,683,794,688,386,-32,-441,-719,-790,-649,-324,85,465,708,756,596,263,-155,-530,-744,-748,-541,-174,247,595,784,739,476,88,-336,-677,-826,-734,-435,0,440,767,885,748,401,-68,-535,-858,-939,-773,-403,111,609,938,1015,818,382,-159,-662,-993,-1069,-848,-396,172,693,1033,1102,875,409,-163,-704,-1062,-1140,-913,-446,146,696,1054,1145,944,487,-100,-646,-1017,-1124,-957,-550,-4,538,939,1090,955,582,80,-420,-806,-987,-909,-604,-164,307,687,879,842,600,221,-197,-544,-749,-760,-592,-287,70,401,619,680,588,372,77,-219,-442,-557,-553,-445,-255,-32,170,310,376,367,282,0,0,0,0,0,28,-69,-159,-239,-289,-290,-232,-125,11,156,275,334,323,249,117,-44,-205,-320,-357,-314,-206,-40,138,280,356,344,248,91,-89,-244,-339,-348,-264,-129,41,204,313,339,267,134,-17,-160,-275,-311,-258,-139,-2,132,230,263,213,125,13,-104,-190,-216,-178,-91,12,102,151,157,116,55,-15,-74,-104,-81,-34,10,45,74,62,17,-51,-114,-125,-95,-28,53,131,196,203,143,45,-80,-206,-272,-265,-191,-49,120,252,325,325,240,82,-104,-264,-353,-352,-270,-108,89,270,376,370,271,97,-105,-283,-390,-375,-254,-71,127,295,383,364,243,53,-157,-318,-383,-339,0,8,198,337,391,335,174,-48,-253,-376,-397,-313,-130,96,304,419,420,300,97,-141,-330,-437,-427,-288,-55,186,375,457,410,239,-4,-254,-433,-487,-397,-201,62,316,486,506,398,186,-93,-356,-520,-539,-392,-130,157,398,536,522,347,75,-211,-442,-549,-486,-276,0,277,477,540,442,213,-90,-365,-536,-554,-408,-130,190,464,606,567,373,68,-264,-538,-660,-592,-351,-19,337,605,697,595,335,-32,-400,-655,-727,-594,-300,84,449,690,748,604,285,-110,-476,-712,-758,-600,-278,125,487,713,747,582,255,-134,-480,-691,-713,-547,-238,137,471,663,661,485,184,-162,-459,0,0,0,0,0,-395,-102,220,466,573,534,350,74,-225,-459,-556,-497,-305,-39,222,416,488,424,253,16,-220,-384,-432,-357,-191,25,222,341,366,287,131,-47,-196,-279,-276,-195,-63,76,181,220,182,88,-21,-110,-150,-136,-75,10,89,128,110,52,-36,-119,-159,-142,-71,31,138,211,228,169,34,-133,-264,-334,-309,-184,16,220,387,446,372,189,-55,-297,-472,-523,-423,-192,97,375,559,595,462,196,-140,-455,-654,-668,-495,-181,188,513,702,703,509,172,-221,-562,-758,-740,-511,-145,258,597,772,735,506,128,-300,-650,-806,-743,-493,-110,318,657,811,735,464,56,-365,-686,-812,0,-405,-3,400,693,794,668,351,-59,-446,-713,-776,-620,-286,122,492,726,761,567,215,-198,-564,-770,-745,-513,-129,293,636,803,742,466,44,-392,-728,-859,-755,-430,28,492,829,934,770,391,-89,-559,-891,-984,-800,-383,147,645,977,1042,821,391,-163,-683,-1022,-1082,-855,-393,172,705,1060,1122,890,421,-170,-710,-1056,-1130,-918,-466,111,668,1043,1151,966,535,-27,-583,-977,-1114,-976,-589,-49,490,872,1029,931,603,129,-363,-747,-922,-858,-597,-199,238,609,810,800,595,249,-141,-470,-674,-722,-590,-321,10,316,543,634,581,406,164,-97,-320,-458,-495,-436,-307,-143,13,143,0,0,0,0,0,212,226,203,134,28,-94,-210,-292,-323,-298,-206,-60,102,243,331,348,282,159,5,-160,-301,-364,-335,-227,-67,102,248,330,337,260,113,-60,-220,-322,-339,-270,-131,34,187,292,325,279,157,-7,-157,-258,-293,-245,-136,-6,121,213,231,190,108,4,-88,-159,-183,-159,-78,18,91,124,117,86,22,-44,-74,-73,-45,8,61,92,78,40,-29,-100,-143,-159,-128,-39,76,179,232,234,171,54,-94,-227,-300,-299,-222,-70,105,253,341,341,254,99,-96,-261,-359,-368,-276,-102,101,273,368,369,269,91,-116,-288,-374,-361,-248,-61,140,296,375,342,214,23,-181,0,-378,-320,-183,6,214,367,408,326,154,-70,-281,-405,-403,-301,-118,110,313,420,413,288,74,-161,-359,-459,-417,-258,-30,222,413,482,409,219,-34,-283,-456,-504,-405,-189,87,342,501,520,394,153,-136,-384,-529,-527,-371,-107,186,428,542,501,320,40,-249,-455,-535,-462,-238,51,324,507,546,416,166,-140,-412,-564,-562,-391,-99,223,490,620,571,364,42,-309,-567,-678,-595,-342,19,377,630,707,596,311,-68,-427,-676,-744,-598,-292,92,463,712,756,599,281,-116,-485,-723,-759,-592,-268,124,485,712,739,561,245,-136,-472,-676,-697,-530,-214,158,468,642,641,458,0,0
38778,mtk,MTK 7916,2421296209,rx0-tx0,512,-349,-66,-284,678,635,537,401,233,36,-171,-360,-525,-653,-717,-727,-686,-591,-445,-261,-63,155,358,524,645,724,742,695,600,449,272,63,-147,-346,-502,-618,-687,-696,-660,-567,-436,-268,-83,100,264,415,527,587,605,585,527,434,302,159,17,-129,-270,-381,-459,-518,-539,-529,-479,-416,-306,-177,-50,95,243,372,470,556,611,597,553,472,335,170,-19,-203,-385,-535,-642,-695,-697,-641,-518,-364,-172,36,243,428,565,660,704,685,610,481,306,124,-72,-257,-409,-528,-595,-615,-583,-492,-381,-240,-89,63,205,319,394,440,460,440,387,307,224,124,27,-61,-154,-236,-294,-330,-342,-511,-307,-273,-223,-154,-65,16,99,187,256,316,355,379,366,335,274,187,87,-19,-134,-243,-345,-416,-459,-469,-441,-369,-265,-145,-4,137,275,394,478,527,533,492,415,296,154,-12,-171,-315,-439,-520,-552,-552,-501,-404,-277,-133,21,181,330,451,522,562,562,494,391,269,117,-39,-189,-324,-435,-507,-536,-530,-460,-361,-235,-88,66,209,332,425,478,492,461,403,301,183,55,-75,-201,-310,-388,-429,-430,-397,-337,-248,-146,-26,90,189,276,339,379,379,345,280,188,88,-25,-133,-229,-302,-340,-350,-325,-264,-179,-72,42,148,240,303,319,285,214,119,12,-87,-156,541,372,1179,-782,-1050,24,-48,-137,-212,-255,-263,-228,-154,-50,62,175,275,335,354,345,282,195,82,-43,-166,-278,-376,-436,-444,-408,-330,-213,-75,82,234,364,463,517,530,479,386,244,74,-92,-272,-409,-503,-562,-565,-512,-415,-275,-118,51,221,372,490,555,564,533,452,328,186,35,-127,-269,-389,-484,-528,-530,-492,-403,-289,-158,-15,132,274,380,454,484,489,451,376,277,152,22,-115,-235,-337,-412,-451,-455,-422,-367,-287,-182,-73,55,176,281,363,424,450,439,401,335,234,121,4,-127,-239,-337,-422,-466,-467,-437,-372,-283,-168,-37,95,226,332,423,470,481,468,400,314,202,-330,-63,-192,-312,-410,-477,-496,-478,-433,-349,-242,-117,25,164,289,393,459,491,495,465,398,302,184,48,-81,-212,-342,-441,-497,-526,-524,-493,-401,-294,-166,-15,146,298,431,530,602,634,614,535,424,280,97,-95,-281,-453,-590,-681,-739,-724,-646,-523,-350,-151,65,278,478,639,759,818,809,735,593,404,181,-64,-290,-509,-706,-824,-872,-863,-764,-612,-415,-170,77,318,544,713,826,873,844,740,577,387,161,-89,-311,-508,-666,-767,-803,-774,-678,-541,-363,-162,44,249,424,562,662,701,694,641,531,386,219,41,-140,-315,-453,-569,-652,-669,-640,-571,-461,-311,-137,49,322,-56,-729,-745,-688,-81,-273,-444,-573,-668,-716,-696,-625,-511,-344,-150,55,258,443,590,686,739,731,652,519,349,160,-52,-254,-441,-588,-686,-728,-716,-642,-514,-357,-160,28,217,382,518,615,656,646,591,490,352,194,30,-128,-280,-406,-505,-548,-565,-542,-485,-394,-284,-159,-18,114,233,347,453,514,547,552,518,436,337,208,41,-137,-284,-435,-560,-639,-670,-650,-575,-446,-280,-82,115,317,487,616,700,721,680,579,426,248,44,-161,-344,-503,-610,-662,-668,-605,-497,-354,-184,-12,164,320,432,515,543,528,481,388,280,163,35,-90,-203,-285,-344,-382,-383,-373,-341,-282,-206,-121,-35,1105,122,195,262,315,338,340,332,300,243,172,87,-5,-105,-198,-292,-360,-405,-428,-413,-367,-289,-177,-64,62,193,316,412,478,505,491,439,347,223,81,-75,-228,-366,-472,-542,-559,-527,-459,-350,-207,-52,103,264,395,491,547,562,528,452,337,196,53,-121,-272,-387,-480,-541,-550,-513,-438,-320,-175,-31,126,276,385,471,511,507,459,375,262,128,-13,-146,-266,-365,-428,-456,-448,-405,-326,-223,-102,21,138,242,325,381,406,388,341,268,177,69,-45,-156,-252,-312,-353,-364,-337,-279,-192,-92,15,129,222,292,332,332,296,222,120,1,-113,-200,-253,-262,-226,-148,-505,-643,1145,-1004,-724,-183,-197,-177,-118,-31,76,177,261,306,314,283,211,106,-7,-131,-245,-334,-391,-401,-370,-303,-204,-73,74,209,336,427,477,487,442,351,223,73,-94,-258,-391,-501,-551,-562,-514,-397,-256,-92,87,250,390,495,551,564,528,438,303,141,-19,-182,-333,-450,-519,-550,-534,-470,-382,-248,-91,58,213,347,437,490,506,494,437,337,215,84,-55,-192,-303,-393,-450,-476,-462,-407,-326,-218,-101,23,147,252,355,414,444,441,407,346,268,162,39,-80,-199,-303,-388,-433,-460,-445,-389,-309,-203,-74,52,176,290,386,451,474,468,424,352,242,111,-17,-151,-273,-363,-442,826,-488,-453,-390,-286,-158,-14,123,249,357,433,484,505,482,423,327,202,73,-57,-193,-313,-410,-477,-507,-502,-477,-406,-293,-166,-29,108,255,386,476,541,574,555,504,417,295,148,-23,-204,-368,-501,-612,-673,-678,-636,-540,-395,-223,-26,192,381,553,684,754,773,730,628,475,287,58,-178,-404,-601,-742,-829,-849,-795,-702,-525,-293,-57,193,435,624,783,868,871,825,695,506,291,43,-208,-442,-626,-753,-832,-832,-756,-634,-469,-261,-41,184,387,547,677,740,749,702,592,453,277,84,-104,-287,-444,-555,-637,-673,-663,-600,-491,-358,-184,6,178,340,485,591,650,663,-1242,-1278
38779,mtk,MTK 7916,2421296209,rx0-tx1,512,87,639,723,635,572,462,317,139,-51,-255,-433,-583,-695,-746,-746,-698,-587,-426,-241,-21,201,408,587,720,809,837,792,694,538,344,122,-114,-354,-568,-733,-851,-911,-902,-822,-677,-475,-238,19,282,527,732,884,966,974,908,774,584,353,84,-189,-441,-667,-850,-968,-1018,-990,-895,-731,-506,-249,25,308,574,805,972,1072,1094,1029,888,673,400,95,-222,-521,-788,-994,-1123,-1164,-1117,-986,-765,-487,-173,155,467,747,963,1105,1162,1127,1000,802,542,243,-72,-383,-662,-885,-1037,-1109,-1095,-994,-830,-591,-311,-21,273,544,771,936,1032,1040,975,841,645,407,132,-147,-405,-638,-820,-945,-997,-689,-892,-732,-522,-277,-1,270,518,738,902,990,1013,955,824,641,401,131,-154,-438,-688,-893,-1027,-1084,-1060,-949,-764,-511,-217,98,415,700,929,1089,1170,1154,1041,842,568,247,-89,-433,-745,-987,-1153,-1229,-1202,-1070,-852,-567,-222,133,475,781,1015,1171,1221,1181,1037,806,500,159,-193,-519,-807,-1026,-1151,-1177,-1100,-929,-685,-379,-53,268,566,801,963,1047,1027,920,748,509,241,-42,-312,-547,-722,-829,-868,-835,-732,-570,-363,-144,88,307,490,623,703,719,672,569,416,235,36,-165,-342,-481,-574,-604,-585,-511,-383,-217,-30,149,311,437,497,495,431,313,160,-6,-155,-260,-300,125,324,0,-195,107,-166,-126,-47,43,137,214,265,278,256,197,112,19,-87,-182,-255,-304,-323,-305,-262,-191,-104,-3,102,199,276,331,368,370,334,270,179,73,-46,-161,-274,-360,-420,-449,-436,-386,-300,-186,-47,99,238,366,458,515,529,499,416,294,148,-24,-185,-336,-458,-542,-580,-562,-498,-385,-246,-84,77,236,371,474,545,564,530,464,361,217,58,-92,-233,-357,-443,-496,-519,-498,-431,-333,-212,-77,59,185,295,386,449,473,459,417,336,236,123,-4,-131,-235,-327,-395,-427,-435,-409,-353,-269,-167,-54,64,173,270,345,399,426,410,368,297,209,110,3,-107,-216,-299,-357,-130,-404,-380,-334,-263,-169,-66,39,145,238,310,365,393,389,361,303,221,134,35,-65,-156,-231,-302,-352,-366,-355,-335,-293,-229,-149,-60,33,123,213,293,347,385,402,394,361,299,218,118,-4,-126,-240,-354,-443,-505,-525,-505,-454,-370,-240,-94,61,224,380,504,588,632,633,577,470,320,156,-31,-215,-387,-537,-634,-686,-686,-629,-527,-377,-197,-4,189,369,512,618,679,677,630,532,396,232,49,-128,-301,-447,-549,-609,-623,-597,-525,-415,-276,-124,31,176,304,417,496,536,545,516,456,369,259,127,-8,-143,-266,-378,-466,-525,-556,-546,-494,-416,-302,-166,-12,161,-602,-596,504,383,184,-175,-352,-497,-612,-683,-710,-680,-585,-455,-281,-80,124,330,520,658,752,799,774,695,561,386,180,-49,-274,-480,-658,-785,-864,-872,-816,-690,-514,-304,-60,191,435,656,824,930,959,918,807,633,417,156,-113,-373,-609,-794,-932,-1000,-981,-898,-756,-549,-300,-28,240,493,723,901,1008,1046,1010,897,716,470,188,-119,-415,-681,-899,-1055,-1128,-1117,-1020,-842,-599,-300,22,339,639,893,1067,1163,1163,1077,904,660,373,48,-280,-581,-832,-1014,-1122,-1138,-1071,-916,-691,-421,-121,186,474,724,922,1038,1077,1036,918,728,492,218,-72,-350,-601,-801,-943,-1016,-1006,-925,-777,-571,-330,-66,261,463,684,848,964,1001,962,856,687,459,202,-71,-347,-594,-801,-953,-1028,-1031,-957,-805,-591,-326,-30,269,557,810,999,1104,1124,1055,902,680,399,81,-256,-573,-847,-1056,-1175,-1206,-1141,-967,-713,-413,-69,282,614,891,1098,1218,1224,1138,955,691,371,21,-325,-652,-919,-1114,-1206,-1194,-1087,-887,-607,-284,63,395,685,922,1069,1118,1075,935,719,457,157,-150,-432,-668,-842,-939,-954,-895,-753,-549,-310,-54,195,415,598,717,776,775,700,573,400,203,-14,-223,-404,-548,-636,-669,-635,-542,-405,-235,-50,131,302,439,528,556,525,442,302,134,-44,-211,-338,-413,-417,-356,-242,-108,726,661,0,-582,-619,90,167,220,232,210,153,68,-33,-131,-220,-278,-306,-300,-253,-182,-96,5,102,199,272,322,346,334,294,225,138,37,-83,-191,-280,-350,-390,-401,-381,-326,-237,-129,-6,128,258,369,447,491,486,445,362,237,93,-59,-219,-364,-472,-543,-560,-530,-456,-343,-199,-29,134,296,427,521,569,566,522,431,308,159,-14,-170,-303,-423,-505,-540,-530,-491,-400,-280,-146,2,151,284,385,455,490,487,447,377,280,162,30,-97,-215,-317,-389,-436,-453,-429,-372,-299,-198,-83,35,154,257,341,397,432,429,387,321,233,133,24,-94,-201,-295,-359,-399,-407,-396,-354,-280,-190,245,23,123,221,308,371,400,397,372,316,238,150,42,-64,-159,-247,-308,-351,-374,-369,-335,-286,-220,-132,-33,53,136,223,290,338,362,368,356,320,258,179,90,-11,-116,-219,-312,-382,-439,-460,-447,-411,-344,-246,-120,21,159,293,417,513,564,582,553,477,358,209,47,-133,-311,-463,-578,-650,-673,-642,-562,-435,-269,-86,112,302,464,591,668,693,669,588,460,301,114,-76,-254,-413,-539,-625,-658,-641,-580,-468,-328,-167,-2,163,314,440,526,573,579,547,484,382,250,111,-30,-171,-290,-393,-472,-521,-532,-514,-462,-385,-279,-150,-14,137,272,394,491,552,587,573,126,-173
38780,mtk,MTK 7916,2421296209,rx1-tx0,512,0,-653,-470,-645,-618,-556,-443,-283,-104,96,290,473,613,705,756,737,654,517,340,124,-103,-325,-531,-685,-800,-854,-828,-730,-572,-377,-134,121,362,588,757,864,914,875,768,603,384,136,-119,-367,-591,-759,-877,-919,-886,-780,-620,-408,-156,97,340,566,748,875,915,892,812,660,462,212,-49,-301,-529,-716,-861,-930,-908,-827,-680,-477,-232,29,280,512,710,832,886,878,795,645,452,219,-13,-250,-459,-632,-749,-804,-794,-721,-588,-420,-218,-5,200,392,541,644,695,686,636,542,408,245,59,-124,-293,-433,-546,-603,-618,-593,-510,-399,-256,-94,83,235,362,474,550,576,543,477,216,257,98,-52,-201,-331,-418,-488,-498,-486,-433,-333,-219,-83,45,170,275,348,388,410,402,346,279,192,97,-3,-102,-187,-248,-290,-310,-307,-276,-236,-179,-116,-53,23,74,127,167,205,232,232,213,201,179,136,98,37,-8,-63,-125,-181,-223,-256,-276,-278,-254,-217,-152,-67,17,111,217,300,358,385,387,359,290,178,58,-77,-204,-303,-366,-404,-411,-371,-307,-208,-87,32,145,248,319,373,388,364,303,221,129,17,-87,-184,-261,-316,-330,-311,-275,-215,-137,-41,57,134,199,253,280,260,232,175,107,27,-58,-128,-193,-235,-231,-192,-143,-81,-7,63,111,125,-351,-593,0,987,899,210,205,153,66,-41,-150,-239,-302,-318,-293,-226,-131,-20,91,196,281,333,358,336,280,198,90,-22,-130,-227,-305,-349,-358,-340,-294,-226,-126,-24,80,188,268,338,379,376,340,280,213,118,-6,-110,-214,-300,-354,-405,-405,-372,-319,-222,-113,9,129,252,347,424,454,440,396,313,208,80,-53,-178,-290,-384,-438,-455,-435,-371,-285,-181,-63,54,178,286,356,424,433,412,359,271,174,59,-72,-182,-270,-338,-382,-391,-377,-335,-259,-170,-50,78,180,251,307,344,362,349,305,229,141,49,-38,-130,-222,-277,-318,-321,-308,-266,-202,-150,-69,25,96,161,210,238,-584,244,221,185,149,86,29,-32,-100,-151,-179,-201,-213,-193,-164,-151,-104,-52,-5,35,83,129,144,162,161,146,137,112,88,54,22,-3,-32,-53,-70,-91,-105,-112,-125,-128,-126,-132,-117,-107,-81,-40,-6,46,98,152,203,239,259,261,244,207,141,57,-35,-142,-238,-319,-379,-416,-408,-367,-310,-204,-72,66,201,316,415,476,510,493,426,337,210,67,-81,-219,-353,-454,-504,-530,-509,-442,-343,-223,-72,77,209,338,439,506,530,509,456,375,265,126,-16,-156,-285,-396,-477,-512,-514,-486,-417,-312,-198,-58,87,219,333,426,505,543,536,503,422,308,171,19,83,523,0,-255,-527,13,191,361,516,625,686,700,660,564,406,220,13,-206,-407,-585,-719,-798,-805,-750,-630,-460,-261,-16,235,464,652,788,871,876,814,684,488,264,7,-251,-486,-689,-837,-911,-906,-840,-697,-507,-275,-11,248,486,678,823,900,905,851,731,548,314,61,-182,-425,-641,-802,-898,-918,-864,-747,-576,-355,-101,162,408,631,795,891,910,859,755,573,349,110,-143,-388,-597,-748,-836,-858,-808,-695,-535,-330,-102,135,349,520,652,735,757,718,628,489,316,120,-77,-252,-414,-541,-630,-658,-636,-567,-468,-329,-161,3,175,332,459,549,596,594,534,453,330,185,11,-148,-282,757,-497,-536,-524,-484,-395,-289,-157,-18,111,243,343,417,450,441,411,338,249,149,46,-77,-186,-265,-320,-344,-351,-336,-289,-218,-142,-57,27,101,158,209,236,260,258,239,215,172,128,64,8,-44,-86,-139,-183,-221,-238,-235,-234,-213,-183,-136,-85,-18,66,145,221,288,324,335,337,298,228,131,22,-88,-200,-300,-378,-415,-422,-377,-297,-193,-82,53,181,286,372,415,411,375,305,213,113,-8,-122,-220,-289,-338,-353,-333,-293,-221,-129,-21,74,157,231,283,307,289,252,200,133,37,-49,-124,-190,-229,-254,-239,-205,-146,-67,24,97,147,182,188,159,110,50,612,384,0,-36,425,-11,-110,-202,-260,-278,-251,-185,-81,38,153,247,312,340,324,282,198,103,-10,-131,-223,-300,-347,-361,-345,-291,-208,-97,12,122,216,297,347,365,363,317,244,161,54,-59,-164,-244,-307,-368,-379,-358,-330,-254,-175,-72,64,173,281,364,413,440,422,371,278,176,41,-85,-206,-322,-402,-458,-460,-427,-360,-256,-134,-5,122,237,329,398,437,438,400,322,236,135,2,-112,-228,-320,-376,-415,-415,-375,-308,-217,-108,3,108,214,296,357,398,383,336,280,205,115,3,-108,-200,-277,-321,-341,-334,-312,-255,-183,-104,-11,75,163,213,251,289,287,260,223,159,99,-674,-42,-101,-151,-197,-228,-236,-230,-207,-163,-113,-69,-8,51,82,122,172,189,185,171,156,121,85,55,3,-27,-57,-86,-112,-124,-128,-122,-119,-106,-96,-83,-58,-41,-24,6,26,55,90,108,150,173,186,192,180,163,122,65,-2,-82,-147,-219,-280,-327,-354,-341,-293,-223,-131,-21,108,217,319,418,458,468,436,366,261,134,0,-152,-279,-388,-477,-520,-514,-477,-398,-275,-142,6,158,293,404,484,532,524,487,416,300,167,13,-125,-255,-366,-458,-513,-528,-502,-437,-343,-219,-81,54,187,312,405,476,520,519,483,410,318,191,37,-104,-246,-375,-474,-547,-576,-966,-821
38781,mtk,MTK 7916,2421296209,rx1-tx1,512,0,0,0,77,377,591,667,578,353,41,-278,-532,-652,-619,-445,-170,144,416,582,611,493,257,-34,-307,-498,-563,-487,-301,-47,210,405,489,451,297,68,-168,-354,-453,-427,-291,-81,152,346,445,433,309,106,-128,-330,-456,-459,-347,-158,79,304,450,487,406,231,-1,-238,-415,-488,-460,-324,-103,138,333,461,475,381,207,-9,-216,-365,-431,-400,-275,-97,87,241,340,356,292,170,16,-127,-223,-264,-257,-191,-79,32,118,167,179,152,93,24,-38,-85,-107,-100,-78,-44,-7,20,35,39,39,38,31,18,6,3,-5,-19,-36,-48,-58,-63,-48,-17,21,66,94,107,101,0,13,-50,-103,-142,-154,-130,-69,9,86,152,192,179,122,40,-51,-140,-201,-214,-178,-101,-5,95,176,210,205,153,58,-55,-143,-197,-218,-193,-117,-9,88,160,201,199,150,71,-28,-120,-173,-185,-159,-101,-27,52,118,148,138,98,44,-13,-63,-87,-92,-72,-35,-1,14,28,26,9,-10,-17,-15,4,30,60,83,86,72,25,-37,-97,-146,-171,-147,-94,-24,68,155,216,241,205,118,9,-110,-218,-284,-290,-230,-119,18,158,273,334,323,243,120,-33,-185,-296,-353,-344,-258,-126,24,173,297,361,353,289,183,51,-88,-202,-279,-309,-294,-239,-157,-69,14,0,0,0,0,0,-34,14,75,137,183,199,183,136,56,-43,-144,-221,-258,-253,-198,-86,49,174,264,306,285,200,65,-89,-232,-329,-354,-303,-180,-6,169,308,382,367,265,94,-97,-274,-392,-412,-341,-187,19,226,382,446,402,268,60,-181,-372,-472,-475,-357,-135,128,366,514,540,446,241,-39,-322,-536,-624,-564,-370,-78,247,519,671,673,512,227,-117,-445,-679,-748,-645,-390,-34,344,643,792,755,551,215,-185,-549,-778,-830,-687,-374,16,406,709,848,784,539,170,-233,-577,-788,-817,-655,-338,56,428,691,785,689,433,73,-291,-583,-726,-696,-497,-170,201,502,677,686,525,230,0,-436,-639,-682,-547,-264,88,415,637,707,603,336,-24,-378,-638,-741,-661,-407,-48,329,633,782,736,503,148,-250,-599,-816,-833,-638,-283,151,560,834,899,742,407,-36,-480,-814,-943,-849,-554,-127,342,735,949,930,691,282,-199,-631,-904,-955,-788,-430,42,500,830,965,862,543,95,-368,-733,-919,-886,-635,-229,224,618,860,890,695,339,-92,-494,-770,-849,-726,-429,-31,366,669,799,721,477,117,-272,-583,-741,-715,-506,-181,189,511,700,709,538,237,-111,-434,-647,-692,-562,-294,43,365,597,679,588,353,27,-295,-543,-661,-611,-407,-105,223,492,639,626,456,178,-145,0,0,0,0,0,-657,-538,-301,17,330,558,662,611,403,107,-214,-476,-627,-631,-482,-221,82,358,539,584,488,278,6,-257,-447,-525,-466,-295,-60,185,378,461,438,299,76,-161,-350,-450,-432,-297,-82,145,337,444,434,313,120,-103,-311,-444,-473,-379,-181,51,268,433,497,438,268,38,-189,-373,-476,-471,-357,-158,74,280,417,459,397,250,51,-157,-316,-394,-383,-294,-143,25,181,288,318,272,173,49,-73,-168,-221,-219,-163,-89,-3,80,134,149,128,86,35,-17,-52,-62,-68,-60,-43,-23,0,17,22,22,30,37,38,37,31,11,-14,-36,-58,-76,-81,-71,-41,3,58,0,132,127,96,41,-35,-105,-155,-170,-147,-94,-23,65,144,187,187,147,67,-33,-121,-187,-213,-189,-131,-37,63,149,214,227,174,89,-14,-116,-183,-215,-202,-134,-40,55,134,185,201,157,83,4,-81,-148,-167,-151,-105,-32,36,81,104,111,89,45,-6,-36,-53,-54,-41,-18,4,17,16,-3,-26,-45,-54,-40,-6,33,74,109,121,106,61,-11,-99,-164,-200,-198,-155,-66,43,153,230,266,246,173,60,-80,-206,-282,-307,-273,-182,-52,95,232,320,343,302,198,46,-111,-247,-333,-362,-321,-217,-74,72,205,304,349,331,266,168,50,-68,-159,-215,-232,-219,0,0,0,0,0,-126,-144,-139,-107,-54,20,103,181,231,245,209,128,18,-97,-204,-273,-290,-246,-148,-16,131,255,321,322,252,120,-43,-201,-321,-367,-334,-224,-58,130,297,393,397,310,149,-49,-239,-380,-429,-372,-228,-20,195,366,457,439,300,80,-159,-370,-499,-507,-393,-177,88,342,531,599,511,298,10,-287,-532,-656,-622,-435,-147,189,490,674,710,580,299,-57,-402,-667,-783,-712,-465,-107,278,601,790,799,626,304,-96,-483,-754,-846,-744,-468,-81,318,641,819,802,599,255,-149,-509,-741,-802,-671,-383,-20,346,637,766,699,467,125,-243,-540,-698,-685,-504,-191,162,468,656,0,519,245,-94,-419,-639,-689,-559,-292,51,389,636,720,621,364,12,-354,-639,-763,-698,-465,-104,298,626,801,782,569,212,-209,-577,-813,-862,-690,-334,103,517,811,916,804,483,41,-413,-771,-958,-906,-629,-198,269,678,937,958,749,364,-111,-560,-867,-965,-827,-489,-36,420,777,944,882,597,168,-291,-673,-897,-897,-676,-292,151,549,809,870,719,395,-16,-423,-722,-830,-728,-458,-79,314,623,769,723,495,147,-232,-546,-712,-701,-520,-212,149,471,665,692,548,270,-77,-407,-632,-682,-568,-323,8,337,574,667,599,383,66,-264,-521,-645,-615,-436,-139,189,466,630,638,0,0
38782,mtk,MTK 7916,2421296209,rx2-tx0,512,0,0,0,950,1036,864,476,-30,-523,-889,-1031,-916,-577,-93,409,801,993,937,637,183,-311,-723,-952,-933,-670,-238,251,669,909,910,679,273,-201,-622,-884,-921,-715,-311,180,624,903,953,754,357,-140,-614,-925,-997,-820,-431,77,572,925,1041,891,507,-3,-512,-896,-1060,-952,-588,-79,445,856,1052,978,649,147,-386,-827,-1060,-1015,-701,-207,339,806,1067,1060,781,290,-287,-792,-1101,-1134,-878,-389,198,740,1105,1199,996,542,-49,-634,-1069,-1244,-1104,-693,-117,487,970,1215,1168,835,301,-307,-836,-1149,-1175,-918,-443,138,675,1040,1146,964,544,2,-535,-926,-1076,-959,-608,-104,420,825,1016,0,658,192,-316,-738,-975,-961,-697,-258,238,674,936,962,744,336,-161,-616,-911,-974,-798,-416,80,551,881,994,855,495,3,-493,-868,-1034,-934,-593,-105,423,852,1073,1034,737,252,-300,-786,-1088,-1124,-883,-428,137,675,1049,1175,1016,609,51,-521,-970,-1190,-1128,-789,-260,328,845,1160,1201,950,477,-110,-670,-1071,-1226,-1091,-697,-151,426,912,1174,1163,888,421,-132,-645,-1006,-1135,-1001,-646,-158,347,755,980,987,770,388,-67,-480,-766,-872,-787,-525,-156,226,534,706,717,576,309,-12,-316,-534,-623,-568,-400,-151,118,347,496,538,470,315,114,-95,-272,-383,-418,-380,-290,-170,-39,0,0,0,0,0,-209,-103,33,191,344,454,496,458,336,140,-101,-332,-501,-583,-558,-415,-174,105,364,556,631,567,378,102,-203,-465,-631,-660,-535,-284,37,350,592,702,644,436,127,-219,-520,-698,-716,-562,-272,87,424,660,742,651,395,34,-336,-627,-762,-706,-483,-137,251,579,764,769,579,240,-161,-525,-765,-825,-685,-368,49,453,749,866,776,490,83,-355,-709,-888,-852,-609,-211,239,636,882,913,716,342,-115,-547,-851,-941,-802,-474,-25,437,787,942,878,593,159,-309,-701,-923,-918,-696,-302,165,588,867,930,764,417,-37,-478,-799,-920,-818,-511,-80,360,707,880,830,566,165,0,-627,-829,-819,-597,-223,201,575,800,822,633,275,-155,-549,-799,-841,-665,-319,123,537,813,883,731,390,-58,-500,-815,-926,-806,-479,-26,445,809,967,882,576,125,-363,-768,-983,-945,-669,-227,278,713,966,980,745,322,-180,-638,-933,-988,-797,-401,103,576,894,988,828,452,-39,-522,-869,-993,-856,-506,-19,475,846,992,891,558,80,-414,-805,-1002,-931,-619,-151,359,783,1007,973,691,236,-281,-729,-992,-1002,-759,-322,198,664,966,1024,819,410,-104,-593,-928,-1031,-873,-487,13,505,876,1026,912,567,81,-428,-829,-1020,-956,-653,-183,334,768,1007,989,725,280,-233,-687,-966,0,0,0,0,0,-424,88,581,928,1043,898,528,31,-475,-855,-1022,-936,-612,-144,355,761,974,930,651,211,-281,-695,-923,-920,-676,-254,229,645,896,917,697,290,-194,-623,-888,-928,-732,-330,164,611,907,976,785,385,-116,-592,-929,-1023,-858,-474,35,548,922,1062,927,559,47,-482,-887,-1059,-960,-619,-121,413,846,1060,992,670,182,-363,-817,-1065,-1035,-736,-246,314,802,1089,1094,819,333,-241,-770,-1115,-1177,-936,-461,128,698,1101,1236,1057,618,33,-563,-1030,-1242,-1148,-772,-211,398,908,1191,1179,884,373,-220,-752,-1091,-1163,-952,-505,63,603,983,1113,966,580,60,-466,-868,-1050,-966,-637,-158,0,767,989,956,679,224,-285,-707,-954,-970,-731,-301,194,638,917,962,764,375,-119,-575,-892,-985,-822,-442,46,525,876,1010,889,541,49,-457,-861,-1059,-987,-667,-175,367,825,1088,1082,808,336,-223,-736,-1075,-1158,-956,-512,49,600,1013,1186,1073,702,153,-435,-915,-1181,-1164,-868,-360,232,764,1123,1224,1033,591,8,-565,-1002,-1214,-1145,-809,-287,290,791,1107,1162,957,543,18,-495,-887,-1071,-1010,-726,-286,197,613,877,933,782,463,58,-341,-651,-803,-764,-554,-237,111,423,625,678,578,356,66,-220,-445,-562,-557,-437,-232,10,237,404,486,471,377,224,48,-113,-231,-295,-300,0,0,0,0,0,-267,-352,-398,-386,-304,-157,36,240,418,535,557,468,286,44,-214,-435,-577,-603,-499,-284,-3,285,518,639,617,458,193,-120,-409,-615,-685,-601,-370,-49,292,564,706,689,503,196,-148,-462,-683,-739,-612,-337,21,378,640,749,679,445,100,-286,-602,-762,-736,-533,-193,201,552,772,803,632,304,-103,-491,-768,-857,-730,-427,-17,401,727,877,814,552,142,-303,-674,-884,-880,-663,-284,175,597,870,931,758,403,-46,-486,-820,-953,-846,-536,-93,370,740,933,904,646,225,-243,-652,-904,-930,-734,-362,97,529,832,931,797,471,29,-417,-751,-897,-820,-541,-129,311,666,849,0,577,197,-232,-603,-814,-814,-610,-252,177,557,793,825,647,296,-138,-541,-808,-867,-698,-352,88,510,810,904,768,428,-22,-472,-807,-942,-845,-534,-75,411,792,974,920,631,178,-323,-740,-978,-968,-712,-274,226,670,950,990,775,363,-135,-600,-912,-988,-808,-420,75,546,876,986,842,474,-18,-501,-850,-983,-867,-523,-44,448,827,995,910,591,117,-387,-790,-1000,-952,-658,-194,320,754,997,987,724,276,-240,-700,-983,-1018,-792,-365,156,633,949,1028,846,452,-54,-551,-908,-1030,-894,-536,-38,471,858,1025,936,612,134,-383,-797,-1011,-972,-687,-231,279,723,990,1007,766,331,0,0
38783,mtk,MTK 7916,2421296209,rx2-tx1,512,0,0,0,-581,-577,-440,-194,96,354,522,552,460,260,-9,-273,-448,-509,-449,-294,-61,179,362,460,440,310,112,-99,-275,-383,-383,-289,-137,45,211,306,317,248,119,-33,-157,-235,-249,-194,-87,39,141,191,182,115,27,-60,-139,-165,-133,-49,54,145,194,180,107,-7,-131,-232,-268,-226,-116,38,198,319,360,307,188,0,-206,-378,-456,-416,-271,-46,212,424,533,523,383,139,-148,-418,-596,-632,-502,-250,64,375,597,685,618,397,59,-306,-600,-744,-703,-496,-182,184,521,738,776,619,313,-61,-434,-704,-800,-701,-439,-67,316,621,784,753,542,192,-197,-540,-758,-783,-615,0,76,438,692,778,671,392,19,-358,-643,-770,-700,-468,-122,260,581,748,728,530,203,-177,-521,-739,-774,-610,-284,119,487,734,801,668,364,-39,-443,-745,-867,-772,-488,-78,356,718,914,889,647,250,-233,-676,-951,-987,-809,-439,49,543,917,1070,974,648,141,-396,-832,-1082,-1086,-826,-379,154,664,1022,1143,999,630,117,-432,-885,-1140,-1131,-862,-409,131,643,1010,1139,1021,678,192,-330,-766,-1022,-1042,-839,-456,15,466,797,953,901,649,266,-155,-527,-771,-844,-734,-474,-121,237,533,712,739,606,359,57,-248,-495,-621,-622,-522,-334,-94,144,333,448,476,427,321,194,61,0,0,0,0,0,17,-74,-160,-235,-285,-298,-261,-174,-51,83,209,298,340,327,256,121,-37,-187,-299,-352,-337,-251,-107,63,223,324,352,311,209,63,-96,-237,-329,-352,-283,-155,5,157,273,328,315,229,89,-62,-192,-281,-301,-253,-154,-13,121,205,243,233,164,59,-51,-144,-196,-191,-142,-70,21,91,136,143,105,38,-25,-72,-94,-75,-35,25,82,116,114,77,6,-77,-158,-191,-169,-103,-11,99,195,251,256,196,72,-65,-190,-291,-330,-283,-170,-17,148,281,349,327,230,85,-88,-239,-339,-368,-302,-154,31,203,318,359,311,189,23,-146,-286,-354,-333,-230,-74,113,279,0,351,253,91,-92,-262,-362,-372,-286,-127,67,246,362,389,317,169,-24,-221,-373,-427,-366,-216,-20,195,364,441,406,266,56,-173,-364,-469,-446,-318,-103,145,356,481,501,389,175,-76,-313,-484,-537,-450,-248,12,268,460,536,477,301,55,-215,-426,-523,-485,-330,-80,191,409,514,496,351,106,-168,-403,-543,-546,-395,-140,152,411,569,589,467,216,-99,-400,-602,-658,-553,-314,18,355,596,694,637,421,88,-267,-551,-720,-716,-532,-217,142,472,698,759,630,349,-10,-362,-635,-753,-690,-470,-145,212,527,710,708,543,258,-88,-410,-632,-703,-600,-356,-33,291,530,627,0,0,0,0,0,156,-142,-401,-556,-577,-459,-231,49,317,498,547,470,279,28,-216,-405,-490,-447,-302,-97,135,327,421,412,309,131,-75,-245,-345,-359,-278,-136,32,186,272,287,231,113,-27,-138,-201,-204,-158,-58,49,138,177,148,77,-14,-102,-159,-164,-121,-28,90,181,225,212,120,-22,-171,-279,-316,-272,-148,27,203,343,411,369,223,15,-209,-399,-503,-485,-336,-100,185,433,579,575,445,194,-117,-406,-604,-665,-554,-313,13,350,604,722,673,451,116,-250,-562,-737,-734,-558,-254,123,474,712,778,667,381,11,-363,-659,-789,-727,-492,-138,254,580,760,757,585,263,-127,-490,0,-779,-648,-363,16,393,663,769,691,432,71,-296,-589,-743,-707,-498,-168,212,547,741,744,563,243,-150,-510,-743,-784,-634,-321,78,460,731,833,722,422,18,-407,-750,-910,-840,-565,-152,313,711,940,950,731,338,-154,-620,-948,-1048,-900,-525,-27,484,882,1087,1037,744,270,-275,-753,-1049,-1115,-930,-514,30,560,956,1140,1077,759,264,-287,-769,-1077,-1140,-950,-547,-33,479,885,1095,1055,775,337,-163,-608,-914,-1019,-891,-570,-149,294,666,881,891,705,371,-24,-389,-665,-790,-745,-552,-248,104,407,617,698,634,449,190,-82,-329,-510,-582,-540,-419,-248,-59,115,245,318,331,0,0,0,0,0,217,228,203,141,43,-70,-174,-268,-328,-329,-267,-160,-16,130,251,333,357,300,182,35,-126,-262,-342,-348,-288,-166,-1,157,274,342,336,256,119,-44,-205,-311,-344,-299,-193,-44,107,236,309,306,235,128,-16,-150,-243,-282,-258,-167,-41,89,182,226,218,164,70,-32,-114,-152,-153,-124,-62,15,75,106,100,62,6,-59,-100,-112,-80,-5,72,128,142,126,75,-6,-109,-196,-238,-219,-148,-34,100,212,281,298,238,119,-28,-177,-299,-342,-299,-203,-59,125,276,349,346,263,115,-52,-215,-336,-369,-305,-177,-12,172,305,365,333,224,55,-125,-272,-356,-338,-230,0,95,250,348,359,275,103,-88,-247,-354,-390,-316,-151,55,242,376,414,354,202,4,-198,-364,-436,-388,-242,-39,175,360,462,437,298,82,-157,-361,-482,-471,-345,-139,108,345,489,515,421,222,-44,-304,-481,-528,-449,-271,-21,235,433,527,485,316,66,-193,-405,-516,-489,-327,-89,179,404,525,513,369,122,-176,-422,-549,-547,-419,-168,140,421,593,626,505,256,-62,-370,-605,-686,-595,-353,-30,309,582,717,674,465,143,-217,-529,-723,-742,-584,-289,71,421,674,761,668,416,70,-295,-587,-741,-712,-524,-210,149,468,662,703,583,315,-22,-345,-575,-660,-589,-383,-91,0,0
38784,mtk,MTK 7916,2421326935,rx0-tx0,512,-349,-68,-80,253,94,-81,-244,-400,-531,-632,-697,-718,-695,-624,-515,-372,-200,-12,168,340,493,625,706,734,727,664,559,431,265,91,-96,-272,-425,-550,-645,-696,-693,-657,-580,-458,-318,-166,-6,141,282,408,506,567,594,588,555,489,406,292,179,55,-76,-199,-303,-398,-472,-524,-554,-554,-526,-476,-391,-289,-169,-31,112,265,395,514,612,661,673,649,578,462,318,151,-35,-220,-384,-532,-652,-716,-742,-717,-627,-509,-362,-188,6,186,345,493,595,659,682,640,567,469,334,181,27,-114,-242,-362,-442,-493,-512,-498,-458,-397,-312,-213,-105,-1,93,177,249,307,347,367,374,359,-511,290,228,159,90,17,-57,-142,-220,-283,-332,-370,-395,-391,-372,-329,-259,-175,-81,22,126,240,335,401,463,495,487,456,390,287,174,50,-91,-227,-346,-444,-517,-557,-567,-534,-462,-352,-225,-85,69,216,340,446,529,580,585,553,485,377,255,116,-34,-179,-314,-431,-509,-555,-568,-538,-473,-390,-274,-132,12,144,268,383,461,504,513,495,448,365,250,132,5,-112,-223,-319,-388,-433,-451,-433,-389,-313,-232,-133,-24,81,172,262,330,366,385,376,343,277,199,115,15,-89,-177,-250,-320,-346,-349,-323,-272,-196,-103,-1,107,197,259,294,297,264,200,105,9,-69,51,-2,1179,-121,-316,-67,7,99,177,243,279,281,251,179,91,-17,-124,-219,-300,-357,-380,-366,-317,-236,-139,-25,93,209,317,392,440,458,434,367,284,168,39,-109,-241,-358,-452,-501,-519,-495,-435,-341,-213,-83,63,201,326,437,510,534,524,479,406,300,165,29,-99,-229,-346,-428,-485,-510,-505,-467,-407,-302,-180,-59,68,193,297,389,444,471,476,452,402,321,211,102,-3,-116,-216,-312,-393,-436,-448,-440,-405,-350,-278,-179,-74,30,141,236,309,374,421,434,432,403,353,277,181,77,-36,-154,-255,-344,-404,-451,-470,-451,-420,-354,-257,-148,-37,75,189,291,382,446,472,484,-330,418,335,229,123,13,-112,-224,-327,-409,-465,-497,-500,-465,-408,-334,-234,-115,7,121,237,340,428,489,524,535,515,461,377,270,142,8,-127,-259,-381,-492,-567,-615,-629,-595,-530,-435,-311,-170,8,184,342,487,613,697,733,736,690,591,455,281,92,-95,-286,-466,-622,-740,-804,-819,-788,-703,-566,-406,-211,8,222,425,600,741,838,871,851,780,654,482,279,60,-158,-364,-535,-686,-785,-823,-822,-763,-656,-511,-327,-133,63,264,428,564,660,718,734,703,634,526,388,231,67,-99,-257,-394,-508,-594,-642,-651,-630,-574,-497,-372,-236,-78,80,223,366,474,563,622,366,202,-729,-196,-300,-628,-679,-690,-654,-578,-458,-315,-151,27,207,373,519,632,708,733,715,657,553,412,234,59,-124,-315,-464,-592,-680,-725,-727,-670,-572,-446,-292,-123,44,200,359,489,581,642,651,623,567,475,353,221,83,-54,-187,-305,-408,-481,-531,-562,-555,-508,-447,-377,-279,-176,-54,76,198,324,430,506,572,603,606,562,490,401,265,104,-60,-227,-387,-527,-627,-693,-719,-690,-616,-505,-349,-173,9,203,378,513,625,699,719,680,608,492,345,188,8,-163,-305,-432,-532,-589,-599,-572,-516,-424,-313,-198,-70,64,179,278,353,404,432,432,410,370,316,250,165,82,-2,-87,1105,-223,-281,-320,-354,-368,-369,-344,-298,-243,-174,-103,-13,78,167,261,332,389,425,441,439,399,321,234,135,14,-107,-220,-337,-432,-495,-539,-541,-509,-436,-339,-210,-73,77,223,354,459,525,573,580,540,468,369,240,91,-64,-199,-329,-438,-517,-572,-585,-555,-493,-391,-267,-131,15,165,287,396,490,545,551,521,471,383,267,133,-2,-131,-251,-358,-430,-471,-482,-459,-412,-337,-244,-141,-22,96,204,281,348,398,412,396,357,309,223,130,31,-75,-174,-257,-308,-348,-366,-353,-309,-258,-177,-75,20,116,202,273,318,334,315,258,178,86,-16,-113,-196,-242,-240,-207,-194,-215,1145,-756,-844,181,216,212,175,108,15,-82,-180,-261,-315,-339,-322,-275,-203,-99,16,132,239,325,381,412,407,377,304,205,87,-40,-175,-293,-390,-464,-504,-495,-445,-363,-250,-119,18,163,295,411,487,531,536,495,423,316,183,44,-92,-224,-348,-451,-510,-524,-508,-468,-390,-286,-169,-42,88,205,312,411,470,499,499,454,392,299,188,69,-47,-166,-273,-363,-426,-454,-463,-439,-389,-334,-243,-139,-35,75,173,262,339,401,432,445,426,375,309,233,131,19,-87,-186,-276,-351,-408,-443,-454,-434,-383,-309,-218,-119,5,116,223,325,402,448,470,464,431,379,299,193,78,-34,826,-267,-364,-438,-478,-498,-483,-432,-367,-280,-178,-63,63,186,287,377,455,501,512,496,456,392,298,185,63,-60,-187,-311,-413,-497,-551,-569,-562,-519,-453,-353,-228,-88,69,229,367,490,584,657,696,678,616,516,387,219,49,-127,-316,-481,-617,-718,-765,-774,-738,-657,-530,-358,-155,54,253,446,605,731,825,856,827,751,622,455,249,27,-185,-393,-577,-719,-813,-857,-851,-775,-660,-498,-297,-96,114,319,496,644,742,786,793,743,638,510,352,177,-10,-187,-349,-483,-586,-653,-680,-673,-628,-545,-437,-297,-144,10,156,299,426,530,599,643,642,611,541,436,313,157,-658,-730
38785,mtk,MTK 7916,2421326935,rx0-tx1,512,87,91,-31,110,-54,-222,-376,-514,-620,-698,-735,-730,-674,-573,-447,-288,-107,89,282,451,606,724,796,825,806,737,627,480,293,96,-111,-325,-519,-683,-809,-890,-924,-890,-804,-676,-503,-299,-69,168,394,599,772,896,968,984,944,845,694,507,288,55,-179,-413,-630,-801,-930,-1003,-1026,-991,-897,-757,-565,-338,-86,174,428,668,866,1011,1100,1123,1080,969,801,576,315,36,-246,-518,-754,-952,-1098,-1158,-1152,-1081,-941,-738,-499,-225,68,337,603,824,984,1087,1127,1101,1003,847,640,399,132,-136,-388,-619,-809,-947,-1031,-1054,-1008,-912,-755,-556,-328,-89,153,383,589,764,893,968,986,950,-689,729,540,332,102,-138,-368,-584,-765,-892,-972,-1000,-975,-891,-748,-562,-348,-97,162,406,636,831,976,1064,1088,1053,947,775,549,288,7,-288,-569,-801,-993,-1121,-1181,-1167,-1076,-911,-686,-417,-119,185,488,766,979,1138,1218,1209,1134,982,759,491,185,-128,-437,-703,-927,-1092,-1177,-1191,-1120,-976,-762,-499,-209,92,380,642,853,1005,1082,1077,1005,870,665,429,172,-87,-335,-547,-720,-841,-886,-888,-824,-703,-547,-363,-161,53,251,428,570,673,716,716,666,569,446,282,103,-72,-238,-385,-498,-567,-595,-578,-517,-414,-274,-118,45,198,332,430,478,473,412,306,172,25,-105,-201,-64,-17,0,-1241,-1508,181,153,98,18,-73,-162,-229,-271,-291,-271,-221,-156,-72,16,105,184,255,305,327,329,307,253,186,100,8,-86,-175,-262,-328,-377,-398,-390,-364,-298,-214,-122,-8,111,222,322,406,465,489,482,439,364,261,135,-7,-148,-285,-411,-493,-550,-567,-544,-494,-389,-262,-128,24,175,308,425,508,554,571,544,479,388,264,131,-9,-143,-268,-379,-459,-514,-530,-514,-469,-391,-294,-176,-53,71,194,293,377,439,468,473,448,402,336,245,149,37,-80,-183,-270,-346,-403,-435,-441,-419,-371,-314,-227,-125,-32,75,177,259,335,381,412,418,397,359,299,223,126,29,-71,-130,-245,-312,-361,-390,-399,-384,-355,-293,-217,-137,-49,40,131,215,278,324,359,369,363,335,298,243,171,101,27,-58,-134,-204,-269,-316,-354,-372,-376,-362,-330,-289,-223,-148,-55,44,139,234,325,399,454,489,499,480,424,341,242,116,-24,-159,-295,-418,-516,-586,-622,-618,-584,-510,-393,-255,-94,69,230,385,525,619,676,696,668,600,496,361,204,35,-135,-290,-438,-561,-637,-674,-677,-630,-546,-445,-304,-153,7,160,296,421,520,577,597,592,557,480,385,282,160,35,-92,-218,-320,-407,-472,-514,-535,-527,-494,-433,-356,-261,-146,-27,99,232,344,447,525,580,610,1172,429,504,220,177,-644,-668,-648,-582,-483,-348,-195,-23,160,340,500,630,727,782,790,743,657,532,370,187,-8,-208,-396,-562,-708,-809,-863,-873,-825,-723,-577,-404,-201,26,255,463,653,806,909,957,946,879,766,602,400,174,-63,-302,-522,-706,-855,-951,-996,-983,-921,-794,-627,-425,-195,50,301,529,734,898,1006,1065,1056,998,876,689,466,211,-62,-335,-595,-818,-1001,-1113,-1158,-1134,-1039,-877,-672,-412,-128,153,433,689,893,1042,1138,1149,1097,985,799,570,315,42,-237,-498,-724,-907,-1031,-1092,-1079,-1009,-884,-699,-476,-231,30,272,499,697,856,963,1013,1002,932,810,641,437,207,-30,-262,261,-677,-827,-927,-986,-986,-923,-814,-646,-447,-227,15,255,488,692,852,973,1042,1038,969,848,669,447,198,-66,-336,-597,-825,-992,-1097,-1139,-1116,-1010,-845,-629,-362,-72,234,522,784,987,1134,1212,1201,1122,952,728,466,159,-151,-447,-729,-952,-1111,-1194,-1204,-1136,-987,-781,-508,-204,101,407,674,899,1053,1137,1143,1075,927,723,472,192,-96,-365,-613,-803,-925,-991,-985,-916,-783,-606,-389,-162,68,299,489,641,742,798,800,745,642,496,322,134,-52,-234,-389,-515,-606,-647,-643,-597,-505,-373,-219,-56,114,262,395,488,539,540,492,402,270,115,-46,-193,-305,-372,-379,-332,-240,218,236,0,1157,226,-68,-143,-204,-238,-243,-211,-148,-71,24,121,200,262,302,314,298,257,198,115,27,-62,-154,-233,-294,-339,-359,-350,-322,-267,-188,-104,-2,97,199,299,362,412,443,435,399,336,243,128,1,-129,-253,-368,-458,-518,-540,-522,-477,-388,-263,-127,28,170,307,432,505,557,575,547,482,389,260,121,-29,-176,-303,-409,-486,-531,-544,-526,-472,-386,-279,-153,-17,110,234,342,423,482,503,499,460,391,312,208,93,-22,-135,-234,-324,-390,-431,-457,-450,-413,-355,-275,-179,-74,30,130,222,303,375,409,426,427,392,338,262,175,83,-22,-118,-212,-287,-353,-393,-410,-402,245,-328,-258,-179,-88,7,97,188,269,324,365,383,382,360,316,256,190,111,24,-64,-140,-209,-271,-313,-335,-353,-357,-337,-304,-250,-187,-113,-31,47,126,198,271,337,388,424,431,423,388,325,241,150,43,-74,-197,-317,-411,-491,-550,-566,-553,-510,-431,-321,-192,-38,117,267,415,528,617,663,667,634,563,453,307,153,-17,-191,-345,-485,-592,-663,-696,-681,-625,-538,-406,-250,-93,75,239,374,495,584,632,647,620,553,464,347,205,67,-70,-208,-329,-421,-498,-543,-558,-551,-507,-439,-357,-256,-151,-35,89,206,318,404,478,529,549,554,520,458,375,262,137,-14,1021,1499
38786,mtk,MTK 7916,2421326935,rx1-tx0,512,0,-54,-429,-257,-113,56,219,379,517,622,703,744,726,666,554,404,233,38,-161,-362,-544,-694,-804,-846,-843,-793,-671,-527,-341,-125,98,334,540,697,820,898,909,867,769,625,428,200,-32,-255,-472,-663,-800,-892,-920,-905,-823,-695,-531,-321,-97,130,358,565,729,855,912,916,885,787,640,465,245,-2,-226,-441,-648,-800,-887,-929,-913,-831,-697,-538,-322,-103,120,345,522,681,796,850,866,809,699,549,371,180,-18,-220,-397,-538,-662,-739,-740,-710,-647,-552,-416,-261,-93,78,234,384,503,584,628,634,604,544,448,323,186,38,-118,-259,-364,-453,-521,-559,-558,-524,-458,-361,216,-110,32,152,264,361,443,478,482,460,418,341,240,146,44,-76,-167,-253,-324,-361,-385,-379,-346,-301,-235,-180,-95,-17,56,127,176,220,257,272,280,272,236,191,153,112,50,4,-55,-105,-127,-167,-199,-217,-236,-237,-231,-225,-197,-148,-98,-52,0,72,141,217,274,325,352,344,320,279,209,117,24,-69,-173,-274,-350,-393,-418,-413,-364,-291,-193,-97,8,113,212,298,345,377,379,353,312,251,155,60,-28,-132,-212,-276,-318,-330,-326,-293,-242,-175,-92,-9,78,153,203,245,267,260,244,214,161,83,3,-61,-141,-191,-213,-220,-193,-150,-88,-16,42,80,873,854,0,411,93,-205,-225,-203,-140,-47,60,159,249,307,332,321,270,192,97,-1,-103,-202,-278,-329,-351,-345,-314,-262,-185,-94,-2,94,189,268,331,356,360,349,300,239,163,69,-24,-119,-199,-265,-334,-365,-373,-377,-337,-280,-210,-112,-15,90,191,283,355,405,425,420,395,324,237,138,28,-84,-205,-310,-390,-438,-452,-441,-413,-338,-247,-151,-44,69,191,290,360,411,421,414,387,335,261,186,88,-23,-124,-216,-294,-345,-392,-402,-387,-347,-280,-204,-115,-17,75,155,236,299,332,356,354,332,293,222,143,58,-26,-108,-172,-230,-272,-297,-309,-288,-251,-215,-163,-105,-44,33,-584,148,188,215,235,239,229,211,186,150,98,42,-6,-56,-102,-145,-176,-191,-197,-199,-187,-164,-152,-102,-56,-34,9,51,73,101,119,133,157,159,150,139,133,128,104,88,64,30,-4,-31,-68,-115,-158,-196,-228,-252,-265,-263,-247,-213,-160,-91,-6,72,164,261,323,374,422,426,401,352,272,165,58,-60,-189,-306,-400,-472,-506,-518,-498,-437,-350,-233,-112,19,161,294,388,463,526,540,535,482,406,308,179,54,-76,-208,-321,-416,-485,-524,-537,-508,-463,-384,-276,-170,-53,84,203,314,400,470,520,537,518,470,408,316,194,74,-60,-192,-313,-426,-509,-577,550,626,0,991,664,590,647,667,639,575,463,334,175,-6,-197,-380,-549,-669,-757,-797,-791,-733,-619,-473,-283,-70,140,360,550,698,824,881,889,842,728,565,383,161,-74,-301,-514,-690,-826,-900,-921,-890,-814,-667,-473,-258,-27,197,421,607,762,870,915,918,864,747,592,396,170,-53,-288,-506,-675,-814,-909,-932,-894,-820,-688,-492,-282,-61,172,398,580,737,850,896,903,827,704,552,354,146,-74,-292,-482,-626,-738,-796,-808,-764,-661,-541,-404,-218,-24,152,322,466,580,648,683,667,624,547,424,294,136,-18,-169,-312,-430,-520,-571,-597,-588,-530,-444,-345,-219,-74,69,203,316,408,757,520,521,488,437,359,252,125,8,-107,-215,-317,-381,-409,-436,-425,-379,-327,-244,-156,-73,27,115,194,247,291,324,322,310,280,235,197,131,67,4,-70,-129,-166,-188,-221,-240,-240,-247,-208,-188,-167,-126,-85,-40,17,61,115,177,214,241,262,285,288,276,233,175,106,13,-81,-161,-244,-319,-362,-382,-379,-353,-300,-214,-113,-13,111,211,301,354,388,400,384,342,265,178,76,-34,-129,-212,-278,-331,-341,-347,-320,-271,-216,-131,-42,54,139,200,250,283,296,290,242,191,127,51,-24,-88,-157,-213,-249,-246,-233,-199,-131,-66,9,80,133,169,171,151,111,-207,301,0,846,667,-19,62,160,238,288,295,264,198,99,-3,-109,-202,-274,-320,-335,-332,-292,-225,-139,-41,60,154,238,305,336,347,337,305,253,170,69,-23,-120,-207,-271,-328,-359,-366,-351,-301,-259,-188,-94,-7,95,190,261,336,386,407,407,374,311,228,126,17,-88,-201,-300,-373,-423,-449,-452,-420,-353,-258,-150,-31,78,193,295,367,419,445,439,400,332,260,165,63,-41,-147,-242,-317,-367,-408,-417,-396,-353,-279,-193,-102,7,98,190,263,319,364,382,370,337,286,205,123,40,-51,-133,-215,-280,-314,-337,-330,-311,-270,-224,-156,-82,-7,74,127,179,231,248,263,263,-674,218,170,121,68,14,-44,-94,-140,-181,-218,-230,-224,-206,-184,-153,-117,-73,-30,13,59,85,127,165,162,168,177,161,144,124,95,75,42,7,-24,-48,-60,-91,-114,-126,-154,-172,-175,-180,-186,-177,-156,-120,-81,-23,28,79,141,207,274,321,346,346,336,288,208,138,37,-79,-181,-275,-365,-432,-473,-490,-465,-402,-319,-208,-90,45,179,304,403,476,516,540,523,459,367,270,149,11,-118,-247,-356,-456,-515,-537,-536,-502,-434,-341,-232,-109,19,150,265,380,457,501,537,532,489,422,337,239,117,-16,-149,-257,-355,-453,-514,-553,-562,-529,-476,-383,-283,-166,-298,33
38787,mtk,MTK 7916,2421326935,rx1-tx1,512,0,0,0,-531,-306,1,317,547,628,539,300,-14,-318,-536,-613,-526,-298,9,307,507,566,480,269,-12,-276,-460,-517,-419,-212,38,277,433,456,349,147,-96,-301,-415,-408,-280,-72,158,340,412,367,227,17,-202,-369,-431,-371,-200,30,252,405,450,372,187,-58,-278,-419,-450,-369,-191,35,251,404,454,383,203,-22,-230,-374,-420,-362,-215,-19,173,309,368,329,210,41,-122,-239,-288,-271,-184,-60,63,161,215,210,153,57,-37,-101,-135,-144,-115,-63,-1,49,76,78,67,48,22,-2,-18,-31,-37,-35,-37,-34,-24,-7,5,30,58,74,74,56,19,-30,-76,-105,-108,0,-50,10,76,131,148,122,73,3,-79,-143,-174,-162,-103,-24,68,146,187,182,127,34,-61,-149,-193,-194,-144,-55,53,150,204,196,150,73,-37,-132,-189,-204,-168,-81,17,105,160,177,149,84,2,-77,-130,-142,-127,-82,-15,52,97,104,79,50,20,-8,-31,-42,-46,-33,-19,-9,-6,-11,-25,-34,-23,2,35,73,104,104,68,16,-51,-119,-166,-181,-148,-67,31,125,197,237,216,138,17,-106,-214,-273,-275,-206,-90,56,191,282,311,266,162,14,-141,-262,-325,-325,-249,-117,41,188,296,345,320,232,101,-45,-177,-267,-310,-296,-229,-135,-36,52,117,0,0,0,0,0,7,-44,-97,-148,-180,-169,-128,-55,40,140,211,243,224,148,32,-92,-205,-276,-279,-214,-95,45,184,289,324,276,153,-17,-179,-304,-358,-318,-187,-10,169,312,380,348,221,32,-170,-328,-399,-364,-222,-12,207,366,432,380,220,-6,-244,-418,-478,-412,-227,36,303,486,542,461,245,-56,-352,-556,-627,-532,-285,48,375,615,697,584,319,-36,-395,-652,-740,-638,-363,28,406,680,784,683,394,-3,-406,-703,-819,-722,-437,-33,382,696,825,746,467,66,-354,-667,-803,-732,-465,-71,323,627,771,694,433,71,-302,-600,-723,-639,-383,-34,326,597,689,580,316,-38,-377,0,-656,-533,-250,111,430,624,650,483,177,-184,-492,-670,-658,-454,-112,266,569,717,665,428,60,-337,-642,-767,-688,-410,-9,401,704,818,710,399,-35,-462,-769,-871,-730,-378,79,520,824,900,734,370,-101,-552,-850,-919,-745,-365,118,567,859,914,716,326,-156,-589,-860,-905,-694,-298,178,601,856,878,663,261,-204,-607,-836,-835,-612,-222,228,605,799,777,541,158,-257,-590,-754,-702,-458,-97,283,581,713,638,379,27,-328,-587,-671,-567,-303,37,361,586,641,505,228,-100,-406,-600,-619,-464,-187,147,446,613,599,415,126,-203,-473,-604,-564,-372,-75,246,496,601,545,0,0,0,0,0,-322,-547,-627,-536,-304,6,317,540,617,526,296,-7,-304,-520,-594,-509,-290,1,285,480,538,456,251,-16,-269,-441,-481,-379,-177,63,285,420,429,312,110,-121,-313,-407,-388,-255,-43,186,353,416,361,207,-14,-238,-396,-437,-372,-200,32,260,413,459,376,184,-48,-263,-414,-463,-381,-199,28,239,388,441,384,223,8,-197,-345,-395,-349,-216,-35,146,276,322,287,188,46,-92,-198,-247,-234,-169,-66,45,135,187,179,125,55,-15,-71,-104,-104,-84,-47,-5,30,51,62,48,36,28,13,-3,-10,-19,-30,-46,-53,-49,-31,-6,25,57,83,95,77,33,-22,0,-113,-128,-108,-59,5,83,137,162,146,89,5,-81,-149,-182,-172,-119,-33,67,150,197,192,138,46,-61,-146,-199,-206,-156,-62,47,139,189,194,155,75,-32,-130,-183,-186,-156,-91,0,91,155,173,146,89,20,-52,-110,-131,-118,-81,-20,30,55,70,70,49,15,-5,-9,-9,-15,-8,5,-3,-28,-54,-71,-65,-38,-5,45,97,131,138,104,44,-31,-119,-189,-212,-184,-111,2,109,199,252,244,175,63,-80,-208,-287,-298,-242,-122,26,174,282,327,301,208,61,-100,-237,-326,-344,-289,-175,-26,129,250,324,332,279,180,59,-69,-169,-228,-246,-226,-166,0,0,0,0,0,119,125,109,64,-7,-87,-157,-206,-218,-177,-97,6,111,210,267,259,182,66,-69,-198,-283,-303,-249,-131,24,179,298,339,289,166,-7,-186,-323,-375,-331,-202,-14,180,323,389,354,224,26,-187,-356,-424,-376,-225,-3,227,395,455,396,222,-22,-273,-457,-514,-434,-234,44,323,528,591,492,263,-47,-363,-590,-660,-557,-299,52,392,637,716,607,333,-40,-411,-673,-775,-665,-373,16,400,694,807,704,413,15,-393,-705,-835,-738,-451,-52,353,678,823,740,459,71,-335,-653,-797,-725,-466,-88,311,613,741,666,416,49,-317,-589,-700,-612,-352,0,345,593,673,555,0,-74,-391,-605,-657,-507,-214,140,465,660,660,473,149,-215,-527,-690,-659,-438,-87,296,604,748,684,419,33,-364,-666,-794,-700,-406,11,429,739,854,724,387,-59,-496,-799,-887,-732,-380,85,532,838,913,741,369,-110,-559,-858,-926,-738,-342,145,586,863,908,710,311,-173,-604,-866,-894,-686,-286,192,611,854,861,636,241,-212,-596,-813,-807,-578,-200,231,595,780,743,508,134,-268,-585,-735,-671,-426,-69,298,575,689,607,342,-10,-341,-582,-661,-542,-272,73,394,598,639,495,214,-118,-414,-597,-600,-432,-143,179,448,592,572,391,100,-220,-481,-600,-552,-353,-53,253,0,0
38788,mtk,MTK 7916,2421326935,rx2-tx0,512,0,0,0,0,530,909,1038,881,471,-69,-593,-948,-1030,-821,-384,154,643,944,980,733,283,-242,-690,-935,-908,-622,-162,347,755,936,837,501,18,-471,-822,-930,-768,-373,129,598,895,933,691,242,-280,-724,-964,-926,-617,-122,413,831,1011,901,535,12,-527,-913,-1031,-854,-438,107,622,958,1018,783,319,-242,-734,-1010,-990,-687,-176,389,835,1043,952,585,38,-524,-949,-1107,-941,-493,95,660,1051,1151,915,416,-205,-771,-1126,-1173,-894,-362,278,840,1169,1174,851,297,-333,-877,-1167,-1135,-793,-237,385,895,1155,1092,729,166,-434,-903,-1106,-1008,-629,-82,479,899,1060,913,511,-26,-551,-910,0,-815,-397,131,614,919,956,727,287,-232,-682,-931,-915,-636,-176,331,749,954,882,555,64,-447,-828,-972,-845,-476,42,554,911,1017,832,406,-141,-655,-992,-1053,-820,-358,218,738,1057,1091,828,322,-281,-805,-1113,-1125,-826,-297,322,856,1152,1139,819,272,-350,-878,-1167,-1145,-813,-261,365,889,1181,1159,818,260,-357,-878,-1168,-1156,-841,-297,315,835,1136,1142,851,350,-227,-738,-1052,-1088,-841,-398,127,604,907,966,781,412,-44,-474,-766,-848,-708,-403,-17,359,631,723,630,386,54,-271,-506,-610,-562,-371,-101,178,401,519,514,394,188,-40,-243,-385,-437,-396,-288,-145,2,122,0,0,0,0,0,174,52,-101,-267,-403,-478,-469,-362,-166,80,318,502,581,526,351,96,-189,-444,-596,-606,-464,-204,112,408,608,655,535,279,-56,-389,-621,-690,-582,-322,30,378,627,710,611,346,-17,-376,-641,-737,-630,-345,31,395,660,749,625,326,-70,-446,-701,-766,-617,-293,117,504,758,798,619,264,-172,-567,-807,-828,-615,-229,226,620,852,849,609,199,-272,-670,-886,-863,-601,-167,315,713,915,860,569,118,-369,-754,-936,-861,-551,-83,402,778,944,848,516,45,-441,-806,-949,-828,-478,5,482,822,939,797,432,-40,-501,-825,-921,-752,-376,96,531,820,875,681,297,-169,-585,0,-829,-601,-203,254,632,828,780,508,89,-356,-696,-839,-739,-422,23,463,771,857,693,327,-136,-569,-849,-886,-660,-243,250,675,917,898,619,160,-346,-768,-969,-897,-570,-76,446,838,994,872,500,-15,-524,-890,-1004,-828,-419,106,597,921,981,753,307,-229,-696,-954,-945,-671,-191,344,780,985,899,564,68,-456,-852,-1009,-867,-466,64,575,921,1000,789,352,-188,-684,-979,-1000,-737,-257,297,766,1016,971,648,146,-401,-834,-1030,-930,-566,-42,498,896,1037,883,473,-66,-589,-944,-1026,-815,-382,164,661,973,1007,752,285,-264,-742,-1006,-985,-688,-194,363,810,1029,957,615,106,0,0,0,0,0,-1042,-894,-500,34,561,935,1034,845,424,-112,-614,-945,-1003,-777,-336,195,664,936,943,682,222,-290,-722,-939,-877,-566,-93,407,783,929,800,434,-63,-540,-861,-930,-729,-311,207,662,924,917,648,183,-347,-782,-996,-922,-582,-67,467,872,1024,884,487,-51,-572,-930,-1022,-832,-391,165,675,983,1001,726,242,-321,-785,-1026,-973,-626,-94,464,899,1085,953,541,-31,-605,-1012,-1132,-930,-456,152,727,1101,1173,905,377,-251,-813,-1162,-1183,-877,-330,316,870,1177,1164,831,271,-359,-890,-1168,-1118,-767,-206,403,893,1129,1049,675,120,-458,-895,-1076,-956,-570,-25,517,904,1032,866,459,0,-576,-905,-977,-772,-344,183,649,927,943,683,229,-287,-720,-944,-899,-596,-122,392,795,977,873,511,9,-496,-866,-993,-837,-442,89,608,960,1037,823,374,-181,-699,-1036,-1084,-828,-338,248,774,1091,1116,835,311,-301,-827,-1125,-1127,-819,-283,338,867,1163,1142,813,264,-359,-893,-1183,-1150,-814,-263,366,903,1191,1153,818,277,-336,-865,-1166,-1155,-849,-328,277,794,1095,1112,850,378,-180,-677,-982,-1032,-823,-413,85,542,838,905,750,414,-17,-421,-691,-779,-666,-394,-35,314,567,664,592,375,78,-221,-453,-567,-536,-379,-142,117,335,464,486,407,250,58,-127,-267,-337,-337,-279,0,0,0,0,0,276,360,386,337,213,29,-183,-378,-512,-543,-459,-270,-15,256,476,592,573,417,155,-157,-430,-599,-630,-505,-247,80,392,607,671,561,301,-39,-375,-621,-709,-603,-337,24,379,632,721,622,346,-17,-381,-646,-738,-630,-346,41,421,678,755,624,311,-93,-473,-723,-783,-620,-276,148,538,778,806,618,251,-192,-593,-832,-836,-613,-222,240,646,869,849,595,182,-288,-687,-904,-871,-591,-148,342,736,927,864,557,101,-382,-771,-946,-857,-532,-63,425,794,947,842,498,16,-466,-819,-949,-818,-466,12,486,827,935,779,410,-67,-522,-826,-899,-724,-349,123,552,819,851,644,0,-213,-603,-823,-809,-558,-146,301,663,832,758,464,34,-407,-733,-845,-715,-372,84,520,811,871,677,281,-192,-625,-884,-892,-640,-205,300,725,947,897,591,119,-395,-807,-991,-893,-539,-34,483,863,999,855,467,-58,-568,-910,-990,-790,-370,159,648,943,963,709,250,-281,-733,-974,-932,-615,-129,395,810,996,888,517,-4,-521,-889,-1001,-828,-413,126,632,957,1001,758,297,-249,-727,-1000,-985,-690,-198,346,793,1020,953,609,89,-453,-865,-1032,-904,-518,10,539,918,1029,848,431,-107,-618,-958,-1022,-788,-330,221,708,996,999,722,235,-313,-776,-1017,-971,-651,-148,393,825,1023,0,0
38789,mtk,MTK 7916,2421326935,rx2-tx1,512,0,0,0,-132,-409,-566,-567,-416,-155,146,405,548,525,367,116,-165,-392,-497,-469,-309,-71,171,366,462,419,255,36,-182,-348,-405,-347,-202,-6,189,319,351,273,119,-50,-190,-270,-261,-169,-36,93,191,222,174,73,-52,-158,-207,-185,-92,35,143,206,205,118,-11,-148,-249,-278,-216,-78,105,265,356,337,221,28,-199,-378,-447,-392,-224,20,266,460,530,445,239,-50,-353,-558,-602,-492,-244,96,419,628,667,521,230,-129,-467,-696,-729,-557,-231,169,524,738,763,577,232,-183,-550,-767,-774,-579,-225,200,570,784,781,569,204,-222,-590,-792,-782,-562,-189,241,606,795,773,0,144,-277,-618,-784,-735,-480,-93,317,628,766,694,424,30,-360,-652,-766,-660,-368,32,430,697,770,629,311,-109,-504,-754,-798,-611,-252,186,584,820,830,600,200,-266,-675,-905,-884,-620,-181,323,743,972,941,645,162,-362,-806,-1036,-992,-686,-188,371,837,1086,1045,723,212,-373,-867,-1126,-1082,-767,-248,342,846,1128,1112,814,318,-267,-804,-1124,-1152,-880,-398,178,710,1062,1135,916,476,-68,-587,-944,-1054,-904,-528,-37,453,816,968,873,574,157,-298,-661,-840,-810,-590,-242,158,504,712,749,611,334,-2,-322,-552,-652,-606,-439,-186,83,316,461,506,455,332,170,10,-136,0,0,0,0,0,20,118,204,270,298,269,188,70,-71,-208,-308,-354,-319,-212,-57,106,250,347,358,276,144,-22,-193,-321,-370,-323,-202,-39,142,286,356,339,234,62,-111,-260,-339,-336,-242,-98,73,229,315,313,241,102,-55,-183,-262,-278,-222,-107,33,150,221,229,175,71,-47,-135,-180,-180,-120,-24,59,116,132,106,55,-19,-88,-129,-116,-40,38,99,145,151,97,2,-108,-197,-229,-197,-111,23,169,281,312,268,145,-21,-174,-297,-349,-300,-172,1,186,322,379,337,195,2,-186,-330,-391,-341,-198,-2,195,330,380,326,177,-17,-198,-329,-378,-315,-160,45,238,348,347,0,102,-94,-271,-378,-371,-260,-75,132,307,395,367,228,28,-170,-344,-428,-382,-225,0,223,383,440,371,199,-36,-266,-417,-454,-364,-163,94,322,456,470,363,145,-132,-373,-503,-498,-355,-113,163,393,519,496,333,79,-199,-429,-532,-480,-289,-21,246,443,524,453,232,-53,-315,-477,-506,-390,-158,127,389,538,525,362,84,-227,-476,-595,-541,-335,-27,299,546,641,565,325,-19,-359,-607,-696,-590,-315,44,395,644,724,606,313,-64,-424,-681,-748,-609,-310,72,438,690,762,626,319,-70,-432,-671,-736,-606,-314,63,415,649,706,573,283,-76,-405,-617,-666,-526,-243,96,0,0,0,0,0,583,431,159,-152,-410,-557,-554,-400,-133,162,399,526,502,340,93,-174,-392,-491,-451,-289,-58,180,356,428,378,231,23,-183,-332,-373,-306,-155,28,202,301,298,209,76,-71,-191,-243,-228,-131,12,137,210,212,136,17,-104,-182,-205,-149,-30,104,209,251,212,102,-53,-198,-293,-308,-226,-46,159,320,396,370,230,9,-236,-422,-486,-425,-239,30,308,509,572,469,232,-75,-379,-585,-636,-510,-239,111,448,663,698,547,241,-143,-492,-710,-740,-574,-240,164,527,750,775,575,216,-199,-562,-775,-780,-581,-218,204,578,790,784,557,193,-221,-587,-794,-772,-543,-163,257,0,797,746,495,126,-277,-619,-784,-721,-456,-64,342,645,765,676,399,4,-393,-674,-773,-652,-338,61,454,728,789,620,266,-160,-535,-776,-806,-615,-235,228,633,862,854,610,189,-291,-707,-940,-913,-628,-172,340,774,1004,963,662,179,-366,-821,-1067,-1025,-710,-202,368,855,1113,1073,753,230,-357,-854,-1138,-1125,-811,-284,321,831,1119,1126,847,348,-254,-777,-1086,-1135,-904,-438,128,659,1013,1099,915,517,-9,-515,-873,-1008,-894,-567,-105,369,736,898,837,585,200,-222,-579,-779,-783,-597,-281,86,413,636,704,612,389,88,-213,-447,-579,-590,-480,-281,-50,155,301,374,377,311,0,0,0,0,0,-221,-220,-174,-85,29,153,256,324,338,278,154,-11,-173,-294,-351,-343,-260,-114,64,217,321,356,309,178,6,-164,-293,-357,-336,-218,-51,125,268,350,336,243,89,-81,-232,-321,-322,-243,-109,57,191,274,291,241,120,-34,-176,-253,-257,-200,-95,35,140,199,199,139,51,-43,-121,-159,-143,-86,-10,72,120,127,86,12,-68,-116,-126,-93,-32,56,141,191,178,102,-17,-143,-233,-268,-231,-126,10,163,282,334,290,166,-5,-179,-309,-354,-314,-193,-6,192,335,384,337,205,12,-189,-333,-384,-335,-192,14,202,326,363,316,173,-24,-210,-337,-368,-299,-139,63,0,340,362,278,102,-106,-287,-382,-371,-252,-64,147,321,411,376,229,23,-185,-360,-434,-380,-219,11,246,409,447,358,175,-59,-291,-444,-464,-354,-144,113,350,491,492,357,124,-149,-388,-523,-509,-352,-98,178,408,526,495,308,38,-229,-432,-518,-451,-264,-4,270,471,530,415,188,-92,-345,-499,-512,-377,-121,174,425,566,539,352,57,-253,-504,-619,-563,-338,-12,325,574,667,578,324,-37,-388,-630,-709,-591,-309,57,415,666,740,609,313,-75,-447,-696,-759,-617,-309,76,441,688,758,624,317,-74,-433,-674,-727,-591,-300,74,417,630,677,542,265,-78,-395,-594,-620,0,0
38790,mtk,MTK 7916,2421361954,rx0-tx0,512,-349,-68,-80,-48,-205,-345,-467,-570,-628,-654,-647,-600,-509,-380,-223,-52,117,271,421,552,636,683,690,649,572,454,309,151,-23,-192,-340,-470,-569,-635,-660,-636,-576,-474,-357,-227,-84,63,199,315,418,493,536,547,526,477,412,326,225,121,10,-90,-188,-289,-364,-427,-474,-489,-482,-464,-415,-347,-269,-160,-41,82,210,333,436,527,583,604,595,551,468,343,198,39,-130,-290,-437,-557,-639,-689,-681,-627,-527,-405,-254,-87,78,246,400,510,589,628,635,583,497,394,262,123,-15,-161,-280,-377,-451,-485,-490,-476,-428,-355,-274,-169,-73,21,106,189,260,300,331,350,349,330,-511,267,211,155,80,7,-66,-139,-195,-250,-307,-341,-358,-361,-339,-303,-258,-179,-100,-5,94,193,288,350,413,449,463,442,390,318,224,110,-29,-149,-268,-378,-465,-521,-537,-513,-472,-390,-278,-156,-15,120,247,356,442,512,540,532,498,425,318,196,67,-66,-197,-315,-410,-474,-515,-525,-496,-436,-351,-250,-112,11,123,246,337,408,453,475,460,418,349,252,150,40,-67,-177,-272,-338,-388,-419,-416,-380,-331,-256,-166,-71,38,140,216,286,341,372,373,346,298,229,150,52,-49,-136,-217,-283,-324,-341,-328,-288,-222,-137,-41,61,155,225,271,280,247,193,112,23,51,-2,1179,-121,-316,164,215,233,218,169,88,-16,-124,-218,-287,-336,-344,-320,-267,-186,-88,23,135,233,314,374,409,409,379,308,211,100,-21,-153,-267,-358,-432,-469,-477,-445,-371,-281,-157,-26,102,235,339,423,477,496,474,430,359,266,151,20,-110,-226,-323,-394,-453,-479,-479,-440,-385,-301,-189,-68,51,175,276,356,427,482,489,466,410,333,242,141,13,-109,-207,-301,-372,-430,-456,-451,-423,-382,-309,-206,-107,8,109,207,306,375,421,450,457,439,382,305,218,108,-2,-118,-228,-323,-404,-462,-489,-485,-459,-397,-310,-204,-87,31,153,261,362,438,481,503,495,456,387,296,-330,65,-62,-185,-296,-389,-460,-514,-522,-509,-464,-393,-300,-184,-61,60,181,292,393,469,524,548,545,509,424,335,223,94,-45,-183,-307,-429,-525,-584,-621,-617,-569,-502,-394,-262,-113,48,211,374,500,608,688,713,709,654,557,423,256,76,-102,-280,-446,-589,-693,-765,-790,-767,-693,-565,-411,-238,-30,175,372,547,687,789,837,825,764,663,514,334,132,-80,-281,-462,-611,-717,-783,-803,-774,-679,-548,-391,-209,-26,158,338,482,602,670,703,696,645,560,442,308,156,-7,-162,-297,-413,-512,-580,-607,-605,-575,-508,-420,-308,-182,-52,85,228,355,455,528,577,600,576,366,202,-729,-196,-300,-626,-596,-527,-439,-314,-164,-11,153,312,452,566,647,684,675,624,549,424,273,106,-74,-241,-393,-516,-609,-670,-687,-655,-584,-476,-341,-189,-25,132,285,410,501,565,599,598,555,482,391,278,159,27,-109,-225,-326,-406,-459,-493,-497,-477,-451,-387,-313,-236,-136,-30,73,178,280,367,446,505,530,535,517,457,373,261,128,-10,-160,-314,-451,-556,-622,-654,-651,-599,-512,-383,-241,-73,101,270,418,532,623,663,662,627,528,403,257,105,-55,-217,-346,-452,-530,-560,-563,-533,-462,-377,-264,-142,-31,86,196,283,354,397,413,405,380,350,291,224,149,65,-16,-84,1105,-212,-262,-300,-324,-333,-330,-310,-274,-230,-168,-93,-21,59,137,211,286,343,380,404,405,382,324,251,168,61,-52,-181,-285,-373,-441,-497,-512,-489,-446,-363,-260,-130,2,132,258,378,464,527,548,537,487,399,300,176,40,-87,-221,-347,-443,-502,-530,-530,-497,-431,-332,-220,-100,31,156,273,359,439,490,490,488,439,348,256,147,20,-106,-216,-311,-376,-425,-447,-438,-406,-337,-252,-163,-62,49,148,241,316,362,388,395,360,308,243,162,70,-28,-122,-208,-276,-326,-354,-349,-321,-272,-199,-115,-16,81,173,245,293,317,312,269,198,106,2,-85,-156,-205,-211,-194,-215,1145,-756,-844,106,43,-44,-137,-216,-271,-299,-290,-243,-171,-71,41,147,246,320,369,382,361,311,238,141,29,-89,-202,-305,-384,-430,-451,-435,-377,-296,-188,-63,66,200,308,401,465,487,480,437,364,269,149,14,-119,-231,-336,-414,-467,-496,-485,-437,-357,-265,-157,-43,81,193,292,386,449,475,482,459,388,308,214,99,-25,-141,-244,-334,-402,-452,-477,-458,-416,-355,-272,-168,-56,55,155,250,348,404,445,457,439,405,337,250,160,62,-45,-159,-263,-346,-417,-460,-478,-468,-426,-359,-269,-163,-38,78,193,301,395,459,495,501,478,429,357,254,140,15,-115,-235,-335,-415,826,-514,-519,-486,-429,-337,-241,-120,7,120,239,337,431,495,529,529,496,441,359,258,141,9,-121,-255,-370,-454,-522,-565,-576,-555,-511,-430,-314,-180,-36,125,273,406,532,613,659,671,645,577,473,350,188,13,-162,-334,-487,-606,-701,-748,-752,-714,-625,-498,-346,-163,34,230,424,579,698,784,823,806,737,623,471,285,81,-134,-328,-511,-667,-772,-832,-833,-779,-685,-543,-362,-166,35,237,416,560,674,744,759,738,667,557,417,258,88,-90,-260,-407,-518,-603,-650,-663,-630,-562,-477,-361,-225,-79,58,196,316,419,507,559,586,588,551,478,380,268,141,-4,-159,-658,-730
38791,mtk,MTK 7916,2421361954,rx0-tx1,512,87,91,-31,-136,-297,-448,-580,-684,-740,-766,-744,-682,-569,-419,-249,-59,138,335,509,654,768,836,861,836,764,644,484,300,96,-131,-347,-540,-711,-843,-930,-961,-938,-859,-732,-563,-352,-122,118,358,573,763,912,1010,1046,1012,929,798,615,398,160,-97,-337,-567,-769,-925,-1033,-1082,-1071,-1010,-887,-708,-496,-254,10,283,544,776,969,1104,1174,1182,1115,986,797,553,281,-8,-303,-580,-821,-1022,-1160,-1227,-1226,-1148,-996,-786,-534,-256,39,333,607,844,1027,1141,1198,1179,1088,944,732,480,220,-56,-336,-580,-800,-968,-1078,-1123,-1100,-1016,-880,-697,-473,-219,36,285,514,716,884,991,1043,1038,-689,874,707,509,281,35,-210,-444,-654,-829,-963,-1047,-1070,-1026,-932,-785,-590,-356,-91,179,443,689,896,1052,1145,1178,1138,1031,852,616,341,42,-262,-555,-820,-1037,-1191,-1271,-1269,-1194,-1041,-814,-542,-231,100,426,724,968,1157,1276,1311,1263,1136,933,666,365,35,-294,-597,-858,-1074,-1218,-1273,-1255,-1149,-966,-728,-445,-126,190,491,762,961,1088,1145,1133,1035,869,654,411,136,-129,-376,-596,-773,-887,-938,-927,-863,-743,-582,-393,-178,42,256,441,583,692,756,763,721,622,488,325,138,-48,-219,-380,-511,-594,-636,-626,-560,-449,-306,-138,41,212,355,453,495,475,397,272,128,-14,-64,-17,0,-1241,-1508,-39,-119,-189,-238,-261,-241,-191,-122,-33,58,146,225,282,314,317,294,255,190,116,25,-70,-158,-236,-297,-342,-367,-365,-333,-278,-214,-128,-22,84,189,283,359,411,443,451,428,370,284,183,58,-82,-213,-334,-440,-508,-554,-559,-517,-442,-337,-201,-59,91,239,364,469,540,574,576,538,456,356,234,91,-55,-194,-325,-427,-498,-541,-553,-529,-469,-392,-283,-158,-29,103,219,324,409,465,496,501,476,418,337,253,143,25,-92,-199,-295,-369,-424,-460,-459,-436,-393,-323,-237,-140,-39,64,172,267,343,396,421,432,418,377,314,240,144,50,-49,-146,-230,-303,-361,-130,-408,-399,-369,-318,-252,-173,-89,3,96,179,253,311,351,371,371,357,322,276,219,147,67,-14,-91,-166,-233,-290,-333,-367,-374,-372,-352,-315,-264,-195,-121,-34,57,146,235,320,393,444,484,491,467,419,348,252,139,9,-128,-258,-384,-487,-561,-611,-629,-600,-542,-448,-322,-181,-20,148,310,450,566,648,696,701,669,590,468,323,164,-7,-183,-346,-490,-601,-674,-711,-705,-654,-565,-449,-303,-145,21,182,326,452,545,611,638,629,586,514,417,300,171,45,-89,-222,-334,-424,-496,-545,-570,-568,-534,-467,-385,-287,-174,-52,80,198,315,434,524,586,623,633,601,1172,429,504,220,177,-687,-649,-568,-452,-299,-131,44,227,399,559,683,771,815,815,765,664,526,360,165,-36,-240,-438,-610,-749,-843,-904,-913,-856,-760,-616,-429,-219,9,241,460,657,822,940,1007,1010,958,842,682,483,250,-1,-246,-474,-680,-853,-970,-1041,-1054,-1007,-912,-755,-558,-326,-72,183,429,665,859,1004,1101,1133,1104,1010,861,659,413,148,-138,-422,-679,-906,-1077,-1184,-1228,-1195,-1079,-910,-687,-418,-128,171,465,729,943,1099,1193,1222,1171,1052,876,649,384,92,-206,-477,-721,-927,-1066,-1140,-1165,-1107,-989,-819,-599,-346,-75,191,443,663,847,982,1060,1077,1036,937,785,588,363,123,-123,261,-587,-773,-912,-1009,-1047,-1024,-952,-823,-649,-441,-201,56,308,543,757,925,1048,1113,1108,1043,912,722,492,230,-55,-344,-618,-858,-1045,-1177,-1235,-1216,-1119,-955,-726,-446,-135,183,488,770,1003,1179,1284,1306,1244,1090,877,607,300,-26,-350,-656,-922,-1119,-1245,-1303,-1267,-1147,-960,-712,-411,-88,233,544,808,1014,1165,1229,1204,1112,934,696,427,135,-162,-443,-682,-868,-1000,-1061,-1037,-950,-813,-625,-402,-158,80,308,507,663,780,839,840,790,681,537,366,169,-25,-217,-391,-532,-640,-692,-687,-641,-556,-420,-260,-85,100,270,410,512,570,575,519,410,264,95,-71,-219,-318,-362,-351,218,236,0,1157,226,-188,-180,-135,-67,24,118,196,259,292,293,268,216,141,53,-44,-132,-213,-278,-318,-342,-335,-306,-257,-186,-105,-13,83,176,253,317,372,400,401,377,324,246,149,43,-75,-197,-306,-388,-455,-503,-509,-475,-412,-317,-195,-61,88,227,351,461,539,573,573,530,458,353,214,67,-83,-231,-356,-450,-524,-561,-561,-533,-464,-362,-246,-123,12,151,270,372,456,511,535,521,472,400,305,194,79,-43,-163,-269,-347,-410,-460,-479,-468,-432,-371,-285,-199,-91,26,133,238,324,386,429,443,439,409,349,276,184,89,-4,-105,-200,-283,-351,-395,-415,-417,-391,-345,-282,-207,245,-22,74,166,247,312,356,382,390,377,348,298,232,151,67,-19,-101,-184,-249,-305,-343,-363,-365,-352,-325,-280,-225,-166,-89,-10,66,145,220,291,347,387,413,419,403,363,309,230,143,40,-80,-192,-295,-392,-470,-527,-555,-551,-522,-456,-359,-233,-99,56,205,350,480,574,640,672,664,608,522,403,256,94,-78,-246,-406,-542,-638,-701,-722,-696,-629,-528,-391,-239,-68,109,277,420,538,626,673,683,650,587,489,364,222,74,-76,-219,-346,-451,-530,-575,-591,-583,-541,-469,-379,-281,-166,-45,80,202,311,404,488,549,581,581,554,508,425,309,184,54,-89,-239,1021,1499
38792,mtk,MTK 7916,2421361954,rx1-tx0,512,0,-54,-429,124,274,421,547,643,702,712,688,629,516,376,198,4,-180,-370,-539,-681,-772,-830,-836,-778,-682,-536,-356,-156,68,287,487,666,797,874,900,876,793,665,501,298,69,-171,-391,-578,-727,-852,-924,-929,-890,-792,-638,-456,-243,-15,207,417,606,758,864,934,931,872,771,620,430,216,-18,-245,-460,-659,-810,-909,-958,-936,-862,-734,-563,-359,-127,102,318,521,688,811,881,887,847,757,612,429,232,42,-165,-358,-527,-657,-735,-781,-771,-713,-628,-493,-337,-167,1,173,328,457,560,616,649,651,602,528,411,278,142,-13,-155,-278,-394,-485,-541,-563,-561,-519,-444,-350,216,-104,19,141,257,359,431,474,488,472,433,373,281,185,76,-22,-120,-226,-303,-354,-382,-395,-403,-367,-306,-237,-171,-85,9,88,153,205,266,310,330,325,314,277,217,174,116,46,-20,-81,-135,-184,-230,-253,-265,-281,-275,-250,-237,-192,-136,-83,3,67,141,205,264,319,350,365,354,325,262,175,90,-19,-119,-220,-315,-375,-413,-431,-411,-352,-283,-203,-95,12,112,210,295,343,371,380,364,314,250,172,68,-19,-107,-183,-244,-302,-326,-324,-304,-261,-193,-126,-47,32,105,169,228,267,277,263,229,184,113,37,-44,-119,-173,-215,-227,-211,-166,-104,-35,22,873,854,0,411,93,2,78,159,221,265,270,236,174,86,-12,-111,-193,-268,-309,-320,-308,-266,-203,-127,-34,54,143,223,286,321,334,324,293,241,172,89,3,-81,-163,-231,-275,-309,-335,-328,-302,-264,-203,-139,-55,32,131,212,278,338,365,368,355,331,274,185,87,-9,-102,-204,-286,-345,-386,-394,-397,-373,-314,-232,-137,-27,88,189,260,321,363,397,403,370,329,257,174,94,4,-96,-181,-248,-302,-349,-372,-367,-339,-289,-231,-150,-56,26,108,196,262,306,334,334,337,306,251,200,121,36,-39,-114,-177,-236,-280,-304,-304,-285,-262,-217,-156,-89,-25,38,102,156,193,231,-584,249,248,232,199,159,107,49,-4,-56,-103,-143,-180,-204,-216,-224,-209,-188,-162,-135,-96,-49,-1,44,92,125,153,172,191,196,186,178,167,145,116,86,44,16,-13,-58,-107,-139,-169,-208,-232,-243,-246,-229,-210,-180,-127,-65,-1,60,147,215,287,357,391,402,392,356,291,218,120,14,-101,-223,-329,-417,-484,-514,-514,-488,-421,-335,-217,-79,53,184,300,407,484,535,553,547,502,419,320,190,44,-79,-207,-315,-420,-498,-537,-551,-536,-496,-424,-316,-191,-67,65,202,317,405,472,519,547,553,512,436,340,235,119,-16,-153,-276,-391,-487,-551,-593,-602,-567,550,626,0,991,664,647,606,536,421,283,123,-48,-216,-392,-549,-668,-753,-775,-769,-714,-610,-461,-282,-90,124,329,516,678,792,865,883,839,751,617,432,223,0,-223,-439,-620,-775,-881,-934,-921,-847,-725,-571,-379,-149,84,308,516,685,810,896,926,912,835,711,539,342,125,-112,-330,-533,-711,-839,-918,-943,-911,-835,-694,-508,-297,-69,171,396,592,749,863,925,920,858,757,600,409,188,-33,-242,-446,-629,-752,-816,-827,-798,-729,-619,-462,-287,-101,91,261,422,554,641,688,706,680,609,511,374,226,71,-87,-231,-364,-476,-548,-596,-610,-580,-527,-445,-333,-197,-58,79,213,319,402,757,523,531,502,447,368,270,159,39,-81,-187,-291,-366,-412,-435,-429,-418,-377,-306,-220,-121,-32,65,163,236,287,329,364,360,343,309,268,214,138,60,-10,-88,-164,-214,-253,-287,-303,-289,-274,-248,-214,-166,-104,-58,-8,65,113,163,228,259,293,308,302,293,260,216,151,69,-22,-107,-189,-278,-335,-383,-409,-388,-361,-290,-201,-104,7,133,238,308,369,405,409,387,351,270,176,75,-23,-117,-200,-262,-323,-352,-356,-340,-286,-226,-148,-55,29,106,183,237,275,296,289,262,228,173,98,23,-59,-127,-187,-234,-254,-254,-223,-167,-99,-19,59,120,159,170,155,-207,301,0,846,667,204,210,176,114,29,-73,-164,-245,-291,-306,-287,-249,-180,-86,7,102,185,254,304,326,324,299,251,178,94,5,-81,-163,-236,-291,-323,-335,-325,-293,-236,-169,-101,-25,63,138,216,271,315,339,346,330,286,236,167,76,-21,-106,-192,-277,-340,-380,-393,-388,-355,-290,-213,-117,-14,81,182,269,336,386,415,410,369,306,233,155,68,-35,-134,-218,-296,-342,-369,-385,-376,-334,-278,-215,-129,-31,59,145,217,288,340,357,349,337,307,242,175,92,12,-72,-164,-229,-277,-316,-328,-323,-298,-255,-204,-140,-67,11,75,142,198,240,262,267,269,253,216,173,124,-674,19,-37,-99,-152,-189,-218,-228,-230,-227,-205,-178,-142,-95,-50,4,52,93,127,164,190,198,196,193,182,151,126,98,63,14,-20,-57,-93,-127,-150,-172,-188,-187,-190,-192,-178,-155,-133,-97,-48,-1,55,114,164,222,268,299,313,317,308,270,236,158,61,-35,-136,-234,-316,-385,-438,-462,-463,-431,-366,-281,-170,-48,81,212,332,429,504,539,545,517,458,375,262,134,-2,-134,-263,-368,-461,-534,-560,-550,-523,-459,-378,-261,-129,9,142,265,374,460,514,540,550,516,449,363,269,155,32,-104,-235,-351,-441,-507,-555,-572,-555,-511,-438,-332,-208,-76,65,212,-298,33
38793,mtk,MTK 7916,2421361954,rx1-tx1,512,0,0,0,-577,-536,-345,-56,252,490,591,522,316,23,-271,-495,-579,-503,-291,-8,272,473,536,451,248,-20,-275,-444,-480,-385,-181,65,283,410,417,299,99,-124,-307,-400,-365,-220,-7,201,347,391,322,147,-66,-263,-394,-408,-295,-98,130,319,420,409,279,63,-171,-358,-449,-425,-279,-56,173,353,448,419,262,46,-172,-336,-421,-387,-260,-62,147,310,380,350,230,59,-117,-248,-314,-303,-206,-55,95,202,252,233,157,47,-61,-149,-189,-179,-119,-40,43,105,133,123,91,34,-21,-61,-79,-75,-56,-20,11,29,31,30,29,24,12,11,14,10,-8,-25,-31,-43,-52,0,-16,20,51,66,71,66,39,-13,-68,-101,-112,-101,-60,9,72,122,141,120,67,-5,-82,-143,-161,-138,-86,-4,81,143,171,158,96,15,-71,-141,-182,-171,-114,-24,66,133,167,168,123,45,-36,-96,-148,-166,-135,-75,-4,66,121,144,130,91,38,-29,-86,-113,-113,-99,-72,-28,17,53,85,101,102,83,54,16,-32,-77,-107,-126,-116,-90,-48,10,76,133,168,160,113,42,-42,-127,-190,-215,-186,-111,-7,99,186,236,232,173,73,-44,-158,-243,-271,-238,-149,-28,102,213,280,281,226,125,5,-115,-215,-270,-267,-223,-138,-37,59,133,181,193,169,0,0,0,0,0,63,95,112,109,85,34,-34,-98,-149,-180,-170,-119,-35,66,151,207,216,172,80,-38,-150,-228,-251,-214,-118,9,139,242,285,254,155,15,-137,-256,-309,-277,-165,-10,154,280,325,282,172,2,-175,-304,-353,-293,-147,27,209,344,379,299,132,-81,-278,-405,-416,-311,-110,134,354,478,470,333,101,-170,-408,-543,-529,-372,-103,215,478,612,587,402,102,-233,-509,-656,-634,-435,-109,254,556,707,669,454,114,-265,-565,-721,-689,-463,-115,256,561,721,680,453,108,-262,-553,-691,-646,-434,-100,264,546,668,607,372,48,-276,-521,-621,-531,-293,26,334,535,581,462,0,-122,-397,-562,-564,-398,-116,204,473,603,555,346,24,-312,-551,-632,-536,-281,60,394,620,668,517,215,-147,-480,-685,-692,-505,-169,228,563,747,717,484,103,-311,-649,-803,-730,-452,-44,384,712,847,746,432,-12,-452,-768,-873,-733,-396,52,489,791,863,698,340,-112,-541,-809,-851,-660,-281,189,594,824,829,608,216,-233,-605,-798,-775,-549,-160,270,608,771,712,452,78,-313,-610,-725,-634,-363,7,362,604,667,542,265,-86,-409,-598,-619,-465,-177,165,446,597,569,378,78,-238,-487,-596,-531,-311,-10,296,517,577,474,244,-63,-351,-531,-547,-418,-172,127,397,555,0,0,0,0,0,81,-226,-469,-581,-534,-334,-39,260,492,587,525,312,16,-278,-485,-556,-478,-278,-1,270,457,510,420,221,-36,-276,-426,-448,-347,-150,94,303,403,385,262,60,-164,-336,-403,-341,-182,36,244,372,399,315,134,-93,-291,-410,-409,-282,-75,151,336,431,412,274,59,-176,-358,-445,-416,-277,-60,174,356,437,398,258,50,-164,-327,-402,-375,-244,-54,134,281,344,318,214,62,-105,-229,-282,-262,-175,-53,76,173,221,210,144,49,-55,-137,-167,-145,-100,-31,37,84,104,97,62,22,-16,-48,-61,-56,-40,-24,-4,17,27,19,13,21,30,30,30,21,7,-17,0,-58,-60,-49,-17,23,60,90,100,80,38,-12,-66,-112,-130,-109,-57,11,86,138,154,129,75,4,-79,-141,-164,-144,-86,-11,76,152,183,162,110,29,-64,-146,-184,-170,-122,-52,39,126,173,170,132,63,-16,-90,-140,-155,-132,-86,-26,36,93,127,128,98,52,2,-41,-79,-98,-99,-86,-58,-21,11,47,81,99,101,88,55,8,-46,-97,-129,-145,-128,-80,-14,62,135,180,181,143,75,-17,-118,-192,-224,-211,-147,-45,73,180,245,253,202,103,-21,-144,-239,-282,-261,-186,-73,54,172,256,285,257,179,70,-46,-147,-219,-250,-233,-179,-109,-35,28,0,0,0,0,0,-60,-38,1,55,106,142,148,130,85,8,-83,-155,-193,-195,-145,-55,51,150,217,235,190,94,-26,-145,-230,-257,-226,-142,-9,137,250,301,272,167,19,-141,-268,-321,-287,-177,-10,158,285,338,290,154,-19,-191,-311,-357,-305,-146,65,254,383,403,313,128,-108,-315,-436,-438,-320,-97,164,392,518,504,352,99,-192,-439,-577,-557,-384,-103,221,497,640,608,410,97,-254,-545,-682,-649,-442,-105,263,558,713,680,465,122,-259,-572,-736,-695,-468,-118,264,573,718,671,451,114,-249,-543,-687,-633,-400,-70,265,525,637,566,328,6,-308,-534,-603,-501,-248,73,363,0,574,428,157,-157,-424,-569,-551,-370,-69,254,512,618,541,308,-16,-346,-576,-648,-534,-257,108,444,656,684,519,201,-185,-524,-718,-707,-491,-138,270,610,780,730,472,72,-355,-688,-834,-746,-449,-21,419,746,862,739,409,-31,-471,-779,-872,-720,-364,96,521,798,862,679,309,-149,-560,-819,-844,-639,-248,204,590,807,802,569,179,-260,-620,-797,-744,-493,-112,291,613,748,671,407,39,-327,-599,-700,-589,-315,42,387,606,645,500,214,-120,-420,-600,-601,-423,-129,200,473,596,552,353,50,-267,-496,-582,-497,-268,39,328,517,566,448,199,-106,-380,-548,-556,-411,-151,0,0
38794,mtk,MTK 7916,2421361954,rx2-tx0,512,0,0,0,-378,188,704,1024,1049,768,265,-304,-783,-1042,-997,-663,-138,417,848,1030,908,517,-20,-545,-904,-991,-787,-354,178,654,936,933,647,167,-356,-775,-965,-861,-492,22,533,884,977,771,327,-223,-705,-989,-976,-671,-162,402,848,1047,935,552,3,-554,-955,-1072,-870,-415,168,696,1021,1040,755,241,-344,-830,-1068,-988,-606,-37,532,951,1090,909,451,-151,-718,-1076,-1120,-830,-288,341,877,1169,1120,739,134,-516,-1023,-1241,-1103,-651,-13,633,1110,1261,1049,540,-117,-733,-1146,-1236,-974,-432,225,817,1167,1179,860,303,-334,-870,-1147,-1093,-730,-162,442,906,1103,980,574,6,-555,-948,-1059,0,-417,146,660,973,998,729,247,-299,-762,-1000,-938,-599,-89,448,849,1006,871,474,-70,-596,-944,-1015,-789,-332,228,731,1028,1028,720,198,-387,-867,-1107,-1028,-649,-76,527,992,1176,1034,592,-22,-640,-1087,-1228,-1018,-528,115,733,1154,1249,991,460,-196,-808,-1198,-1247,-953,-395,276,873,1226,1249,923,334,-348,-926,-1249,-1234,-888,-306,355,914,1231,1212,869,304,-334,-874,-1171,-1159,-844,-317,279,787,1071,1066,788,320,-213,-666,-929,-944,-714,-308,155,552,789,809,621,282,-108,-454,-665,-688,-539,-262,71,371,561,599,493,281,7,-254,-441,-517,-478,-337,-142,60,228,330,354,313,0,0,0,0,0,134,280,391,444,416,294,99,-137,-362,-529,-590,-517,-318,-43,246,487,622,607,437,150,-175,-463,-640,-654,-505,-218,138,463,662,693,541,237,-132,-471,-689,-725,-560,-239,145,495,712,736,553,217,-187,-540,-740,-731,-521,-163,257,602,778,735,483,85,-335,-667,-824,-736,-428,0,435,751,853,719,377,-86,-536,-834,-894,-705,-317,170,613,885,912,681,256,-248,-691,-934,-913,-636,-177,339,759,964,895,576,93,-416,-814,-983,-878,-517,-8,497,860,986,834,442,-72,-563,-898,-976,-777,-359,159,630,916,942,699,262,-245,-677,-917,-890,-607,-156,333,721,896,816,501,0,-432,-763,-874,-726,-362,106,538,811,842,623,221,-254,-652,-851,-799,-515,-65,407,759,888,756,395,-91,-552,-857,-913,-702,-275,239,686,938,919,632,150,-381,-808,-999,-898,-534,-16,509,891,1020,847,425,-124,-632,-961,-1012,-762,-286,265,735,993,953,630,126,-417,-840,-1011,-881,-494,48,577,923,998,781,328,-228,-715,-992,-977,-675,-173,384,832,1031,921,540,-4,-546,-927,-1040,-849,-403,163,682,1004,1030,753,259,-313,-792,-1044,-988,-643,-110,453,883,1053,913,506,-56,-596,-966,-1056,-840,-376,199,712,1015,1024,742,239,-335,-806,-1043,-981,-626,-86,474,902,1072,925,514,0,0,0,0,0,-996,-1056,-810,-326,250,756,1040,1023,713,199,-364,-822,-1038,-958,-599,-66,482,876,1013,853,438,-101,-605,-917,-959,-721,-266,267,713,946,897,574,72,-445,-834,-970,-815,-413,120,625,938,976,725,246,-318,-789,-1025,-966,-617,-81,484,907,1063,914,490,-78,-627,-990,-1065,-820,-330,255,763,1046,1021,686,147,-441,-900,-1086,-950,-530,59,642,1024,1110,875,371,-250,-800,-1120,-1117,-783,-213,431,951,1203,1108,691,68,-581,-1065,-1253,-1083,-600,56,689,1123,1243,1011,491,-164,-769,-1154,-1211,-923,-376,277,833,1150,1134,799,235,-386,-888,-1127,-1041,-654,-87,496,925,1077,918,499,-61,0,-967,-1034,-798,-332,223,707,985,971,673,170,-379,-808,-999,-902,-542,-15,520,898,1013,837,407,-149,-659,-984,-1023,-757,-268,307,797,1061,1020,684,143,-454,-930,-1146,-1035,-623,-28,582,1034,1198,1028,561,-71,-684,-1117,-1237,-1010,-501,158,773,1174,1249,975,436,-229,-836,-1209,-1246,-939,-365,308,892,1237,1242,906,323,-343,-917,-1237,-1224,-885,-311,341,896,1204,1187,858,313,-303,-821,-1120,-1120,-827,-325,245,728,999,1005,752,319,-178,-610,-864,-878,-663,-295,128,500,720,747,577,270,-93,-411,-609,-641,-514,-267,36,315,502,562,488,308,69,-168,-349,-441,-440,-351,-207,-52,84,0,0,0,0,0,-316,-257,-135,38,231,401,512,526,426,224,-36,-303,-515,-611,-567,-388,-110,208,484,637,634,469,187,-148,-453,-648,-676,-523,-226,131,458,676,710,548,239,-139,-486,-706,-731,-559,-228,165,520,734,744,543,193,-210,-560,-754,-732,-500,-121,296,635,795,724,443,33,-402,-727,-846,-730,-404,43,484,796,885,714,344,-125,-571,-859,-900,-691,-288,208,649,907,914,661,216,-293,-723,-950,-908,-611,-139,375,783,972,887,551,54,-463,-845,-987,-849,-479,28,532,884,984,806,402,-114,-599,-912,-963,-739,-312,196,647,916,920,659,217,-282,-700,-912,-855,-556,-104,379,746,0,777,436,-30,-485,-794,-867,-683,-295,175,590,836,831,572,143,-332,-710,-879,-780,-451,11,478,810,905,731,335,-158,-618,-901,-919,-665,-215,309,744,970,915,593,87,-446,-853,-1010,-878,-489,39,563,930,1021,809,362,-188,-683,-973,-977,-696,-205,346,794,1006,921,564,40,-496,-884,-1011,-833,-407,133,643,962,994,726,245,-308,-771,-1016,-956,-610,-81,478,894,1044,892,479,-75,-612,-971,-1040,-804,-335,234,740,1027,1009,695,181,-385,-843,-1051,-954,-576,-32,522,923,1056,883,445,-125,-652,-990,-1041,-786,-301,269,760,1033,1003,679,161,-409,-864,-1066,-957,-571,-21,536,934,0,0
38795,mtk,MTK 7916,2421361954,rx2-tx1,512,0,0,0,188,-125,-405,-563,-555,-397,-129,176,430,544,505,334,70,-206,-412,-498,-440,-252,0,247,412,456,373,185,-56,-267,-385,-397,-297,-108,106,274,351,312,194,22,-159,-279,-299,-227,-90,73,201,261,231,122,-22,-158,-248,-251,-162,-19,136,243,268,209,76,-99,-243,-312,-291,-171,18,210,346,380,296,111,-126,-334,-446,-437,-293,-47,218,439,543,489,284,-14,-316,-534,-614,-521,-268,82,415,634,677,527,224,-148,-489,-701,-719,-532,-203,197,559,749,731,514,152,-269,-612,-782,-743,-490,-90,332,659,806,718,431,31,-372,-675,-794,-687,-378,38,434,708,791,647,0,-98,-475,-721,-762,-585,-241,176,538,740,730,509,140,-266,-591,-745,-688,-428,-51,342,640,756,647,338,-67,-451,-714,-769,-593,-244,182,561,787,789,557,160,-292,-675,-869,-819,-534,-85,395,771,945,856,514,20,-486,-863,-1002,-862,-487,29,556,933,1051,888,483,-76,-614,-990,-1100,-909,-469,99,648,1023,1122,925,475,-114,-659,-1032,-1147,-947,-494,69,617,999,1120,956,539,-19,-554,-924,-1057,-922,-551,-45,456,817,966,873,559,112,-353,-699,-865,-807,-539,-154,248,578,755,732,538,222,-136,-449,-640,-676,-556,-319,-21,261,468,561,526,394,202,-11,-189,-302,-347,-332,0,0,0,0,0,-154,-222,-257,-250,-189,-86,41,166,272,329,313,234,103,-54,-208,-318,-356,-307,-178,-9,166,306,362,331,228,65,-118,-274,-357,-348,-254,-98,77,240,342,345,259,112,-63,-219,-308,-317,-247,-113,52,193,283,297,228,97,-51,-188,-265,-260,-190,-76,66,180,226,216,153,38,-79,-153,-175,-148,-68,36,122,160,140,90,13,-81,-152,-160,-111,-18,94,177,203,166,82,-32,-150,-237,-259,-204,-80,78,217,302,306,219,79,-92,-251,-346,-347,-252,-83,114,277,363,361,251,62,-139,-297,-378,-349,-224,-37,156,307,368,323,191,10,-179,-315,-358,-293,-143,50,0,347,357,264,90,-113,-278,-362,-344,-223,-25,182,339,394,342,193,-19,-238,-378,-406,-325,-151,80,281,397,408,294,87,-150,-343,-435,-405,-265,-35,212,407,481,420,230,-32,-282,-457,-506,-411,-190,81,328,477,500,377,138,-143,-371,-487,-458,-305,-53,219,423,492,409,224,-29,-291,-468,-492,-370,-129,151,392,518,489,312,35,-252,-486,-580,-500,-266,49,354,571,625,498,229,-112,-438,-647,-666,-489,-177,195,516,691,677,478,144,-240,-565,-729,-684,-445,-88,289,594,731,674,437,69,-323,-609,-726,-646,-393,-35,326,597,697,595,332,-13,-352,-587,-652,-531,-269,0,0,0,0,0,558,583,430,155,-150,-410,-542,-530,-370,-104,187,413,517,473,296,35,-231,-429,-503,-420,-224,26,258,405,434,335,144,-73,-258,-363,-357,-239,-60,127,269,323,275,146,-25,-181,-267,-268,-187,-42,113,222,257,203,77,-72,-197,-258,-229,-121,40,196,290,279,182,27,-154,-303,-354,-297,-145,69,280,406,405,292,84,-176,-398,-499,-463,-297,-32,259,481,578,497,271,-45,-359,-586,-644,-519,-235,113,444,664,695,522,195,-188,-525,-731,-729,-519,-161,245,590,772,735,494,117,-290,-629,-796,-740,-468,-72,343,664,798,702,405,2,-409,-708,-797,-674,-352,68,464,0,778,612,276,-130,-504,-748,-768,-552,-191,210,553,740,708,469,101,-292,-613,-751,-666,-389,-4,396,687,765,623,300,-118,-513,-760,-778,-578,-210,235,620,819,797,540,116,-350,-722,-904,-839,-530,-56,446,825,983,859,496,-12,-520,-890,-1034,-889,-487,50,580,957,1074,898,470,-87,-635,-1020,-1127,-920,-465,107,655,1036,1137,931,490,-92,-644,-1020,-1128,-946,-515,48,590,967,1098,944,547,17,-496,-877,-1028,-907,-559,-77,402,767,924,840,552,140,-294,-642,-817,-775,-543,-191,191,517,701,710,552,266,-67,-357,-556,-625,-550,-363,-113,143,346,454,463,388,257,110,-33,0,0,0,0,0,143,82,-11,-123,-226,-293,-309,-273,-179,-37,122,255,332,341,277,153,-15,-184,-304,-351,-328,-217,-49,134,274,342,335,253,89,-99,-254,-345,-348,-256,-109,71,235,331,332,255,122,-45,-209,-306,-314,-236,-98,54,192,272,279,205,84,-64,-192,-260,-248,-175,-64,58,164,203,175,106,11,-91,-160,-171,-122,-40,48,123,148,121,52,-35,-125,-169,-153,-87,10,115,197,229,188,78,-60,-192,-279,-283,-210,-72,91,234,325,327,236,78,-104,-261,-358,-360,-256,-77,119,282,364,352,240,54,-149,-293,-360,-336,-214,-18,179,313,361,314,176,-19,-211,-337,-366,0,-126,80,252,347,335,236,67,-136,-312,-386,-347,-215,-15,198,351,391,329,176,-31,-250,-399,-419,-313,-121,111,310,423,415,283,64,-182,-376,-461,-414,-251,-11,250,439,500,404,197,-63,-310,-473,-503,-387,-156,118,354,486,480,330,90,-174,-392,-501,-461,-277,-13,250,432,487,398,177,-99,-343,-485,-486,-336,-78,212,445,551,495,294,-4,-315,-534,-600,-492,-246,76,386,600,646,496,194,-159,-471,-668,-676,-483,-155,218,538,712,683,463,117,-266,-581,-735,-683,-441,-90,294,603,743,668,408,47,-318,-598,-715,-630,-372,-18,336,589,674,563,303,-32,-352,-566,0,0
38796,mtk,MTK 7916,2421400278,rx0-tx0,512,-349,-68,-80,425,266,88,-101,-281,-444,-572,-670,-708,-679,-613,-490,-312,-113,95,298,480,614,706,744,710,627,493,306,97,-111,-303,-472,-603,-686,-717,-688,-591,-452,-285,-105,77,261,415,521,592,621,594,531,431,309,161,15,-133,-267,-377,-463,-512,-526,-505,-471,-393,-284,-169,-42,92,220,337,445,520,566,574,536,462,345,196,24,-151,-316,-463,-591,-665,-689,-651,-564,-423,-242,-50,154,351,520,638,695,707,660,553,403,215,15,-176,-356,-498,-596,-650,-643,-580,-475,-329,-166,4,163,305,414,486,521,509,461,383,278,166,43,-74,-175,-267,-327,-365,-392,-382,-347,-296,-511,-167,-73,27,110,188,265,320,354,375,368,336,285,210,120,16,-102,-216,-305,-391,-447,-467,-458,-410,-328,-219,-82,65,218,351,454,533,569,554,492,394,255,81,-93,-251,-407,-524,-596,-623,-598,-521,-395,-235,-61,110,276,420,529,605,618,578,502,371,223,58,-116,-277,-421,-518,-572,-585,-548,-475,-359,-207,-48,126,274,404,496,552,550,510,434,320,183,37,-118,-263,-380,-454,-488,-497,-458,-381,-276,-144,-3,128,253,357,425,456,449,406,323,213,83,-40,-174,-289,-371,-420,-425,-388,-309,-210,-90,50,178,287,365,389,365,294,185,53,-78,-187,-254,-262,51,-2,1179,-121,-316,-102,-186,-244,-262,-238,-167,-57,60,172,268,334,358,337,273,174,57,-65,-187,-300,-376,-414,-414,-363,-282,-165,-21,122,252,357,431,462,452,409,311,180,44,-109,-248,-349,-434,-479,-473,-429,-339,-225,-101,36,166,290,381,448,474,450,397,320,208,78,-55,-187,-300,-397,-464,-474,-458,-403,-307,-201,-63,73,183,306,398,445,461,437,388,299,193,76,-49,-171,-287,-376,-432,-465,-466,-417,-337,-240,-120,19,153,273,375,459,487,489,455,382,274,144,0,-148,-273,-387,-460,-511,-519,-471,-396,-289,-157,-10,141,280,386,473,522,527,495,420,303,164,18,-125,-330,-377,-467,-522,-534,-508,-431,-324,-197,-56,88,236,362,453,511,541,521,477,387,257,118,-28,-180,-322,-442,-528,-575,-580,-547,-474,-352,-211,-52,127,287,440,564,631,660,629,553,445,286,101,-99,-293,-460,-599,-695,-733,-728,-649,-518,-347,-150,66,284,475,631,753,796,785,710,579,403,190,-49,-281,-497,-674,-787,-844,-833,-750,-611,-406,-182,64,304,519,688,800,845,807,715,573,382,147,-83,-294,-490,-646,-741,-766,-735,-643,-509,-341,-147,50,243,405,532,618,652,648,594,497,358,204,45,-122,-278,-413,-519,-590,-618,-589,-529,-434,-307,-161,6,176,326,447,366,202,-729,-196,-300,-505,-606,-667,-673,-620,-521,-380,-209,-1,194,370,535,652,716,726,674,566,407,220,1,-211,-393,-558,-673,-728,-719,-661,-547,-389,-205,-5,198,381,519,612,656,663,611,500,368,215,40,-128,-283,-406,-498,-552,-564,-542,-476,-382,-270,-146,-12,116,243,359,438,487,521,523,485,424,323,199,60,-89,-242,-386,-508,-593,-630,-620,-569,-473,-325,-143,52,238,411,562,660,700,691,631,506,333,135,-66,-266,-439,-581,-669,-691,-667,-580,-449,-287,-101,93,262,406,513,576,592,557,476,361,228,83,-60,-181,-285,-368,-423,-450,-430,-389,-321,-236,-152,-53,50,142,220,1105,326,357,359,340,314,262,186,102,5,-97,-189,-277,-346,-394,-419,-417,-375,-314,-230,-111,12,143,270,377,457,508,526,499,420,310,172,15,-155,-309,-441,-545,-600,-592,-552,-459,-321,-161,14,189,351,488,578,623,609,548,445,308,145,-39,-198,-359,-482,-562,-602,-593,-541,-435,-292,-135,34,201,348,471,544,577,563,498,394,264,118,-41,-188,-327,-436,-498,-527,-520,-465,-359,-228,-94,47,190,309,408,459,476,450,399,306,187,53,-78,-206,-313,-398,-435,-439,-407,-326,-225,-101,34,172,284,356,410,409,363,283,163,23,-107,-228,-311,-346,-324,-253,-142,-26,-194,-215,1145,-756,-844,-189,-135,-49,51,152,248,302,310,278,206,104,-18,-139,-250,-335,-382,-385,-351,-268,-158,-39,97,218,325,412,450,436,376,283,160,25,-108,-241,-365,-437,-474,-472,-405,-318,-206,-59,85,222,330,408,455,464,437,371,275,162,16,-124,-245,-350,-428,-464,-462,-432,-368,-273,-140,4,128,261,359,431,469,451,421,368,259,135,4,-122,-240,-345,-409,-454,-461,-431,-365,-267,-152,-35,100,229,325,401,454,467,445,391,312,196,64,-60,-199,-320,-422,-479,-504,-485,-432,-343,-221,-88,69,217,334,435,503,531,517,450,351,234,92,-55,-201,-341,-444,-501,-521,-510,826,-378,-256,-113,33,181,317,419,498,527,525,483,399,285,153,7,-138,-273,-402,-492,-537,-553,-533,-473,-367,-233,-78,83,233,376,494,566,621,613,555,466,320,152,-23,-210,-373,-516,-627,-688,-692,-637,-534,-396,-214,-19,180,380,542,668,747,768,719,609,471,279,57,-162,-382,-575,-720,-810,-834,-792,-688,-519,-305,-73,181,409,614,755,834,857,802,679,498,283,45,-192,-408,-596,-738,-814,-802,-745,-631,-459,-256,-37,174,373,531,647,710,719,667,565,425,254,78,-103,-269,-416,-531,-597,-629,-613,-550,-457,-330,-183,-19,145,293,427,534,598,622,594,523,419,-658,-730
38797,mtk,MTK 7916,2421400278,rx0-tx1,512,87,91,-31,300,116,-81,-282,-462,-613,-723,-773,-772,-711,-592,-422,-227,-10,221,442,623,767,848,867,829,724,563,352,106,-142,-379,-594,-773,-893,-951,-935,-852,-703,-484,-242,22,297,547,760,921,1007,1013,948,821,620,367,91,-189,-466,-706,-886,-1006,-1057,-1033,-932,-758,-528,-261,21,316,589,817,986,1095,1112,1050,914,700,436,145,-172,-485,-760,-981,-1128,-1187,-1154,-1037,-833,-563,-257,82,408,699,935,1104,1188,1175,1077,901,657,357,35,-293,-606,-849,-1027,-1136,-1154,-1086,-936,-718,-447,-136,174,468,724,926,1058,1098,1067,950,757,522,250,-45,-327,-579,-783,-934,-1021,-1029,-959,-822,-689,-387,-118,159,419,653,843,972,1030,1010,911,759,543,275,-5,-290,-557,-793,-970,-1071,-1098,-1038,-897,-685,-420,-115,211,525,804,1010,1139,1193,1146,1004,782,491,162,-192,-530,-823,-1052,-1199,-1252,-1195,-1048,-808,-507,-161,203,541,843,1070,1207,1247,1188,1027,774,472,139,-225,-565,-847,-1067,-1189,-1207,-1133,-957,-703,-395,-57,278,587,840,1002,1085,1087,976,796,557,267,-30,-307,-552,-753,-879,-920,-887,-778,-613,-408,-171,63,292,490,642,734,756,722,625,481,292,83,-122,-315,-474,-586,-641,-632,-570,-450,-290,-109,80,265,411,507,545,512,422,278,102,-76,-221,-321,-358,-324,-64,-17,0,-1241,-1508,29,116,188,226,232,204,142,56,-42,-136,-217,-275,-303,-287,-242,-181,-98,-1,92,174,250,301,329,326,292,230,151,59,-50,-156,-249,-324,-371,-393,-385,-342,-266,-161,-34,90,212,326,407,468,487,456,384,278,148,1,-156,-298,-416,-506,-543,-533,-478,-380,-248,-92,66,216,348,457,521,541,519,456,356,224,74,-76,-215,-338,-441,-502,-520,-498,-438,-343,-222,-92,51,186,301,386,444,477,459,411,334,239,126,-1,-118,-234,-334,-401,-435,-445,-419,-361,-279,-173,-58,62,178,271,355,407,422,416,372,300,210,104,-9,-113,-218,-301,-355,-393,-395,-375,-322,-130,-159,-55,48,140,231,304,348,368,367,334,278,217,131,37,-47,-137,-212,-279,-321,-339,-339,-324,-287,-225,-156,-77,10,88,170,249,313,355,378,377,354,306,238,154,49,-65,-183,-292,-385,-447,-486,-492,-467,-396,-300,-174,-21,130,279,410,507,578,610,591,521,407,265,99,-84,-263,-423,-555,-642,-677,-669,-608,-495,-339,-151,36,229,410,548,653,709,701,645,534,381,205,15,-171,-344,-490,-595,-650,-651,-618,-529,-415,-270,-102,66,225,365,470,545,584,582,535,462,356,234,88,-59,-194,-322,-427,-510,-556,-572,-555,-493,-401,-280,-131,22,188,340,470,577,1172,429,504,220,177,-639,-709,-729,-690,-595,-457,-275,-71,146,357,551,696,788,833,813,725,583,394,167,-69,-304,-520,-697,-830,-895,-895,-835,-709,-528,-301,-50,210,459,686,853,954,995,954,840,667,434,162,-125,-388,-635,-838,-970,-1033,-1027,-944,-780,-562,-306,-29,255,525,759,939,1039,1079,1041,922,735,496,210,-96,-393,-673,-908,-1061,-1146,-1148,-1057,-891,-654,-366,-45,283,591,855,1049,1167,1197,1127,975,749,474,151,-186,-503,-778,-998,-1136,-1181,-1153,-1022,-810,-548,-245,80,390,669,893,1051,1126,1107,1011,842,619,340,40,-257,-535,-763,-929,-1039,-1065,-1004,-879,-687,-453,-179,102,372,609,261,952,1022,1009,927,789,588,342,66,-219,-479,-706,-900,-1017,-1057,-1023,-912,-736,-490,-212,88,391,668,898,1059,1142,1137,1045,863,605,307,-22,-358,-670,-930,-1120,-1220,-1221,-1119,-925,-658,-338,19,375,692,961,1150,1246,1241,1132,934,655,321,-31,-388,-713,-974,-1134,-1226,-1215,-1090,-887,-605,-269,78,416,718,952,1101,1161,1123,988,764,475,171,-152,-455,-694,-882,-991,-1006,-940,-801,-596,-342,-78,184,420,609,745,814,816,756,630,456,243,24,-195,-394,-551,-658,-698,-682,-608,-481,-311,-114,83,269,428,537,590,589,519,389,227,42,-141,-298,-416,-469,-448,-366,-239,-82,62,218,236,0,1157,226,177,166,110,28,-62,-152,-225,-268,-275,-247,-190,-112,-15,89,172,240,289,308,294,256,199,118,26,-73,-170,-252,-309,-349,-359,-334,-283,-201,-103,10,127,238,328,397,431,429,396,321,217,95,-51,-193,-320,-424,-489,-522,-503,-435,-335,-200,-42,115,264,393,488,543,551,507,424,303,158,7,-145,-286,-400,-481,-520,-519,-472,-398,-288,-153,-11,132,268,379,453,490,496,458,387,283,168,34,-98,-215,-314,-390,-442,-452,-438,-395,-313,-205,-88,31,152,258,344,401,428,428,390,325,243,134,24,-86,-199,-287,-357,-402,-409,-391,-346,-270,-185,-81,29,132,231,245,355,385,380,352,306,227,137,48,-51,-146,-222,-288,-340,-357,-349,-321,-276,-215,-136,-53,31,114,193,257,302,337,349,336,312,267,195,116,27,-69,-167,-253,-326,-389,-428,-435,-411,-355,-273,-168,-45,83,220,344,443,519,552,544,496,406,286,145,-18,-189,-351,-484,-580,-644,-656,-612,-518,-385,-220,-35,152,338,496,618,691,705,673,578,444,282,85,-109,-294,-461,-587,-666,-693,-667,-595,-475,-320,-142,33,212,371,491,584,626,621,574,483,366,231,81,-75,-216,-340,-447,-523,-567,-566,-533,-467,-373,-255,-116,27,178,323,439,537,592,610,595,527,421,281,1021,1499
38798,mtk,MTK 7916,2421400278,rx1-tx0,512,0,-54,-429,-425,-254,-56,146,345,522,661,744,774,751,663,517,330,110,-137,-367,-567,-730,-830,-866,-840,-729,-559,-355,-117,139,375,605,770,875,911,874,763,603,386,141,-129,-385,-605,-778,-889,-938,-902,-805,-643,-426,-184,88,343,566,740,866,921,904,832,682,467,215,-48,-299,-529,-712,-846,-924,-916,-833,-698,-496,-271,-3,247,484,683,809,875,876,805,664,468,239,7,-230,-443,-610,-732,-802,-778,-704,-581,-415,-228,-14,192,364,507,605,656,663,608,507,375,231,73,-97,-245,-372,-476,-539,-551,-529,-470,-377,-256,-120,21,148,272,384,449,485,463,415,351,255,148,216,-104,-215,-305,-367,-392,-399,-378,-319,-246,-138,-45,44,144,224,283,311,312,296,269,210,138,72,2,-64,-129,-184,-232,-239,-238,-227,-201,-163,-113,-61,-13,38,84,126,152,166,190,202,181,172,154,115,89,31,-15,-65,-120,-167,-217,-252,-260,-251,-230,-188,-131,-47,30,135,237,301,357,384,364,315,225,123,15,-111,-231,-317,-376,-410,-393,-348,-262,-163,-39,68,185,291,346,369,363,328,260,181,88,-13,-111,-197,-261,-303,-325,-306,-263,-204,-118,-20,54,139,209,247,268,261,221,165,103,22,-59,-136,-194,-224,-237,-213,-157,-94,-9,67,122,151,145,873,854,0,411,93,60,-21,-113,-189,-243,-255,-228,-169,-75,24,123,203,263,294,290,252,188,102,8,-88,-166,-233,-280,-291,-278,-233,-175,-113,-24,53,131,198,243,274,281,263,222,169,98,26,-45,-128,-188,-245,-279,-301,-291,-243,-204,-134,-63,17,120,193,265,314,334,336,296,240,155,69,-37,-145,-224,-293,-328,-345,-347,-302,-243,-162,-58,39,129,221,285,326,346,323,281,227,157,74,-18,-109,-191,-258,-302,-322,-320,-285,-231,-171,-90,2,89,165,233,281,319,310,276,232,176,101,22,-61,-139,-197,-245,-258,-268,-257,-218,-179,-117,-51,14,80,135,191,219,230,224,-584,193,144,96,44,-17,-69,-118,-167,-204,-209,-215,-205,-182,-139,-94,-42,11,67,120,161,179,204,212,204,189,152,109,67,21,-47,-89,-129,-171,-206,-226,-231,-224,-197,-171,-138,-86,-8,68,124,191,252,298,320,330,326,277,208,123,17,-86,-212,-311,-399,-461,-478,-462,-408,-311,-186,-50,99,259,390,504,561,592,570,482,375,228,47,-126,-291,-436,-534,-609,-626,-588,-510,-395,-253,-75,106,273,419,530,605,623,598,536,423,290,126,-52,-211,-368,-495,-567,-614,-611,-552,-460,-337,-189,-27,138,297,422,535,596,618,603,532,423,293,127,-44,-208,-376,-509,550,626,0,991,664,546,664,721,720,661,543,380,185,-22,-244,-452,-626,-749,-821,-825,-751,-632,-453,-229,12,258,490,675,802,882,876,809,680,483,256,0,-258,-499,-696,-842,-921,-928,-857,-715,-516,-276,-16,243,473,678,826,918,935,874,742,558,334,71,-178,-421,-643,-805,-901,-926,-884,-770,-597,-375,-119,148,388,613,783,891,923,867,761,582,368,132,-117,-357,-572,-731,-822,-843,-800,-690,-528,-345,-115,121,319,496,621,702,729,689,598,474,311,135,-50,-233,-385,-494,-561,-600,-586,-525,-438,-316,-169,-22,124,263,372,458,507,511,479,419,316,198,60,-81,-189,-294,-370,-418,757,-415,-370,-295,-192,-83,20,134,219,302,346,354,354,324,262,184,93,6,-66,-144,-210,-252,-277,-277,-264,-225,-189,-128,-60,-6,60,115,158,183,195,207,206,189,157,113,81,43,-17,-61,-89,-131,-155,-183,-209,-208,-211,-193,-162,-110,-44,24,82,144,213,269,303,315,321,268,188,99,-14,-131,-238,-327,-379,-405,-392,-338,-243,-145,-25,97,210,298,359,380,366,344,262,163,68,-34,-138,-228,-290,-327,-334,-316,-266,-196,-117,-17,79,159,228,284,294,278,252,192,116,29,-58,-135,-192,-236,-262,-251,-211,-143,-67,8,92,148,187,202,177,128,60,-7,-207,301,0,846,667,-185,-209,-196,-145,-65,37,136,218,271,284,261,205,123,29,-68,-153,-225,-272,-294,-284,-244,-187,-101,-9,82,161,212,259,284,276,256,199,138,59,-25,-104,-166,-218,-261,-272,-279,-251,-205,-151,-80,-12,82,157,217,276,296,311,293,245,189,103,17,-84,-169,-246,-299,-328,-346,-316,-259,-187,-95,-9,94,186,255,316,348,344,324,278,201,117,21,-83,-166,-238,-294,-329,-341,-314,-269,-197,-120,-39,56,141,211,259,304,318,295,263,203,140,52,-46,-119,-182,-240,-282,-289,-284,-244,-198,-133,-61,1,85,141,195,238,255,250,227,194,150,93,35,-21,-674,-138,-176,-196,-218,-218,-202,-174,-145,-92,-41,11,74,132,169,191,204,210,205,186,141,97,50,-14,-63,-112,-146,-172,-196,-221,-225,-192,-168,-132,-90,-37,18,83,134,171,212,254,279,269,252,221,176,100,22,-55,-147,-244,-312,-377,-405,-412,-383,-313,-223,-101,34,166,297,411,490,527,543,496,410,283,126,-35,-214,-360,-478,-567,-613,-601,-546,-445,-305,-149,35,211,363,487,578,626,615,567,470,341,177,-5,-174,-341,-467,-556,-619,-614,-578,-498,-368,-224,-70,108,274,410,515,585,610,594,533,441,314,155,-6,-173,-336,-467,-571,-634,-640,-612,-535,-410,-298,33
38799,mtk,MTK 7916,2421400278,rx1-tx1,512,0,0,0,-514,-264,50,355,569,650,571,359,54,-259,-515,-641,-610,-431,-163,147,420,581,594,466,225,-59,-321,-499,-549,-466,-265,-1,251,432,498,429,244,9,-225,-401,-472,-416,-247,-13,221,394,463,419,267,40,-208,-398,-484,-449,-299,-71,170,377,498,498,372,153,-102,-333,-483,-521,-432,-243,3,241,415,494,458,310,97,-134,-325,-429,-427,-331,-173,26,218,348,378,319,200,37,-130,-256,-303,-278,-196,-77,57,165,221,218,165,85,-7,-94,-151,-161,-125,-66,-2,57,95,101,76,44,-3,-40,-52,-46,-29,-10,8,23,21,16,-9,-39,-44,-31,-8,23,52,0,83,69,21,-40,-95,-125,-129,-106,-53,24,96,150,170,148,88,9,-77,-152,-194,-194,-143,-54,44,141,209,226,188,102,-5,-117,-211,-251,-239,-173,-67,59,169,243,267,229,134,6,-113,-202,-246,-248,-192,-93,26,129,205,232,206,145,54,-44,-136,-191,-204,-175,-116,-38,34,101,139,147,129,92,37,-6,-42,-77,-95,-95,-89,-77,-51,-18,16,43,68,90,108,113,93,49,-7,-61,-113,-154,-171,-155,-103,-31,53,132,195,229,206,136,46,-56,-158,-230,-252,-232,-171,-74,44,158,235,275,272,220,134,24,-83,-171,-232,-255,-240,-196,-128,-56,11,0,0,0,0,0,-70,-89,-102,-98,-72,-30,23,78,133,169,168,131,74,-7,-93,-165,-214,-218,-164,-75,32,143,224,257,237,165,52,-77,-195,-276,-295,-249,-138,14,165,277,321,292,203,62,-104,-247,-331,-341,-265,-115,59,224,341,372,310,166,-32,-228,-370,-426,-375,-229,-20,205,392,487,466,325,96,-169,-400,-540,-549,-439,-210,81,359,565,637,553,334,36,-289,-562,-702,-669,-484,-186,174,503,712,753,624,341,-20,-380,-655,-782,-716,-494,-158,227,554,749,770,610,305,-68,-425,-681,-774,-678,-415,-64,286,568,704,661,466,157,-192,-483,-649,-644,-475,-200,123,423,613,0,498,237,-85,-396,-612,-661,-536,-282,53,376,601,676,583,334,-2,-343,-601,-714,-647,-409,-61,307,606,753,716,493,133,-263,-593,-784,-778,-586,-245,176,569,814,850,679,340,-86,-502,-806,-910,-783,-461,-31,412,764,930,866,587,161,-305,-696,-912,-903,-679,-288,179,598,875,938,759,394,-57,-481,-793,-918,-808,-505,-78,370,711,865,812,566,186,-235,-591,-793,-801,-607,-256,146,501,716,752,601,309,-61,-412,-650,-714,-596,-329,15,348,590,682,590,350,32,-293,-548,-659,-595,-383,-72,248,500,628,597,406,119,-196,-462,-615,-604,-436,-156,161,431,588,602,468,0,0,0,0,0,-390,-592,-647,-548,-316,-5,307,544,653,600,397,102,-210,-472,-616,-608,-462,-211,100,370,537,574,470,250,-25,-286,-465,-522,-444,-254,-4,241,421,489,421,243,11,-223,-401,-470,-416,-252,-29,210,402,486,434,278,57,-189,-392,-495,-474,-339,-114,143,362,498,515,407,195,-60,-294,-461,-511,-442,-276,-43,196,380,471,455,328,125,-87,-270,-391,-413,-336,-185,-9,160,287,335,297,198,60,-83,-200,-261,-248,-181,-82,28,121,182,187,143,70,-7,-79,-122,-123,-96,-55,-3,42,67,69,59,34,-1,-25,-34,-27,-13,9,26,32,27,-2,-33,-50,-50,-42,0,22,74,104,99,74,29,-29,-87,-128,-146,-130,-75,7,84,147,186,172,112,30,-61,-152,-208,-206,-160,-78,30,136,211,236,205,130,22,-92,-195,-255,-249,-193,-101,23,142,225,256,232,154,49,-75,-180,-246,-254,-212,-122,-25,82,166,207,207,167,94,5,-80,-147,-181,-167,-124,-75,-8,56,95,116,118,98,68,43,8,-30,-54,-72,-91,-91,-80,-62,-40,-11,34,86,123,136,129,99,51,-18,-96,-163,-193,-187,-149,-77,14,104,184,228,232,192,109,-1,-113,-201,-261,-272,-238,-154,-41,72,174,249,278,261,209,124,31,-61,-134,-181,-196,-184,0,0,0,0,0,43,19,-16,-58,-98,-128,-137,-123,-86,-21,53,122,171,190,170,112,28,-64,-154,-220,-245,-207,-120,-7,115,224,272,263,204,94,-50,-182,-278,-317,-280,-171,-22,140,265,327,313,229,86,-81,-231,-329,-352,-290,-144,44,225,350,396,341,195,-5,-214,-380,-461,-426,-271,-46,191,399,516,509,372,141,-131,-383,-555,-594,-494,-273,19,326,561,667,615,408,99,-242,-541,-720,-724,-557,-263,101,451,701,783,681,420,66,-307,-616,-777,-754,-560,-234,149,501,728,770,639,369,10,-353,-619,-733,-676,-454,-119,238,524,681,661,482,183,-155,-450,-629,-650,-499,-224,0,408,596,636,513,255,-72,-384,-595,-660,-557,-308,28,365,609,700,614,365,24,-328,-608,-738,-680,-442,-95,278,600,772,743,532,183,-218,-574,-798,-821,-635,-285,146,545,804,879,738,402,-42,-467,-782,-912,-831,-529,-96,357,726,917,886,637,225,-237,-642,-899,-923,-716,-337,118,545,835,923,781,447,10,-429,-764,-903,-821,-533,-125,301,645,832,807,590,225,-188,-546,-760,-780,-607,-287,101,451,676,729,596,309,-48,-387,-617,-692,-596,-347,-12,321,561,656,588,368,53,-273,-525,-640,-591,-390,-91,230,486,615,587,415,131,-187,-453,-605,-603,-450,-180,131,410,0,0
38800,mtk,MTK 7916,2421400278,rx2-tx0,512,0,0,0,255,711,983,1010,785,363,-152,-625,-940,-1012,-824,-435,64,546,880,981,830,471,-6,-477,-822,-948,-821,-482,-26,434,780,918,807,484,33,-427,-779,-920,-814,-487,-36,430,789,941,837,513,52,-430,-806,-977,-889,-564,-83,425,824,1011,934,617,136,-385,-811,-1028,-972,-659,-176,349,786,1022,990,691,209,-331,-789,-1043,-1021,-734,-250,302,784,1068,1070,787,310,-257,-775,-1096,-1134,-887,-410,184,740,1106,1198,985,516,-81,-656,-1070,-1223,-1069,-642,-60,532,990,1201,1116,752,197,-404,-894,-1155,-1128,-822,-311,268,773,1076,1105,858,401,-148,-652,-982,-1057,-862,-446,79,572,911,0,853,483,-13,-502,-856,-986,-860,-514,-39,443,811,963,865,545,88,-400,-782,-960,-898,-596,-136,358,760,974,938,653,196,-318,-754,-1005,-1002,-740,-290,240,718,1026,1076,854,418,-132,-658,-1021,-1134,-968,-558,-8,553,972,1156,1064,708,171,-408,-887,-1154,-1135,-837,-335,248,776,1113,1173,951,501,-69,-621,-1026,-1181,-1055,-681,-150,417,878,1128,1113,838,367,-182,-678,-1008,-1098,-937,-567,-81,412,789,978,945,702,300,-150,-549,-803,-859,-723,-435,-59,308,586,723,687,498,209,-111,-387,-566,-611,-516,-310,-55,196,396,504,501,396,215,3,-188,-329,-400,-401,-330,-212,-86,29,0,0,0,0,0,-126,-257,-367,-430,-425,-344,-196,-3,211,407,536,561,477,296,48,-218,-448,-588,-604,-487,-264,25,314,538,647,608,427,148,-171,-458,-642,-676,-554,-298,34,366,610,715,644,417,84,-268,-563,-715,-695,-509,-202,159,490,695,729,585,287,-83,-442,-693,-766,-647,-366,19,402,692,814,732,460,71,-346,-680,-851,-807,-557,-172,263,640,861,864,652,279,-171,-584,-860,-918,-750,-399,57,507,827,940,828,507,57,-399,-766,-939,-875,-592,-167,306,700,922,913,681,278,-199,-629,-896,-937,-754,-386,81,522,832,931,795,464,17,-431,-757,-895,-806,-512,-92,346,696,867,0,547,147,-290,-650,-833,-805,-571,-182,255,616,820,808,589,213,-225,-605,-826,-834,-620,-240,204,595,846,868,661,282,-171,-592,-865,-917,-727,-349,121,568,872,950,787,420,-63,-529,-864,-986,-855,-496,-8,475,832,984,879,548,74,-417,-799,-976,-898,-590,-125,375,768,954,897,610,153,-349,-753,-948,-901,-621,-174,325,733,950,921,656,208,-297,-723,-966,-956,-694,-250,256,698,963,980,741,308,-206,-667,-959,-1007,-790,-369,147,625,946,1020,832,428,-80,-566,-913,-1026,-872,-497,9,509,882,1023,898,545,57,-447,-840,-1018,-934,-611,-129,387,807,1016,960,667,206,-314,0,0,0,0,0,-998,-753,-314,199,663,963,1017,807,395,-112,-584,-904,-994,-833,-461,29,508,849,968,832,482,12,-457,-799,-928,-817,-493,-39,426,770,906,804,486,35,-427,-779,-923,-818,-498,-35,441,803,957,856,526,58,-436,-826,-999,-909,-582,-108,403,813,1015,951,638,156,-367,-792,-1020,-983,-680,-197,335,782,1025,1001,713,235,-313,-781,-1045,-1037,-760,-278,283,780,1079,1095,833,351,-229,-762,-1108,-1174,-937,-459,140,706,1099,1220,1031,583,-6,-599,-1049,-1231,-1100,-700,-130,471,949,1187,1127,793,267,-320,-823,-1113,-1114,-833,-352,208,709,1026,1077,858,429,-104,-606,-944,-1031,-860,-474,0,522,871,991,850,490,10,-474,-831,-971,-860,-526,-58,427,804,970,882,569,108,-386,-782,-979,-912,-607,-158,334,757,989,969,699,237,-284,-739,-1016,-1035,-793,-347,199,702,1031,1111,910,485,-67,-609,-1006,-1151,-1021,-642,-93,477,929,1154,1099,776,260,-325,-833,-1133,-1155,-895,-421,153,686,1058,1177,1009,598,38,-525,-960,-1167,-1099,-767,-260,301,784,1076,1114,901,480,-51,-548,-908,-1053,-961,-648,-200,276,666,898,917,725,382,-29,-419,-696,-800,-719,-479,-143,200,482,644,652,506,259,-28,-296,-487,-564,-512,-359,-137,99,303,433,469,419,294,128,-43,-184,-278,-312,-289,0,0,0,0,0,293,256,161,15,-157,-326,-457,-515,-486,-366,-163,85,322,500,586,554,401,159,-120,-380,-566,-627,-552,-348,-65,244,499,647,648,497,226,-105,-419,-641,-708,-604,-361,-29,314,587,718,670,457,147,-204,-520,-707,-717,-547,-247,126,468,698,747,608,318,-57,-424,-693,-791,-684,-404,-22,375,689,834,767,508,110,-313,-661,-854,-841,-609,-220,219,610,855,891,699,334,-115,-545,-842,-926,-782,-450,3,457,797,945,862,555,115,-354,-734,-931,-897,-643,-228,246,661,906,925,715,329,-140,-568,-856,-931,-773,-419,36,480,802,920,807,494,57,-384,-722,-878,-811,-534,-125,0,663,840,805,557,164,-271,-631,-822,-799,-574,-200,235,610,825,820,602,223,-213,-598,-833,-854,-646,-262,191,594,851,893,701,318,-150,-579,-868,-936,-759,-385,93,555,877,979,828,461,-24,-502,-853,-984,-863,-524,-49,442,820,981,887,567,98,-396,-784,-971,-901,-598,-135,363,763,960,902,608,160,-332,-742,-957,-923,-645,-195,300,721,954,936,672,226,-277,-712,-967,-971,-718,-282,234,689,961,991,768,341,-176,-651,-957,-1016,-808,-395,116,602,933,1019,848,462,-47,-544,-899,-1023,-884,-523,-23,489,869,1025,920,582,92,-420,-826,-1018,-952,-640,-162,351,773,1002,978,0,0
38801,mtk,MTK 7916,2421400278,rx2-tx1,512,0,0,0,-341,-551,-614,-514,-300,-31,248,461,558,522,349,88,-184,-403,-512,-488,-349,-129,120,335,453,451,343,149,-75,-266,-379,-393,-304,-143,49,210,306,320,242,100,-57,-186,-257,-254,-174,-44,87,186,237,215,109,-26,-152,-240,-256,-182,-48,97,222,288,282,192,35,-145,-293,-361,-339,-217,-25,191,365,459,427,271,38,-211,-425,-526,-492,-338,-97,194,449,594,593,434,159,-158,-445,-636,-679,-539,-257,90,423,661,726,624,369,5,-365,-648,-772,-718,-487,-121,275,609,799,786,578,240,-165,-532,-758,-804,-647,-334,55,429,703,808,708,432,49,-347,-653,-779,-720,0,-139,262,592,759,733,534,196,-197,-533,-732,-751,-584,-260,131,476,700,747,606,303,-80,-448,-697,-765,-638,-357,18,402,688,798,700,419,19,-389,-709,-860,-786,-512,-108,334,705,901,885,645,239,-238,-670,-936,-977,-785,-407,91,584,932,1056,940,583,72,-458,-867,-1081,-1045,-756,-278,263,748,1068,1133,921,505,-32,-565,-968,-1144,-1051,-724,-235,321,802,1083,1118,907,497,-21,-525,-900,-1060,-982,-693,-256,222,643,906,950,791,466,39,-380,-695,-851,-812,-597,-268,100,439,673,745,651,432,139,-177,-437,-595,-629,-549,-367,-125,117,321,451,492,445,335,196,51,-80,0,0,0,0,0,213,254,259,229,152,42,-81,-200,-302,-349,-331,-260,-137,20,173,292,358,353,274,141,-21,-177,-302,-357,-331,-235,-95,73,213,307,339,299,179,24,-126,-250,-321,-307,-216,-84,60,191,274,287,231,123,-11,-138,-223,-253,-228,-147,-22,105,189,219,205,138,42,-58,-148,-198,-177,-105,-20,56,125,158,132,65,-17,-103,-153,-154,-108,-28,73,155,204,197,116,1,-109,-213,-274,-265,-191,-66,90,241,330,337,272,136,-42,-219,-342,-380,-336,-223,-41,160,323,406,388,281,110,-80,-261,-385,-401,-322,-162,45,237,364,400,345,212,27,-175,-331,-399,-358,-229,0,168,318,395,372,254,72,-136,-312,-411,-402,-288,-97,111,293,400,408,302,115,-95,-289,-412,-428,-330,-151,73,283,421,451,368,186,-55,-287,-440,-482,-413,-233,19,265,444,507,444,274,30,-225,-427,-508,-471,-318,-80,184,395,508,486,330,93,-164,-381,-496,-479,-333,-95,167,390,514,498,342,92,-192,-424,-554,-547,-395,-129,181,453,610,613,458,186,-133,-436,-640,-684,-557,-288,68,405,645,720,619,378,35,-323,-611,-759,-719,-494,-149,233,567,760,770,596,280,-110,-472,-710,-777,-666,-399,-30,346,622,743,686,462,134,-219,-519,-686,-681,-516,-227,104,403,0,0,0,0,0,512,282,-14,-293,-507,-593,-524,-331,-58,220,434,533,501,347,111,-149,-363,-477,-467,-348,-148,93,293,410,417,317,144,-57,-234,-336,-353,-283,-133,43,198,285,287,201,64,-82,-196,-252,-232,-143,-10,116,212,245,190,83,-55,-185,-260,-258,-177,-36,127,264,333,303,189,12,-176,-333,-412,-384,-250,-25,221,410,495,461,305,61,-208,-435,-561,-551,-395,-119,187,448,614,632,486,209,-132,-452,-665,-711,-583,-318,33,400,670,773,687,438,72,-318,-630,-787,-744,-522,-173,219,570,790,802,617,296,-100,-476,-738,-813,-685,-382,8,404,690,809,726,467,93,-297,0,-786,-747,-522,-171,219,559,749,742,552,233,-146,-491,-716,-749,-586,-280,93,453,690,745,614,321,-67,-437,-697,-784,-670,-381,12,412,702,830,750,474,67,-366,-714,-891,-843,-588,-181,278,685,926,939,725,324,-165,-621,-935,-1029,-872,-488,15,514,896,1075,996,671,177,-366,-822,-1083,-1090,-846,-408,133,658,1030,1146,993,619,103,-443,-893,-1126,-1102,-828,-364,182,676,1009,1102,954,606,127,-376,-787,-1000,-977,-749,-371,85,509,812,922,811,532,159,-235,-561,-757,-783,-641,-365,-18,315,560,675,656,508,262,-23,-286,-479,-572,-556,-441,-256,-56,130,264,344,356,311,0,0,0,0,0,-94,-11,83,176,260,313,316,270,171,34,-109,-239,-328,-358,-323,-219,-63,99,232,328,355,306,187,29,-125,-259,-337,-337,-266,-144,6,157,282,333,293,201,67,-92,-230,-300,-298,-235,-119,31,167,255,274,232,140,15,-109,-198,-235,-214,-146,-26,90,174,207,192,133,36,-66,-132,-169,-150,-92,-14,71,134,137,106,34,-48,-126,-170,-166,-107,-18,86,192,251,241,164,38,-115,-239,-301,-301,-227,-88,77,227,335,370,313,174,0,-171,-313,-394,-371,-247,-70,128,303,399,393,299,132,-71,-257,-379,-407,-333,-185,9,202,343,403,362,218,19,-174,-314,0,-348,-228,-51,148,318,399,379,261,73,-136,-314,-411,-411,-309,-116,109,303,425,429,322,143,-82,-292,-427,-444,-349,-169,56,276,431,474,380,193,-42,-267,-439,-504,-431,-254,-13,242,437,526,475,302,52,-210,-418,-517,-477,-319,-94,161,390,503,482,334,92,-167,-375,-500,-486,-334,-90,172,407,537,518,365,124,-170,-435,-582,-580,-425,-158,155,444,620,637,507,242,-88,-415,-638,-703,-596,-336,23,377,641,747,671,440,95,-294,-606,-770,-745,-544,-212,176,520,742,781,635,340,-36,-398,-667,-772,-686,-430,-81,279,570,722,694,499,188,-169,-473,-650,-659,-525,0,0
38802,mtk,MTK 7916,2421465478,rx0-tx0,512,-349,-207,-443,258,78,-115,-310,-474,-594,-672,-686,-635,-519,-357,-163,64,271,459,605,689,718,679,577,426,225,8,-213,-413,-578,-684,-717,-687,-596,-446,-263,-60,145,328,483,596,636,627,571,462,320,147,-29,-198,-336,-442,-517,-543,-531,-466,-373,-264,-131,17,144,263,360,431,478,491,457,395,310,187,57,-94,-247,-361,-466,-532,-558,-532,-460,-348,-203,-29,147,322,470,567,612,609,543,426,265,81,-98,-274,-433,-538,-596,-595,-534,-435,-291,-130,48,226,363,460,516,515,473,385,271,135,0,-126,-239,-321,-369,-386,-369,-319,-262,-176,-89,-10,68,135,206,250,267,274,-511,241,212,157,92,17,-53,-125,-197,-253,-288,-308,-312,-292,-247,-180,-82,17,123,226,313,387,422,417,381,308,206,75,-71,-215,-336,-434,-501,-519,-481,-403,-287,-151,22,192,342,466,553,589,562,496,379,215,38,-152,-329,-470,-563,-621,-622,-552,-434,-269,-86,111,298,464,589,650,654,599,484,316,113,-87,-284,-464,-583,-644,-655,-597,-475,-321,-129,75,265,420,532,595,607,558,447,295,124,-58,-229,-373,-492,-550,-554,-507,-416,-278,-111,62,221,359,465,513,509,445,340,205,31,-133,-281,-390,-459,-472,-423,-322,-180,-12,150,286,377,400,349,243,106,-35,512,287,1179,-1044,-1191,-140,-125,-80,-7,69,137,189,211,199,155,86,-6,-95,-172,-232,-263,-254,-207,-143,-68,32,125,202,261,279,273,232,163,75,-25,-119,-203,-258,-297,-303,-261,-193,-114,-25,75,167,227,270,282,267,230,177,104,17,-53,-130,-202,-250,-274,-277,-257,-213,-136,-55,24,112,188,255,296,303,279,231,167,88,-8,-103,-189,-261,-305,-317,-307,-266,-204,-124,-23,70,169,246,302,335,334,302,248,174,70,-41,-148,-254,-328,-363,-378,-351,-296,-214,-110,11,129,233,321,376,390,373,324,241,130,11,-111,-218,-305,-374,-401,-392,-349,-276,-178,-58,60,171,276,352,-330,398,373,326,238,126,8,-132,-245,-330,-389,-428,-423,-378,-305,-207,-79,53,180,286,370,441,462,444,381,300,185,38,-95,-229,-364,-449,-500,-514,-494,-417,-300,-156,13,182,338,467,568,612,600,539,422,264,84,-121,-310,-469,-602,-686,-695,-637,-528,-366,-165,53,269,471,631,735,771,727,624,464,252,7,-235,-461,-634,-755,-811,-779,-677,-512,-294,-48,200,422,611,737,782,757,666,510,314,98,-132,-338,-514,-631,-692,-688,-629,-511,-349,-174,17,202,366,495,579,611,585,522,414,276,114,-58,-214,-361,-472,-551,-578,-558,-506,-399,-265,-112,59,221,385,502,-139,-494,-729,-831,-737,-592,-644,-651,-595,-474,-322,-132,81,291,476,606,699,717,661,558,389,192,-21,-246,-438,-594,-692,-719,-680,-587,-438,-245,-30,176,377,536,642,685,660,581,460,288,93,-90,-270,-417,-526,-586,-596,-551,-455,-341,-194,-43,115,255,354,433,488,503,472,407,319,212,92,-44,-178,-291,-394,-468,-500,-509,-464,-385,-280,-138,23,187,338,461,551,590,578,515,394,237,61,-123,-302,-458,-567,-615,-608,-556,-438,-279,-110,81,254,404,511,568,578,524,419,285,128,-35,-188,-315,-403,-452,-449,-420,-352,-260,-154,-45,71,159,229,284,305,309,296,266,219,151,81,11,1105,-114,-173,-226,-261,-281,-284,-270,-237,-172,-100,-17,68,160,238,308,353,368,360,313,244,150,27,-96,-218,-325,-409,-464,-477,-432,-350,-245,-112,47,201,344,452,531,565,534,458,337,185,7,-173,-336,-482,-571,-610,-602,-533,-410,-251,-75,124,311,469,579,637,636,573,462,295,104,-96,-287,-458,-584,-650,-651,-602,-481,-308,-119,78,280,436,553,622,624,570,459,313,138,-55,-251,-408,-519,-578,-582,-530,-431,-294,-127,47,216,364,477,526,526,470,380,245,83,-85,-244,-364,-458,-495,-471,-399,-282,-135,33,194,327,416,445,411,318,179,15,-138,-249,-303,-298,-687,-807,1145,-658,-318,24,85,146,178,171,139,75,-8,-89,-162,-216,-242,-225,-178,-108,-17,78,158,215,259,277,248,194,114,20,-77,-165,-235,-285,-294,-273,-213,-135,-53,51,151,222,271,297,292,248,180,102,7,-79,-154,-218,-261,-269,-265,-247,-196,-117,-33,48,124,195,253,278,283,269,216,155,77,-19,-111,-192,-256,-294,-314,-301,-260,-197,-103,-6,88,179,245,301,322,322,292,228,145,42,-65,-161,-242,-310,-353,-355,-329,-277,-182,-83,29,142,239,318,368,386,363,308,224,115,-4,-119,-226,-319,-374,-396,-384,-334,-257,-151,-27,94,202,290,358,398,396,365,296,191,826,-41,-152,-261,-350,-394,-418,-396,-341,-260,-162,-43,92,213,311,388,438,435,402,338,251,135,-8,-147,-267,-364,-448,-483,-472,-437,-351,-228,-94,47,200,346,459,539,568,543,471,367,217,40,-147,-324,-473,-580,-648,-653,-588,-476,-320,-124,93,292,469,619,710,738,697,591,423,213,-27,-255,-460,-631,-747,-795,-764,-659,-490,-283,-34,220,443,630,757,806,782,680,524,304,68,-168,-391,-571,-689,-749,-732,-649,-510,-330,-126,81,279,451,566,631,647,608,515,383,220,43,-132,-290,-429,-526,-582,-579,-542,-461,-346,-202,-35,124,278,420,516,576,584,551,465,323,-1235,-1131
38803,mtk,MTK 7916,2421465478,rx0-tx1,512,87,760,795,166,-28,-225,-414,-569,-670,-725,-719,-650,-515,-331,-120,111,339,539,692,797,824,783,679,510,293,53,-202,-449,-659,-809,-894,-904,-837,-692,-486,-241,36,310,567,774,912,976,961,853,671,434,155,-143,-425,-674,-864,-979,-1018,-973,-838,-632,-380,-92,214,486,735,917,1021,1055,991,846,627,351,46,-270,-568,-819,-1006,-1105,-1108,-1014,-843,-594,-282,56,386,682,921,1089,1157,1123,991,778,494,162,-186,-507,-785,-997,-1127,-1153,-1078,-910,-663,-365,-34,302,604,853,1036,1122,1108,1000,807,551,249,-83,-402,-678,-895,-1036,-1084,-1037,-912,-697,-434,-143,171,467,717,909,1022,1049,-689,843,619,349,55,-245,-525,-765,-939,-1035,-1043,-967,-805,-575,-293,13,322,611,863,1031,1106,1093,979,779,505,187,-157,-497,-797,-1018,-1154,-1191,-1119,-939,-677,-349,20,383,717,990,1175,1252,1209,1057,814,482,106,-278,-636,-931,-1147,-1252,-1241,-1120,-886,-566,-197,193,553,870,1098,1218,1222,1111,894,595,245,-131,-485,-780,-1002,-1123,-1130,-1023,-826,-555,-238,91,397,658,851,951,962,881,724,505,241,-34,-300,-520,-683,-783,-807,-747,-624,-447,-228,2,228,419,569,661,684,638,527,368,174,-27,-229,-401,-523,-585,-580,-504,-369,-197,1,194,347,446,474,427,315,159,-5,-137,346,523,0,-324,-48,179,157,89,-7,-111,-205,-267,-292,-271,-212,-123,-17,94,192,270,317,326,303,250,165,60,-53,-155,-254,-328,-368,-376,-345,-281,-186,-66,62,191,298,386,437,446,413,340,231,89,-65,-219,-357,-463,-519,-533,-496,-401,-270,-102,76,247,401,514,570,581,526,425,287,115,-68,-239,-390,-497,-563,-583,-539,-439,-309,-147,24,188,338,458,533,562,534,458,347,203,45,-122,-269,-388,-472,-515,-515,-466,-380,-259,-124,27,169,296,406,476,498,477,419,327,199,59,-81,-210,-320,-413,-460,-465,-428,-361,-264,-142,-12,116,227,327,396,428,423,381,316,217,105,-14,-130,-232,-311,-367,-393,-382,-348,-283,-193,-92,16,119,210,288,341,364,360,328,270,193,101,7,-85,-166,-246,-301,-337,-347,-330,-290,-239,-168,-80,12,111,197,278,333,373,392,374,325,256,154,38,-80,-208,-317,-408,-469,-489,-471,-416,-321,-195,-43,112,265,407,514,575,584,547,457,325,168,-14,-192,-353,-492,-591,-645,-628,-563,-444,-283,-104,91,273,438,552,630,646,599,513,375,209,25,-162,-325,-461,-544,-586,-584,-529,-439,-308,-156,-5,152,297,407,483,520,521,487,407,304,187,49,-90,-227,-348,-439,-499,-529,-517,-464,-377,-259,-117,39,196,345,467,564,-519,-583,504,197,-33,-648,-676,-655,-574,-430,-249,-45,176,388,566,695,772,785,726,599,423,206,-40,-278,-499,-683,-801,-859,-848,-762,-603,-388,-144,121,380,615,795,911,950,905,785,585,337,62,-230,-507,-735,-905,-994,-997,-913,-755,-532,-263,30,326,593,804,948,1030,1011,909,736,492,222,-78,-380,-650,-870,-1017,-1082,-1057,-939,-746,-484,-175,156,471,748,977,1110,1145,1079,924,691,392,53,-287,-598,-860,-1049,-1150,-1142,-1036,-846,-586,-275,66,401,702,935,1083,1142,1097,958,741,459,138,-190,-500,-768,-966,-1086,-1109,-1028,-863,-627,-341,-23,290,579,815,968,1052,1052,953,773,533,247,-57,261,-619,-838,-978,-1043,-1013,-905,-715,-468,-174,131,430,691,899,1031,1078,1029,899,685,401,91,-233,-550,-817,-1015,-1130,-1147,-1062,-868,-596,-275,83,440,760,1007,1171,1230,1172,1009,751,425,53,-325,-675,-966,-1169,-1260,-1235,-1089,-847,-526,-154,225,589,902,1125,1244,1242,1125,903,590,228,-160,-523,-832,-1050,-1173,-1187,-1080,-871,-590,-243,112,450,731,940,1046,1049,957,777,525,232,-69,-352,-589,-769,-870,-887,-820,-673,-474,-238,18,258,460,622,717,741,692,576,416,210,-5,-218,-398,-535,-613,-629,-581,-467,-306,-115,90,280,426,519,542,491,374,212,25,-153,-292,-367,-367,-297,689,563,0,-506,-598,-60,-140,-211,-246,-236,-184,-98,10,120,213,279,313,305,259,182,81,-26,-131,-228,-303,-346,-347,-320,-264,-173,-63,58,175,277,356,402,413,382,310,212,77,-62,-204,-325,-424,-483,-498,-461,-376,-250,-101,61,229,379,489,552,562,518,424,273,105,-76,-253,-399,-514,-585,-591,-540,-437,-293,-131,49,229,373,486,557,570,534,454,324,171,6,-158,-303,-422,-503,-537,-528,-464,-365,-231,-81,73,218,344,438,495,509,476,411,308,171,20,-126,-257,-367,-446,-481,-476,-427,-350,-236,-99,39,168,279,370,429,448,426,376,294,182,60,-68,-179,-278,-353,-394,-407,245,-332,-249,-156,-41,69,172,273,338,377,382,356,305,228,140,46,-52,-148,-232,-294,-330,-343,-334,-304,-249,-173,-90,3,95,179,250,312,344,358,344,310,246,164,76,-34,-145,-244,-327,-395,-427,-433,-403,-336,-241,-116,22,161,292,409,495,540,533,490,401,269,111,-60,-232,-386,-508,-589,-622,-594,-515,-392,-233,-43,146,321,474,577,637,641,590,483,334,160,-40,-221,-381,-514,-595,-632,-607,-531,-411,-255,-91,79,241,382,492,546,558,529,460,354,229,89,-59,-201,-327,-417,-483,-515,-509,-469,-389,-282,-158,-18,129,272,395,492,551,565,541,471,365,214,267,-10
38804,mtk,MTK 7916,2421465478,rx1-tx0,512,0,-745,-662,-299,-117,88,296,482,615,710,745,699,588,432,221,-14,-250,-463,-634,-746,-792,-781,-688,-520,-313,-82,173,417,608,759,838,825,749,604,404,167,-94,-338,-556,-727,-821,-845,-805,-666,-486,-262,-6,249,469,650,778,825,812,729,576,371,129,-109,-350,-564,-717,-803,-820,-774,-654,-456,-238,-1,244,453,639,757,806,776,666,520,314,78,-158,-373,-552,-669,-728,-725,-646,-517,-339,-137,66,256,418,528,600,599,560,463,331,189,30,-130,-263,-367,-445,-492,-477,-434,-360,-263,-142,-6,114,228,326,397,426,417,388,313,221,113,2,-110,-218,-314,-373,-394,-383,-341,216,-177,-60,56,158,255,316,345,346,316,258,182,95,5,-88,-171,-224,-264,-281,-277,-246,-192,-124,-52,15,75,129,172,209,223,209,193,171,118,66,23,-24,-76,-114,-152,-174,-179,-184,-172,-158,-132,-97,-45,17,74,137,185,230,257,262,240,207,138,58,-29,-135,-232,-302,-351,-359,-336,-282,-197,-74,58,159,267,358,398,393,357,274,169,52,-81,-195,-279,-340,-377,-363,-308,-235,-148,-37,82,175,259,312,332,321,282,206,115,18,-83,-173,-250,-291,-297,-286,-242,-165,-71,21,115,193,251,276,268,225,148,56,-42,-130,-201,-236,-228,-181,-106,-17,63,-109,-439,0,928,985,-148,-154,-139,-95,-35,44,119,170,198,194,165,115,40,-29,-89,-149,-192,-207,-196,-164,-112,-46,22,81,137,174,191,190,175,132,81,33,-18,-69,-111,-147,-171,-165,-151,-137,-115,-73,-29,10,58,100,145,180,189,194,181,144,102,38,-24,-92,-146,-195,-231,-246,-226,-194,-144,-61,13,78,154,218,251,269,249,209,146,85,8,-72,-139,-195,-238,-264,-256,-229,-189,-121,-52,30,115,181,224,252,263,254,210,153,82,10,-68,-141,-189,-229,-260,-257,-242,-191,-126,-56,21,94,157,206,230,242,221,192,146,86,22,-40,-111,-165,-197,-217,-230,-213,-171,-584,-74,-8,48,105,158,184,198,203,190,157,124,67,12,-43,-92,-139,-163,-183,-196,-178,-155,-126,-85,-36,7,56,99,142,167,190,199,189,162,125,94,44,-9,-65,-127,-177,-218,-245,-248,-254,-231,-181,-111,-30,59,152,247,321,367,387,371,319,238,130,-1,-140,-276,-385,-467,-510,-508,-448,-347,-208,-41,137,298,438,536,580,566,514,403,256,89,-89,-258,-412,-529,-593,-615,-577,-473,-336,-171,16,207,371,489,571,613,593,515,400,250,73,-104,-272,-419,-529,-597,-608,-561,-466,-346,-195,-17,152,311,453,546,597,606,548,458,326,155,-24,-205,-370,-514,-241,237,0,-16,-355,605,676,694,648,536,373,177,-50,-279,-472,-629,-737,-776,-743,-642,-479,-265,-34,211,445,633,754,823,817,720,568,370,117,-136,-382,-591,-747,-837,-844,-780,-645,-450,-213,37,294,519,684,796,844,806,698,540,320,74,-172,-403,-599,-736,-808,-810,-753,-617,-423,-195,48,286,512,686,782,817,772,660,494,279,43,-206,-418,-594,-725,-777,-747,-656,-512,-318,-108,117,323,488,606,662,660,599,485,338,159,-23,-199,-352,-456,-520,-543,-516,-437,-342,-235,-92,55,187,298,379,435,442,419,368,288,187,65,-49,-164,-264,-334,-385,-398,-382,-345,-264,-155,-37,86,189,757,338,373,366,334,272,177,82,-22,-124,-207,-271,-309,-323,-314,-258,-189,-112,-35,44,125,187,231,242,236,221,191,153,98,26,-34,-76,-122,-166,-179,-188,-187,-172,-143,-109,-70,-29,18,65,107,140,175,208,210,214,190,155,106,34,-45,-122,-198,-269,-303,-322,-315,-265,-194,-90,32,145,250,342,398,393,358,295,187,52,-69,-189,-291,-355,-395,-388,-328,-251,-163,-45,79,184,261,320,363,348,301,227,130,30,-74,-168,-250,-297,-313,-302,-263,-193,-97,-6,84,173,244,284,291,263,210,129,37,-62,-158,-226,-262,-257,-221,-153,-57,41,127,178,188,159,743,610,0,-336,139,-43,19,86,145,179,189,158,102,30,-47,-115,-176,-208,-205,-186,-146,-80,-6,63,124,175,205,201,181,143,88,28,-26,-79,-127,-155,-171,-175,-159,-128,-100,-52,-1,36,80,117,148,157,161,161,142,113,66,16,-31,-92,-146,-187,-213,-216,-200,-162,-120,-53,20,97,155,218,251,246,234,204,144,75,0,-84,-157,-215,-243,-260,-248,-217,-173,-111,-33,44,108,172,225,253,264,241,188,131,65,-10,-90,-159,-203,-236,-253,-247,-213,-159,-108,-36,41,109,176,220,245,253,230,196,140,74,3,-75,-132,-185,-214,-223,-221,-205,-158,-103,-47,18,88,138,-674,204,213,201,188,144,88,35,-18,-76,-120,-163,-190,-194,-187,-170,-137,-94,-60,-1,56,103,142,172,183,189,181,160,124,84,39,-14,-69,-119,-152,-182,-208,-213,-214,-193,-158,-112,-49,18,86,162,231,281,314,316,301,257,179,86,-29,-149,-264,-357,-429,-462,-452,-395,-299,-170,-22,138,283,407,507,556,544,479,380,235,63,-119,-284,-433,-538,-598,-600,-546,-447,-294,-126,60,249,406,518,596,618,583,489,354,206,25,-160,-325,-453,-549,-600,-590,-538,-429,-294,-133,45,215,368,484,572,603,579,514,401,255,97,-84,-258,-406,-532,-604,-624,-595,-522,-389,-952,-955
38805,mtk,MTK 7916,2421465478,rx1-tx1,512,0,0,0,-524,-326,-52,237,472,602,599,456,209,-84,-347,-534,-602,-536,-346,-78,200,418,539,535,402,185,-73,-307,-462,-502,-420,-240,-11,215,385,461,419,270,57,-171,-356,-452,-437,-318,-119,121,324,446,462,380,202,-36,-264,-434,-508,-460,-299,-80,159,369,498,516,414,222,-22,-255,-428,-504,-467,-329,-120,104,301,426,451,377,221,26,-155,-291,-361,-348,-253,-112,43,175,260,278,226,118,-4,-109,-184,-210,-181,-110,-18,79,140,152,123,65,-8,-74,-123,-139,-110,-46,29,95,137,137,100,40,-36,-104,-143,-147,-110,-39,42,109,158,173,138,58,-36,-125,-189,0,-183,-103,6,117,207,249,237,162,42,-94,-208,-274,-285,-240,-129,13,156,270,323,306,221,80,-80,-232,-335,-369,-317,-200,-34,146,289,361,374,315,170,-13,-183,-320,-390,-373,-276,-125,50,208,324,367,337,234,87,-71,-213,-306,-334,-283,-182,-49,86,202,270,274,230,144,40,-67,-153,-208,-210,-174,-106,-33,37,83,107,107,92,64,28,-4,-23,-25,-22,-20,-19,-21,-32,-43,-55,-61,-50,-18,22,64,105,133,128,95,52,-12,-93,-156,-186,-188,-161,-96,-11,74,154,215,235,216,160,77,-17,-119,-204,-249,-255,-229,-173,-96,-11,63,122,157,168,0,0,0,0,0,61,43,8,-41,-92,-139,-170,-175,-148,-93,-20,68,156,217,232,210,150,52,-61,-169,-251,-280,-254,-176,-57,83,211,297,317,272,177,30,-135,-268,-348,-356,-285,-156,25,205,328,387,366,257,89,-104,-287,-407,-433,-363,-205,12,229,399,482,460,328,116,-133,-356,-510,-554,-473,-282,-19,263,491,613,598,448,197,-111,-408,-615,-690,-613,-400,-83,258,546,727,752,602,314,-38,-390,-669,-803,-754,-545,-220,158,510,754,828,718,457,97,-290,-613,-801,-809,-636,-333,36,403,681,797,732,509,178,-190,-513,-705,-738,-607,-342,3,334,585,695,641,432,131,-201,0,-656,-664,-515,-244,90,403,623,693,596,356,28,-306,-572,-704,-673,-482,-166,193,504,695,735,603,315,-46,-401,-678,-794,-717,-468,-117,267,597,790,806,633,304,-109,-498,-777,-876,-766,-478,-78,343,699,892,884,678,317,-126,-544,-840,-942,-825,-520,-93,341,707,916,918,703,331,-120,-538,-836,-942,-829,-525,-112,325,682,876,872,674,329,-90,-476,-748,-843,-738,-472,-116,266,585,751,733,554,253,-105,-428,-637,-687,-580,-341,-23,290,526,639,590,393,108,-193,-439,-585,-591,-449,-201,89,358,537,585,495,286,4,-275,-486,-582,-540,-369,-106,180,428,570,574,445,0,0,0,0,0,-321,-524,-612,-568,-395,-130,163,419,578,606,498,280,2,-278,-492,-586,-541,-380,-135,131,357,490,520,422,221,-24,-255,-419,-467,-406,-250,-28,190,366,457,426,286,85,-150,-342,-448,-452,-346,-143,90,303,448,497,424,250,17,-219,-407,-514,-503,-369,-149,98,319,468,516,445,275,55,-174,-368,-474,-472,-362,-180,28,220,362,407,357,242,83,-89,-227,-312,-318,-246,-126,12,131,216,244,205,125,21,-79,-156,-182,-153,-86,-6,71,124,138,104,45,-23,-87,-132,-140,-109,-45,32,104,146,142,98,37,-41,-112,-158,-160,-122,-52,37,120,176,188,152,74,0,-121,-197,-229,-205,-125,-10,108,202,259,257,188,77,-55,-183,-273,-307,-274,-175,-31,124,257,341,343,269,133,-30,-190,-315,-374,-346,-253,-102,76,238,351,387,342,225,63,-117,-269,-358,-370,-307,-189,-29,136,272,350,345,267,144,2,-136,-242,-290,-286,-220,-117,14,136,222,243,220,166,85,-14,-97,-145,-161,-143,-103,-53,-6,36,62,70,57,43,22,12,9,11,8,14,15,-4,-35,-65,-87,-96,-84,-55,-9,44,100,145,162,151,108,38,-45,-126,-188,-216,-206,-160,-85,13,112,191,241,254,226,166,82,-15,-108,-179,-222,-232,-211,-165,-108,-48,0,0,0,0,0,64,101,125,130,114,78,23,-45,-118,-175,-202,-198,-160,-87,7,106,194,247,253,207,116,-4,-130,-234,-289,-289,-230,-117,29,176,284,333,318,231,90,-75,-231,-341,-371,-328,-211,-34,158,311,402,400,307,141,-61,-266,-406,-463,-414,-261,-49,182,380,497,505,397,193,-68,-330,-517,-591,-536,-359,-94,196,452,614,642,535,299,-21,-339,-585,-709,-685,-505,-203,151,481,714,782,683,431,79,-299,-612,-794,-811,-650,-346,34,412,699,826,770,556,220,-168,-517,-746,-809,-699,-436,-72,301,598,755,746,569,268,-93,-431,-657,-721,-627,-392,-69,261,535,680,662,0,186,-145,-442,-635,-681,-557,-296,34,356,598,695,630,412,85,-262,-544,-707,-714,-549,-250,116,457,698,765,659,398,35,-349,-648,-799,-763,-556,-214,189,552,791,847,706,390,-8,-413,-736,-889,-831,-583,-194,245,626,865,914,759,419,-24,-457,-780,-934,-876,-617,-219,235,634,887,935,773,436,5,-424,-752,-906,-849,-608,-230,197,574,813,861,709,399,12,-371,-665,-805,-751,-528,-190,189,509,692,712,566,291,-39,-353,-583,-670,-593,-368,-67,239,482,610,593,430,163,-140,-402,-560,-580,-465,-238,45,316,512,583,510,318,49,-229,-457,-576,-558,-402,-153,134,394,0,0
38806,mtk,MTK 7916,2421465478,rx2-tx0,512,0,0,0,32,507,863,1025,945,637,186,-313,-737,-979,-988,-770,-367,117,571,887,985,841,501,45,-425,-782,-950,-885,-605,-185,285,684,907,906,692,299,-168,-596,-882,-949,-779,-416,52,512,848,982,872,549,82,-408,-802,-1006,-972,-704,-265,247,702,994,1044,842,438,-75,-568,-921,-1056,-932,-581,-92,421,839,1050,1007,720,248,-286,-747,-1031,-1075,-856,-417,125,640,1000,1130,991,608,68,-493,-941,-1172,-1125,-810,-314,261,779,1117,1194,994,560,-6,-573,-995,-1185,-1102,-769,-262,304,800,1104,1150,932,492,-58,-575,-954,-1106,-996,-658,-168,357,783,1020,1020,774,345,-159,-616,-922,-1005,0,-491,-20,453,809,963,888,602,174,-299,-697,-927,-935,-720,-334,135,573,873,963,824,490,33,-434,-799,-974,-918,-642,-207,279,704,965,1001,797,406,-90,-571,-919,-1061,-954,-624,-145,377,821,1071,1076,839,402,-134,-643,-1002,-1138,-1016,-658,-148,399,862,1124,1128,879,433,-116,-631,-1007,-1155,-1046,-700,-198,346,807,1091,1137,933,522,-6,-526,-921,-1112,-1059,-787,-349,157,619,939,1053,941,637,204,-258,-648,-886,-928,-771,-463,-67,327,629,790,778,600,309,-31,-349,-578,-677,-632,-458,-197,92,346,520,584,524,365,149,-90,-299,-438,-489,-458,-354,-203,-35,119,235,295,302,0,0,0,0,0,313,280,197,63,-103,-278,-432,-524,-533,-454,-291,-64,185,405,557,614,553,374,119,-166,-424,-602,-659,-582,-380,-92,224,495,664,697,579,327,4,-333,-599,-733,-714,-539,-236,129,465,699,785,699,450,98,-275,-591,-779,-787,-618,-312,75,445,717,828,748,487,115,-292,-632,-824,-830,-645,-304,102,488,773,873,772,500,106,-323,-674,-871,-873,-668,-310,123,532,821,921,804,505,89,-352,-708,-902,-891,-674,-299,147,559,837,922,793,483,63,-371,-720,-904,-873,-638,-259,182,579,840,908,763,439,20,-397,-724,-883,-834,-590,-213,207,575,807,847,688,367,-39,-430,0,-826,-734,-466,-94,298,619,785,761,553,208,-186,-537,-759,-790,-625,-311,81,462,730,822,715,431,36,-366,-692,-857,-812,-562,-174,253,631,865,888,698,337,-108,-533,-835,-939,-819,-505,-65,388,748,939,908,652,242,-221,-633,-892,-935,-747,-382,69,508,826,941,825,506,65,-391,-755,-931,-872,-605,-194,267,669,909,928,719,338,-132,-571,-876,-965,-817,-468,-9,453,813,983,911,617,168,-319,-729,-969,-976,-748,-344,146,606,920,1011,862,510,38,-446,-830,-1013,-948,-664,-218,278,709,970,1008,797,400,-89,-557,-897,-1021,-904,-571,-104,387,791,1006,977,720,296,-201,0,0,0,0,0,-1030,-895,-551,-78,410,804,1008,969,700,272,-212,-651,-933,-992,-815,-440,40,493,827,961,862,556,111,-355,-731,-925,-899,-651,-237,232,640,890,925,730,350,-118,-561,-863,-964,-829,-480,-7,465,830,1000,932,634,179,-323,-756,-1003,-1010,-771,-350,154,629,956,1050,886,511,5,-498,-885,-1055,-971,-649,-172,352,794,1045,1037,777,327,-209,-697,-1028,-1110,-922,-511,27,562,972,1150,1051,704,185,-379,-863,-1146,-1161,-903,-431,140,689,1078,1205,1056,672,124,-450,-913,-1159,-1142,-861,-379,181,687,1032,1134,965,575,61,-463,-873,-1067,-1010,-717,-259,252,693,966,1007,807,418,-60,0,-862,-982,-867,-551,-99,377,751,947,921,672,260,-217,-638,-898,-948,-775,-410,54,502,837,973,871,560,112,-366,-758,-967,-947,-708,-296,197,648,954,1042,876,510,25,-477,-879,-1074,-1023,-730,-259,270,737,1045,1123,939,536,4,-527,-937,-1131,-1073,-774,-292,257,744,1064,1144,966,567,39,-499,-927,-1145,-1105,-820,-357,177,674,1025,1148,1015,665,173,-349,-784,-1047,-1083,-889,-508,-27,446,805,983,946,715,347,-88,-486,-761,-867,-789,-547,-200,172,486,688,737,631,392,83,-221,-465,-604,-616,-500,-287,-28,220,417,525,530,432,264,61,-141,-300,-396,-421,-380,-287,-169,-48,0,0,0,0,0,118,245,357,432,450,400,279,94,-122,-331,-494,-579,-563,-444,-233,31,295,505,623,619,488,254,-41,-331,-559,-679,-650,-481,-208,115,418,634,719,655,440,118,-230,-533,-724,-756,-617,-341,16,371,650,784,748,545,207,-180,-527,-755,-819,-690,-404,-21,367,676,836,796,569,214,-194,-566,-804,-860,-717,-406,1,408,724,875,828,591,208,-226,-608,-849,-892,-735,-407,19,447,772,922,860,594,188,-257,-642,-875,-909,-737,-395,41,468,786,921,840,569,165,-273,-652,-876,-895,-707,-357,80,490,783,897,804,523,121,-304,-654,-849,-842,-645,-301,115,500,760,836,710,0,23,-369,-667,-807,-750,-512,-152,241,576,767,776,592,262,-133,-499,-740,-806,-671,-367,25,418,717,845,762,492,102,-322,-668,-859,-851,-635,-257,184,590,851,915,763,425,-20,-459,-795,-947,-871,-586,-160,307,694,919,924,701,311,-150,-577,-865,-936,-782,-446,0,452,794,934,847,560,133,-333,-716,-922,-902,-665,-264,203,625,892,946,767,400,-63,-522,-852,-975,-865,-543,-89,389,776,980,947,682,252,-235,-670,-948,-1001,-817,-433,56,531,875,1012,906,587,129,-367,-775,-996,-980,-735,-315,184,642,940,1017,856,488,1,-484,-853,-1020,-944,-652,-204,297,723,976,1004,0,0
38807,mtk,MTK 7916,2421465478,rx2-tx1,512,0,0,0,-243,-490,-617,-603,-456,-204,85,348,529,581,497,296,41,-211,-411,-520,-500,-367,-159,79,290,422,455,385,221,13,-192,-336,-393,-351,-237,-70,108,248,315,305,219,75,-74,-187,-260,-268,-191,-66,67,171,228,223,153,38,-83,-183,-233,-212,-136,-12,116,216,250,221,129,-10,-156,-261,-315,-285,-166,-4,173,315,384,359,243,65,-143,-335,-452,-452,-347,-159,81,317,486,546,486,303,43,-240,-470,-603,-591,-441,-182,119,397,596,664,570,352,54,-266,-526,-667,-659,-498,-228,93,401,616,686,596,376,65,-259,-519,-657,-650,-494,-224,105,406,608,672,584,356,0,-269,-520,-650,-628,-462,-189,131,420,607,647,539,298,-9,-311,-546,-648,-596,-405,-118,196,463,614,621,480,218,-102,-403,-613,-678,-578,-343,-24,319,592,726,696,504,177,-200,-537,-752,-804,-666,-378,5,392,709,868,821,590,230,-195,-592,-865,-947,-813,-495,-65,378,747,959,945,727,360,-92,-525,-852,-992,-919,-644,-225,236,644,929,1012,869,548,110,-343,-717,-935,-959,-786,-451,-23,398,715,875,860,668,338,-54,-418,-685,-798,-745,-545,-242,102,407,612,699,644,453,175,-112,-360,-535,-604,-555,-402,-181,61,276,432,504,485,390,244,75,-85,-215,-295,-315,-287,0,0,0,0,0,-57,-4,69,149,209,249,257,223,150,56,-51,-156,-234,-270,-264,-205,-110,3,113,202,258,262,206,112,-6,-118,-206,-249,-236,-175,-83,28,135,206,223,191,125,39,-63,-149,-192,-186,-146,-67,32,115,162,181,146,78,-6,-98,-165,-186,-173,-110,-18,69,142,174,161,112,28,-68,-142,-174,-160,-112,-34,67,153,203,198,142,39,-71,-182,-264,-278,-215,-106,35,175,287,344,328,225,65,-110,-268,-382,-411,-342,-196,-4,187,335,419,413,316,152,-41,-239,-389,-438,-395,-274,-87,117,288,394,416,338,185,-9,-201,-347,-402,-372,-256,-75,116,273,367,372,0,139,-41,-217,-338,-374,-323,-193,-5,182,327,389,360,245,69,-119,-284,-387,-395,-302,-137,68,268,402,430,365,210,-1,-219,-385,-466,-430,-285,-79,152,357,483,494,390,191,-55,-293,-459,-522,-461,-295,-62,197,403,514,507,378,149,-103,-337,-492,-519,-420,-219,36,287,476,550,484,305,48,-236,-469,-586,-555,-395,-144,155,425,598,631,516,276,-39,-356,-597,-698,-645,-445,-134,219,526,711,735,594,312,-43,-400,-665,-777,-719,-497,-151,226,555,760,804,662,367,-4,-369,-652,-795,-761,-563,-239,147,481,705,776,666,414,76,-272,-554,-711,-702,-531,-250,84,397,0,0,0,0,0,596,414,138,-168,-430,-580,-594,-476,-257,13,278,475,552,505,345,111,-144,-351,-474,-480,-377,-190,29,237,385,432,375,231,44,-142,-288,-358,-340,-238,-84,84,220,291,286,211,81,-67,-185,-242,-234,-169,-57,69,172,220,202,136,25,-96,-191,-237,-221,-121,13,137,236,288,254,153,1,-166,-298,-352,-316,-202,-30,164,331,421,406,291,103,-121,-331,-468,-494,-415,-224,43,296,482,569,533,365,101,-192,-445,-607,-635,-518,-276,30,335,570,675,631,443,154,-176,-459,-637,-672,-559,-311,13,338,573,672,630,448,158,-171,-464,-645,-677,-549,-290,37,342,562,0,611,411,116,-208,-485,-641,-636,-494,-245,63,364,571,644,567,359,63,-248,-501,-633,-615,-446,-165,155,437,621,657,529,271,-51,-366,-608,-710,-644,-428,-98,271,575,749,760,599,272,-126,-494,-750,-848,-759,-492,-113,299,661,873,883,696,352,-79,-499,-812,-949,-877,-616,-219,237,650,920,991,844,510,61,-399,-766,-977,-973,-760,-384,59,503,844,1002,935,676,286,-166,-581,-852,-933,-833,-569,-197,205,562,798,850,714,444,100,-255,-553,-724,-733,-599,-361,-54,257,498,630,637,519,306,38,-224,-421,-534,-552,-465,-305,-103,104,278,389,432,403,318,201,80,-33,0,0,0,0,0,-171,-200,-199,-176,-122,-42,53,148,224,268,272,229,142,31,-86,-187,-253,-274,-252,-175,-59,68,179,242,254,220,150,52,-57,-157,-222,-231,-193,-115,-11,91,168,207,196,139,43,-54,-133,-181,-190,-148,-78,18,104,160,171,144,79,-2,-84,-149,-188,-170,-110,-24,67,147,183,170,116,37,-56,-141,-174,-164,-109,-24,72,158,221,233,180,72,-62,-195,-285,-308,-263,-162,-19,141,274,350,357,292,143,-46,-232,-369,-421,-383,-262,-87,110,295,415,444,362,214,20,-180,-339,-418,-410,-301,-125,67,240,372,419,367,228,32,-160,-305,-385,-380,-281,-112,84,0,359,374,306,162,-19,-189,-326,-385,-350,-228,-47,149,305,390,386,278,101,-105,-279,-392,-419,-334,-163,38,227,381,451,400,249,36,-192,-376,-471,-455,-339,-144,95,320,474,516,429,242,-3,-252,-439,-524,-496,-345,-106,156,376,509,516,403,188,-78,-317,-479,-541,-471,-278,-7,263,471,566,522,344,80,-213,-458,-597,-608,-472,-211,101,392,603,673,586,366,49,-291,-573,-719,-696,-513,-219,135,461,694,770,667,407,53,-316,-616,-778,-761,-577,-269,114,472,723,809,718,466,111,-258,-574,-758,-772,-615,-327,29,375,636,748,692,483,171,-171,-470,-659,-691,-563,0,0
38808,mtk,MTK 7916,2421508379,rx0-tx0,512,-349,-207,-443,609,612,589,518,422,297,140,-28,-193,-349,-486,-593,-671,-696,-682,-629,-528,-405,-247,-68,101,265,419,543,627,668,679,640,558,448,317,166,11,-141,-282,-394,-485,-540,-567,-562,-531,-466,-373,-266,-154,-38,80,186,277,348,397,435,451,439,412,377,318,247,172,89,-4,-91,-177,-262,-346,-418,-466,-487,-500,-479,-425,-339,-242,-125,8,142,266,384,479,553,593,584,548,478,363,245,106,-49,-195,-323,-437,-523,-572,-586,-560,-504,-417,-303,-167,-33,93,220,326,410,453,466,455,420,366,288,199,105,22,-51,-128,-189,-234,-267,-279,-282,-283,-276,-250,-218,-186,-511,-104,-44,12,59,108,164,221,261,295,320,323,322,298,263,209,139,50,-41,-141,-235,-328,-405,-450,-481,-486,-458,-397,-312,-203,-75,55,193,319,436,530,586,605,586,540,463,343,187,25,-138,-302,-437,-552,-639,-672,-667,-637,-558,-436,-291,-132,33,207,376,520,638,704,726,702,634,524,375,212,36,-154,-318,-464,-593,-674,-697,-689,-638,-546,-415,-266,-97,83,247,395,513,596,643,650,611,535,424,290,136,-25,-187,-330,-445,-532,-579,-596,-571,-492,-378,-245,-98,58,199,322,434,508,530,511,449,347,225,80,-74,-213,-332,-405,-430,-403,-326,-214,-82,37,512,287,1179,-1044,-1191,-49,2,65,121,162,188,182,152,103,46,-15,-90,-153,-199,-223,-230,-212,-177,-141,-73,-2,65,134,197,234,242,251,230,187,133,67,-5,-80,-140,-194,-241,-254,-250,-234,-200,-149,-101,-39,22,84,143,179,204,218,227,213,187,165,124,72,18,-35,-87,-133,-166,-210,-229,-226,-229,-198,-170,-131,-71,-16,41,103,163,198,234,258,257,251,220,176,134,68,-5,-70,-128,-191,-238,-266,-287,-291,-270,-236,-187,-131,-56,24,87,161,228,274,306,324,308,276,238,175,94,14,-66,-143,-208,-268,-296,-309,-323,-308,-271,-216,-153,-80,1,79,149,207,261,311,-330,320,308,280,233,172,100,20,-59,-133,-210,-269,-313,-342,-361,-348,-325,-275,-212,-139,-58,29,117,198,274,338,384,413,420,397,353,293,206,118,15,-96,-206,-307,-399,-466,-517,-541,-520,-471,-402,-297,-165,-29,125,280,408,515,610,661,667,637,556,443,308,142,-35,-208,-382,-532,-648,-728,-754,-750,-688,-569,-420,-255,-49,148,328,493,633,732,786,780,724,634,493,315,136,-59,-240,-403,-535,-631,-701,-717,-683,-617,-501,-367,-224,-68,83,225,355,459,525,570,589,572,522,449,349,236,125,1,-123,-239,-339,-425,-489,-532,-547,-534,-489,-424,-332,-221,-95,40,-139,-494,-729,-831,-737,68,-80,-236,-378,-491,-591,-650,-665,-642,-582,-482,-353,-194,-21,143,314,459,574,670,702,693,642,556,435,281,119,-56,-225,-368,-484,-565,-617,-630,-612,-552,-461,-345,-218,-83,58,187,303,389,449,489,508,497,456,398,322,236,148,48,-46,-126,-214,-291,-347,-388,-421,-441,-437,-414,-377,-314,-235,-133,-25,83,199,309,399,478,534,560,542,502,430,326,203,54,-92,-229,-367,-471,-545,-596,-603,-564,-500,-411,-282,-145,11,153,277,384,472,527,539,523,476,397,297,180,66,-45,-145,-231,-302,-343,-366,-360,-355,-330,-280,-228,-163,-95,-38,15,66,113,154,194,1105,254,274,273,267,262,243,209,160,113,38,-34,-112,-183,-252,-316,-364,-398,-408,-395,-362,-305,-219,-124,-20,93,213,327,420,497,539,551,534,476,389,269,126,-23,-177,-320,-446,-556,-625,-648,-649,-597,-509,-396,-241,-73,85,249,409,541,632,682,703,681,603,494,348,181,6,-176,-348,-502,-611,-681,-717,-700,-637,-542,-407,-235,-60,113,280,429,546,624,675,674,628,546,422,271,113,-56,-213,-351,-469,-558,-611,-626,-591,-514,-403,-268,-117,31,182,326,435,511,558,555,509,439,332,190,37,-112,-253,-367,-447,-490,-484,-430,-330,-196,-49,97,221,303,329,300,-687,-807,1145,-658,-318,124,142,138,111,68,8,-62,-125,-176,-202,-215,-204,-165,-111,-51,18,86,144,194,233,239,230,210,162,84,23,-46,-121,-178,-224,-249,-257,-247,-216,-179,-116,-40,26,90,152,195,224,232,230,220,192,151,99,48,-9,-70,-114,-154,-195,-213,-225,-226,-211,-182,-147,-105,-36,16,71,126,160,201,232,238,244,231,194,149,102,42,-22,-82,-147,-195,-239,-274,-281,-269,-252,-215,-159,-102,-31,47,126,187,240,283,316,304,286,264,212,147,76,-3,-85,-153,-221,-281,-314,-324,-318,-290,-259,-199,-125,-55,27,111,184,238,279,308,319,310,283,242,192,119,826,-31,-104,-176,-242,-294,-327,-343,-334,-317,-278,-213,-147,-79,3,89,164,240,295,342,369,376,362,333,289,216,134,39,-59,-158,-251,-328,-391,-429,-454,-460,-432,-377,-297,-194,-89,34,166,285,397,497,555,595,605,566,480,372,240,82,-79,-241,-397,-528,-633,-700,-714,-691,-632,-518,-377,-204,-17,170,358,522,639,738,788,772,713,611,470,292,96,-104,-291,-460,-610,-694,-741,-748,-710,-632,-506,-358,-189,-2,162,326,459,552,620,646,635,587,518,409,287,156,16,-117,-241,-348,-438,-496,-537,-550,-534,-485,-418,-336,-235,-123,5,136,253,363,450,520,564,575,-1235,-1131
38809,mtk,MTK 7916,2421508379,rx0-tx1,512,87,760,795,663,649,601,516,403,269,104,-72,-247,-410,-559,-674,-752,-795,-784,-734,-640,-504,-343,-156,44,239,428,594,730,823,885,892,842,752,602,425,226,5,-216,-426,-614,-770,-893,-965,-975,-939,-845,-695,-517,-303,-68,163,387,592,765,892,977,1000,979,909,780,618,420,201,-38,-275,-501,-696,-860,-984,-1058,-1066,-1015,-912,-756,-561,-320,-70,192,446,668,857,1007,1102,1133,1092,988,828,626,389,131,-139,-397,-625,-835,-988,-1078,-1119,-1082,-995,-864,-669,-435,-189,68,318,552,758,918,1021,1068,1059,992,867,696,476,243,5,-241,-465,-663,-823,-941,-1004,-1020,-981,-882,-726,-547,-689,-112,130,355,569,751,888,983,1022,1006,934,811,651,452,217,-34,-281,-517,-730,-901,-1027,-1099,-1106,-1047,-925,-744,-519,-268,0,280,553,794,985,1120,1188,1191,1128,981,779,535,247,-55,-353,-640,-891,-1083,-1198,-1257,-1230,-1120,-947,-715,-437,-134,176,471,742,966,1128,1218,1233,1168,1021,812,558,268,-33,-332,-605,-831,-993,-1085,-1116,-1069,-955,-789,-571,-325,-71,184,416,614,765,865,905,887,813,698,539,354,158,-53,-246,-415,-552,-647,-705,-717,-680,-603,-492,-345,-185,-20,147,304,432,526,582,597,563,484,368,229,74,-87,-237,-362,-440,-468,-446,-380,-270,-131,9,119,346,523,0,-324,-48,49,-19,-97,-168,-224,-251,-250,-218,-160,-87,5,84,161,230,273,298,300,281,239,180,104,23,-63,-145,-217,-277,-324,-351,-357,-337,-291,-228,-148,-62,43,143,233,318,388,435,449,436,398,322,231,123,1,-128,-251,-361,-444,-501,-526,-517,-476,-399,-297,-171,-37,100,228,342,442,506,536,536,506,439,353,242,113,-15,-143,-263,-370,-450,-496,-514,-503,-472,-405,-320,-216,-97,23,137,249,345,416,466,492,486,455,397,312,217,113,-7,-125,-227,-318,-386,-438,-464,-461,-432,-374,-298,-209,-112,-11,97,197,279,341,384,407,403,381,345,290,211,126,40,-53,-130,-211,-270,-309,-349,-359,-350,-331,-290,-231,-172,-103,-21,50,117,182,229,273,299,308,308,298,276,238,189,139,73,10,-51,-115,-176,-230,-279,-309,-335,-345,-342,-323,-288,-238,-164,-88,-1,91,185,272,350,420,466,485,482,447,385,301,193,78,-46,-177,-300,-412,-507,-571,-596,-592,-552,-478,-382,-258,-115,37,183,323,449,550,611,642,633,594,513,406,278,130,-19,-172,-307,-425,-522,-583,-608,-597,-559,-493,-400,-286,-165,-37,94,210,312,404,471,506,523,516,483,429,347,257,163,55,-52,-162,-260,-343,-416,-476,-512,-526,-512,-473,-416,-345,-242,-122,8,148,-519,-583,504,197,-33,-8,-166,-320,-455,-570,-663,-717,-726,-696,-632,-528,-383,-219,-33,158,339,510,650,756,826,843,812,744,627,470,286,90,-122,-320,-514,-683,-809,-899,-943,-923,-850,-728,-567,-373,-145,83,304,522,698,840,944,991,980,922,806,649,460,241,7,-222,-449,-642,-803,-930,-1010,-1032,-998,-910,-776,-600,-390,-151,103,346,575,774,934,1042,1096,1093,1020,890,710,486,234,-35,-301,-545,-761,-931,-1052,-1116,-1116,-1046,-928,-762,-544,-299,-27,241,480,695,886,1015,1083,1096,1042,939,779,573,336,91,-158,-401,-618,-806,-942,-1017,-1047,-1021,-931,-792,-617,-401,-174,59,295,520,707,845,261,1007,999,939,837,686,500,283,48,-190,-422,-634,-813,-951,-1035,-1061,-1027,-940,-798,-599,-372,-122,142,395,640,851,1014,1115,1158,1132,1036,872,654,397,113,-171,-463,-727,-940,-1104,-1205,-1230,-1187,-1071,-885,-635,-352,-49,271,563,821,1032,1179,1248,1237,1153,1000,784,514,213,-98,-399,-673,-900,-1068,-1167,-1185,-1132,-1007,-813,-574,-307,-21,264,516,729,886,981,1013,983,886,742,554,341,112,-118,-326,-504,-650,-745,-798,-801,-750,-657,-522,-361,-179,8,188,346,480,579,631,651,627,556,446,306,153,-12,-170,-313,-425,-501,-537,-527,-469,-368,-227,-74,80,212,313,360,350,295,689,563,0,-506,-598,-166,-195,-189,-152,-89,-7,77,159,222,267,288,273,245,189,115,37,-46,-126,-201,-263,-306,-324,-324,-299,-254,-195,-119,-34,59,150,230,293,345,382,401,382,337,273,187,81,-25,-132,-241,-338,-414,-469,-491,-485,-443,-366,-268,-148,-18,117,247,361,453,522,551,543,498,426,326,198,63,-72,-203,-317,-408,-481,-519,-528,-508,-461,-382,-278,-160,-35,83,204,314,401,466,500,501,476,428,352,261,160,48,-71,-178,-284,-365,-425,-468,-485,-463,-418,-349,-261,-163,-53,52,162,264,346,404,430,439,428,388,326,251,164,70,-29,-120,-204,-280,-337,-366,-387,-384,245,-325,-254,-186,-111,-24,52,128,201,256,293,330,344,334,309,270,223,170,106,38,-30,-91,-155,-206,-242,-274,-297,-308,-307,-296,-270,-232,-182,-120,-58,16,97,172,238,305,355,389,410,407,387,344,286,202,103,-7,-118,-232,-334,-426,-493,-529,-546,-529,-479,-402,-294,-167,-26,112,252,375,481,567,620,631,610,550,459,338,197,49,-104,-257,-393,-497,-579,-622,-631,-606,-545,-458,-345,-214,-72,63,197,323,430,507,550,570,555,511,449,364,258,146,37,-81,-189,-290,-377,-436,-482,-504,-502,-481,-429,-368,-291,-199,-98,17,132,242,340,430,507,554,574,563,267,-10
38810,mtk,MTK 7916,2421508379,rx1-tx0,512,0,-745,-662,-673,-675,-639,-569,-457,-321,-162,12,194,355,502,623,712,763,760,718,628,494,333,146,-46,-238,-415,-575,-708,-798,-838,-817,-759,-659,-506,-327,-131,83,291,475,641,762,834,867,839,763,648,474,292,84,-127,-323,-503,-655,-768,-831,-856,-812,-739,-621,-464,-275,-71,127,330,503,656,762,806,825,786,689,569,403,206,10,-181,-362,-524,-640,-714,-744,-719,-668,-576,-452,-296,-130,34,196,336,447,527,576,587,564,524,446,323,217,94,-26,-140,-231,-314,-381,-418,-441,-434,-396,-350,-291,-220,-130,-37,49,132,205,266,316,334,352,349,318,283,233,169,91,2,216,-151,-218,-259,-290,-307,-301,-282,-257,-214,-152,-85,-28,36,103,161,194,222,248,246,230,210,179,134,91,42,-1,-39,-76,-107,-128,-143,-158,-171,-161,-157,-153,-139,-123,-97,-67,-38,-13,27,59,88,118,150,183,207,219,230,222,203,165,120,60,-19,-109,-184,-262,-321,-359,-387,-369,-325,-269,-180,-74,28,141,249,344,396,426,427,389,331,260,155,39,-67,-165,-251,-320,-370,-378,-371,-348,-293,-218,-141,-54,46,137,217,275,311,332,332,314,258,186,120,33,-57,-140,-210,-256,-295,-307,-285,-244,-190,-107,-16,69,153,209,248,254,222,170,98,15,-56,-109,-439,0,928,985,-128,-99,-43,29,100,161,203,220,216,183,133,71,-4,-73,-140,-190,-222,-232,-230,-206,-159,-106,-55,6,65,119,165,199,211,210,197,175,136,101,61,10,-34,-81,-122,-150,-171,-180,-196,-196,-185,-169,-147,-103,-44,1,52,105,161,203,238,254,262,240,209,167,108,45,-24,-93,-167,-227,-260,-278,-274,-267,-245,-188,-137,-81,-13,58,118,162,212,236,258,258,244,219,170,133,72,11,-50,-111,-157,-200,-230,-246,-253,-249,-226,-190,-140,-81,-25,35,90,146,191,223,237,237,233,203,169,120,63,22,-32,-83,-119,-157,-201,-215,-219,-208,-186,-157,-113,-584,-36,11,47,85,118,137,157,162,159,150,139,118,95,81,46,18,-9,-42,-61,-79,-103,-119,-135,-138,-147,-159,-158,-146,-130,-105,-78,-41,-3,36,79,123,168,207,231,259,276,277,250,208,152,84,4,-85,-169,-252,-334,-390,-427,-444,-435,-401,-335,-237,-124,6,137,268,387,482,548,579,583,539,455,356,223,71,-76,-229,-362,-479,-571,-623,-638,-618,-562,-470,-335,-186,-26,124,272,413,521,611,650,654,622,547,451,317,168,21,-136,-292,-414,-516,-592,-627,-634,-598,-528,-438,-324,-190,-44,110,252,375,482,552,608,617,600,560,477,373,241,102,-53,-241,237,0,-16,-355,-74,96,254,405,536,634,700,729,709,645,548,416,260,75,-117,-299,-472,-612,-720,-789,-804,-773,-700,-585,-431,-245,-35,164,351,533,682,782,842,854,807,720,590,409,208,-5,-216,-406,-587,-719,-802,-853,-848,-800,-697,-558,-377,-179,33,241,420,585,715,804,837,833,768,661,517,335,152,-45,-254,-429,-576,-698,-769,-785,-758,-694,-578,-425,-259,-69,107,278,427,548,636,669,672,627,544,435,317,172,32,-102,-232,-352,-433,-476,-508,-507,-478,-422,-351,-250,-157,-58,45,141,221,285,335,369,377,373,350,308,256,178,100,21,-66,-136,-195,-246,-289,-321,-330,757,-297,-251,-188,-126,-55,18,85,143,205,250,272,279,274,252,209,159,119,61,-6,-53,-94,-138,-161,-178,-192,-197,-190,-174,-147,-121,-97,-60,-21,11,33,64,88,106,126,142,152,160,167,171,167,147,113,71,33,-7,-55,-112,-170,-212,-252,-292,-321,-309,-277,-227,-162,-87,10,118,212,302,380,412,413,399,356,274,167,58,-63,-173,-253,-331,-393,-415,-408,-369,-309,-234,-136,-39,53,148,232,292,334,365,365,332,277,202,123,38,-44,-131,-214,-259,-292,-311,-307,-281,-226,-158,-82,9,91,163,225,271,282,268,230,163,84,-6,-90,-154,-196,-200,-171,743,610,0,-336,139,82,131,171,187,172,135,73,6,-69,-137,-193,-233,-238,-223,-191,-141,-83,-19,44,107,163,198,223,232,222,197,157,100,45,-7,-59,-111,-149,-173,-199,-200,-194,-184,-151,-121,-81,-55,-19,30,76,121,158,206,221,219,211,195,176,146,89,28,-40,-104,-158,-218,-262,-285,-284,-274,-238,-182,-121,-54,13,74,143,203,239,271,282,270,238,204,159,99,36,-32,-87,-144,-184,-230,-260,-263,-257,-232,-202,-165,-106,-46,14,73,125,173,217,240,256,257,243,212,162,111,50,-1,-66,-118,-163,-203,-218,-231,-232,-211,-176,-146,-99,-44,1,55,95,129,149,-674,186,185,170,158,132,107,70,31,-4,-34,-64,-93,-112,-132,-139,-134,-132,-127,-119,-111,-100,-84,-56,-35,-13,18,47,79,108,134,161,180,191,199,191,177,160,118,72,24,-34,-103,-174,-238,-294,-334,-357,-360,-335,-303,-242,-156,-64,42,151,261,367,441,490,519,509,474,395,288,162,25,-116,-264,-390,-495,-580,-612,-613,-582,-510,-416,-279,-126,31,187,327,460,565,629,655,639,593,508,394,255,95,-58,-220,-364,-484,-579,-629,-641,-633,-582,-490,-384,-244,-95,52,209,339,451,544,598,624,611,564,496,396,275,141,-10,-150,-290,-417,-516,-584,-626,-636,-952,-955
38811,mtk,MTK 7916,2421508379,rx1-tx1,512,0,0,0,111,407,594,621,469,180,-160,-452,-616,-607,-425,-127,201,469,597,558,366,75,-235,-473,-570,-498,-294,-10,270,465,514,413,194,-78,-326,-469,-472,-332,-93,166,370,463,414,238,-2,-244,-410,-460,-367,-160,99,321,452,454,322,93,-166,-380,-485,-450,-289,-48,207,399,472,410,239,6,-231,-397,-434,-370,-215,5,222,362,397,324,163,-28,-201,-308,-321,-239,-103,46,176,237,223,150,42,-66,-144,-165,-134,-64,21,92,121,109,61,-9,-70,-107,-102,-58,5,72,119,120,83,17,-59,-117,-136,-115,-53,31,111,154,144,95,14,-78,-147,-169,-136,-58,40,0,187,186,126,23,-97,-194,-238,-212,-119,12,147,249,277,233,122,-33,-185,-294,-325,-266,-132,45,217,329,351,280,134,-54,-234,-348,-367,-297,-145,52,230,346,374,302,143,-50,-218,-335,-367,-295,-148,30,200,312,339,277,143,-19,-168,-269,-299,-257,-144,-8,120,217,245,204,120,16,-79,-150,-179,-158,-101,-34,29,73,92,86,62,24,-3,-15,-19,-15,-12,-13,-24,-36,-46,-47,-38,-12,29,77,108,103,79,41,-29,-107,-148,-159,-145,-87,4,96,177,223,213,149,51,-63,-165,-240,-265,-230,-142,-28,90,192,255,263,223,148,53,-42,-117,-162,-174,0,0,0,0,0,108,133,129,98,43,-37,-122,-184,-216,-207,-144,-43,75,185,259,273,216,101,-48,-189,-283,-311,-266,-148,22,189,304,348,302,175,-13,-205,-340,-389,-333,-184,20,230,377,419,350,191,-37,-257,-409,-449,-364,-168,68,293,446,473,364,141,-134,-369,-502,-504,-351,-95,199,436,559,531,348,50,-268,-521,-629,-557,-322,10,346,595,674,568,308,-57,-420,-665,-731,-603,-294,101,479,730,773,606,267,-154,-531,-767,-796,-606,-251,175,559,789,801,596,231,-200,-573,-784,-779,-552,-181,239,588,768,733,494,119,-277,-599,-742,-666,-405,-38,334,609,703,581,292,-71,0,-633,-655,-487,-179,183,490,652,615,392,49,-319,-591,-687,-581,-302,74,430,662,703,539,212,-190,-542,-741,-723,-487,-104,316,648,790,712,422,-3,-432,-745,-849,-705,-351,119,563,844,881,668,264,-225,-651,-900,-896,-638,-185,321,736,948,890,578,103,-408,-812,-977,-856,-505,-21,473,838,958,800,425,-58,-529,-842,-920,-740,-348,135,563,823,849,634,241,-209,-590,-786,-745,-494,-125,273,582,716,631,364,1,-351,-588,-648,-518,-238,116,426,586,570,397,99,-235,-489,-595,-518,-286,32,336,536,571,438,173,-141,-411,-565,-556,-378,-84,231,483,598,530,298,-15,0,0,0,0,0,-617,-480,-207,130,432,613,618,443,146,-187,-469,-619,-592,-405,-108,215,473,589,531,331,43,-260,-482,-548,-457,-246,34,296,466,491,370,143,-127,-349,-465,-443,-291,-42,216,402,459,385,196,-48,-287,-443,-461,-342,-126,131,346,462,442,297,63,-187,-391,-477,-425,-255,-25,219,407,473,398,216,-10,-216,-364,-416,-346,-184,21,209,329,352,277,128,-47,-197,-279,-276,-200,-79,54,160,210,187,108,7,-79,-135,-139,-99,-24,55,100,107,84,24,-44,-99,-121,-99,-31,46,104,133,122,70,-7,-87,-137,-140,-104,-37,49,122,158,145,89,-5,-107,-169,-171,0,-39,69,157,209,199,121,9,-119,-224,-264,-223,-119,27,169,269,300,249,120,-41,-200,-315,-342,-272,-133,52,221,335,363,292,137,-46,-225,-350,-379,-309,-160,34,220,342,364,285,144,-33,-202,-312,-337,-280,-144,30,187,284,312,258,134,-19,-160,-251,-273,-230,-135,-8,107,186,211,185,123,35,-59,-116,-134,-129,-90,-33,15,46,61,58,40,24,12,7,14,6,2,-5,-29,-62,-79,-80,-60,-22,32,83,129,143,120,56,-23,-107,-172,-196,-172,-112,-23,81,179,238,239,188,96,-25,-145,-228,-266,-255,-193,-87,26,130,206,236,225,181,114,46,0,0,0,0,0,-40,7,65,127,168,177,151,90,-2,-102,-193,-248,-244,-180,-73,54,179,269,288,237,122,-33,-187,-297,-333,-282,-156,10,185,316,359,311,178,-14,-211,-353,-403,-346,-183,33,244,390,434,357,179,-54,-280,-432,-462,-358,-155,97,333,483,490,358,120,-163,-404,-530,-508,-342,-75,230,483,598,545,335,31,-293,-552,-657,-571,-313,36,375,625,709,591,305,-79,-450,-696,-758,-610,-293,117,499,750,792,613,267,-155,-542,-779,-802,-608,-249,184,563,786,791,576,206,-216,-579,-780,-754,-523,-156,254,591,748,692,452,89,-300,-598,-715,-619,-351,18,375,613,669,0,238,-128,-453,-638,-639,-453,-122,249,551,678,598,348,-6,-372,-632,-699,-563,-262,122,485,708,718,511,153,-253,-593,-767,-721,-452,-48,379,701,825,709,390,-49,-486,-787,-867,-695,-303,174,602,873,895,656,223,-279,-704,-934,-906,-617,-150,360,771,967,883,544,50,-453,-824,-964,-839,-471,37,516,841,932,768,387,-100,-547,-836,-892,-679,-291,159,566,808,803,573,186,-247,-598,-754,-692,-436,-63,315,591,684,573,297,-63,-387,-593,-619,-458,-161,176,455,587,538,334,34,-284,-516,-586,-478,-227,87,377,559,563,401,123,-195,-459,-579,-530,-334,-39,284,524,603,0,0
38812,mtk,MTK 7916,2421508379,rx2-tx0,512,0,0,0,961,931,623,130,-398,-813,-988,-871,-497,19,527,878,964,770,351,-171,-640,-916,-914,-636,-169,347,751,933,832,471,-32,-519,-854,-931,-717,-285,229,676,924,889,584,90,-435,-830,-976,-834,-435,103,625,960,1007,760,281,-291,-779,-1033,-982,-639,-100,469,899,1059,901,474,-97,-645,-995,-1045,-781,-282,306,802,1059,1002,641,81,-510,-942,-1094,-924,-465,140,704,1063,1114,830,292,-337,-879,-1166,-1109,-728,-145,485,982,1194,1049,602,-20,-636,-1068,-1187,-967,-470,164,748,1109,1143,847,304,-312,-826,-1094,-1044,-693,-146,436,884,1067,932,520,-32,-569,-932,-1016,-799,-346,208,688,0,948,651,165,-369,-792,-973,-859,-494,14,530,886,975,768,342,-185,-664,-952,-955,-666,-184,357,795,1000,914,552,20,-524,-912,-1039,-858,-421,148,688,1029,1068,797,296,-303,-820,-1105,-1077,-740,-185,436,934,1164,1066,668,76,-551,-1027,-1203,-1038,-575,49,656,1082,1212,993,495,-139,-739,-1139,-1213,-942,-411,230,797,1145,1182,900,363,-269,-823,-1140,-1143,-841,-323,270,790,1085,1073,778,295,-258,-722,-976,-967,-701,-256,230,638,860,841,606,221,-203,-554,-746,-729,-520,-186,181,484,642,629,453,167,-148,-411,-557,-560,-431,-200,70,308,458,498,432,279,84,-102,-243,-318,-318,0,0,0,0,0,274,360,388,338,211,18,-195,-391,-518,-538,-438,-234,35,304,511,598,540,352,67,-249,-505,-633,-597,-406,-102,234,511,659,635,434,105,-258,-555,-707,-667,-438,-86,296,602,743,681,423,49,-346,-655,-778,-679,-395,2,411,704,792,664,348,-82,-486,-751,-806,-633,-272,177,575,804,809,590,190,-273,-659,-851,-799,-524,-93,366,730,881,779,450,-13,-473,-796,-892,-730,-358,111,559,847,887,673,272,-210,-626,-863,-855,-598,-163,314,698,878,805,504,55,-411,-755,-880,-753,-406,59,509,805,860,669,287,-180,-592,-827,-818,-579,-178,274,645,823,755,470,51,-377,0,-792,-657,-328,97,491,735,756,549,172,-251,-599,-762,-694,-413,-4,414,703,785,629,277,-164,-555,-788,-785,-543,-130,322,687,852,758,432,-24,-483,-804,-892,-715,-323,170,612,875,883,630,183,-319,-729,-919,-837,-512,-33,464,821,927,759,361,-149,-614,-886,-897,-637,-180,329,740,933,837,488,-10,-498,-838,-933,-750,-335,187,652,925,921,636,159,-365,-787,-975,-870,-504,13,528,889,988,789,346,-195,-678,-963,-966,-678,-193,350,793,996,905,547,26,-503,-881,-1003,-827,-405,138,634,944,977,721,253,-295,-752,-977,-914,-588,-85,447,843,987,839,453,-71,-574,-903,0,0,0,0,0,-206,324,763,982,911,568,59,-467,-852,-984,-830,-430,97,587,895,938,706,261,-258,-700,-928,-873,-557,-75,437,811,934,778,388,-127,-600,-891,-915,-653,-191,332,760,963,876,517,-5,-528,-896,-1000,-801,-355,203,700,995,995,694,185,-386,-850,-1061,-955,-562,-9,555,954,1065,852,385,-201,-725,-1028,-1022,-709,-182,407,880,1087,968,557,-30,-607,-1007,-1116,-888,-389,232,782,1106,1111,780,216,-417,-930,-1175,-1075,-660,-50,576,1036,1200,1018,536,-97,-699,-1096,-1177,-912,-392,237,792,1113,1102,771,226,-377,-861,-1096,-1002,-613,-52,508,913,1049,880,446,-114,-633,-954,-984,-721,0,292,743,972,905,566,63,-457,-843,-979,-824,-423,106,597,916,962,725,267,-267,-730,-980,-929,-603,-98,441,859,1023,885,487,-62,-610,-986,-1060,-832,-361,217,748,1064,1079,776,239,-380,-888,-1144,-1077,-706,-123,498,980,1189,1064,629,19,-603,-1057,-1210,-1025,-550,89,704,1110,1206,964,451,-192,-781,-1151,-1196,-911,-389,248,818,1150,1170,873,344,-276,-816,-1123,-1120,-825,-314,266,759,1037,1027,748,279,-252,-686,-926,-910,-655,-242,217,597,799,781,563,202,-193,-515,-688,-674,-483,-172,166,446,593,583,427,174,-112,-362,-515,-533,-430,-234,-1,216,369,430,403,303,160,13,0,0,0,0,0,-185,-61,91,261,405,481,464,345,140,-111,-348,-521,-583,-506,-303,-26,267,502,610,566,374,82,-240,-507,-648,-620,-424,-108,241,535,684,646,429,94,-274,-571,-724,-679,-439,-70,316,621,760,684,415,23,-375,-674,-786,-667,-364,38,438,728,807,648,305,-125,-529,-783,-816,-615,-228,228,618,833,816,555,134,-325,-692,-870,-797,-494,-45,420,764,887,759,407,-63,-514,-814,-893,-715,-322,162,590,852,868,629,208,-268,-669,-881,-837,-545,-109,359,725,882,779,451,-9,-467,-786,-874,-709,-343,123,550,818,847,632,238,-219,-612,-825,-800,-535,-113,331,672,810,705,0,-23,-437,-718,-780,-606,-258,171,548,753,732,489,94,-328,-651,-779,-667,-347,77,487,750,781,582,209,-244,-632,-825,-771,-488,-54,407,757,880,743,389,-88,-549,-849,-894,-674,-253,247,678,905,864,571,108,-389,-773,-931,-811,-444,54,532,851,912,696,269,-238,-678,-911,-864,-558,-81,419,794,935,794,408,-104,-583,-890,-933,-696,-251,278,729,955,898,574,72,-459,-853,-985,-825,-423,106,609,934,979,732,276,-267,-731,-986,-947,-624,-111,424,835,1001,872,479,-54,-568,-916,-990,-774,-329,213,697,973,957,660,170,-368,-798,-987,-886,-524,-6,513,878,984,799,383,0,0
38813,mtk,MTK 7916,2421508379,rx2-tx1,512,0,0,0,-582,-503,-276,30,316,508,554,438,197,-86,-329,-477,-485,-353,-121,128,330,439,423,283,54,-173,-327,-379,-330,-186,6,185,301,321,236,89,-67,-193,-247,-224,-132,-4,116,187,190,132,31,-76,-149,-165,-123,-36,67,147,172,126,31,-86,-183,-216,-175,-66,77,198,273,269,169,0,-176,-314,-373,-320,-152,60,265,409,443,327,113,-147,-378,-510,-486,-319,-51,251,491,591,529,313,2,-321,-569,-652,-546,-277,69,409,646,703,560,253,-122,-462,-689,-718,-536,-202,184,527,721,704,492,149,-242,-572,-724,-673,-430,-67,320,615,732,632,359,-14,-392,-650,-706,0,-267,107,459,678,696,516,181,-202,-519,-688,-669,-448,-93,283,573,700,624,358,-19,-386,-632,-694,-553,-253,132,485,693,698,500,146,-263,-592,-753,-699,-434,-33,376,688,811,702,380,-56,-489,-793,-872,-699,-314,153,590,875,921,695,276,-231,-686,-942,-949,-700,-244,292,734,986,972,685,207,-328,-783,-1015,-976,-675,-192,349,790,1023,982,673,179,-345,-769,-992,-955,-673,-219,283,697,917,892,630,218,-241,-626,-833,-808,-581,-212,199,548,738,738,540,216,-152,-467,-649,-653,-503,-244,73,366,559,603,504,294,28,-228,-419,-508,-478,-356,-177,16,178,285,324,296,0,0,0,0,0,-195,-173,-115,-25,82,184,256,284,257,174,46,-90,-204,-276,-291,-237,-128,7,149,250,281,244,149,13,-128,-230,-268,-239,-145,-14,119,215,252,217,119,-2,-125,-214,-235,-188,-93,35,151,225,231,167,55,-73,-179,-234,-217,-131,-10,103,190,226,191,91,-22,-128,-196,-206,-159,-50,74,164,206,181,107,2,-117,-206,-222,-165,-52,85,203,267,247,151,-5,-171,-284,-328,-285,-148,41,224,352,385,313,156,-54,-251,-388,-427,-334,-147,71,276,418,430,319,136,-80,-291,-415,-419,-307,-103,125,308,407,391,265,63,-151,-319,-393,-361,-214,-6,192,331,384,0,133,-74,-251,-352,-350,-243,-55,157,312,374,340,193,-18,-220,-358,-397,-315,-129,100,308,418,401,259,46,-194,-380,-450,-392,-213,36,280,447,497,394,170,-106,-353,-506,-513,-372,-115,182,428,544,508,319,40,-256,-483,-572,-484,-252,60,347,532,549,403,144,-163,-435,-574,-539,-352,-49,282,539,621,522,275,-61,-383,-598,-645,-507,-213,156,490,683,679,474,126,-264,-585,-746,-688,-437,-57,349,655,779,685,390,-13,-420,-716,-807,-665,-341,78,479,750,807,646,312,-113,-514,-757,-782,-598,-251,155,516,732,737,540,193,-197,-521,-702,-685,-467,-129,221,503,638,0,0,0,0,0,-4,-298,-507,-575,-475,-242,51,326,496,515,392,167,-108,-344,-467,-452,-314,-96,140,333,419,375,226,27,-168,-308,-353,-289,-150,25,183,276,275,189,55,-85,-195,-234,-194,-97,33,138,180,154,76,-23,-115,-165,-151,-73,35,130,184,179,100,-25,-150,-231,-243,-180,-47,119,256,315,290,165,-30,-229,-368,-401,-317,-127,110,330,465,464,330,88,-199,-433,-543,-510,-324,-33,284,524,620,539,295,-47,-380,-612,-684,-557,-272,97,453,678,711,550,237,-152,-498,-708,-723,-525,-176,218,547,721,695,471,108,-281,-588,-730,-664,-405,-37,340,621,723,608,317,-63,0,-652,-702,-546,-229,153,491,682,672,474,138,-240,-547,-693,-640,-397,-44,326,600,694,588,311,-76,-438,-663,-703,-534,-196,200,542,722,688,458,95,-311,-644,-792,-701,-411,7,430,738,846,712,355,-116,-550,-826,-885,-701,-311,184,629,910,938,700,254,-263,-711,-971,-962,-679,-216,312,760,1003,984,689,193,-353,-799,-1031,-990,-678,-191,348,790,1008,964,671,193,-322,-734,-955,-921,-644,-206,272,670,878,853,605,208,-224,-585,-790,-771,-559,-219,167,506,692,685,513,224,-113,-419,-609,-639,-511,-262,39,310,494,556,486,319,101,-128,-310,-411,-418,-350,-230,-85,48,0,0,0,0,0,-45,-135,-204,-248,-248,-197,-106,11,136,234,281,276,211,95,-46,-170,-253,-281,-243,-141,-10,128,234,269,235,140,17,-112,-213,-259,-231,-150,-19,119,214,230,191,102,-20,-132,-213,-232,-174,-62,59,165,228,216,145,28,-99,-189,-228,-208,-128,-6,122,206,225,176,80,-33,-137,-209,-212,-148,-37,91,180,210,168,68,-51,-166,-243,-239,-154,-24,128,251,304,260,144,-15,-189,-320,-359,-297,-154,38,229,365,401,326,164,-54,-267,-411,-430,-340,-156,84,292,413,429,322,119,-112,-304,-410,-404,-295,-100,124,312,402,369,239,41,-169,-321,-384,-329,-180,21,0,347,367,272,91,-108,-275,-370,-347,-219,-24,179,331,384,325,162,-59,-263,-391,-397,-289,-89,146,343,435,396,239,12,-226,-419,-486,-396,-197,59,315,489,510,380,142,-147,-396,-528,-516,-346,-68,226,452,553,497,292,-3,-302,-511,-558,-448,-200,118,390,545,554,391,106,-219,-482,-607,-545,-307,10,326,566,643,521,250,-97,-433,-647,-668,-488,-166,208,535,714,687,461,96,-301,-613,-755,-684,-410,-9,389,686,790,676,373,-37,-444,-729,-807,-663,-333,93,493,751,804,625,284,-135,-514,-749,-769,-578,-230,169,513,709,700,497,169,-207,-517,-667,-630,-425,-101,0,0
38814,mtk,MTK 7916,2421539627,rx0-tx0,512,-349,-207,-443,185,-11,-206,-377,-508,-594,-603,-528,-400,-217,10,237,417,569,646,641,559,407,193,-34,-251,-445,-587,-642,-621,-521,-362,-163,57,259,431,542,589,551,459,310,136,-49,-217,-360,-450,-496,-476,-402,-302,-163,-13,121,244,340,383,395,375,310,230,130,12,-92,-198,-287,-351,-378,-372,-336,-260,-154,-24,115,260,369,447,482,455,386,255,86,-91,-266,-410,-514,-560,-536,-431,-283,-96,103,291,450,548,573,530,421,259,67,-137,-312,-453,-532,-538,-479,-366,-203,-36,136,281,385,444,434,381,281,158,32,-99,-204,-273,-314,-321,-291,-234,-165,-83,1,60,120,187,-511,251,247,228,192,142,74,-15,-91,-167,-237,-291,-318,-318,-267,-185,-84,32,161,282,368,416,420,375,281,146,-24,-195,-346,-461,-529,-532,-463,-347,-172,40,241,419,553,617,606,515,355,157,-68,-291,-473,-602,-660,-631,-524,-360,-144,96,332,516,643,702,655,531,351,108,-142,-378,-564,-674,-699,-635,-498,-285,-38,208,424,588,671,662,568,421,209,-28,-242,-420,-558,-619,-593,-505,-348,-154,54,250,410,523,568,539,442,287,100,-98,-285,-427,-511,-524,-464,-358,-194,-4,178,338,446,489,465,366,217,33,-159,-313,-413,-446,-400,-279,-110,72,225,317,322,257,512,287,1179,-1044,-1191,-55,-4,66,126,168,169,129,58,-32,-108,-162,-196,-188,-146,-82,-8,68,141,186,204,193,151,79,1,-81,-154,-201,-217,-203,-159,-96,-16,67,139,188,205,201,167,112,41,-31,-104,-157,-193,-202,-181,-141,-92,-29,30,80,136,173,189,179,150,98,32,-33,-100,-162,-197,-201,-183,-153,-104,-27,48,109,157,201,216,201,149,90,29,-52,-117,-168,-214,-223,-220,-171,-104,-34,51,126,192,230,242,219,175,102,31,-54,-144,-207,-253,-259,-234,-186,-110,-18,64,156,219,260,274,239,175,96,9,-82,-167,-234,-275,-267,-243,-181,-101,-13,82,160,227,260,-330,248,208,133,40,-46,-126,-200,-254,-281,-279,-241,-168,-83,22,122,207,276,314,319,295,226,130,24,-102,-211,-310,-373,-383,-353,-285,-186,-58,89,229,353,432,471,446,370,246,86,-88,-263,-415,-532,-575,-542,-448,-293,-99,123,331,503,622,652,615,491,297,72,-173,-395,-583,-698,-719,-655,-502,-283,-29,234,464,642,738,738,658,480,238,-30,-288,-513,-668,-745,-724,-610,-430,-185,79,318,512,641,688,656,546,360,141,-81,-293,-472,-575,-611,-575,-481,-332,-152,38,220,379,486,535,530,467,350,202,39,-130,-287,-412,-497,-528,-499,-415,-282,-120,57,235,376,-139,-494,-729,-831,-737,-551,-581,-546,-446,-298,-112,105,308,473,594,647,599,487,318,95,-131,-343,-515,-620,-638,-594,-475,-292,-66,159,362,513,606,614,554,426,243,37,-163,-335,-460,-529,-535,-479,-372,-229,-65,107,246,354,429,440,413,348,247,128,8,-114,-218,-298,-351,-370,-357,-318,-247,-145,-29,84,204,307,390,426,429,372,268,144,-17,-173,-317,-445,-511,-517,-461,-347,-189,-6,196,370,496,569,568,505,370,181,-21,-220,-386,-505,-560,-544,-460,-324,-138,61,232,381,472,498,474,382,263,104,-55,-196,-311,-366,-389,-364,-290,-206,-108,-3,93,173,231,265,262,237,213,171,1105,34,-34,-99,-157,-214,-259,-272,-258,-227,-172,-88,4,114,221,299,347,372,356,286,177,46,-96,-236,-358,-450,-490,-461,-376,-245,-74,118,298,445,553,580,532,425,256,50,-162,-367,-523,-614,-640,-579,-446,-263,-40,193,405,571,671,683,604,449,251,6,-252,-459,-624,-703,-690,-594,-423,-200,56,292,500,648,692,659,540,358,125,-122,-332,-501,-617,-644,-590,-471,-297,-67,152,348,500,575,590,526,408,235,32,-167,-342,-478,-541,-539,-464,-325,-149,45,228,377,483,515,472,374,213,30,-154,-316,-424,-476,-445,-339,-184,1,182,325,402,391,301,156,-8,-132,-687,-807,1145,-658,-318,107,134,127,86,22,-59,-133,-185,-197,-164,-107,-30,61,134,181,202,192,149,81,5,-76,-150,-199,-214,-205,-158,-84,-4,80,145,195,222,210,173,100,23,-52,-124,-172,-199,-197,-175,-121,-59,12,78,127,163,188,181,162,122,54,-10,-70,-126,-167,-193,-191,-172,-125,-55,18,79,133,187,215,207,174,128,66,-13,-94,-153,-187,-213,-212,-175,-132,-66,7,85,161,204,230,226,198,137,65,-17,-98,-163,-214,-234,-245,-211,-147,-65,28,113,186,243,258,247,211,136,62,-33,-129,-192,-242,-265,-260,-223,-151,-54,43,132,207,249,271,259,222,158,66,826,-106,-185,-247,-268,-254,-230,-180,-109,-24,71,167,229,274,295,275,229,147,48,-49,-154,-251,-316,-357,-351,-302,-219,-100,30,156,269,357,419,421,379,284,151,-1,-167,-317,-435,-501,-515,-463,-358,-191,11,208,388,526,608,614,537,395,191,-35,-259,-468,-610,-685,-673,-573,-405,-170,81,329,547,688,745,713,585,390,131,-134,-389,-595,-717,-747,-691,-551,-338,-80,193,425,606,715,723,644,492,278,38,-197,-408,-559,-637,-640,-572,-423,-235,-38,160,341,482,555,564,515,413,259,88,-98,-269,-406,-487,-525,-511,-438,-317,-162,14,183,332,450,517,537,482,367,-1235,-1131
38815,mtk,MTK 7916,2421539627,rx0-tx1,512,87,760,795,309,99,-130,-345,-529,-668,-724,-700,-600,-422,-186,75,333,558,721,805,799,699,515,267,-16,-301,-562,-762,-872,-887,-800,-623,-366,-64,255,549,783,932,972,899,736,470,146,-192,-518,-781,-965,-1029,-978,-819,-554,-229,124,458,754,958,1054,1039,906,663,354,4,-358,-680,-932,-1077,-1108,-1015,-799,-489,-128,261,620,910,1096,1159,1101,904,603,232,-172,-557,-885,-1102,-1197,-1154,-973,-675,-304,99,496,832,1071,1181,1158,1004,735,377,-18,-405,-744,-1002,-1138,-1135,-1015,-775,-446,-69,307,643,910,1068,1113,1018,814,519,170,-190,-530,-809,-995,-1068,-1021,-865,-611,-291,57,401,710,-689,1041,1042,932,719,412,68,-287,-616,-886,-1050,-1097,-1028,-834,-541,-187,197,574,889,1093,1183,1134,947,651,268,-156,-572,-920,-1163,-1273,-1223,-1040,-719,-307,141,588,964,1225,1338,1283,1079,737,301,-172,-634,-1019,-1269,-1377,-1308,-1078,-713,-259,224,675,1054,1288,1362,1271,1020,643,188,-293,-729,-1062,-1264,-1312,-1180,-904,-516,-70,367,751,1037,1174,1163,1009,726,368,-24,-403,-712,-923,-1007,-975,-820,-567,-259,63,371,619,783,847,808,670,447,185,-89,-346,-552,-680,-722,-669,-536,-335,-99,147,363,526,621,618,534,384,168,-66,-274,-444,-538,-538,-450,-283,-75,134,296,386,379,289,346,523,0,-324,-48,83,9,-91,-180,-236,-247,-211,-125,-12,106,207,272,297,274,206,112,-2,-117,-217,-286,-321,-315,-263,-180,-64,59,174,273,347,371,344,281,180,49,-94,-223,-336,-412,-429,-401,-317,-194,-36,136,285,409,485,501,449,338,181,-9,-194,-364,-483,-537,-535,-460,-332,-143,57,244,402,517,562,534,448,305,124,-69,-260,-413,-509,-554,-522,-427,-294,-119,71,247,389,488,529,505,422,293,128,-50,-217,-361,-464,-508,-500,-436,-309,-149,16,186,328,439,495,487,422,312,164,-5,-166,-311,-416,-464,-459,-399,-298,-169,-22,123,254,357,405,411,375,294,183,56,-76,-130,-287,-348,-367,-348,-291,-206,-103,8,117,208,280,321,326,299,239,160,64,-29,-116,-193,-251,-293,-293,-273,-230,-168,-85,8,97,181,251,300,325,321,283,213,117,1,-115,-231,-327,-397,-426,-404,-345,-240,-94,67,219,358,464,517,508,444,328,171,-21,-212,-383,-516,-588,-597,-531,-402,-223,-14,197,390,541,623,640,578,446,266,51,-172,-376,-535,-627,-646,-593,-476,-296,-82,131,328,484,579,609,575,469,322,134,-61,-241,-396,-502,-553,-539,-467,-356,-208,-40,129,278,398,479,508,484,419,310,168,18,-142,-294,-409,-488,-527,-511,-442,-324,-164,15,197,370,-519,-583,504,197,-33,-570,-654,-667,-595,-456,-256,-20,219,443,633,748,776,718,571,356,96,-185,-448,-666,-806,-853,-810,-675,-452,-178,127,420,672,851,934,911,776,557,263,-67,-386,-675,-888,-995,-991,-871,-653,-353,-9,331,645,883,1020,1038,948,747,450,113,-241,-570,-840,-1014,-1082,-1026,-855,-582,-249,117,477,791,1011,1129,1117,974,717,373,-6,-399,-749,-1019,-1176,-1190,-1068,-810,-461,-69,338,710,997,1162,1196,1089,857,527,141,-260,-630,-927,-1116,-1172,-1095,-901,-601,-224,167,530,837,1044,1133,1087,925,652,312,-66,-434,-739,-965,-1075,-1064,-939,-710,-403,-56,298,616,869,1017,1052,980,793,261,188,-170,-502,-792,-987,-1072,-1041,-896,-641,-306,55,422,745,983,1115,1128,1010,762,421,33,-376,-740,-1023,-1193,-1227,-1110,-855,-498,-68,368,769,1087,1265,1301,1180,909,526,76,-384,-805,-1135,-1324,-1351,-1211,-916,-515,-49,434,858,1182,1350,1349,1190,883,460,-11,-488,-897,-1191,-1340,-1317,-1124,-794,-370,100,553,922,1172,1261,1189,972,637,230,-187,-578,-884,-1060,-1101,-1006,-784,-476,-124,228,545,778,902,919,822,628,367,72,-221,-486,-671,-768,-768,-676,-505,-276,-20,235,453,604,672,650,542,373,151,-88,-297,-471,-580,-584,-506,-356,-147,75,279,425,485,448,326,151,-40,-185,689,563,0,-506,-598,-150,-197,-196,-143,-51,55,164,247,277,263,201,108,-7,-127,-220,-283,-311,-292,-235,-144,-34,85,198,281,330,332,294,224,117,-15,-140,-250,-341,-390,-392,-341,-252,-118,32,183,315,417,472,460,388,268,99,-82,-260,-399,-495,-532,-501,-407,-248,-66,127,306,459,551,561,506,391,228,32,-165,-338,-474,-543,-556,-497,-372,-209,-21,177,338,457,530,533,477,367,215,33,-150,-306,-427,-503,-515,-470,-374,-232,-60,109,277,412,483,508,469,380,245,77,-96,-252,-380,-463,-488,-453,-370,-238,-89,70,221,338,419,446,424,353,238,99,-35,-166,-281,-358,-393,-390,245,-247,-138,-14,100,210,287,335,348,319,260,180,79,-27,-126,-209,-269,-301,-298,-270,-220,-157,-70,20,105,180,243,287,299,291,250,186,105,6,-92,-197,-284,-346,-375,-365,-315,-230,-115,23,161,289,399,465,474,433,347,211,49,-133,-298,-436,-528,-565,-526,-433,-283,-96,106,300,466,578,623,597,500,341,143,-77,-292,-469,-596,-652,-635,-541,-378,-175,47,256,442,574,632,621,541,398,211,8,-198,-371,-503,-580,-583,-524,-411,-258,-80,106,270,403,492,527,504,435,324,181,20,-137,-277,-399,-474,-505,-492,-423,-312,-175,-13,157,311,441,527,556,536,446,267,-10
38816,mtk,MTK 7916,2421539627,rx1-tx0,512,0,-745,-662,-275,-21,240,478,643,748,773,688,539,329,55,-227,-482,-693,-822,-841,-768,-608,-370,-79,228,502,726,871,899,835,663,404,95,-229,-519,-759,-911,-949,-879,-699,-438,-117,227,539,779,941,987,909,727,443,109,-234,-546,-794,-949,-988,-903,-726,-449,-114,216,524,771,922,975,903,717,455,141,-199,-508,-755,-905,-949,-868,-680,-426,-117,207,487,701,835,865,800,631,388,101,-185,-438,-625,-742,-763,-700,-547,-342,-114,137,346,519,624,640,598,485,320,129,-65,-256,-403,-503,-550,-530,-444,-326,-181,2,166,291,396,461,473,426,335,215,65,-92,-228,-341,-411,-435,216,-336,-223,-96,34,177,289,362,398,385,334,248,123,3,-123,-233,-316,-359,-357,-325,-252,-153,-40,81,179,254,306,318,294,241,157,73,-27,-115,-188,-248,-275,-269,-235,-186,-113,-40,37,120,179,214,248,256,232,195,131,59,-30,-112,-200,-273,-301,-310,-283,-215,-127,-20,111,234,325,389,395,365,281,144,-11,-176,-325,-414,-449,-434,-355,-221,-69,94,247,367,435,438,381,281,146,0,-148,-270,-357,-391,-371,-311,-207,-81,55,171,268,326,338,317,254,150,25,-99,-207,-280,-318,-306,-248,-160,-50,73,182,258,291,270,201,100,-24,-125,-195,-220,-186,-117,-109,-439,0,928,985,-139,-92,-10,81,164,215,227,186,111,14,-90,-182,-246,-263,-239,-173,-83,13,117,196,246,255,224,180,105,10,-81,-156,-218,-242,-235,-202,-143,-67,14,92,150,201,227,221,193,145,84,4,-61,-140,-208,-245,-251,-221,-180,-114,-28,61,153,230,269,288,271,216,134,27,-84,-185,-260,-295,-303,-275,-202,-103,2,114,213,274,302,290,247,184,86,-15,-113,-184,-237,-269,-265,-221,-165,-88,-3,87,158,212,237,231,220,170,105,31,-54,-132,-181,-222,-246,-227,-182,-121,-53,25,111,167,210,225,219,187,123,57,-6,-68,-137,-180,-200,-200,-181,-137,-84,-584,47,91,137,162,168,162,134,91,50,-6,-50,-78,-107,-124,-134,-134,-120,-98,-71,-26,9,48,92,117,130,152,163,153,132,93,27,-34,-93,-163,-225,-252,-267,-248,-188,-117,-15,99,205,306,368,391,373,292,181,48,-116,-267,-407,-497,-513,-485,-391,-233,-37,164,359,518,612,631,563,428,245,16,-216,-423,-595,-684,-689,-604,-449,-228,19,247,465,620,700,699,612,458,228,-19,-258,-467,-625,-711,-708,-624,-460,-248,-7,231,443,599,694,700,619,467,265,34,-198,-409,-573,-665,-687,-627,-490,-308,-93,149,355,516,635,677,647,543,367,157,-76,-293,-470,-241,237,0,-16,-355,682,739,712,586,397,168,-98,-355,-563,-736,-817,-788,-672,-477,-211,81,360,605,787,873,856,731,526,242,-65,-371,-645,-834,-929,-909,-783,-568,-269,63,386,666,868,971,950,806,578,284,-63,-388,-679,-888,-978,-961,-819,-598,-290,51,379,664,880,973,957,829,597,295,-39,-371,-656,-849,-947,-939,-812,-585,-292,40,366,624,813,907,887,756,543,263,-40,-329,-575,-745,-822,-797,-677,-481,-236,33,285,496,628,698,678,579,431,222,4,-202,-387,-518,-580,-581,-521,-397,-242,-61,130,284,401,484,513,464,385,268,125,-38,-190,-315,-409,-458,-442,-378,-282,-157,-21,757,249,348,397,410,381,290,181,49,-82,-199,-296,-358,-374,-355,-291,-192,-74,40,154,256,321,352,333,278,204,116,6,-98,-191,-256,-286,-290,-259,-215,-143,-58,35,116,178,231,254,260,228,159,104,46,-35,-105,-173,-230,-257,-262,-247,-213,-144,-53,38,140,237,307,355,357,302,204,73,-75,-211,-330,-409,-435,-416,-323,-176,-20,144,298,403,447,440,371,254,108,-58,-206,-321,-394,-418,-388,-312,-190,-40,95,225,313,365,364,313,233,114,-4,-125,-230,-305,-331,-314,-246,-151,-37,81,188,260,302,289,232,139,22,-97,-195,-257,-261,-211,-128,-21,83,148,743,610,0,-336,139,81,147,183,180,132,55,-45,-142,-207,-240,-230,-182,-96,7,108,194,239,255,230,172,91,-8,-98,-174,-239,-258,-235,-187,-118,-27,57,135,200,232,241,215,172,115,32,-45,-117,-178,-227,-235,-220,-198,-132,-56,29,108,176,237,265,261,230,160,72,-26,-124,-211,-269,-301,-289,-243,-162,-54,47,162,252,295,310,285,226,136,39,-73,-158,-234,-289,-302,-268,-206,-126,-31,66,140,205,246,268,252,203,132,48,-22,-98,-171,-206,-231,-229,-196,-146,-89,-6,80,147,191,219,231,208,153,94,23,-47,-124,-180,-208,-207,-194,-154,-94,-33,27,92,143,175,-674,168,148,110,54,5,-48,-99,-123,-139,-144,-134,-118,-88,-50,-11,33,66,95,115,132,133,135,118,84,55,19,-35,-82,-124,-171,-197,-206,-200,-172,-103,-27,50,142,219,277,318,314,279,207,93,-30,-170,-307,-396,-455,-451,-393,-284,-124,49,215,395,517,576,556,479,330,134,-86,-304,-482,-608,-665,-628,-520,-348,-118,121,352,542,674,701,661,540,337,110,-139,-367,-560,-693,-723,-680,-555,-362,-121,130,366,550,667,703,664,544,364,136,-114,-341,-521,-642,-690,-661,-559,-385,-174,55,283,469,601,671,667,569,430,240,12,-210,-417,-574,-666,-683,-616,-484,-952,-955
38817,mtk,MTK 7916,2421539627,rx1-tx1,512,0,0,0,-624,-458,-200,100,384,598,705,672,524,284,-17,-318,-546,-674,-679,-563,-340,-59,228,475,628,646,553,362,100,-174,-402,-550,-588,-513,-343,-108,149,365,502,543,473,307,76,-162,-360,-491,-529,-455,-292,-73,158,363,490,525,464,309,90,-150,-354,-492,-535,-472,-321,-117,117,322,466,522,482,352,163,-64,-269,-417,-475,-452,-353,-194,-4,181,319,395,396,324,193,42,-115,-239,-305,-312,-261,-161,-33,87,179,231,238,187,103,7,-90,-160,-187,-173,-126,-57,28,104,154,166,140,84,14,-61,-120,-149,-149,-117,-64,5,74,124,148,143,104,36,-34,-93,-131,0,-115,-65,3,80,138,158,154,119,41,-45,-120,-190,-223,-206,-148,-63,44,152,228,266,261,208,115,-4,-130,-234,-305,-318,-276,-182,-59,74,205,297,342,327,248,130,-7,-143,-258,-321,-336,-295,-207,-76,63,176,261,307,304,239,132,15,-98,-208,-268,-271,-238,-171,-87,20,119,182,214,216,185,125,57,-17,-84,-129,-141,-132,-113,-86,-49,-6,25,46,65,66,57,57,55,52,49,36,16,-3,-28,-55,-89,-115,-133,-128,-98,-54,4,62,115,164,190,191,167,116,47,-36,-116,-187,-230,-250,-231,-186,-122,-49,33,111,176,214,229,223,195,150,105,0,0,0,0,0,98,130,149,146,126,85,22,-53,-129,-195,-239,-250,-228,-170,-78,32,144,238,297,314,275,191,78,-55,-184,-295,-357,-355,-302,-193,-32,136,276,372,409,371,261,105,-63,-231,-362,-435,-426,-339,-192,-3,197,355,444,451,377,237,51,-152,-333,-449,-474,-415,-273,-70,157,350,474,525,471,320,101,-140,-361,-525,-593,-543,-389,-159,115,368,554,651,630,488,249,-37,-327,-573,-717,-723,-593,-355,-57,255,528,707,768,691,475,164,-166,-457,-680,-781,-735,-558,-290,38,359,611,744,741,604,358,54,-254,-516,-686,-720,-609,-395,-113,180,440,604,651,571,382,114,0,-410,-574,-622,-546,-359,-101,182,421,576,622,538,337,73,-209,-461,-619,-654,-559,-353,-70,229,494,664,703,602,377,75,-247,-528,-715,-768,-665,-428,-97,261,565,771,847,746,499,162,-218,-574,-822,-923,-843,-600,-241,164,546,830,965,916,694,343,-70,-482,-802,-971,-951,-766,-444,-38,383,733,938,967,829,529,135,-278,-630,-858,-922,-823,-569,-214,175,520,755,832,764,556,244,-115,-434,-658,-747,-690,-495,-213,100,390,599,678,618,436,174,-112,-378,-567,-644,-582,-406,-145,143,402,574,629,564,391,133,-154,-407,-581,-649,-584,-399,-141,144,409,589,658,599,427,0,0,0,0,0,-280,-520,-665,-694,-598,-383,-95,206,471,653,714,638,446,174,-128,-399,-593,-679,-629,-468,-229,55,325,521,608,584,452,233,-28,-278,-465,-553,-537,-422,-217,30,268,452,537,512,387,189,-38,-266,-442,-525,-500,-378,-189,35,255,431,518,510,400,203,-28,-243,-421,-521,-521,-420,-247,-28,192,379,483,500,420,275,87,-117,-293,-406,-443,-392,-275,-115,60,219,324,359,332,249,120,-26,-160,-246,-275,-253,-186,-79,33,132,196,211,177,110,23,-61,-135,-171,-167,-131,-70,7,84,140,162,147,104,38,-31,-93,-138,-152,-128,-83,-27,45,105,139,140,107,48,0,-81,-124,-147,-138,-89,-13,62,131,179,192,157,89,4,-89,-172,-234,-249,-219,-144,-41,85,206,275,290,273,204,85,-47,-169,-269,-329,-331,-267,-153,-23,106,227,319,348,310,225,106,-32,-166,-264,-318,-322,-266,-161,-48,79,196,272,294,272,211,113,0,-105,-197,-245,-240,-207,-152,-74,19,98,153,178,177,152,111,49,-15,-56,-77,-89,-96,-85,-63,-46,-31,-15,1,14,29,43,55,73,90,94,81,58,27,-14,-65,-110,-141,-158,-159,-136,-86,-14,56,121,181,221,226,201,150,76,-8,-90,-164,-222,-249,-252,-225,-173,-108,-39,27,85,123,144,0,0,0,0,0,-60,-27,18,74,131,180,208,209,183,131,55,-38,-134,-216,-269,-286,-257,-189,-85,40,168,270,326,337,302,208,64,-90,-234,-339,-390,-372,-288,-151,17,178,315,405,424,360,236,63,-127,-294,-403,-448,-412,-296,-122,72,264,409,469,438,333,163,-45,-251,-418,-503,-483,-380,-198,33,258,436,542,548,441,246,-1,-253,-465,-596,-613,-526,-333,-64,224,474,648,703,621,438,166,-155,-452,-655,-747,-709,-542,-271,45,357,616,759,762,632,393,77,-258,-540,-716,-770,-690,-482,-179,148,441,654,739,686,508,250,-55,-350,-580,-682,-656,-509,-270,30,310,522,632,0,476,244,-34,-291,-502,-612,-593,-447,-213,62,326,526,630,604,449,206,-78,-362,-573,-672,-646,-481,-213,89,386,621,737,698,530,253,-83,-408,-663,-801,-777,-598,-297,64,410,697,870,870,692,380,-4,-395,-717,-916,-938,-788,-494,-97,319,676,913,986,866,579,185,-238,-616,-885,-994,-907,-657,-294,124,518,809,956,924,713,379,-20,-412,-719,-874,-864,-702,-414,-51,319,608,773,786,645,384,67,-261,-531,-689,-704,-581,-344,-48,250,490,629,641,523,301,14,-271,-498,-626,-624,-497,-271,5,283,509,628,620,494,269,-10,-289,-513,-638,-638,-513,-287,-9,273,498,0,0
38818,mtk,MTK 7916,2421539627,rx2-tx0,512,0,0,0,334,720,969,1028,885,572,144,-311,-705,-954,-1016,-874,-564,-145,300,688,932,990,854,543,120,-323,-697,-929,-975,-824,-501,-75,367,732,946,969,800,458,15,-432,-793,-996,-1005,-806,-433,27,486,857,1060,1049,829,439,-46,-524,-898,-1101,-1085,-857,-453,43,530,913,1116,1088,850,440,-65,-557,-940,-1135,-1090,-831,-409,107,609,984,1160,1108,829,380,-150,-654,-1031,-1203,-1142,-855,-388,163,688,1082,1266,1202,905,429,-128,-670,-1085,-1287,-1242,-963,-497,60,609,1036,1263,1248,989,548,5,-536,-965,-1199,-1204,-980,-573,-57,463,884,1128,1153,948,562,76,-422,-834,-1076,-1099,-900,-528,0,427,824,1046,1056,858,487,24,-443,-826,-1049,-1058,-858,-489,-21,459,855,1079,1088,884,502,16,-481,-887,-1116,-1130,-922,-524,-26,484,913,1171,1195,996,601,79,-473,-937,-1230,-1290,-1107,-708,-173,402,903,1239,1346,1207,828,298,-289,-833,-1226,-1386,-1294,-957,-445,153,722,1160,1384,1348,1069,589,2,-580,-1053,-1332,-1372,-1173,-752,-200,374,879,1223,1349,1234,898,413,-132,-642,-1029,-1224,-1207,-979,-587,-111,372,774,1021,1084,957,672,284,-141,-519,-789,-914,-875,-685,-387,-38,300,573,735,757,658,454,178,-116,-377,-563,-651,-633,-521,-337,-117,109,306,446,512,512,449,342,215,83,0,0,0,0,0,317,372,388,354,268,136,-27,-201,-370,-501,-564,-551,-459,-295,-85,143,365,535,618,602,485,286,34,-231,-464,-622,-669,-600,-430,-176,115,389,593,695,671,526,284,-12,-312,-562,-712,-724,-609,-383,-77,245,519,708,765,667,445,140,-196,-502,-717,-794,-720,-514,-203,156,490,735,838,783,586,272,-107,-471,-746,-876,-846,-655,-337,44,420,721,892,892,717,403,9,-379,-701,-894,-918,-769,-472,-83,324,661,871,924,804,523,140,-266,-620,-852,-919,-816,-554,-188,212,573,825,913,827,589,236,-159,-521,-780,-888,-827,-610,-277,107,471,743,864,807,597,278,-92,-443,0,-816,-769,-567,-253,106,439,689,793,735,531,215,-150,-483,-714,-809,-734,-506,-166,211,545,773,850,759,511,150,-245,-597,-836,-910,-802,-534,-159,261,635,886,962,851,575,187,-249,-645,-904,-985,-882,-603,-202,242,638,912,1005,895,605,196,-254,-649,-913,-997,-883,-587,-173,279,671,932,1002,874,566,144,-308,-704,-960,-1017,-872,-554,-123,337,729,974,1030,878,548,109,-347,-743,-995,-1045,-883,-548,-104,363,756,1002,1054,892,555,114,-359,-759,-1001,-1050,-898,-563,-118,348,747,1001,1051,898,569,129,-341,-740,-988,-1038,-891,-569,-133,328,716,964,1027,885,564,134,-318,-703,0,0,0,0,0,-968,-740,-359,100,536,861,1016,974,744,367,-85,-517,-839,-997,-959,-725,-353,91,514,830,983,935,696,319,-119,-539,-847,-982,-915,-660,-270,178,593,888,1000,908,637,227,-240,-659,-946,-1048,-936,-641,-203,284,715,1009,1105,983,663,204,-300,-738,-1033,-1128,-994,-661,-200,307,756,1049,1130,986,637,164,-343,-786,-1075,-1145,-990,-628,-130,395,840,1123,1185,1011,630,119,-422,-887,-1180,-1244,-1064,-668,-131,426,905,1208,1286,1111,718,189,-373,-871,-1203,-1295,-1139,-773,-261,298,800,1148,1270,1146,800,309,-235,-727,-1070,-1197,-1095,-786,-327,191,664,1001,1137,1048,749,303,-196,-646,-966,0,-999,-712,-284,202,644,959,1077,981,691,261,-220,-660,-972,-1092,-994,-697,-259,231,682,1001,1123,1021,713,267,-239,-702,-1036,-1178,-1083,-770,-308,221,722,1093,1251,1174,869,392,-165,-700,-1109,-1316,-1273,-991,-517,64,630,1079,1339,1353,1105,648,72,-518,-1010,-1319,-1384,-1199,-785,-221,381,907,1266,1400,1277,914,384,-209,-754,-1159,-1364,-1325,-1044,-577,-21,529,983,1256,1301,1118,745,260,-266,-734,-1053,-1168,-1085,-826,-432,23,454,792,976,979,815,520,150,-230,-559,-772,-837,-761,-559,-269,57,354,574,689,693,582,375,118,-140,-366,-527,-600,-586,-496,-344,-157,25,181,295,356,368,0,0,0,0,0,-102,3,123,255,378,471,512,487,393,243,50,-166,-362,-508,-589,-586,-486,-308,-77,175,410,576,642,602,465,240,-29,-291,-515,-656,-675,-569,-363,-91,204,470,651,717,653,467,196,-118,-420,-642,-743,-709,-547,-275,56,375,628,761,757,611,339,-5,-349,-629,-794,-812,-669,-392,-42,318,626,822,868,738,465,107,-269,-609,-834,-899,-799,-543,-184,208,569,826,923,847,606,251,-152,-531,-809,-929,-875,-653,-312,85,472,770,914,880,680,360,-34,-426,-735,-898,-885,-708,-400,-14,375,690,875,889,732,436,58,-327,-645,-837,-869,-732,-450,-88,283,600,795,829,703,0,87,-272,-577,-766,-795,-666,-400,-56,300,594,765,778,636,358,5,-357,-649,-811,-807,-636,-337,37,418,713,866,851,669,348,-51,-452,-763,-923,-901,-710,-375,41,459,791,966,951,750,399,-30,-450,-790,-976,-964,-765,-415,20,453,794,978,967,762,401,-38,-473,-815,-988,-959,-742,-376,70,505,833,995,963,739,357,-101,-536,-861,-1015,-968,-731,-342,120,554,881,1034,985,732,332,-134,-575,-907,-1057,-996,-740,-337,130,569,905,1059,1004,748,342,-128,-566,-895,-1052,-1003,-751,-354,111,555,888,1044,993,750,363,-96,-539,-874,-1037,-991,-749,-357,99,530,853,1015,975,739,0,0
38819,mtk,MTK 7916,2421539627,rx2-tx1,512,0,0,0,-171,-435,-607,-658,-589,-411,-159,121,375,545,608,554,401,178,-73,-299,-464,-541,-520,-396,-195,37,245,397,457,435,335,170,-20,-197,-329,-382,-365,-277,-131,27,166,269,313,287,184,56,-65,-166,-225,-225,-179,-93,14,115,183,210,184,100,-9,-121,-206,-242,-214,-140,-31,100,225,300,311,257,143,-8,-176,-327,-410,-400,-311,-158,34,228,395,495,495,382,199,-28,-267,-467,-575,-581,-484,-277,-7,266,497,643,671,566,357,77,-225,-488,-669,-724,-641,-440,-159,151,434,643,733,677,493,226,-78,-375,-600,-709,-683,-526,-273,29,322,557,685,677,533,294,-4,0,-527,-665,-666,-536,-311,-26,267,503,641,655,538,313,36,-249,-485,-630,-650,-535,-311,-32,251,491,634,645,524,299,14,-275,-513,-664,-690,-568,-325,-18,303,576,736,764,643,389,49,-304,-605,-800,-844,-730,-475,-123,266,625,863,932,841,596,234,-174,-565,-869,-1007,-956,-737,-387,44,470,820,1017,1038,877,564,145,-301,-697,-959,-1058,-985,-740,-360,71,483,811,992,1000,848,545,152,-250,-592,-822,-915,-858,-652,-332,35,378,635,782,797,681,447,159,-153,-431,-620,-705,-671,-524,-307,-54,206,422,561,615,572,453,275,74,-119,-281,-400,-457,-452,-394,-300,-188,-74,0,0,0,0,0,-198,-202,-171,-117,-43,50,144,225,285,318,307,255,165,54,-66,-177,-266,-314,-314,-264,-171,-55,73,186,261,294,286,223,121,2,-120,-222,-284,-295,-250,-157,-40,77,173,246,277,249,173,64,-55,-161,-232,-268,-242,-173,-80,32,144,221,255,238,182,87,-16,-104,-174,-225,-217,-162,-81,18,105,171,201,179,109,29,-55,-134,-191,-192,-145,-74,17,116,198,248,244,187,93,-22,-156,-259,-315,-323,-274,-153,-1,146,276,354,362,317,215,67,-100,-249,-356,-390,-347,-244,-98,62,207,322,378,357,267,126,-34,-187,-302,-347,-325,-251,-119,37,174,281,336,0,233,104,-50,-199,-306,-346,-315,-224,-87,76,231,333,364,339,239,70,-116,-275,-382,-418,-370,-242,-68,130,303,423,460,408,268,73,-146,-340,-479,-516,-457,-314,-98,145,372,525,577,515,362,128,-127,-362,-537,-615,-565,-405,-165,114,370,554,622,570,417,172,-117,-385,-581,-663,-615,-449,-183,121,406,622,717,669,491,209,-121,-429,-663,-774,-736,-558,-269,80,420,687,828,819,646,347,-12,-370,-671,-845,-859,-716,-437,-75,301,633,854,908,796,540,178,-214,-554,-792,-900,-842,-620,-289,84,439,714,851,834,665,382,31,-325,-608,-767,-787,-661,-417,-105,210,480,0,0,0,0,0,651,514,277,-6,-283,-504,-626,-620,-503,-295,-37,224,434,554,572,483,300,64,-170,-362,-484,-512,-437,-282,-91,118,302,405,419,363,242,72,-107,-247,-327,-342,-282,-168,-27,109,216,271,261,188,77,-35,-136,-203,-219,-183,-98,12,108,183,216,184,100,-11,-115,-206,-260,-256,-190,-71,78,215,317,363,330,218,53,-126,-303,-428,-461,-403,-273,-80,140,343,486,544,493,342,117,-146,-388,-566,-639,-595,-439,-186,111,384,594,700,674,522,266,-41,-333,-574,-713,-713,-581,-345,-42,268,519,679,714,615,393,100,-205,-472,-655,-715,-628,-423,-142,170,442,628,696,0,430,161,-136,-408,-592,-669,-618,-442,-181,113,379,565,644,609,435,172,-116,-381,-579,-657,-600,-427,-177,117,395,586,666,616,440,169,-146,-438,-644,-735,-676,-473,-181,149,462,702,808,760,566,262,-104,-456,-737,-877,-847,-665,-357,28,419,739,942,981,826,500,89,-324,-695,-950,-1029,-940,-675,-281,167,588,908,1062,1022,810,461,38,-399,-764,-994,-1054,-929,-641,-256,163,551,847,986,940,736,430,70,-306,-618,-812,-861,-763,-537,-237,103,413,635,746,730,601,379,95,-197,-438,-595,-655,-618,-488,-282,-40,187,375,501,553,525,438,302,139,-21,-155,-249,-298,-303,0,0,0,0,0,-42,-118,-182,-240,-285,-297,-270,-210,-123,-16,97,202,282,322,315,264,174,67,-61,-176,-267,-309,-304,-249,-147,-20,99,196,270,294,266,192,86,-37,-147,-233,-271,-260,-204,-118,3,119,210,261,261,207,115,9,-104,-198,-248,-248,-213,-139,-40,65,166,230,239,206,136,42,-59,-148,-193,-204,-175,-106,-15,73,142,184,187,138,47,-53,-139,-192,-209,-190,-128,-25,93,197,269,295,264,178,49,-92,-218,-302,-348,-328,-243,-110,58,204,314,366,357,280,158,4,-163,-305,-376,-372,-307,-192,-41,121,261,350,354,301,195,46,-109,-235,-314,-335,-288,-179,-40,0,234,322,344,280,154,7,-146,-277,-354,-355,-279,-145,11,173,308,384,380,299,159,-25,-207,-351,-431,-420,-322,-156,42,238,397,483,478,372,189,-30,-253,-429,-524,-532,-429,-231,8,246,455,577,579,473,274,17,-248,-463,-590,-605,-506,-295,-29,243,473,619,639,523,304,22,-264,-509,-660,-687,-577,-345,-37,279,543,715,749,637,394,73,-272,-570,-757,-804,-701,-464,-128,233,559,781,860,773,545,212,-170,-521,-772,-883,-838,-640,-322,63,433,723,889,886,711,416,51,-322,-640,-842,-888,-763,-502,-157,204,524,744,826,752,550,245,-102,-418,-645,-755,-722,-550,0,0
38820,mtk,MTK 7916,2421572608,rx0-tx0,512,-349,-207,-443,-460,-454,-396,-277,-131,35,208,348,452,516,511,437,315,154,-32,-220,-380,-489,-550,-540,-456,-319,-142,49,232,386,492,548,522,439,298,118,-59,-226,-366,-456,-491,-470,-390,-269,-126,22,171,286,362,415,403,350,272,168,42,-70,-168,-256,-325,-355,-347,-311,-249,-159,-61,45,161,257,329,380,398,368,294,186,48,-110,-247,-375,-460,-485,-462,-383,-246,-76,98,270,413,509,540,499,405,251,68,-123,-303,-449,-533,-545,-492,-379,-224,-41,156,321,440,497,494,434,312,165,1,-154,-277,-367,-399,-388,-333,-239,-132,-18,103,193,253,287,289,257,206,143,72,-511,-61,-126,-165,-200,-212,-204,-194,-161,-106,-55,12,87,147,211,252,270,269,231,164,80,-28,-137,-227,-308,-370,-376,-338,-256,-136,5,145,280,396,456,461,415,312,156,-14,-190,-350,-464,-517,-522,-452,-324,-162,32,220,385,507,573,568,486,339,149,-53,-258,-439,-560,-611,-582,-481,-320,-125,94,304,478,578,605,554,435,259,53,-159,-343,-481,-552,-548,-487,-357,-190,-2,181,340,453,501,491,421,296,137,-35,-190,-327,-417,-447,-428,-350,-226,-83,70,208,322,388,398,351,266,145,3,-142,-262,-343,-368,-337,-254,-131,5,142,250,305,294,226,119,-1,-96,512,287,1179,-1044,-1191,90,92,59,5,-46,-92,-128,-135,-111,-70,-8,52,104,137,139,127,91,39,-20,-75,-119,-149,-152,-126,-90,-34,19,70,111,136,140,120,93,46,-6,-48,-90,-121,-125,-109,-92,-56,-8,20,52,84,102,108,103,84,60,28,-9,-47,-79,-98,-101,-94,-89,-71,-39,-2,34,65,97,117,114,100,84,55,10,-33,-72,-116,-142,-134,-124,-99,-61,-19,31,74,117,145,150,136,106,70,19,-36,-94,-148,-180,-178,-163,-128,-74,-11,60,126,174,201,200,177,132,60,-11,-88,-150,-189,-206,-193,-163,-106,-43,28,97,149,189,207,189,161,103,39,-15,-330,-138,-178,-193,-190,-176,-135,-72,-7,57,119,173,210,220,214,182,129,53,-24,-105,-172,-227,-261,-267,-248,-180,-90,12,116,213,286,333,340,303,232,135,9,-130,-260,-348,-410,-417,-373,-277,-155,1,171,313,424,491,496,437,323,157,-35,-216,-373,-495,-562,-543,-453,-317,-136,66,269,434,548,599,567,466,314,105,-111,-316,-482,-582,-615,-564,-447,-270,-67,143,331,473,564,581,525,407,238,46,-155,-329,-450,-517,-528,-472,-361,-213,-39,127,271,379,452,465,426,344,217,80,-62,-196,-307,-393,-424,-420,-365,-270,-147,-13,123,248,351,412,434,401,322,209,-139,-494,-729,-831,-737,-33,120,275,400,473,498,462,361,237,66,-123,-297,-433,-518,-543,-499,-387,-239,-57,142,320,454,537,552,500,387,233,45,-146,-313,-447,-510,-514,-463,-356,-207,-43,126,275,383,441,453,414,317,212,74,-69,-184,-284,-354,-384,-364,-320,-254,-160,-44,66,161,247,307,345,359,332,266,178,72,-58,-191,-300,-386,-439,-437,-388,-292,-144,17,181,331,453,512,516,456,336,174,-18,-199,-362,-485,-543,-536,-467,-328,-145,50,236,387,488,537,516,418,276,102,-67,-232,-359,-434,-456,-416,-329,-208,-68,68,193,281,329,344,318,252,176,90,-10,-100,-168,-215,-241,1105,-222,-183,-137,-90,-21,33,92,151,188,211,233,219,190,138,65,-11,-98,-185,-249,-297,-319,-294,-244,-171,-61,74,199,311,389,417,400,338,223,74,-85,-239,-379,-465,-496,-473,-387,-245,-77,111,291,431,518,551,510,410,257,68,-141,-333,-486,-570,-588,-541,-419,-240,-31,180,373,514,592,601,531,389,193,-22,-235,-412,-538,-586,-565,-467,-314,-118,79,265,416,505,533,497,398,245,69,-109,-268,-390,-464,-469,-424,-328,-186,-33,121,264,365,419,415,363,259,118,-29,-168,-280,-360,-387,-357,-271,-152,-7,134,251,321,339,301,207,79,-58,-171,-240,-250,-198,-687,-807,1145,-658,-318,-3,-50,-96,-116,-110,-82,-33,29,83,120,139,129,99,43,-13,-67,-116,-144,-150,-127,-91,-42,22,76,119,141,144,127,94,48,-13,-58,-99,-130,-134,-123,-98,-54,0,39,74,108,111,104,97,78,44,10,-28,-62,-85,-105,-107,-100,-79,-48,-10,18,46,78,106,118,110,89,61,20,-20,-54,-80,-114,-125,-122,-110,-85,-32,14,49,94,122,140,142,120,90,43,-7,-61,-106,-144,-165,-166,-146,-102,-39,23,77,132,174,193,188,148,94,29,-46,-110,-169,-204,-211,-197,-149,-89,-13,60,126,175,197,200,178,130,74,-3,-69,-124,-176,-191,-196,826,-145,-81,-16,40,102,157,194,207,198,174,126,61,-6,-76,-139,-198,-233,-241,-227,-177,-115,-33,48,144,229,284,304,294,242,165,58,-62,-179,-275,-349,-385,-375,-305,-205,-75,76,224,347,425,470,441,356,229,72,-112,-274,-419,-511,-534,-492,-396,-244,-49,158,335,475,561,581,522,390,219,14,-198,-376,-521,-601,-597,-523,-380,-194,22,237,420,549,601,578,487,341,156,-53,-253,-419,-523,-567,-539,-440,-296,-125,56,229,372,468,508,478,398,281,137,-23,-172,-303,-389,-432,-435,-386,-306,-181,-43,93,224,327,393,420,403,348,246,117,-28,-176,-296,-387,-1235,-1131
38821,mtk,MTK 7916,2421572608,rx0-tx1,512,87,760,795,-596,-629,-604,-504,-339,-132,95,322,512,650,718,703,607,444,219,-38,-294,-514,-692,-790,-794,-718,-547,-315,-50,235,500,712,844,883,829,663,424,137,-177,-478,-724,-897,-970,-922,-776,-534,-226,106,436,716,914,1009,992,867,637,336,5,-337,-647,-884,-1031,-1050,-961,-768,-480,-133,230,569,851,1043,1118,1065,892,609,256,-136,-503,-824,-1059,-1169,-1146,-982,-704,-339,58,449,790,1038,1170,1163,1021,761,412,21,-375,-724,-976,-1122,-1145,-1027,-800,-479,-108,265,610,884,1051,1100,1026,835,548,206,-157,-502,-777,-959,-1043,-1004,-850,-618,-309,35,359,647,860,985,995,894,700,-689,108,-223,-522,-774,-945,-1008,-967,-817,-567,-255,79,428,731,951,1074,1067,939,706,377,2,-380,-728,-993,-1146,-1173,-1051,-810,-460,-37,374,756,1049,1218,1245,1119,848,476,44,-403,-799,-1098,-1267,-1284,-1140,-859,-467,-24,422,812,1106,1262,1270,1121,825,436,-14,-454,-831,-1099,-1232,-1221,-1044,-742,-354,67,476,819,1060,1155,1099,911,616,250,-138,-502,-780,-943,-995,-920,-738,-478,-167,152,435,660,794,823,758,598,374,114,-143,-379,-560,-662,-692,-638,-500,-310,-86,143,348,506,584,594,524,385,209,-5,-206,-374,-491,-529,-489,-382,-204,-6,187,346,428,426,339,195,26,-118,346,523,0,-324,-48,-167,-163,-111,-28,72,164,227,252,229,164,71,-35,-143,-230,-280,-291,-260,-193,-102,10,124,220,295,326,317,268,180,68,-59,-179,-282,-356,-385,-367,-300,-196,-59,90,230,353,434,455,427,337,199,31,-141,-307,-433,-504,-516,-464,-347,-181,7,196,364,490,554,551,470,331,155,-45,-233,-395,-511,-563,-547,-461,-317,-139,59,246,401,506,551,523,442,305,134,-50,-231,-372,-472,-518,-502,-426,-303,-140,32,198,342,438,492,486,420,313,164,6,-155,-297,-398,-462,-458,-406,-308,-177,-25,121,252,356,418,429,394,316,194,62,-77,-202,-301,-367,-392,-376,-313,-130,-100,20,134,236,314,347,345,307,238,145,31,-73,-171,-248,-296,-310,-294,-254,-185,-99,-12,73,151,207,253,267,258,229,178,117,42,-42,-118,-195,-252,-293,-305,-287,-236,-165,-77,38,149,252,334,389,401,370,291,179,39,-114,-258,-373,-458,-486,-459,-390,-269,-107,73,253,400,499,552,538,463,327,155,-39,-235,-399,-523,-590,-582,-508,-373,-193,11,209,377,501,571,576,508,388,225,38,-149,-319,-444,-520,-538,-500,-400,-266,-112,56,211,336,426,477,468,408,325,202,57,-84,-215,-323,-406,-450,-452,-401,-320,-207,-68,84,230,363,464,515,513,461,363,-519,-583,504,197,-33,-187,16,223,418,568,658,680,621,484,290,53,-196,-423,-610,-731,-769,-717,-591,-391,-134,136,398,625,772,844,823,702,499,237,-57,-355,-618,-810,-913,-919,-813,-611,-342,-18,308,601,836,967,993,905,710,434,107,-230,-548,-806,-970,-1033,-984,-818,-563,-238,115,449,745,968,1079,1062,932,695,379,7,-364,-704,-967,-1122,-1148,-1038,-821,-495,-112,287,659,953,1137,1186,1101,886,566,178,-231,-601,-899,-1092,-1164,-1108,-915,-617,-256,139,510,818,1033,1124,1095,939,671,335,-35,-391,-709,-938,-1057,-1060,-943,-713,-422,-82,270,577,819,979,1015,941,771,517,207,-132,-449,-716,261,-997,-974,-851,-636,-343,-19,312,614,856,992,1034,961,767,490,149,-217,-562,-853,-1049,-1129,-1078,-894,-605,-237,165,555,885,1127,1217,1163,975,661,265,-168,-591,-942,-1176,-1274,-1219,-1014,-688,-277,176,611,972,1213,1301,1224,998,657,233,-213,-644,-986,-1207,-1277,-1182,-949,-597,-183,256,661,978,1166,1212,1096,850,506,94,-307,-663,-927,-1063,-1065,-938,-685,-372,-20,324,611,813,909,888,760,551,279,-7,-287,-518,-677,-746,-731,-631,-451,-227,11,249,443,574,637,616,525,359,156,-56,-268,-426,-536,-569,-517,-398,-225,-19,178,351,463,489,440,313,136,-56,-223,-324,-349,-293,689,563,0,-506,-598,4,84,162,207,212,169,89,-14,-121,-210,-260,-273,-246,-172,-79,32,138,224,284,307,282,222,131,16,-97,-206,-289,-341,-348,-314,-238,-125,5,139,260,357,409,412,361,264,121,-33,-189,-333,-437,-492,-477,-406,-273,-106,77,256,411,508,545,512,415,263,73,-125,-314,-452,-541,-564,-513,-402,-239,-46,148,328,463,544,558,498,383,221,35,-151,-317,-449,-521,-536,-483,-369,-222,-49,128,288,414,492,505,462,366,229,75,-98,-253,-378,-456,-479,-454,-370,-253,-102,63,212,337,418,450,427,361,251,117,-30,-165,-287,-368,-404,-403,-349,-264,-145,-16,115,233,245,362,373,341,276,176,58,-55,-163,-249,-307,-334,-318,-279,-207,-116,-12,84,170,235,269,282,272,231,172,104,22,-55,-132,-197,-242,-275,-276,-254,-211,-144,-63,31,128,218,284,338,358,332,275,186,68,-60,-192,-307,-396,-443,-443,-384,-285,-150,17,176,320,446,515,532,481,368,218,38,-150,-326,-470,-553,-580,-532,-424,-274,-81,125,314,467,566,593,553,456,304,123,-79,-269,-420,-525,-567,-543,-456,-319,-155,20,192,340,443,501,503,447,351,226,77,-84,-220,-331,-419,-456,-450,-399,-315,-198,-63,83,217,326,418,468,473,426,338,209,55,-111,-270,-415,267,-10
38822,mtk,MTK 7916,2421572608,rx1-tx0,512,0,-745,-662,619,608,531,390,199,-19,-242,-434,-590,-679,-679,-604,-459,-251,-15,233,463,626,727,745,664,512,285,23,-235,-472,-657,-775,-797,-725,-564,-333,-55,233,493,688,813,838,764,599,357,72,-227,-500,-711,-840,-858,-783,-609,-363,-80,216,486,686,818,853,778,622,386,102,-190,-461,-673,-801,-841,-772,-603,-379,-103,199,444,639,762,793,731,575,350,100,-152,-401,-591,-696,-720,-657,-524,-332,-103,131,341,488,595,622,579,474,308,111,-85,-262,-407,-500,-543,-522,-440,-306,-149,13,183,322,418,472,472,412,304,175,25,-120,-247,-354,-406,-416,-383,-306,-191,-66,59,216,287,352,369,358,294,200,89,-27,-137,-231,-296,-336,-320,-276,-210,-118,-6,95,185,253,296,297,272,214,132,36,-60,-146,-226,-261,-268,-251,-196,-134,-55,26,110,174,222,232,212,185,143,88,24,-28,-85,-137,-170,-185,-185,-175,-148,-105,-45,20,86,135,173,213,232,226,175,113,40,-53,-149,-237,-291,-299,-272,-208,-111,-1,114,217,280,316,305,256,171,64,-41,-144,-236,-289,-306,-274,-202,-119,-19,79,172,238,262,256,215,154,72,-16,-104,-172,-223,-229,-211,-169,-100,-17,59,131,186,212,206,162,98,21,-58,-125,-166,-175,-150,-93,-22,43,89,-109,-439,0,928,985,111,139,136,95,26,-48,-126,-183,-198,-178,-124,-55,27,108,171,209,212,172,122,56,-28,-109,-170,-202,-217,-192,-143,-73,-3,65,128,176,193,194,165,128,69,1,-68,-130,-170,-199,-210,-183,-141,-88,-21,51,118,181,215,220,212,180,118,42,-51,-130,-213,-258,-264,-251,-196,-120,-30,74,158,224,270,277,247,183,96,-6,-88,-167,-231,-265,-263,-232,-166,-87,-3,88,161,210,229,225,214,164,95,17,-68,-127,-174,-203,-210,-186,-157,-108,-33,37,90,134,178,189,180,158,117,54,-11,-62,-120,-163,-170,-181,-158,-119,-79,-19,30,81,123,152,161,-584,133,78,40,-4,-48,-91,-117,-130,-140,-132,-107,-69,-37,6,48,79,99,113,127,124,108,83,49,7,-20,-54,-96,-118,-135,-153,-149,-130,-110,-62,-8,52,114,171,210,240,233,204,155,66,-31,-136,-228,-303,-350,-353,-320,-240,-111,29,177,311,402,454,460,400,282,131,-43,-222,-378,-498,-549,-530,-456,-317,-125,83,269,430,545,597,567,467,314,112,-94,-290,-455,-572,-616,-590,-490,-331,-130,89,294,457,570,613,582,490,342,149,-53,-251,-426,-544,-592,-572,-491,-351,-170,24,214,381,506,573,565,493,386,225,33,-164,-334,-469,-559,-582,-544,-439,-294,-241,237,0,-16,-355,63,-151,-348,-511,-621,-658,-619,-511,-342,-118,124,349,542,669,718,692,572,387,154,-105,-349,-558,-711,-772,-749,-635,-443,-193,89,362,590,751,825,795,667,461,205,-84,-367,-607,-777,-852,-828,-700,-491,-219,73,359,610,780,859,834,707,495,236,-61,-340,-577,-757,-842,-830,-714,-510,-244,45,330,562,731,827,805,677,484,240,-32,-298,-526,-680,-747,-731,-638,-452,-221,27,262,460,605,667,652,552,403,216,-3,-205,-389,-517,-576,-572,-509,-387,-233,-50,133,293,414,480,502,464,366,235,90,-69,-222,-335,-406,-439,-415,-358,-250,-111,24,159,276,354,388,385,757,260,139,19,-103,-222,-294,-344,-348,-317,-248,-158,-44,69,163,245,304,321,297,245,175,75,-28,-118,-207,-259,-282,-266,-230,-168,-79,-3,88,164,209,243,245,227,180,111,23,-40,-98,-150,-191,-202,-198,-179,-139,-85,-32,26,72,124,163,186,188,174,143,106,47,-26,-113,-181,-227,-262,-272,-247,-181,-78,35,142,231,291,316,299,234,142,32,-87,-194,-276,-311,-308,-269,-193,-91,16,124,201,254,275,264,221,145,50,-47,-133,-199,-234,-243,-216,-170,-97,-9,70,148,206,222,209,172,108,29,-53,-129,-177,-198,-184,-140,-72,3,77,129,145,124,81,743,610,0,-336,139,56,1,-70,-133,-167,-173,-144,-76,11,93,159,196,207,180,122,48,-41,-118,-169,-208,-214,-183,-124,-59,16,94,152,191,198,191,160,95,30,-41,-102,-150,-186,-196,-189,-157,-107,-50,23,99,146,189,208,206,186,140,65,-12,-87,-163,-223,-254,-254,-222,-164,-66,21,112,192,243,277,273,223,154,68,-28,-124,-201,-258,-272,-246,-212,-137,-47,44,127,193,231,255,240,190,117,36,-34,-104,-176,-212,-238,-223,-180,-125,-56,20,84,128,177,201,192,167,130,78,4,-58,-110,-156,-183,-181,-168,-142,-83,-26,27,91,125,157,168,158,137,103,60,10,-674,-97,-127,-140,-151,-142,-116,-71,-35,6,46,84,111,130,140,124,96,67,46,9,-35,-66,-95,-118,-124,-123,-123,-100,-69,-41,-1,48,89,132,172,192,191,172,123,71,1,-85,-156,-234,-288,-300,-287,-240,-151,-41,83,201,315,390,417,396,313,186,42,-122,-279,-408,-486,-517,-475,-374,-221,-30,152,326,477,570,579,519,399,229,18,-198,-379,-523,-599,-604,-536,-410,-228,-22,191,384,527,608,613,545,416,237,26,-186,-371,-513,-591,-596,-544,-425,-250,-54,151,332,481,566,585,541,436,287,100,-104,-279,-428,-542,-584,-553,-470,-337,-168,27,225,387,507,-952,-955
38823,mtk,MTK 7916,2421572608,rx1-tx1,512,0,0,0,-17,-292,-508,-630,-638,-525,-314,-34,255,487,627,651,566,377,109,-173,-414,-580,-640,-572,-402,-168,91,332,506,583,537,390,175,-62,-287,-448,-520,-482,-353,-156,63,265,417,485,449,321,137,-71,-269,-410,-461,-424,-301,-124,81,275,411,461,423,303,124,-85,-270,-404,-467,-435,-322,-154,47,236,370,435,421,332,176,-7,-183,-320,-391,-393,-323,-193,-31,131,261,333,336,280,178,46,-90,-193,-260,-271,-221,-140,-38,70,154,207,217,172,98,7,-81,-146,-176,-168,-122,-59,21,89,135,147,130,84,26,-31,-86,-122,-126,-107,-64,-6,54,102,116,102,65,0,-46,-98,-131,-136,-114,-53,17,84,134,164,164,129,62,-21,-110,-180,-216,-209,-157,-80,12,113,196,245,253,212,130,23,-93,-196,-264,-289,-267,-193,-86,37,153,244,290,290,242,148,27,-98,-205,-277,-302,-272,-191,-86,31,143,225,270,269,220,135,34,-75,-164,-223,-242,-222,-166,-93,-11,70,140,187,203,173,120,61,-1,-64,-113,-128,-129,-122,-92,-51,-15,19,50,73,84,83,73,58,46,37,15,-12,-32,-54,-74,-87,-95,-90,-81,-55,-17,20,61,98,124,141,136,109,72,23,-34,-85,-132,-167,-176,-163,-141,-101,-53,-7,38,77,102,109,0,0,0,0,0,-108,-105,-89,-49,7,66,126,177,205,213,189,132,47,-49,-143,-220,-271,-274,-230,-155,-53,72,191,276,323,314,253,146,9,-137,-258,-343,-371,-336,-239,-99,66,220,339,389,368,288,163,1,-168,-306,-386,-400,-336,-204,-34,140,291,389,411,353,229,62,-125,-292,-402,-436,-386,-250,-62,137,315,439,478,427,291,93,-126,-325,-465,-525,-484,-348,-143,97,330,501,579,548,425,216,-48,-308,-513,-625,-622,-511,-301,-35,253,488,637,672,585,386,121,-166,-424,-600,-666,-615,-453,-196,93,347,540,640,617,477,252,-21,-278,-486,-599,-597,-475,-264,-6,247,450,0,559,448,249,2,-247,-442,-551,-548,-432,-226,25,269,463,567,555,427,213,-49,-306,-505,-604,-588,-457,-224,62,334,540,652,634,487,240,-60,-359,-589,-712,-702,-551,-286,40,366,631,780,779,628,356,14,-342,-641,-811,-834,-702,-434,-76,298,615,820,872,760,504,155,-230,-580,-818,-888,-798,-566,-235,144,491,748,856,802,599,300,-66,-409,-665,-796,-771,-607,-330,8,342,596,719,704,561,311,8,-287,-520,-648,-644,-512,-276,17,289,498,613,601,470,251,-22,-286,-485,-593,-582,-449,-224,36,286,484,589,576,441,219,-48,-302,-496,-596,-585,-461,-240,37,298,0,0,0,0,0,630,564,392,145,-135,-397,-584,-659,-614,-452,-206,72,337,538,646,634,501,273,2,-264,-470,-588,-603,-500,-293,-47,201,405,520,535,453,279,62,-166,-358,-475,-492,-413,-256,-48,172,351,448,460,383,231,27,-184,-352,-452,-457,-376,-217,-21,183,351,448,456,380,226,28,-169,-331,-435,-454,-395,-255,-69,124,284,393,429,382,266,103,-73,-226,-330,-376,-348,-252,-113,38,177,266,295,279,219,112,-15,-135,-216,-242,-223,-166,-74,23,107,172,193,174,118,45,-34,-107,-153,-165,-134,-74,-6,59,117,138,127,89,45,-15,-71,-109,-124,-109,-68,-7,55,104,0,115,88,35,-32,-97,-143,-155,-127,-84,-16,61,129,176,191,166,107,24,-71,-151,-213,-240,-217,-148,-57,55,164,241,277,267,204,112,-4,-123,-223,-283,-293,-254,-173,-58,73,188,269,298,280,218,115,-7,-123,-217,-272,-284,-246,-161,-53,52,152,223,253,247,200,107,11,-83,-163,-206,-207,-192,-151,-81,-2,71,126,158,164,141,102,51,-2,-46,-77,-104,-110,-99,-81,-57,-26,1,25,39,56,67,74,76,71,62,47,18,-12,-40,-75,-100,-115,-118,-106,-78,-39,7,57,103,138,159,166,143,104,60,12,-44,-99,-138,-160,-163,-151,-126,-94,-54,0,0,0,0,0,-27,-74,-113,-146,-169,-167,-141,-95,-28,54,134,203,241,242,213,150,55,-57,-162,-245,-294,-297,-248,-156,-38,95,219,307,345,327,251,124,-25,-171,-291,-366,-377,-318,-204,-55,115,266,365,404,370,260,103,-68,-232,-352,-408,-384,-292,-141,41,222,355,417,400,311,154,-34,-221,-368,-445,-436,-347,-180,27,236,402,489,486,392,222,1,-229,-420,-537,-551,-460,-279,-42,211,429,569,616,552,373,120,-156,-402,-584,-664,-625,-463,-216,62,335,542,656,652,526,304,27,-264,-499,-631,-649,-549,-349,-93,181,421,579,621,548,379,138,-133,-372,-531,-590,-531,-365,0,123,344,503,563,509,348,111,-139,-363,-520,-571,-499,-326,-95,161,390,550,594,513,337,93,-178,-425,-589,-638,-553,-360,-90,205,464,635,689,605,402,112,-204,-492,-694,-765,-682,-461,-151,195,519,744,833,758,545,223,-146,-496,-749,-863,-825,-626,-301,71,437,726,879,861,677,372,0,-374,-672,-841,-860,-717,-440,-82,285,597,792,835,722,477,149,-205,-516,-716,-771,-671,-455,-168,154,439,627,691,621,430,157,-141,-402,-577,-639,-568,-383,-130,147,394,553,603,533,355,105,-164,-396,-549,-598,-524,-338,-88,174,400,560,605,528,347,100,-171,-403,-564,-616,-546,0,0
38824,mtk,MTK 7916,2421572608,rx2-tx0,512,0,0,0,-1015,-862,-533,-99,350,734,971,1015,860,532,106,-338,-715,-947,-988,-835,-516,-97,341,709,924,949,782,463,49,-375,-726,-923,-921,-737,-405,18,442,772,947,927,714,352,-88,-515,-838,-999,-954,-708,-317,140,572,894,1045,988,724,313,-161,-604,-926,-1061,-983,-712,-295,187,632,940,1054,957,661,225,-259,-690,-983,-1077,-949,-623,-171,322,757,1050,1127,967,614,134,-383,-833,-1118,-1186,-1022,-650,-147,388,854,1161,1244,1084,710,197,-358,-846,-1172,-1263,-1115,-753,-251,295,781,1118,1238,1115,781,300,-231,-711,-1047,-1179,-1079,-768,-312,195,652,971,1100,1008,713,280,-197,-630,-932,0,-941,-659,-238,229,640,927,1023,907,613,192,-265,-675,-952,-1037,-914,-602,-163,314,730,1006,1088,953,621,163,-335,-772,-1064,-1153,-1011,-674,-194,334,805,1131,1241,1113,768,273,-288,-805,-1174,-1322,-1213,-882,-384,199,752,1167,1362,1301,996,499,-101,-677,-1121,-1360,-1352,-1096,-629,-38,555,1038,1337,1392,1185,761,195,-394,-906,-1259,-1386,-1261,-915,-405,167,699,1107,1314,1287,1034,597,69,-448,-876,-1141,-1201,-1053,-723,-277,192,605,900,1027,969,739,394,2,-370,-663,-831,-846,-719,-476,-163,170,456,649,721,671,516,289,22,-236,-448,-585,-619,-560,-436,-263,-72,107,253,350,389,381,0,0,0,0,0,-241,-185,-96,27,170,308,424,494,503,444,322,149,-58,-260,-431,-540,-571,-506,-355,-148,86,311,490,586,582,475,284,40,-215,-439,-585,-624,-559,-388,-140,130,385,570,647,609,459,219,-69,-345,-549,-652,-639,-500,-256,32,315,542,666,662,528,282,-20,-322,-569,-714,-719,-580,-318,5,335,606,769,790,655,386,44,-313,-613,-800,-839,-719,-457,-109,263,591,810,875,769,512,164,-207,-555,-798,-888,-812,-579,-228,166,528,785,890,824,600,266,-124,-491,-751,-869,-832,-630,-303,79,445,722,855,822,639,334,-37,-403,-685,-825,-811,-642,-345,18,372,646,789,777,0,307,-37,-376,-644,-778,-746,-564,-267,84,418,672,789,743,542,225,-142,-484,-733,-834,-768,-545,-212,176,536,787,888,816,576,208,-205,-580,-846,-950,-861,-605,-226,203,596,877,984,897,628,235,-206,-608,-893,-1004,-911,-640,-238,215,624,907,1005,905,626,222,-236,-646,-924,-1012,-898,-603,-183,275,681,944,1017,890,586,159,-306,-712,-970,-1038,-898,-577,-137,328,728,989,1051,891,556,118,-349,-750,-1007,-1059,-897,-560,-115,357,760,1008,1059,895,554,105,-366,-766,-1011,-1057,-899,-561,-112,356,746,989,1041,892,561,115,-345,-741,-991,-1038,-881,-554,-118,337,731,979,1026,866,0,0,0,0,0,-140,-567,-885,-1025,-966,-719,-331,127,551,864,1009,950,705,327,-114,-532,-841,-977,-917,-670,-289,144,547,836,955,878,615,229,-199,-590,-861,-957,-852,-566,-166,269,662,918,982,845,534,106,-341,-727,-976,-1027,-872,-535,-87,379,768,1007,1047,875,526,66,-404,-793,-1014,-1037,-856,-494,-20,448,823,1034,1032,821,440,-42,-519,-884,-1073,-1047,-805,-396,98,588,960,1138,1093,829,394,-133,-641,-1024,-1211,-1167,-893,-439,109,635,1040,1248,1220,947,491,-53,-585,-1004,-1231,-1222,-976,-544,-12,519,942,1173,1186,964,557,54,-448,-859,-1103,-1123,-915,-535,-60,417,806,1035,1051,852,489,0,-438,-802,-1004,-1008,-805,-436,19,468,821,1013,1006,784,404,-53,-500,-856,-1044,-1022,-787,-396,81,547,911,1098,1073,826,413,-82,-577,-967,-1173,-1162,-916,-484,45,576,1003,1247,1258,1023,578,20,-541,-1007,-1287,-1332,-1131,-705,-144,448,957,1289,1382,1216,823,280,-319,-866,-1250,-1402,-1297,-948,-420,178,748,1183,1401,1352,1062,584,14,-562,-1031,-1312,-1360,-1162,-762,-238,319,807,1140,1271,1174,873,433,-66,-537,-899,-1095,-1089,-894,-555,-132,294,647,875,940,838,595,259,-97,-418,-663,-781,-759,-607,-356,-63,220,461,617,668,613,465,253,17,-208,-389,-497,-538,-510,-418,-287,-151,-20,0,0,0,0,0,-209,-304,-374,-413,-410,-352,-238,-79,103,279,428,528,553,493,360,168,-57,-277,-456,-564,-584,-505,-335,-109,139,367,531,607,573,440,223,-35,-294,-500,-625,-627,-514,-308,-50,224,461,625,661,570,371,102,-187,-438,-613,-671,-592,-399,-125,175,445,638,706,628,424,138,-184,-474,-683,-767,-698,-488,-187,160,479,715,814,758,559,252,-114,-468,-731,-858,-826,-634,-322,55,425,716,873,867,696,389,10,-371,-681,-861,-874,-723,-434,-58,328,643,838,872,741,469,105,-280,-607,-817,-869,-748,-484,-126,251,578,791,853,747,502,161,-213,-542,-753,-819,-728,-491,-157,203,0,738,790,686,449,120,-235,-537,-731,-778,-665,-414,-74,281,587,768,794,655,382,20,-350,-654,-831,-845,-692,-390,1,393,713,893,902,736,417,3,-418,-755,-947,-953,-776,-444,-19,419,772,972,986,801,452,15,-421,-775,-981,-991,-795,-437,2,439,786,980,980,784,420,-31,-473,-823,-1003,-980,-761,-395,60,504,846,1022,988,754,370,-90,-535,-872,-1038,-998,-751,-352,112,550,885,1051,1007,754,346,-128,-574,-906,-1060,-1002,-752,-344,131,576,911,1069,1008,747,341,-130,-571,-899,-1051,-998,-744,-346,119,559,890,1043,990,731,333,-125,-558,-883,-1030,-972,-726,-338,126,559,0,0
38825,mtk,MTK 7916,2421572608,rx2-tx1,512,0,0,0,587,512,336,109,-129,-336,-482,-536,-485,-337,-127,100,294,427,484,451,326,147,-58,-246,-375,-420,-391,-297,-141,42,204,310,350,325,244,112,-37,-169,-255,-291,-262,-178,-65,55,158,227,231,179,100,8,-88,-157,-184,-171,-116,-29,71,145,180,174,120,32,-63,-150,-213,-231,-188,-91,26,149,254,304,287,215,91,-68,-215,-325,-375,-357,-268,-114,67,241,381,451,434,327,146,-63,-269,-432,-520,-510,-402,-209,28,265,453,563,565,462,271,28,-222,-429,-565,-597,-510,-323,-83,172,393,538,575,514,353,126,-125,-351,-502,-565,-515,-367,-152,91,307,463,533,0,362,153,-87,-300,-450,-515,-472,-341,-144,82,296,450,511,462,323,126,-94,-304,-448,-505,-463,-328,-112,134,349,487,531,474,323,99,-157,-390,-545,-598,-530,-357,-113,164,421,600,666,604,424,159,-140,-431,-648,-748,-702,-521,-241,89,416,675,811,802,643,362,4,-359,-656,-835,-882,-765,-502,-149,229,571,812,915,857,649,326,-56,-430,-726,-886,-890,-751,-489,-138,233,554,764,845,788,600,313,-18,-344,-595,-731,-750,-643,-415,-132,152,409,590,659,621,487,274,28,-214,-411,-539,-573,-517,-377,-190,13,205,360,449,470,430,340,218,82,-50,-160,-236,-269,-265,0,0,0,0,0,60,15,-40,-100,-164,-215,-245,-248,-221,-165,-81,16,107,184,238,258,244,188,103,1,-100,-180,-230,-253,-228,-158,-63,31,126,201,235,232,190,113,15,-81,-158,-205,-211,-183,-119,-39,50,118,169,193,180,121,39,-41,-107,-161,-184,-159,-105,-43,23,83,130,149,132,95,37,-31,-90,-120,-125,-95,-41,20,77,110,122,111,66,-4,-76,-139,-180,-181,-141,-73,16,108,194,243,240,200,124,10,-107,-205,-275,-296,-265,-180,-62,72,187,277,319,298,218,104,-32,-164,-259,-306,-299,-236,-127,-4,132,247,307,300,239,135,6,-127,-231,-284,-281,-224,-124,0,135,237,290,283,219,109,-30,-163,-260,-320,-316,-236,-105,39,182,288,335,326,248,107,-56,-205,-320,-371,-344,-250,-104,69,229,352,410,381,278,118,-77,-266,-407,-462,-429,-317,-141,68,273,431,496,461,341,159,-61,-278,-445,-522,-496,-378,-183,51,281,458,548,522,390,180,-68,-311,-503,-594,-561,-424,-205,69,326,531,637,630,487,248,-36,-326,-553,-676,-678,-546,-300,2,300,554,704,717,596,359,58,-252,-525,-706,-749,-659,-442,-138,186,475,682,762,698,512,232,-98,-411,-630,-730,-702,-557,-304,5,305,546,678,675,560,348,72,-210,-447,-597,-625,-537,0,0,0,0,0,27,275,451,542,537,436,246,10,-220,-403,-508,-510,-411,-250,-45,171,349,441,452,379,234,47,-143,-291,-373,-384,-316,-190,-44,108,239,319,325,258,147,23,-99,-199,-258,-250,-183,-89,10,112,192,214,176,101,15,-72,-142,-182,-175,-129,-37,71,155,197,200,155,63,-55,-162,-238,-265,-235,-157,-28,124,253,321,334,284,171,16,-149,-301,-403,-420,-353,-213,-27,175,347,461,488,421,275,70,-156,-361,-504,-554,-501,-355,-135,125,357,516,585,549,404,179,-74,-313,-496,-588,-568,-442,-230,20,259,454,565,563,457,260,17,-220,-416,-530,-535,-436,-260,-39,0,393,511,523,434,258,35,-196,-385,-496,-502,-409,-238,-21,202,384,487,495,404,228,8,-217,-404,-509,-507,-405,-217,23,260,442,547,554,442,227,-33,-294,-507,-622,-617,-494,-270,14,301,544,694,708,580,332,24,-289,-566,-748,-782,-680,-455,-130,228,543,768,863,795,577,264,-99,-451,-735,-891,-885,-707,-407,-42,332,654,863,923,819,575,238,-138,-491,-754,-879,-848,-674,-395,-58,287,575,753,798,712,506,219,-99,-378,-588,-697,-689,-558,-336,-61,196,415,565,622,571,425,219,-9,-223,-394,-494,-521,-468,-347,-186,-11,154,282,361,393,375,313,224,127,37,0,0,0,0,0,157,189,200,191,158,104,31,-54,-139,-203,-248,-263,-241,-186,-104,-7,96,187,249,259,227,167,84,-14,-114,-197,-245,-242,-201,-135,-52,47,137,197,224,212,154,67,-19,-101,-172,-212,-203,-165,-94,0,82,142,177,180,149,89,12,-67,-128,-160,-161,-128,-78,-11,58,111,130,125,93,42,-25,-79,-112,-119,-97,-51,9,70,124,152,146,103,25,-64,-141,-192,-215,-197,-134,-52,55,167,236,262,252,196,92,-34,-154,-250,-309,-309,-257,-154,-25,105,210,296,323,280,183,50,-85,-193,-280,-322,-288,-195,-77,58,177,261,295,274,193,73,-65,-188,-272,0,-272,-175,-43,91,210,291,309,265,173,41,-97,-223,-311,-330,-280,-176,-28,125,246,327,355,306,185,23,-146,-286,-371,-387,-323,-189,-17,172,331,428,437,361,212,24,-182,-355,-462,-482,-411,-254,-46,168,359,489,516,435,279,65,-176,-379,-503,-539,-464,-289,-58,181,396,542,574,490,306,60,-200,-432,-582,-622,-534,-343,-83,196,445,614,671,598,407,132,-175,-451,-640,-710,-649,-460,-184,133,427,639,737,702,528,256,-65,-384,-624,-744,-732,-590,-338,-22,302,569,731,755,641,409,109,-208,-480,-659,-719,-649,-453,-185,115,392,583,662,621,461,218,-56,-310,0,0
38826,mtk,MTK 7916,2421605606,rx0-tx0,512,-349,-207,-443,181,309,416,495,535,533,481,385,263,106,-72,-239,-385,-504,-582,-608,-569,-492,-367,-197,-11,172,342,482,571,618,602,534,411,260,92,-88,-249,-395,-505,-557,-562,-526,-441,-320,-179,-32,124,252,352,430,472,470,430,362,269,163,62,-50,-154,-245,-320,-367,-390,-388,-354,-308,-243,-159,-64,42,145,250,335,394,440,452,424,363,261,138,1,-154,-298,-417,-504,-551,-542,-492,-390,-252,-90,85,248,395,501,567,576,539,454,320,158,-8,-178,-323,-452,-528,-542,-510,-429,-319,-190,-46,103,229,328,399,418,399,359,281,192,91,-11,-98,-167,-224,-256,-274,-270,-511,-190,-149,-100,-49,-3,47,85,125,153,172,193,198,193,189,162,127,76,29,-33,-103,-169,-230,-284,-317,-320,-297,-252,-180,-83,29,150,252,347,424,449,445,395,306,191,49,-103,-251,-384,-482,-538,-542,-501,-412,-284,-119,50,215,374,496,572,588,557,486,363,203,11,-177,-351,-488,-574,-623,-600,-524,-405,-238,-59,122,287,433,537,583,578,520,406,267,112,-65,-222,-350,-459,-521,-528,-492,-401,-282,-139,16,166,295,388,442,464,432,361,257,137,3,-130,-243,-332,-390,-399,-377,-313,-210,-94,35,159,256,323,350,327,265,172,61,-58,-162,-221,-242,-221,512,287,1179,-1044,-1191,-110,-103,-72,-22,40,94,145,171,170,140,89,23,-44,-106,-150,-182,-196,-175,-134,-78,-16,55,115,156,186,188,169,136,86,36,-28,-91,-130,-160,-174,-170,-147,-104,-62,-9,36,75,112,127,129,131,116,89,61,37,10,-27,-56,-83,-93,-108,-115,-105,-92,-73,-54,-22,5,39,67,95,122,130,125,115,95,68,38,1,-40,-85,-119,-144,-151,-154,-143,-111,-78,-41,12,62,106,146,178,188,188,161,118,74,15,-53,-114,-165,-201,-221,-225,-200,-160,-104,-30,42,110,171,206,229,239,222,183,126,55,-18,-86,-139,-195,-233,-238,-232,-207,-155,-94,-330,34,104,165,206,238,243,222,199,162,99,32,-41,-107,-164,-208,-248,-261,-260,-240,-195,-135,-57,27,112,187,254,307,334,331,307,249,172,69,-44,-158,-270,-362,-419,-459,-440,-379,-294,-167,-19,127,273,388,477,520,517,480,388,244,87,-80,-246,-399,-512,-577,-600,-559,-468,-341,-171,20,197,375,507,595,630,604,525,403,248,61,-129,-315,-463,-563,-629,-623,-564,-455,-299,-133,45,225,378,489,558,579,548,470,357,213,53,-103,-247,-363,-454,-503,-503,-471,-399,-303,-182,-46,85,217,319,397,451,464,445,390,307,197,77,-53,-175,-287,-379,-441,-469,-462,-139,-494,-729,-831,-737,493,420,319,189,38,-124,-282,-409,-502,-567,-575,-528,-439,-307,-150,30,201,357,495,585,617,592,519,390,230,53,-130,-300,-446,-547,-603,-592,-533,-436,-294,-134,28,191,334,441,501,522,498,433,346,234,101,-38,-158,-267,-349,-396,-419,-413,-376,-316,-231,-146,-52,51,147,231,304,352,387,399,381,340,262,172,61,-68,-197,-312,-409,-474,-505,-495,-430,-334,-202,-49,110,265,408,511,570,569,520,426,292,128,-45,-213,-364,-485,-547,-565,-530,-453,-331,-165,-3,153,289,393,462,485,462,397,306,189,56,-58,-168,-256,-311,-338,-337,-308,-260,-198,-124,-53,23,1105,132,170,195,202,207,198,182,153,116,83,46,0,-39,-89,-144,-186,-215,-232,-248,-245,-224,-177,-110,-22,70,159,243,313,362,385,372,325,260,145,9,-126,-261,-374,-461,-507,-506,-454,-359,-229,-81,77,231,376,494,561,571,539,455,324,155,-26,-196,-355,-484,-578,-617,-588,-511,-379,-222,-37,155,314,455,556,600,592,525,412,258,85,-87,-258,-403,-492,-553,-554,-493,-402,-282,-124,34,196,330,422,481,491,459,384,275,150,4,-143,-268,-361,-415,-435,-403,-341,-246,-124,7,132,248,329,372,381,339,260,155,32,-90,-196,-274,-310,-301,-236,-141,-37,61,-687,-807,1145,-658,-318,10,65,109,140,141,120,78,16,-53,-117,-163,-186,-183,-155,-108,-50,19,86,138,175,198,190,159,117,56,-8,-70,-123,-162,-183,-194,-164,-118,-71,-16,33,85,123,140,149,142,130,99,55,19,-13,-47,-74,-92,-105,-117,-110,-97,-72,-48,-32,0,26,59,79,104,114,118,115,95,79,48,10,-23,-57,-88,-108,-123,-132,-139,-120,-93,-51,-11,28,78,114,137,162,174,162,134,105,59,6,-53,-112,-154,-182,-205,-205,-177,-139,-81,-23,44,117,169,217,240,233,217,171,112,51,-26,-101,-162,-213,-241,-249,-227,-192,-146,-75,-4,61,130,180,217,826,238,220,179,128,64,-13,-75,-127,-185,-228,-250,-253,-234,-198,-147,-81,-8,59,134,201,245,278,293,276,241,186,111,23,-76,-175,-262,-335,-377,-391,-369,-319,-230,-121,4,151,270,373,457,486,475,428,334,209,43,-111,-263,-403,-502,-556,-565,-522,-427,-287,-137,39,224,382,508,596,617,593,515,375,211,20,-173,-346,-490,-590,-630,-617,-549,-431,-286,-107,89,265,417,528,589,602,564,464,331,172,1,-165,-315,-431,-508,-539,-528,-471,-380,-257,-109,32,166,285,378,450,475,470,424,336,242,122,-8,-134,-250,-349,-415,-451,-458,-428,-371,-276,-157,-30,104,-1235,-1131
38827,mtk,MTK 7916,2421605606,rx0-tx1,512,87,760,795,16,207,382,529,640,701,709,651,541,376,186,-26,-250,-451,-620,-747,-808,-807,-742,-615,-427,-207,30,277,507,695,835,909,904,832,689,475,222,-45,-320,-571,-780,-930,-1000,-991,-891,-721,-494,-223,65,345,602,815,967,1050,1032,940,773,547,277,-21,-317,-593,-825,-994,-1098,-1105,-1026,-862,-633,-349,-26,306,615,881,1078,1186,1189,1109,933,671,348,2,-355,-687,-961,-1150,-1246,-1234,-1118,-912,-630,-288,71,421,741,989,1153,1227,1197,1053,832,553,224,-124,-448,-734,-951,-1089,-1144,-1097,-962,-752,-480,-187,122,415,673,871,996,1052,1018,894,710,478,206,-77,-349,-594,-796,-689,-990,-974,-884,-731,-518,-270,4,279,529,747,913,1002,1016,948,807,592,335,40,-261,-553,-813,-996,-1098,-1116,-1039,-877,-629,-322,16,356,662,926,1107,1201,1186,1062,848,558,219,-137,-497,-800,-1039,-1187,-1225,-1167,-1007,-748,-433,-76,288,629,908,1103,1204,1196,1085,878,592,263,-92,-437,-739,-976,-1120,-1154,-1083,-918,-676,-372,-46,278,575,800,951,1020,981,859,665,418,153,-127,-376,-583,-734,-806,-818,-756,-628,-460,-249,-26,193,386,538,645,688,664,583,458,289,99,-97,-283,-432,-539,-586,-580,-519,-396,-236,-61,128,293,416,493,502,445,326,172,3,-155,-269,-327,-313,346,523,0,-324,-48,174,187,156,86,-3,-98,-185,-248,-274,-267,-227,-154,-67,38,137,220,285,317,317,283,228,143,45,-61,-167,-258,-323,-366,-376,-348,-289,-200,-88,41,166,282,379,442,463,450,376,279,153,-6,-166,-307,-427,-515,-550,-542,-473,-352,-205,-28,158,316,445,541,583,569,505,395,248,78,-93,-263,-404,-501,-554,-567,-528,-434,-306,-153,12,169,314,421,491,526,512,451,359,235,94,-53,-185,-304,-393,-456,-475,-452,-390,-312,-204,-81,45,172,274,359,415,432,420,369,286,191,71,-44,-159,-262,-334,-377,-402,-382,-327,-261,-169,-67,44,150,231,298,339,356,346,-130,236,162,74,-22,-107,-181,-245,-285,-301,-292,-260,-217,-155,-89,-16,54,117,168,204,225,235,235,214,185,140,104,58,1,-51,-101,-149,-192,-224,-249,-262,-259,-234,-196,-139,-63,25,117,210,286,342,384,396,368,314,232,123,-1,-131,-259,-368,-447,-497,-508,-468,-391,-285,-144,18,175,319,443,527,575,570,515,420,285,125,-50,-211,-364,-481,-565,-595,-581,-513,-403,-266,-104,69,228,368,475,537,558,532,470,371,246,107,-40,-173,-291,-388,-450,-482,-487,-449,-380,-290,-179,-62,58,179,283,365,439,479,478,452,397,304,186,55,-82,-218,-348,-460,-537,-565,-519,-583,504,197,-33,653,630,553,432,267,80,-127,-330,-509,-648,-729,-766,-737,-643,-503,-309,-87,148,377,581,738,832,866,834,726,555,340,88,-171,-423,-649,-825,-927,-963,-921,-799,-608,-365,-93,197,475,709,890,997,1021,969,836,635,387,97,-199,-476,-720,-906,-1030,-1069,-1024,-904,-705,-461,-164,151,453,726,944,1092,1161,1125,1004,798,516,184,-158,-485,-794,-1034,-1188,-1245,-1199,-1048,-806,-495,-145,218,560,856,1083,1215,1237,1167,996,735,427,79,-279,-602,-867,-1061,-1171,-1180,-1085,-911,-655,-360,-38,290,582,829,1001,1087,1093,1005,837,602,333,43,-257,-524,-741,-905,-992,-998,-934,-804,-610,261,-104,175,433,661,839,951,995,952,840,668,438,167,-118,-400,-662,-867,-1004,-1067,-1040,-940,-751,-489,-189,138,456,740,973,1117,1171,1116,975,743,445,111,-247,-584,-870,-1081,-1198,-1219,-1128,-937,-668,-330,34,389,725,983,1151,1225,1189,1045,813,515,175,-186,-526,-819,-1035,-1157,-1182,-1091,-911,-649,-330,17,362,657,892,1038,1085,1047,906,680,408,98,-206,-471,-693,-843,-919,-905,-809,-651,-436,-196,46,284,476,626,718,747,711,609,460,275,71,-131,-315,-473,-583,-633,-626,-556,-438,-278,-94,89,264,408,502,551,538,454,322,155,-29,-203,-340,-419,-435,-379,-269,-122,26,689,563,0,-506,-598,11,-63,-149,-212,-241,-235,-190,-109,-10,87,179,247,289,299,271,218,138,40,-65,-160,-243,-306,-337,-341,-313,-249,-160,-59,54,163,264,349,403,415,390,333,242,118,-17,-166,-303,-403,-480,-516,-490,-418,-314,-172,-11,152,318,444,533,582,564,487,376,226,45,-131,-295,-432,-525,-572,-566,-516,-411,-273,-117,47,219,364,467,532,547,517,444,328,193,42,-111,-247,-363,-449,-496,-493,-451,-375,-271,-152,-13,119,231,325,404,440,445,409,340,252,139,18,-99,-217,-304,-374,-412,-410,-387,-321,-226,-129,-16,104,203,283,340,371,373,340,282,206,114,18,-83,245,-244,-293,-324,-322,-300,-258,-197,-118,-35,48,116,181,232,259,269,255,228,184,132,76,23,-34,-86,-137,-172,-195,-218,-223,-219,-204,-182,-142,-95,-41,22,90,153,217,271,311,330,321,286,221,141,50,-62,-174,-277,-366,-428,-453,-445,-401,-315,-200,-67,81,226,348,454,528,551,524,461,354,216,56,-116,-273,-412,-520,-588,-596,-561,-478,-355,-203,-33,136,299,432,527,581,580,530,447,322,177,22,-135,-275,-393,-472,-518,-521,-483,-410,-311,-194,-73,55,184,289,374,433,465,467,437,370,292,192,64,-65,-186,-301,-400,-471,-515,-520,-491,-422,-319,-184,-29,267,-10
38828,mtk,MTK 7916,2421605606,rx1-tx0,512,0,-745,-662,-215,-384,-532,-634,-683,-683,-624,-499,-343,-148,68,273,463,612,712,763,743,664,533,340,120,-116,-349,-545,-697,-801,-839,-803,-684,-522,-304,-58,194,419,626,781,857,872,816,680,473,237,-25,-273,-514,-705,-831,-900,-883,-795,-635,-425,-185,82,335,555,731,848,879,852,755,574,353,113,-142,-389,-598,-747,-833,-855,-809,-679,-492,-276,-31,210,435,612,734,787,781,709,572,398,194,-21,-231,-423,-567,-660,-706,-687,-615,-486,-310,-135,44,228,388,512,589,617,590,526,418,266,106,-64,-220,-360,-465,-525,-542,-517,-450,-356,-231,-73,71,213,327,410,461,479,464,216,305,190,61,-68,-188,-290,-368,-408,-423,-402,-339,-257,-162,-51,60,169,261,321,361,375,353,298,211,120,25,-68,-157,-230,-285,-316,-316,-298,-250,-176,-100,-12,71,141,212,252,264,250,224,188,144,93,31,-35,-87,-129,-169,-193,-187,-187,-179,-154,-123,-88,-48,4,67,108,146,195,227,247,221,198,156,83,-1,-75,-158,-225,-270,-291,-283,-247,-186,-103,-14,75,163,220,262,282,262,233,183,115,26,-51,-120,-185,-227,-251,-243,-218,-162,-101,-30,42,104,161,203,219,210,183,134,76,15,-44,-108,-158,-184,-188,-166,-114,-61,6,68,116,133,127,97,-109,-439,0,928,985,-117,-156,-163,-133,-79,-9,73,146,205,225,217,183,116,48,-32,-107,-170,-216,-234,-226,-199,-148,-80,-10,58,127,183,216,228,212,191,158,94,30,-32,-96,-154,-201,-215,-220,-217,-189,-152,-93,-17,40,107,180,225,257,276,274,225,164,96,11,-80,-156,-239,-298,-324,-316,-284,-225,-150,-48,64,166,253,305,335,340,312,253,168,71,-20,-122,-218,-279,-312,-317,-300,-254,-194,-109,-23,65,142,210,261,284,280,256,218,155,80,5,-56,-124,-176,-215,-234,-229,-217,-185,-131,-71,-9,44,92,136,173,184,191,178,156,126,80,31,-13,-66,-101,-134,-166,-584,-189,-168,-153,-123,-70,-22,23,71,114,152,170,177,177,166,140,99,51,15,-37,-82,-114,-144,-162,-166,-158,-148,-134,-110,-72,-35,9,58,95,131,173,195,204,205,196,177,132,73,8,-73,-144,-212,-278,-319,-338,-333,-298,-233,-142,-28,96,217,330,416,481,493,460,392,276,142,-23,-198,-347,-475,-556,-587,-583,-512,-396,-237,-62,124,304,459,571,634,650,597,500,365,180,-16,-206,-383,-513,-618,-663,-648,-581,-464,-308,-121,70,259,416,544,615,645,613,530,417,263,86,-94,-267,-409,-518,-597,-617,-590,-518,-411,-267,-97,75,245,390,506,588,616,596,-241,237,0,-16,-355,-617,-540,-411,-242,-51,144,341,504,631,712,729,686,586,433,251,34,-192,-398,-586,-722,-793,-805,-742,-609,-432,-211,30,278,492,668,800,856,837,751,605,390,145,-106,-355,-585,-752,-856,-886,-844,-737,-549,-338,-84,180,424,634,780,877,900,834,699,515,271,12,-237,-484,-681,-807,-864,-866,-786,-632,-429,-196,45,290,519,683,788,824,792,695,536,333,103,-118,-334,-515,-653,-732,-747,-699,-587,-440,-260,-63,138,323,488,593,642,657,606,503,362,201,31,-140,-297,-442,-534,-574,-571,-524,-445,-318,-172,-18,138,278,383,470,504,494,456,373,264,141,8,-132,757,-346,-418,-449,-440,-403,-319,-222,-110,3,125,229,312,365,395,387,344,270,179,81,-23,-124,-217,-286,-330,-347,-334,-294,-229,-155,-58,27,117,196,249,280,300,280,248,187,111,44,-25,-86,-143,-190,-215,-230,-215,-189,-154,-123,-65,-26,9,57,99,135,165,187,202,199,169,150,111,49,-23,-97,-151,-213,-251,-259,-261,-238,-182,-104,-14,75,151,222,270,286,285,245,182,114,20,-68,-142,-198,-245,-264,-254,-235,-183,-111,-33,43,111,168,204,230,226,196,153,95,26,-40,-106,-154,-180,-195,-190,-168,-115,-51,16,87,135,161,170,149,102,43,-13,-56,743,610,0,-336,139,-78,-19,53,121,170,197,190,156,93,11,-64,-144,-196,-221,-228,-205,-161,-96,-22,54,122,186,224,234,223,192,142,82,9,-55,-113,-174,-215,-226,-226,-207,-178,-115,-47,15,77,137,184,232,242,241,232,190,127,63,-8,-100,-183,-236,-281,-300,-289,-262,-204,-122,-22,79,168,248,303,340,337,309,241,160,70,-35,-137,-228,-289,-324,-333,-324,-273,-189,-100,-4,93,173,243,287,309,295,255,198,125,46,-29,-97,-167,-222,-256,-256,-245,-219,-172,-114,-43,22,77,137,178,204,219,210,193,158,103,46,-8,-63,-107,-144,-176,-182,-185,-173,-144,-116,-77,-674,30,72,102,142,170,176,181,165,142,111,66,18,-29,-79,-122,-159,-172,-177,-170,-148,-124,-96,-60,-9,30,62,100,135,164,174,181,167,146,134,103,52,1,-58,-109,-160,-212,-239,-266,-272,-251,-221,-157,-71,15,119,222,311,381,418,421,387,311,215,88,-65,-208,-353,-459,-529,-563,-535,-457,-345,-192,-24,164,341,480,576,628,629,569,454,290,114,-75,-268,-417,-550,-638,-658,-633,-539,-409,-243,-51,139,319,470,592,656,660,602,497,355,191,14,-176,-340,-478,-575,-617,-615,-560,-465,-339,-177,0,173,328,458,558,609,614,568,480,357,202,29,-130,-952,-955
38829,mtk,MTK 7916,2421605606,rx1-tx1,512,0,0,0,603,655,552,322,7,-323,-573,-687,-647,-454,-159,175,468,655,681,554,304,-16,-332,-566,-654,-597,-402,-115,192,445,586,584,443,203,-83,-342,-512,-544,-448,-241,29,283,450,502,437,258,13,-237,-425,-505,-458,-299,-61,189,401,518,502,354,121,-140,-365,-511,-528,-424,-214,47,295,463,533,477,307,65,-194,-399,-510,-504,-377,-162,80,295,441,478,401,242,31,-185,-351,-419,-384,-266,-93,101,259,341,341,259,113,-55,-204,-290,-300,-239,-123,17,151,249,277,228,124,-3,-120,-209,-239,-214,-133,-22,97,180,217,199,132,20,-94,-173,-206,-186,-122,-18,82,0,191,172,104,12,-88,-171,-210,-198,-129,-25,79,170,228,225,161,50,-71,-180,-251,-267,-218,-111,30,164,260,304,279,176,39,-109,-240,-314,-315,-256,-134,27,186,306,347,312,218,70,-98,-248,-342,-365,-302,-184,-20,149,279,347,345,266,133,-25,-180,-291,-335,-315,-230,-96,59,186,269,307,291,207,77,-59,-176,-248,-266,-238,-167,-62,49,140,199,222,202,141,62,-18,-97,-153,-173,-164,-129,-73,-16,40,85,122,131,125,107,68,13,-38,-81,-113,-129,-129,-110,-71,-17,37,76,112,139,146,127,93,46,-7,-61,-105,-132,-142,-136,-112,-79,-39,6,0,0,0,0,0,90,81,53,7,-46,-103,-152,-176,-173,-138,-72,19,112,194,233,238,190,102,-15,-138,-232,-281,-279,-219,-107,33,166,275,330,311,221,92,-72,-229,-334,-356,-305,-191,-32,139,279,355,356,276,132,-53,-222,-334,-374,-325,-197,-26,153,299,373,353,246,82,-109,-278,-379,-387,-298,-134,58,246,383,428,363,206,-8,-224,-386,-458,-423,-290,-77,175,393,513,516,403,186,-84,-335,-510,-583,-520,-330,-51,241,480,611,610,468,214,-95,-383,-583,-650,-575,-368,-76,228,484,618,607,467,225,-76,-361,-557,-619,-533,-319,-36,242,453,562,537,378,131,-147,-390,-532,0,-405,-182,83,333,497,531,431,225,-43,-300,-484,-550,-481,-284,-8,266,476,580,538,359,84,-218,-469,-609,-599,-437,-161,157,444,635,671,537,271,-69,-399,-643,-738,-650,-399,-40,338,639,793,764,551,199,-208,-574,-804,-854,-699,-371,49,459,767,891,817,552,149,-297,-668,-892,-902,-699,-330,109,518,810,913,794,494,89,-340,-680,-853,-830,-616,-262,155,525,763,806,670,378,4,-361,-631,-740,-666,-431,-105,241,523,675,650,467,177,-154,-444,-617,-622,-477,-218,87,372,560,613,505,274,-27,-319,-533,-610,-533,-330,-44,260,496,608,573,395,119,-190,-448,-599,0,0,0,0,0,-257,60,366,588,679,610,392,75,-260,-527,-674,-671,-515,-241,91,405,612,684,594,360,49,-260,-500,-625,-599,-430,-160,133,393,544,557,443,222,-54,-305,-477,-529,-445,-245,10,258,439,516,454,278,36,-214,-416,-513,-482,-332,-96,180,402,515,512,388,161,-99,-338,-498,-540,-454,-266,-10,242,439,540,503,344,114,-131,-354,-487,-499,-391,-199,27,244,401,457,398,254,53,-144,-303,-382,-367,-258,-100,75,224,317,327,254,120,-34,-169,-261,-290,-239,-128,6,133,222,250,211,122,6,-108,-196,-232,-203,-126,-25,83,170,207,191,126,28,-75,-158,-198,-180,0,-19,82,160,197,188,121,18,-88,-172,-217,-203,-140,-40,76,182,241,243,182,78,-50,-166,-257,-291,-243,-136,2,142,253,309,302,223,87,-77,-224,-321,-345,-299,-183,-23,143,277,354,352,270,129,-39,-198,-313,-362,-329,-226,-71,92,235,325,350,297,179,24,-122,-245,-319,-324,-262,-148,-6,131,233,282,278,227,126,3,-112,-197,-242,-236,-190,-110,-17,77,154,195,190,154,103,37,-36,-95,-134,-148,-138,-109,-68,-10,45,86,114,126,124,106,68,24,-23,-69,-112,-134,-135,-116,-83,-33,25,77,124,153,157,138,107,59,9,-38,-75,-100,-111,-114,0,0,0,0,0,38,74,108,135,141,118,70,8,-65,-141,-193,-211,-193,-136,-44,64,164,236,262,237,158,42,-91,-206,-284,-309,-271,-169,-29,123,254,336,339,271,140,-28,-195,-309,-363,-337,-237,-85,98,259,356,369,307,171,-9,-184,-314,-375,-339,-224,-52,132,290,377,370,266,105,-83,-258,-378,-403,-325,-165,39,233,380,439,391,248,39,-198,-395,-498,-482,-340,-117,133,363,515,554,461,256,-13,-281,-505,-612,-570,-400,-135,165,428,603,644,531,293,-10,-314,-547,-651,-608,-433,-158,153,425,593,622,508,276,-15,-290,-504,-604,-543,-355,-94,189,427,555,541,398,162,0,-359,-506,-537,-432,-214,55,314,492,543,462,266,-4,-283,-486,-568,-511,-317,-42,241,472,593,569,396,122,-185,-460,-622,-630,-486,-217,116,429,640,701,591,337,-10,-371,-647,-765,-700,-470,-120,274,613,807,811,627,291,-124,-521,-800,-888,-764,-461,-47,380,727,907,869,627,242,-206,-603,-853,-913,-761,-425,10,439,759,903,837,579,186,-237,-600,-813,-835,-657,-330,66,433,691,781,673,407,53,-304,-580,-700,-643,-442,-147,193,483,639,631,469,199,-123,-412,-593,-617,-487,-244,58,344,547,609,519,301,4,-294,-516,-608,-555,-358,-74,223,470,604,592,436,171,0,0
38830,mtk,MTK 7916,2421605606,rx2-tx0,512,0,0,0,238,-266,-706,-972,-1000,-782,-372,125,590,910,998,842,482,3,-475,-828,-973,-869,-549,-98,380,754,939,885,600,160,-310,-703,-915,-890,-641,-226,258,673,914,920,693,286,-204,-649,-921,-966,-769,-374,128,601,930,1028,862,479,-26,-534,-911,-1060,-944,-585,-81,439,845,1042,980,661,172,-364,-811,-1051,-1019,-730,-254,303,793,1079,1084,820,347,-224,-751,-1102,-1172,-945,-486,110,693,1110,1257,1102,671,69,-560,-1056,-1302,-1236,-872,-295,356,925,1280,1319,1036,508,-130,-732,-1160,-1314,-1154,-709,-99,524,1012,1249,1183,836,287,-324,-840,-1154,-1182,-911,-425,149,683,1047,1138,947,527,0,-562,-949,-1099,-972,-604,-82,462,890,1089,1013,685,184,-362,-828,-1094,-1089,-803,-313,261,775,1100,1158,931,471,-118,-687,-1089,-1236,-1085,-666,-68,558,1061,1307,1244,884,305,-360,-952,-1323,-1377,-1100,-566,104,760,1243,1446,1299,845,189,-517,-1107,-1439,-1433,-1096,-508,210,884,1344,1492,1294,799,113,-597,-1168,-1472,-1432,-1064,-466,235,884,1328,1468,1272,800,159,-503,-1045,-1351,-1354,-1050,-523,101,687,1100,1260,1140,779,264,-287,-754,-1038,-1078,-884,-506,-39,412,754,917,866,628,271,-126,-476,-709,-775,-677,-437,-114,217,484,643,666,556,347,85,-176,-391,-521,-550,-486,-354,-186,-18,125,0,0,0,0,0,227,133,3,-158,-317,-445,-519,-505,-401,-223,9,253,455,575,590,493,292,27,-249,-480,-611,-617,-491,-255,38,327,550,646,597,420,146,-169,-449,-631,-670,-546,-303,6,322,568,679,631,431,129,-203,-488,-660,-676,-520,-237,103,426,655,718,598,330,-21,-375,-654,-776,-706,-460,-95,301,638,823,814,607,247,-177,-572,-836,-901,-750,-428,8,452,795,947,873,596,175,-299,-704,-941,-959,-751,-363,108,561,887,994,867,537,80,-400,-784,-975,-933,-676,-262,224,656,928,975,787,416,-51,-504,-832,-962,-865,-559,-124,344,720,915,889,652,259,-194,-592,-839,-879,-704,0,84,485,767,860,734,421,7,-410,-722,-844,-753,-472,-71,348,691,853,791,531,136,-301,-675,-877,-861,-627,-228,229,634,893,926,729,347,-129,-581,-894,-988,-840,-480,6,498,864,1018,917,593,120,-387,-802,-1016,-980,-702,-246,271,723,992,1014,780,348,-167,-639,-957,-1037,-857,-460,59,556,920,1065,935,560,51,-474,-880,-1059,-982,-662,-171,359,801,1051,1040,766,297,-246,-725,-1021,-1063,-842,-414,113,614,967,1074,914,530,18,-504,-900,-1069,-972,-641,-151,374,804,1042,1019,737,276,-250,-706,-988,-1026,-817,-401,115,601,929,1025,869,503,8,-486,-854,-1010,-921,-601,-132,0,0,0,0,0,988,980,728,303,-195,-653,-948,-1005,-815,-423,67,540,875,990,862,517,44,-431,-790,-953,-877,-581,-134,341,728,922,881,617,194,-276,-676,-908,-912,-672,-253,235,662,915,946,732,324,-174,-627,-935,-1007,-826,-432,74,571,928,1048,904,533,31,-482,-880,-1055,-961,-622,-129,403,834,1048,1000,695,202,-344,-800,-1057,-1047,-772,-289,271,771,1086,1133,888,412,-169,-723,-1114,-1228,-1026,-573,20,624,1083,1284,1177,779,178,-468,-1003,-1296,-1277,-951,-399,250,837,1227,1323,1101,614,-22,-643,-1101,-1297,-1180,-780,-200,418,927,1207,1187,879,366,-232,-765,-1102,-1162,-933,-476,89,618,986,0,962,568,24,-515,-914,-1085,-989,-645,-137,418,862,1090,1049,747,250,-319,-807,-1098,-1121,-872,-395,186,727,1098,1205,1009,557,-33,-624,-1077,-1281,-1164,-766,-178,467,1014,1321,1317,1005,437,-240,-863,-1289,-1418,-1216,-720,-45,645,1185,1457,1377,973,340,-370,-1000,-1394,-1465,-1200,-651,64,761,1268,1486,1375,942,285,-431,-1040,-1412,-1464,-1186,-643,35,705,1210,1430,1333,955,362,-295,-873,-1239,-1325,-1118,-673,-96,480,927,1161,1127,844,394,-115,-579,-899,-1009,-893,-588,-172,260,612,813,829,662,362,1,-342,-596,-716,-682,-510,-242,64,346,544,623,582,445,241,15,-193,-348,-425,-425,-367,0,0,0,0,0,256,357,414,414,350,218,29,-176,-370,-515,-576,-527,-382,-156,103,354,542,622,567,398,144,-145,-403,-584,-645,-557,-348,-59,249,499,639,641,495,227,-92,-391,-598,-674,-595,-372,-58,265,535,677,652,475,186,-153,-459,-650,-685,-551,-278,61,393,643,736,644,389,28,-348,-641,-792,-754,-527,-164,247,611,836,859,678,332,-101,-521,-822,-930,-822,-518,-84,376,754,955,925,680,271,-205,-632,-910,-982,-817,-458,13,480,832,985,903,608,168,-313,-723,-955,-958,-734,-338,138,583,885,972,831,491,33,-423,-778,-947,-886,-610,-189,271,659,884,881,673,311,-131,-540,0,-862,-712,-385,42,454,745,847,742,445,31,-387,-698,-842,-772,-501,-100,334,685,862,829,580,182,-270,-656,-889,-896,-677,-285,178,607,894,961,783,404,-70,-533,-879,-1012,-893,-543,-56,446,830,1016,957,657,188,-328,-758,-1007,-1003,-750,-303,218,683,978,1034,826,404,-115,-603,-944,-1053,-894,-506,2,515,904,1066,958,616,122,-408,-834,-1056,-1011,-716,-241,291,757,1037,1058,807,354,-181,-671,-998,-1077,-884,-476,48,564,935,1078,951,589,83,-437,-853,-1056,-997,-691,-215,306,755,1014,1025,776,339,-181,-649,-958,-1026,-840,-447,56,543,894,1023,898,550,68,-431,-822,-1006,0,0
38831,mtk,MTK 7916,2421605606,rx2-tx1,512,0,0,0,-212,96,375,559,608,521,307,21,-260,-474,-570,-530,-364,-117,152,374,507,511,390,190,-48,-276,-424,-461,-387,-232,-25,184,338,400,364,239,62,-116,-258,-321,-300,-207,-75,78,205,266,244,163,46,-83,-186,-222,-186,-106,4,116,185,201,162,65,-62,-165,-226,-220,-151,-29,112,235,299,280,178,28,-143,-290,-372,-357,-246,-62,143,324,433,452,355,161,-85,-323,-490,-536,-457,-264,5,278,500,611,571,390,115,-180,-446,-622,-646,-510,-257,55,357,579,664,591,381,86,-233,-502,-654,-640,-480,-208,120,406,591,647,553,315,4,-300,-530,-628,-568,-372,-92,0,453,595,589,432,175,-118,-380,-548,-582,-467,-236,50,322,518,595,514,297,14,-277,-496,-592,-543,-359,-77,231,487,629,618,448,163,-176,-476,-664,-683,-544,-265,88,431,679,769,673,420,60,-329,-640,-801,-784,-580,-233,185,564,805,878,750,434,7,-421,-759,-934,-890,-636,-238,214,628,897,967,816,478,34,-414,-776,-963,-939,-708,-323,135,553,846,962,867,577,162,-279,-649,-865,-896,-733,-423,-25,363,663,812,781,583,269,-89,-411,-634,-712,-640,-436,-154,160,431,592,622,530,337,87,-172,-386,-511,-539,-468,-311,-110,100,272,387,428,396,308,192,69,-45,0,0,0,0,0,-71,-1,74,152,217,257,266,226,147,45,-79,-193,-266,-296,-274,-206,-90,52,181,264,299,272,195,78,-59,-184,-260,-284,-252,-163,-36,98,211,273,276,220,107,-20,-138,-226,-259,-226,-149,-42,79,175,234,232,176,81,-22,-117,-187,-215,-179,-98,-3,85,144,164,145,93,14,-66,-135,-156,-131,-78,-2,79,134,143,109,42,-43,-122,-179,-196,-152,-52,52,154,226,240,197,104,-16,-142,-246,-306,-290,-200,-71,82,224,312,327,271,154,-3,-157,-286,-348,-320,-215,-67,90,233,327,335,258,122,-35,-179,-289,-325,-276,-165,-15,134,258,319,297,193,47,0,-232,-299,-291,-208,-70,95,235,315,316,236,97,-69,-228,-335,-349,-275,-137,38,214,334,371,315,183,-5,-198,-337,-391,-356,-223,-30,176,344,430,411,290,86,-138,-323,-451,-473,-362,-152,87,311,469,517,439,249,-4,-267,-465,-540,-486,-317,-59,219,442,561,542,385,130,-162,-427,-582,-599,-471,-223,98,388,595,665,564,328,14,-322,-581,-700,-660,-467,-136,235,547,724,734,572,274,-96,-450,-699,-787,-687,-420,-53,323,636,800,774,567,235,-162,-523,-758,-817,-692,-405,-27,353,649,796,754,540,210,-169,-500,-703,-750,-622,-348,2,340,588,697,646,441,131,0,0,0,0,0,-605,-626,-498,-267,24,310,522,597,528,338,73,-204,-425,-539,-526,-384,-158,100,327,474,501,407,216,-9,-224,-377,-435,-377,-230,-45,137,289,362,334,223,64,-93,-218,-288,-275,-188,-62,74,185,235,215,133,20,-97,-179,-202,-164,-78,35,140,212,218,145,26,-99,-205,-258,-239,-158,-22,136,262,320,309,216,49,-148,-320,-421,-416,-306,-107,124,331,469,501,401,194,-55,-297,-486,-571,-510,-322,-60,233,488,620,607,448,179,-135,-415,-602,-653,-562,-331,-14,306,554,669,624,436,146,-181,-460,-627,-642,-508,-259,48,351,562,643,564,344,49,-255,-492,-603,0,-394,-125,165,420,574,581,443,200,-89,-366,-547,-584,-488,-275,24,306,511,598,528,328,50,-244,-495,-625,-586,-398,-108,213,480,639,649,490,208,-123,-437,-658,-718,-606,-352,9,381,657,786,734,496,138,-251,-600,-817,-846,-670,-325,98,494,791,913,817,539,130,-330,-711,-926,-933,-738,-371,84,525,840,972,895,605,174,-290,-691,-935,-972,-798,-459,-20,424,769,929,887,664,300,-123,-510,-773,-867,-771,-513,-157,221,534,724,755,627,364,32,-292,-534,-661,-648,-499,-255,24,300,500,588,550,411,203,-36,-256,-421,-503,-491,-394,-240,-71,93,220,294,315,284,0,0,0,0,0,-181,-212,-211,-181,-125,-41,62,157,238,284,281,225,133,8,-122,-230,-291,-300,-252,-147,-13,118,218,281,286,225,123,-4,-131,-230,-278,-269,-194,-76,53,161,244,270,222,130,11,-108,-196,-238,-228,-165,-69,43,145,206,217,174,92,-5,-97,-172,-195,-172,-104,-15,75,138,159,144,91,13,-81,-135,-142,-115,-62,20,104,157,162,120,45,-50,-143,-204,-214,-173,-83,34,154,243,269,237,152,24,-120,-242,-316,-312,-241,-117,50,211,312,342,296,179,24,-137,-267,-339,-333,-244,-98,65,210,304,335,282,151,-15,-167,-282,-328,-292,-188,-34,124,248,306,0,186,50,-108,-241,-314,-306,-225,-82,87,234,316,325,261,124,-51,-216,-328,-364,-299,-156,26,199,325,371,329,201,17,-181,-345,-414,-378,-249,-51,159,335,442,446,327,129,-109,-331,-467,-489,-394,-203,48,287,464,527,461,276,26,-245,-458,-553,-509,-353,-101,194,440,576,573,425,173,-130,-417,-599,-628,-520,-274,52,372,599,681,606,383,62,-279,-563,-716,-696,-513,-206,164,500,723,773,637,346,-23,-395,-678,-799,-744,-519,-150,255,582,780,805,642,330,-66,-447,-711,-806,-730,-486,-130,257,576,756,759,585,283,-80,-426,-661,-730,-639,-402,-75,264,535,673,0,0
38832,mtk,MTK 7916,2421637807,rx0-tx0,512,-349,-207,-443,-228,-340,-429,-501,-550,-567,-558,-504,-436,-334,-206,-76,57,196,324,438,531,594,606,595,557,482,378,249,115,-27,-167,-296,-416,-515,-571,-583,-573,-532,-466,-372,-252,-141,-16,109,221,313,388,444,481,482,453,408,350,275,189,107,25,-61,-140,-209,-264,-316,-347,-362,-363,-359,-344,-318,-273,-218,-160,-88,-13,69,167,256,330,392,447,479,473,449,399,327,228,114,-10,-135,-252,-356,-447,-505,-540,-542,-507,-449,-360,-243,-119,11,138,251,362,441,484,505,492,450,383,287,184,73,-34,-134,-219,-287,-338,-359,-368,-353,-307,-260,-203,-143,-81,-9,51,101,140,-511,184,195,191,183,166,142,121,100,74,55,45,22,7,-4,-31,-54,-71,-98,-126,-149,-172,-190,-212,-217,-201,-177,-149,-101,-37,26,87,160,223,274,319,346,345,323,283,223,152,69,-18,-111,-201,-268,-336,-382,-398,-395,-370,-332,-269,-187,-88,6,100,188,272,335,376,402,407,388,351,292,210,122,29,-67,-158,-244,-309,-367,-398,-412,-403,-371,-315,-235,-144,-51,41,141,234,307,361,395,398,384,349,291,212,119,25,-72,-160,-234,-295,-343,-356,-351,-328,-284,-218,-130,-44,39,123,198,261,304,317,305,272,211,136,49,-40,-124,-189,-221,-231,-208,-155,512,287,1179,-1044,-1191,-146,-123,-64,8,86,160,218,256,260,254,212,140,62,-23,-112,-184,-249,-295,-312,-309,-278,-238,-176,-95,-7,84,166,243,308,346,365,345,307,252,172,86,-5,-101,-183,-259,-321,-355,-364,-354,-316,-262,-196,-117,-34,45,137,207,264,311,328,329,308,271,226,167,95,20,-51,-115,-180,-226,-255,-277,-277,-262,-241,-211,-165,-111,-52,-5,41,91,137,182,212,232,235,236,228,207,177,143,94,52,-1,-68,-130,-188,-222,-253,-282,-293,-288,-271,-234,-178,-118,-45,27,96,167,236,290,326,347,351,334,294,227,153,74,-10,-97,-170,-244,-305,-340,-364,-367,-330,-313,-248,-177,-100,-19,66,147,211,267,309,340,348,337,318,277,231,169,103,33,-43,-113,-180,-248,-301,-340,-364,-376,-374,-353,-313,-254,-182,-97,-4,92,193,286,375,438,493,506,500,474,408,324,214,81,-51,-197,-328,-434,-536,-598,-629,-630,-595,-521,-407,-279,-128,30,186,345,476,579,656,695,694,651,573,457,317,165,-4,-174,-345,-485,-594,-680,-712,-711,-671,-583,-472,-332,-176,-7,155,308,431,529,597,632,635,604,530,436,328,204,64,-65,-191,-303,-391,-465,-513,-540,-530,-497,-440,-367,-286,-181,-69,46,151,249,341,408,463,497,508,496,448,392,-139,-494,-729,-831,-737,-483,-416,-336,-238,-111,18,157,278,385,480,549,582,598,572,510,418,310,169,22,-110,-253,-382,-487,-563,-602,-610,-577,-517,-430,-317,-182,-49,82,212,326,425,481,517,535,511,467,401,318,215,106,-5,-102,-193,-274,-337,-379,-398,-406,-397,-367,-324,-278,-217,-145,-73,-11,53,122,190,263,306,349,380,395,406,392,353,296,225,138,22,-93,-200,-300,-390,-464,-508,-524,-511,-468,-399,-299,-188,-63,77,201,316,411,482,524,538,513,464,384,276,161,41,-86,-195,-295,-373,-420,-447,-442,-409,-352,-286,-203,-115,-30,66,142,197,243,271,289,280,257,229,197,1105,98,55,22,-13,-53,-80,-93,-108,-120,-121,-127,-133,-130,-140,-140,-128,-122,-118,-102,-82,-52,-25,12,61,109,154,197,246,273,277,279,263,220,170,111,30,-56,-145,-224,-286,-336,-367,-383,-379,-337,-282,-221,-128,-37,65,160,243,313,366,392,402,393,368,318,239,155,60,-34,-124,-209,-287,-350,-386,-406,-401,-379,-331,-270,-184,-87,6,102,187,275,341,384,395,395,372,326,260,184,92,-5,-97,-187,-264,-321,-356,-379,-373,-348,-295,-229,-140,-44,46,130,208,275,318,332,332,309,262,198,115,26,-61,-144,-220,-264,-285,-276,-243,-182,-105,-27,57,118,-687,-807,1145,-658,-318,76,139,190,211,212,181,123,45,-34,-112,-195,-249,-280,-291,-276,-235,-184,-109,-25,64,145,215,279,320,335,326,294,243,167,84,-8,-99,-183,-260,-320,-348,-364,-350,-317,-263,-187,-91,-3,87,167,231,287,328,346,354,328,278,215,132,48,-33,-104,-171,-225,-270,-295,-303,-298,-277,-240,-183,-131,-65,3,64,115,167,208,237,241,247,250,234,205,166,123,76,29,-18,-73,-125,-166,-206,-234,-247,-262,-259,-247,-213,-171,-126,-64,5,67,131,195,247,288,319,325,312,284,241,178,110,37,-48,-133,-215,-281,-318,-350,-364,-347,-316,-271,-206,-132,-51,35,826,202,270,313,345,356,356,330,292,236,171,97,15,-54,-127,-190,-249,-300,-331,-347,-348,-330,-304,-267,-203,-143,-67,13,89,172,242,315,372,414,432,435,407,370,304,221,114,-7,-118,-241,-350,-445,-521,-561,-578,-563,-504,-427,-317,-178,-32,111,260,399,517,601,655,668,650,595,500,382,240,76,-93,-257,-401,-534,-635,-704,-729,-702,-632,-526,-405,-250,-85,80,246,391,514,610,670,687,667,604,510,391,255,105,-41,-193,-320,-420,-501,-558,-584,-572,-541,-474,-391,-292,-183,-62,59,171,273,350,421,473,500,504,487,448,381,295,199,87,-25,-136,-236,-317,-1235,-1131
38833,mtk,MTK 7916,2421637807,rx0-tx1,512,87,760,795,-9,-160,-309,-444,-567,-663,-726,-748,-736,-690,-598,-472,-325,-151,29,223,403,562,703,799,861,880,852,783,672,519,338,142,-65,-276,-481,-659,-801,-913,-973,-987,-947,-859,-725,-554,-354,-128,104,329,537,722,862,969,1029,1039,989,896,766,592,393,171,-61,-292,-518,-715,-879,-1000,-1078,-1110,-1086,-995,-862,-687,-480,-239,21,283,530,758,955,1095,1179,1201,1165,1065,912,712,471,200,-78,-356,-612,-830,-1012,-1135,-1191,-1198,-1143,-1013,-842,-629,-388,-130,132,389,620,812,969,1072,1118,1102,1036,916,747,553,328,94,-139,-363,-562,-734,-870,-959,-999,-992,-941,-848,-710,-540,-352,-689,64,274,460,635,778,885,950,966,945,871,757,614,443,230,5,-211,-424,-631,-799,-940,-1038,-1065,-1047,-980,-853,-685,-469,-225,30,290,532,754,943,1075,1162,1181,1123,1016,850,633,378,106,-174,-454,-707,-916,-1081,-1172,-1203,-1169,-1065,-907,-701,-453,-182,104,377,634,850,1007,1117,1159,1128,1045,897,697,468,206,-62,-316,-555,-743,-883,-971,-1004,-978,-894,-764,-595,-396,-195,22,233,421,574,687,760,791,771,715,627,503,354,188,16,-141,-296,-428,-533,-607,-636,-631,-592,-517,-404,-269,-128,26,176,311,426,500,536,538,492,400,279,136,-16,-157,-269,-341,-367,-345,-281,346,523,0,-324,-48,177,189,169,123,59,-22,-107,-186,-239,-272,-286,-275,-243,-183,-117,-43,41,120,190,249,295,327,334,328,299,248,184,101,7,-82,-176,-262,-338,-398,-435,-448,-435,-388,-319,-237,-129,-11,121,255,367,455,525,565,563,532,463,362,239,99,-44,-192,-326,-445,-535,-588,-610,-596,-552,-472,-355,-223,-86,56,197,318,431,515,555,574,569,532,457,363,250,120,-9,-135,-252,-353,-435,-497,-525,-524,-500,-450,-372,-282,-184,-73,39,146,247,333,392,441,469,467,439,395,326,246,153,54,-49,-142,-233,-305,-360,-399,-414,-414,-386,-336,-273,-199,-119,-39,45,127,192,-130,302,327,344,344,326,288,243,183,121,52,-15,-72,-135,-180,-221,-247,-260,-268,-260,-239,-210,-183,-144,-104,-59,-19,25,60,94,126,149,179,204,217,231,234,235,226,213,193,157,114,57,-5,-65,-136,-208,-273,-325,-366,-391,-401,-391,-356,-302,-226,-135,-40,69,184,286,378,455,508,529,531,496,435,356,248,132,2,-122,-247,-360,-451,-516,-557,-573,-550,-501,-433,-337,-224,-105,19,145,256,347,421,477,506,511,482,444,382,302,216,124,29,-64,-147,-222,-291,-354,-396,-421,-427,-431,-416,-378,-332,-271,-201,-114,-26,71,168,262,358,436,497,545,566,558,-519,-583,504,197,-33,-664,-657,-618,-543,-444,-307,-153,14,176,346,506,634,737,797,822,802,732,632,492,327,144,-56,-250,-439,-607,-749,-855,-917,-942,-911,-832,-701,-543,-350,-133,90,309,510,694,842,955,1012,1016,967,879,741,562,359,135,-97,-322,-527,-717,-872,-983,-1047,-1066,-1034,-947,-813,-640,-439,-217,22,272,508,722,906,1046,1136,1163,1132,1049,911,717,485,225,-42,-311,-572,-799,-986,-1123,-1200,-1216,-1167,-1052,-888,-680,-429,-162,106,378,622,825,992,1105,1160,1155,1089,963,798,595,360,108,-143,-380,-605,-786,-927,-1019,-1057,-1045,-977,-867,-720,-539,-333,-113,106,314,511,684,823,919,261,980,928,841,730,574,396,189,-22,-233,-440,-617,-768,-897,-982,-1007,-987,-932,-817,-659,-471,-245,-8,225,467,687,868,1013,1100,1128,1097,1007,863,667,435,182,-97,-366,-613,-836,-1018,-1142,-1203,-1199,-1126,-982,-790,-550,-281,-8,279,545,779,967,1103,1176,1179,1124,1008,823,590,335,55,-212,-468,-699,-875,-1006,-1085,-1093,-1039,-923,-754,-547,-313,-73,160,379,571,730,836,893,901,852,751,620,459,285,94,-94,-263,-414,-543,-639,-695,-705,-677,-618,-521,-398,-254,-95,61,213,353,467,540,582,587,553,486,379,244,96,-54,-203,-330,-418,-471,-474,-427,-337,-215,-82,49,152,689,563,0,-506,-598,12,-58,-132,-190,-233,-253,-240,-195,-127,-58,18,102,179,241,277,303,306,286,252,200,134,58,-24,-106,-192,-263,-320,-365,-384,-383,-363,-316,-250,-164,-64,42,156,260,349,426,481,513,513,474,402,304,191,52,-90,-226,-356,-463,-543,-588,-602,-582,-518,-422,-299,-157,-13,131,267,390,490,558,596,601,564,501,415,292,164,33,-102,-238,-354,-440,-513,-551,-556,-533,-485,-412,-316,-207,-82,35,147,255,345,414,467,492,493,467,425,348,259,166,63,-48,-145,-235,-315,-375,-420,-446,-442,-418,-371,-305,-226,-135,-42,48,142,218,284,336,366,381,380,353,310,245,199,124,50,-29,-102,-168,-218,-263,-290,-309,-308,-296,-269,-226,-176,-123,-74,-17,40,91,134,164,192,211,220,223,222,210,201,176,153,128,96,62,26,-14,-55,-96,-136,-189,-235,-268,-294,-306,-317,-311,-282,-233,-180,-110,-28,66,164,249,322,389,438,473,485,460,408,344,252,144,28,-94,-218,-327,-424,-496,-546,-565,-554,-515,-443,-349,-239,-124,9,145,258,364,451,513,543,552,531,480,401,315,212,100,-13,-121,-216,-305,-371,-416,-448,-462,-448,-420,-373,-325,-257,-179,-99,-23,57,146,221,291,354,411,450,470,475,457,424,372,288,199,93,-29,-153,267,-10
38834,mtk,MTK 7916,2421637807,rx1-tx0,512,0,-745,-662,254,405,528,622,693,732,739,687,611,506,362,200,28,-153,-341,-503,-629,-739,-818,-835,-811,-750,-649,-510,-343,-155,51,252,437,607,753,849,895,907,866,776,642,469,275,63,-158,-360,-542,-703,-832,-908,-936,-923,-854,-743,-590,-406,-196,13,224,429,607,761,850,911,936,898,819,685,527,332,118,-96,-303,-488,-659,-780,-856,-895,-893,-837,-731,-584,-402,-216,-20,184,366,523,655,747,800,803,762,694,582,448,296,125,-35,-195,-347,-472,-568,-633,-660,-665,-636,-572,-480,-356,-219,-91,48,170,301,405,481,535,564,563,539,481,407,308,197,84,-42,-161,-268,216,-439,-478,-498,-503,-479,-427,-355,-265,-154,-51,55,164,261,332,393,428,441,436,392,340,275,194,110,20,-77,-161,-244,-307,-347,-371,-374,-354,-318,-281,-219,-145,-73,1,75,141,187,228,258,267,262,239,230,212,173,140,97,55,24,-27,-65,-107,-146,-185,-215,-243,-267,-263,-263,-245,-202,-157,-100,-31,44,129,208,265,302,341,351,325,305,256,176,87,19,-57,-145,-214,-274,-311,-321,-322,-299,-251,-202,-133,-55,17,90,156,214,251,277,280,264,244,203,144,82,14,-51,-109,-159,-205,-229,-237,-226,-196,-151,-94,-28,39,105,152,177,181,164,120,76,-109,-439,0,928,985,-141,-171,-172,-144,-95,-31,41,108,164,213,238,237,216,178,129,67,-5,-80,-144,-192,-228,-256,-261,-253,-223,-177,-123,-58,7,63,117,172,204,224,241,244,228,205,172,126,79,35,-22,-88,-137,-174,-218,-259,-276,-277,-274,-247,-211,-156,-88,-29,49,138,192,247,306,328,341,333,301,252,185,115,29,-51,-133,-211,-268,-316,-342,-349,-341,-307,-258,-195,-110,-30,47,117,177,242,293,309,317,313,288,246,187,117,53,-11,-71,-124,-167,-209,-245,-257,-252,-238,-215,-177,-132,-93,-39,10,54,82,120,154,172,196,198,187,176,154,132,101,66,33,-2,-584,-57,-89,-112,-137,-154,-166,-177,-168,-158,-143,-124,-101,-68,-30,8,52,89,120,151,173,188,193,187,183,160,127,95,66,38,4,-31,-66,-98,-127,-157,-183,-196,-209,-215,-212,-200,-181,-151,-114,-72,-14,31,87,155,211,275,317,355,368,366,348,298,248,162,62,-34,-137,-247,-355,-429,-506,-535,-528,-508,-458,-373,-269,-146,-11,140,275,384,494,571,619,631,603,549,459,353,220,74,-84,-235,-374,-480,-576,-651,-665,-648,-610,-532,-428,-303,-162,-2,152,282,405,514,587,632,646,624,576,502,398,276,141,1,-134,-266,-393,-497,-571,-624,-645,-643,-608,-530,-241,237,0,-16,-355,645,578,477,349,206,44,-126,-287,-430,-570,-684,-753,-779,-775,-728,-633,-513,-367,-180,19,204,382,546,689,790,854,871,832,766,655,499,303,103,-101,-307,-495,-664,-792,-880,-929,-916,-861,-764,-624,-445,-238,-29,190,398,578,734,850,921,932,913,841,732,564,363,171,-53,-268,-471,-644,-776,-875,-925,-927,-876,-787,-649,-466,-277,-75,134,340,520,668,778,835,866,841,767,657,513,332,155,-29,-192,-356,-507,-612,-693,-730,-725,-692,-619,-513,-390,-250,-106,35,181,318,434,532,584,611,605,577,523,433,334,209,84,-41,-169,-281,-379,-462,-508,-535,-536,-501,-451,757,-292,-180,-73,42,157,256,343,414,455,466,474,455,399,323,234,136,36,-73,-172,-249,-317,-367,-405,-423,-412,-372,-320,-246,-172,-89,-1,84,154,216,278,308,318,318,304,276,237,189,130,73,13,-43,-86,-138,-167,-193,-209,-214,-228,-232,-222,-209,-188,-164,-130,-90,-28,32,86,149,200,245,282,306,318,309,272,210,152,82,-18,-100,-173,-253,-305,-330,-342,-340,-303,-242,-185,-115,-39,36,125,187,237,285,302,306,289,258,207,147,82,1,-64,-124,-183,-220,-244,-257,-245,-221,-190,-137,-73,-8,59,118,171,209,217,210,180,132,71,6,-61,-105,-117,743,610,0,-336,139,-53,0,69,131,180,209,217,199,164,105,33,-43,-111,-166,-214,-241,-253,-246,-212,-169,-114,-49,19,79,138,187,223,250,252,241,226,188,139,90,36,-25,-77,-116,-165,-204,-227,-243,-253,-242,-217,-186,-154,-102,-39,16,87,145,205,256,291,307,326,307,262,227,155,69,-3,-90,-170,-239,-293,-336,-353,-348,-328,-284,-232,-162,-78,5,93,170,238,291,324,334,333,311,271,216,138,70,9,-56,-128,-190,-236,-266,-283,-289,-279,-245,-201,-158,-103,-46,10,66,122,162,185,205,219,221,201,184,162,122,93,64,17,-18,-55,-88,-110,-144,-160,-171,-171,-674,-167,-145,-128,-102,-72,-40,-4,36,68,101,128,155,174,181,186,175,160,144,120,85,48,2,-31,-70,-110,-134,-158,-171,-183,-190,-186,-178,-160,-144,-124,-87,-54,-18,28,70,115,152,190,217,250,270,271,281,263,232,188,127,57,-27,-104,-195,-270,-337,-403,-429,-452,-447,-420,-352,-269,-171,-37,88,204,331,435,514,566,597,591,536,467,371,245,110,-38,-183,-324,-447,-542,-619,-655,-663,-627,-548,-442,-326,-181,-25,115,261,398,505,584,640,662,637,584,509,399,266,134,-9,-152,-276,-402,-503,-581,-629,-641,-624,-582,-507,-404,-285,-156,-15,123,265,395,-952,-955
38835,mtk,MTK 7916,2421637807,rx1-tx1,512,0,0,0,-650,-682,-515,-197,184,512,695,672,446,95,-282,-584,-713,-628,-358,11,370,622,684,534,236,-121,-436,-620,-612,-424,-112,230,496,600,515,273,-41,-338,-528,-550,-394,-115,195,439,553,500,277,-34,-337,-532,-565,-420,-143,189,463,600,549,336,14,-311,-550,-634,-533,-256,91,410,613,633,457,158,-184,-477,-639,-601,-386,-67,261,509,610,541,312,6,-298,-503,-560,-450,-211,84,334,475,483,352,113,-149,-352,-442,-400,-239,-12,202,345,380,298,128,-68,-240,-331,-318,-213,-41,139,266,304,246,112,-47,-186,-263,-262,-177,-41,103,209,242,206,104,-35,-156,-228,0,-148,-31,96,191,225,186,87,-35,-146,-209,-208,-140,-18,105,189,224,186,85,-46,-162,-234,-235,-163,-32,114,219,269,248,141,-16,-170,-274,-296,-238,-114,54,216,322,327,248,97,-84,-245,-345,-353,-259,-95,96,260,351,351,258,94,-94,-256,-357,-359,-261,-103,76,239,342,348,261,114,-56,-207,-301,-324,-264,-135,21,163,260,295,249,148,19,-115,-217,-258,-240,-165,-51,65,160,221,228,184,93,-17,-121,-189,-213,-186,-121,-31,66,150,192,192,150,75,-14,-100,-166,-195,-184,-135,-56,34,115,172,190,173,129,62,-17,-88,-137,-157,-150,-123,-82,-30,0,0,0,0,0,62,35,0,-45,-87,-117,-128,-105,-51,12,81,145,175,162,108,22,-80,-167,-212,-197,-132,-37,72,170,225,221,155,41,-89,-199,-255,-239,-161,-33,111,226,277,249,141,-11,-155,-255,-295,-254,-129,39,186,276,294,219,70,-99,-240,-323,-300,-181,-4,180,316,354,283,135,-59,-250,-373,-380,-272,-80,144,336,432,394,234,7,-231,-409,-473,-396,-197,69,325,488,507,377,134,-149,-402,-548,-528,-358,-85,214,462,574,525,321,18,-289,-514,-595,-508,-274,52,354,539,571,442,179,-128,-401,-554,-544,-367,-84,213,446,539,471,256,-28,-304,-486,-516,-384,-128,0,411,516,480,290,-7,-295,-494,-545,-426,-170,144,422,578,554,360,50,-285,-532,-619,-521,-261,84,411,620,644,464,139,-227,-539,-695,-634,-371,8,393,667,739,595,266,-156,-543,-779,-780,-542,-136,319,681,847,763,451,2,-460,-791,-883,-710,-332,140,589,863,887,643,206,-288,-692,-897,-842,-535,-72,408,761,890,754,397,-71,-509,-794,-836,-632,-249,202,595,797,751,479,78,-343,-645,-740,-615,-307,92,457,672,675,477,130,-251,-548,-673,-583,-314,47,390,609,640,476,163,-202,-503,-652,-597,-354,-8,349,596,655,521,229,-139,-470,-650,-635,-426,-90,271,551,0,0,0,0,0,253,-129,-475,-681,-687,-484,-140,237,547,700,651,409,47,-332,-608,-697,-588,-308,63,409,624,659,496,182,-177,-470,-616,-567,-346,-29,289,515,575,456,201,-118,-403,-557,-528,-337,-40,265,493,560,447,196,-114,-395,-562,-560,-385,-87,244,506,619,541,299,-36,-364,-593,-637,-494,-207,134,441,618,609,429,121,-219,-495,-622,-571,-354,-37,280,511,586,487,254,-45,-317,-492,-524,-394,-158,106,337,461,441,296,67,-175,-353,-416,-351,-182,32,230,341,342,243,77,-106,-257,-328,-290,-160,13,169,271,289,208,70,-79,-203,-263,-237,-140,1,135,216,235,187,76,0,-175,-228,-199,-111,6,117,195,212,157,50,-67,-171,-226,-202,-111,16,134,212,225,174,56,-80,-192,-247,-235,-142,-3,150,260,287,238,121,-39,-197,-297,-316,-250,-112,75,243,332,333,250,95,-94,-255,-349,-356,-262,-93,94,258,354,347,257,100,-85,-252,-348,-350,-267,-121,64,222,319,337,267,132,-34,-186,-286,-312,-263,-157,-11,133,235,268,244,161,34,-89,-189,-239,-232,-169,-73,44,148,210,220,186,112,5,-97,-169,-203,-192,-139,-58,36,120,177,200,179,113,22,-69,-142,-188,-193,-157,-90,-11,70,138,178,179,151,100,39,-25,-76,-106,-119,0,0,0,0,0,49,77,93,92,69,27,-32,-92,-135,-156,-143,-86,-6,79,147,183,175,121,31,-76,-167,-216,-210,-146,-39,80,184,240,236,162,35,-103,-212,-266,-252,-164,-25,129,248,290,242,135,-15,-170,-274,-293,-224,-98,63,215,306,295,196,41,-135,-274,-339,-298,-159,28,205,334,367,278,101,-106,-289,-392,-385,-260,-42,203,375,437,384,221,-28,-274,-441,-488,-390,-171,107,359,510,517,372,108,-192,-437,-562,-531,-343,-46,259,485,584,519,293,-15,-319,-535,-599,-483,-225,95,380,551,565,410,138,-171,-424,-549,-503,-310,-26,262,467,528,424,198,-86,-349,-513,0,-333,-63,225,451,529,444,230,-70,-363,-541,-552,-394,-109,214,480,603,536,308,-13,-348,-582,-637,-498,-206,162,485,658,632,417,72,-313,-615,-732,-621,-319,83,469,722,768,573,195,-246,-614,-816,-773,-494,-64,382,734,874,752,400,-78,-529,-824,-882,-687,-279,216,646,892,869,587,131,-357,-739,-902,-803,-459,9,466,781,865,693,322,-137,-552,-800,-800,-563,-159,279,619,765,679,389,-8,-397,-665,-722,-548,-219,167,497,670,634,396,40,-325,-587,-662,-530,-234,128,448,633,616,410,72,-283,-557,-662,-565,-294,73,417,631,654,478,160,-211,-514,-662,-609,-372,0,0
38836,mtk,MTK 7916,2421637807,rx2-tx0,512,0,0,0,-272,284,755,1000,935,577,39,-498,-883,-996,-804,-364,188,676,950,929,619,117,-413,-816,-962,-805,-394,139,617,894,890,599,118,-396,-794,-937,-776,-369,159,639,919,903,598,98,-439,-843,-984,-810,-375,181,685,983,970,652,126,-444,-874,-1031,-863,-424,145,667,981,985,678,149,-425,-867,-1028,-863,-417,168,704,1019,1015,682,123,-478,-938,-1110,-924,-442,179,758,1116,1129,784,187,-475,-998,-1226,-1082,-600,69,725,1169,1258,961,373,-331,-936,-1261,-1206,-788,-136,556,1075,1272,1087,570,-118,-753,-1152,-1201,-889,-309,355,901,1163,1069,648,41,-570,-1001,-1117,-879,-380,225,755,0,1016,656,93,-487,-910,-1046,-854,-394,193,718,1010,995,672,127,-462,-915,-1080,-904,-447,152,710,1050,1067,757,198,-437,-946,-1175,-1043,-576,70,698,1134,1238,957,379,-321,-937,-1277,-1242,-829,-159,571,1134,1366,1197,672,-56,-786,-1286,-1398,-1101,-486,281,972,1376,1375,966,273,-499,-1129,-1436,-1320,-814,-68,696,1250,1445,1228,662,-90,-813,-1300,-1411,-1129,-530,209,869,1275,1327,1003,407,-284,-871,-1202,-1188,-843,-285,328,824,1077,1023,691,180,-354,-766,-948,-860,-535,-82,363,690,806,696,404,19,-359,-618,-701,-595,-335,-2,310,536,621,545,343,80,-185,-387,-489,-474,-365,-208,-42,0,0,0,0,0,254,145,-13,-198,-371,-485,-503,-406,-209,43,301,501,590,531,336,52,-247,-494,-620,-576,-376,-72,253,519,644,585,360,38,-296,-554,-662,-578,-328,20,365,608,673,540,248,-116,-450,-651,-662,-476,-142,232,538,685,619,363,-13,-386,-649,-709,-553,-222,184,538,743,710,460,62,-364,-691,-815,-690,-349,93,529,816,856,634,222,-261,-674,-895,-849,-547,-75,420,801,946,797,415,-92,-577,-893,-942,-713,-265,262,707,949,903,581,83,-435,-821,-961,-815,-425,94,581,892,939,703,253,-268,-704,-925,-867,-551,-76,418,789,910,753,376,-113,-561,-837,-849,-596,-164,310,0,846,731,394,-62,-500,-777,-807,-583,-175,292,665,833,733,396,-71,-517,-807,-842,-608,-177,312,711,896,800,447,-47,-534,-860,-923,-706,-258,281,730,963,900,550,29,-500,-882,-991,-794,-349,204,699,985,956,627,111,-441,-860,-1008,-836,-408,152,669,975,978,672,152,-415,-852,-1026,-878,-450,121,650,976,1005,715,195,-391,-850,-1045,-917,-503,68,621,985,1040,770,258,-337,-828,-1060,-964,-568,10,578,965,1054,820,330,-259,-769,-1040,-987,-623,-73,498,916,1052,859,405,-170,-691,-996,-989,-676,-153,415,850,1020,876,460,-96,-620,-948,-982,-710,-220,345,796,1001,893,507,0,0,0,0,0,-974,-970,-669,-164,395,829,1010,872,467,-76,-591,-928,-977,-723,-242,307,753,963,875,508,-11,-519,-864,-933,-705,-255,278,718,920,834,485,-21,-529,-864,-924,-686,-228,303,748,958,860,485,-45,-575,-926,-987,-739,-258,313,785,1014,929,547,-16,-569,-942,-1024,-784,-288,289,770,1010,929,551,-6,-569,-949,-1034,-782,-274,327,825,1067,973,567,-25,-621,-1035,-1125,-859,-320,331,891,1180,1110,699,57,-612,-1098,-1250,-1027,-485,214,843,1222,1239,881,256,-450,-1018,-1276,-1156,-685,-6,663,1125,1241,989,444,-239,-839,-1172,-1151,-784,-182,465,956,1145,983,527,-92,-675,-1037,-1069,-774,0,365,847,1060,940,532,-40,-606,-978,-1040,-770,-260,328,818,1057,963,562,-17,-597,-996,-1085,-836,-324,296,839,1125,1064,672,67,-573,-1049,-1211,-1007,-485,198,828,1217,1247,901,275,-452,-1050,-1337,-1231,-764,-61,666,1200,1379,1152,575,-179,-881,-1326,-1386,-1037,-391,387,1058,1414,1349,896,181,-592,-1194,-1445,-1270,-734,3,744,1274,1433,1179,589,-158,-849,-1294,-1375,-1070,-471,247,880,1247,1260,929,351,-303,-852,-1141,-1107,-769,-237,343,802,1011,931,600,124,-358,-717,-868,-772,-467,-46,365,652,752,642,366,2,-345,-585,-657,-560,-328,-25,265,477,564,520,367,146,-77,-253,-351,-368,0,0,0,0,0,236,352,413,398,292,108,-124,-342,-497,-555,-489,-294,-19,266,494,601,562,366,72,-245,-498,-624,-588,-383,-68,272,536,648,580,349,15,-328,-578,-664,-564,-286,80,417,633,675,515,198,-183,-503,-669,-642,-421,-70,308,589,696,587,293,-89,-462,-693,-716,-514,-148,281,621,779,704,410,-17,-445,-753,-836,-667,-294,177,602,859,854,598,159,-341,-742,-922,-829,-487,6,503,850,945,757,339,-180,-645,-920,-925,-652,-180,347,769,961,858,502,-3,-511,-866,-960,-767,-347,179,643,914,910,634,167,-349,-752,-924,-820,-467,21,499,815,881,680,274,-210,-623,-842,-802,0,-52,412,734,826,665,289,-179,-588,-809,-773,-494,-54,407,739,841,675,290,-193,-619,-860,-836,-547,-75,421,791,916,756,357,-160,-640,-922,-918,-629,-144,394,813,987,854,454,-90,-611,-945,-985,-720,-233,327,788,1001,903,524,-19,-560,-921,-996,-759,-287,284,770,1016,938,566,20,-536,-931,-1027,-804,-326,254,758,1027,975,608,48,-519,-926,-1050,-850,-390,196,732,1037,1016,678,131,-455,-899,-1062,-895,-453,126,669,1009,1031,732,209,-384,-854,-1056,-933,-522,47,596,956,1022,764,277,-291,-775,-1024,-948,-575,-27,518,902,1006,798,342,-220,-715,-989,-948,-612,-92,454,864,0,0
38837,mtk,MTK 7916,2421637807,rx2-tx1,512,0,0,0,316,-35,-376,-598,-629,-478,-190,146,438,590,565,376,77,-240,-484,-577,-493,-269,28,315,487,512,389,152,-124,-345,-462,-433,-272,-41,187,349,397,326,159,-53,-234,-332,-319,-205,-32,133,238,267,208,79,-74,-184,-223,-188,-84,49,155,197,169,75,-47,-153,-203,-178,-81,58,180,244,218,123,-30,-187,-306,-317,-219,-45,155,324,400,356,187,-41,-272,-430,-459,-348,-124,151,395,528,503,322,34,-270,-495,-582,-491,-251,74,380,583,614,458,155,-191,-480,-637,-601,-385,-55,292,554,653,560,292,-61,-391,-609,-637,-473,-168,187,480,631,603,384,48,-293,-541,0,-532,-268,76,391,597,619,441,130,-208,-490,-619,-548,-311,12,332,560,613,474,190,-156,-445,-597,-567,-359,-27,316,557,638,521,234,-136,-462,-647,-649,-452,-93,299,605,726,638,346,-54,-453,-726,-783,-601,-244,198,598,821,802,551,142,-326,-708,-880,-802,-497,-28,457,801,916,778,410,-91,-568,-880,-939,-730,-310,198,644,907,920,665,232,-268,-692,-918,-894,-629,-186,300,690,886,833,555,134,-309,-657,-816,-752,-485,-93,308,608,729,653,404,59,-295,-556,-649,-566,-342,-43,260,483,574,514,328,73,-189,-397,-500,-481,-357,-166,48,231,341,372,326,230,109,0,0,0,0,0,-97,-38,46,140,218,258,247,182,78,-49,-175,-262,-291,-247,-142,-5,133,246,295,266,167,24,-114,-222,-284,-263,-173,-39,112,225,275,253,156,15,-119,-222,-260,-219,-120,6,134,215,238,187,82,-43,-154,-220,-217,-145,-38,74,163,198,170,87,-20,-108,-150,-149,-113,-32,57,118,138,121,57,-42,-109,-119,-97,-47,37,109,143,121,62,-26,-115,-178,-190,-131,-23,101,204,249,228,139,-3,-157,-271,-302,-251,-129,47,210,318,334,245,94,-86,-247,-338,-321,-216,-52,131,272,333,294,168,-6,-179,-296,-314,-241,-103,72,221,306,287,174,9,-157,-276,0,-256,-106,77,242,323,309,191,14,-180,-326,-369,-296,-132,78,265,376,370,243,40,-173,-346,-415,-349,-173,55,269,398,412,298,85,-167,-369,-456,-413,-235,22,281,443,475,368,142,-141,-384,-509,-472,-295,-30,252,465,537,430,191,-110,-378,-534,-533,-359,-58,252,484,580,497,243,-95,-396,-579,-593,-418,-102,253,540,664,591,338,-29,-393,-649,-708,-548,-216,187,537,744,725,481,96,-323,-660,-803,-701,-395,29,448,744,820,650,284,-164,-563,-803,-812,-585,-187,266,639,829,770,486,66,-364,-682,-807,-696,-384,37,439,705,760,588,250,-149,-496,-690,-674,-462,0,0,0,0,0,582,652,522,251,-97,-411,-596,-595,-421,-130,195,461,586,538,326,21,-280,-488,-548,-435,-198,85,329,478,478,329,89,-162,-355,-432,-378,-217,4,216,349,364,270,95,-96,-246,-304,-255,-133,16,158,237,228,151,21,-111,-190,-197,-126,-4,108,182,180,118,17,-109,-211,-233,-157,-23,125,238,277,234,100,-82,-257,-354,-330,-197,-2,210,379,436,348,157,-90,-325,-478,-490,-341,-79,213,449,556,487,277,-19,-329,-550,-596,-467,-200,134,440,610,606,424,109,-247,-527,-649,-577,-338,-8,341,587,658,527,240,-117,-440,-629,-621,-429,-117,238,524,647,573,329,0,-350,-577,-629,-492,-209,139,440,606,590,388,61,-277,-520,-605,-509,-246,93,400,583,590,411,98,-241,-503,-621,-547,-291,58,389,613,648,482,160,-214,-527,-694,-652,-402,-29,368,662,759,626,302,-128,-529,-786,-801,-574,-183,266,654,859,808,527,91,-388,-760,-901,-787,-446,34,513,839,937,759,351,-152,-598,-883,-926,-702,-272,225,668,917,906,649,211,-288,-695,-900,-859,-582,-152,309,668,837,776,514,116,-313,-637,-776,-698,-432,-65,310,581,685,605,372,41,-290,-533,-621,-548,-342,-50,248,456,547,507,344,107,-136,-328,-437,-446,-359,-207,-39,112,217,265,0,0,0,0,0,-144,-198,-212,-181,-112,-16,99,204,269,282,228,115,-20,-152,-254,-292,-254,-153,-20,118,228,282,258,169,39,-108,-226,-277,-250,-158,-24,116,219,262,232,125,-13,-136,-226,-256,-213,-104,35,153,216,219,165,61,-66,-159,-204,-195,-126,-21,88,164,180,133,60,-36,-123,-159,-143,-85,6,83,126,126,76,-3,-71,-120,-132,-88,-2,78,145,171,143,51,-66,-169,-221,-212,-132,-3,134,242,285,249,135,-33,-191,-292,-314,-252,-115,59,225,326,337,247,83,-113,-272,-348,-320,-197,-21,154,288,332,277,136,-42,-205,-301,-305,-217,-58,122,261,321,284,161,0,-198,-309,-314,-221,-62,112,267,344,300,156,-40,-229,-349,-367,-274,-86,127,298,388,361,219,5,-217,-370,-403,-319,-138,110,320,430,411,267,29,-214,-397,-462,-386,-183,86,336,478,482,332,73,-212,-426,-520,-462,-260,29,308,494,531,400,134,-172,-427,-555,-505,-293,12,319,538,589,456,171,-173,-467,-619,-592,-379,-32,330,590,686,574,276,-104,-471,-702,-724,-521,-161,252,600,771,710,439,35,-395,-710,-816,-680,-346,96,513,780,815,617,233,-216,-603,-814,-795,-543,-133,316,672,831,744,443,18,-399,-697,-786,-645,-319,94,472,703,718,530,185,-200,-518,0,0
38838,mtk,MTK 7916,2421676385,rx0-tx0,512,-349,-207,-443,-126,-282,-410,-520,-599,-636,-626,-563,-470,-332,-169,10,191,361,512,616,664,679,646,552,418,250,74,-127,-313,-459,-575,-650,-684,-666,-586,-460,-309,-143,34,207,357,488,573,612,606,555,474,375,228,74,-80,-216,-334,-416,-470,-503,-485,-459,-409,-318,-220,-102,12,122,221,306,378,432,470,473,440,382,308,211,82,-48,-187,-304,-424,-509,-549,-575,-527,-452,-346,-199,-37,119,274,414,517,589,606,575,499,381,224,61,-105,-263,-397,-501,-549,-556,-525,-444,-330,-198,-49,96,221,322,393,436,443,403,339,248,147,41,-57,-147,-209,-252,-275,-270,-244,-206,-160,-511,-40,13,44,72,87,105,107,104,95,87,76,69,67,64,67,66,53,38,24,-5,-48,-82,-124,-162,-184,-197,-203,-187,-148,-104,-40,32,109,181,233,282,309,302,259,208,135,54,-34,-116,-192,-265,-307,-319,-318,-292,-230,-151,-71,12,102,177,229,271,296,296,278,236,173,111,43,-33,-104,-174,-216,-252,-275,-279,-268,-224,-172,-108,-39,42,123,195,242,281,296,290,264,216,150,70,-17,-104,-177,-238,-281,-295,-289,-265,-207,-138,-58,32,112,181,232,268,272,254,221,170,99,11,-72,-144,-204,-244,-260,-236,-191,-136,-56,27,103,160,187,177,138,512,287,1179,-1044,-1191,219,207,149,54,-58,-172,-272,-339,-358,-336,-267,-173,-49,76,202,311,382,421,422,383,304,194,66,-70,-214,-340,-431,-496,-509,-475,-406,-290,-149,14,173,324,447,524,566,559,498,389,257,90,-91,-253,-386,-503,-573,-597,-573,-490,-371,-223,-62,104,253,389,504,547,563,530,465,357,228,83,-70,-213,-333,-419,-470,-494,-472,-428,-343,-242,-139,-15,92,195,290,367,422,427,421,382,315,244,151,42,-76,-188,-287,-355,-397,-428,-437,-406,-347,-265,-167,-51,66,184,286,373,429,466,472,437,363,264,141,3,-130,-245,-358,-438,-490,-511,-480,-412,-333,-218,-76,-330,182,296,386,455,483,484,460,387,294,171,38,-92,-200,-306,-384,-432,-465,-452,-415,-372,-291,-200,-92,36,153,253,338,408,447,474,464,426,356,259,151,39,-85,-222,-346,-465,-536,-570,-575,-544,-482,-357,-206,-41,130,309,472,594,681,727,708,640,527,360,174,-33,-242,-439,-599,-717,-793,-818,-771,-653,-495,-302,-76,166,383,580,732,817,854,819,719,567,363,130,-95,-320,-518,-672,-774,-820,-798,-717,-578,-396,-198,9,212,385,522,636,694,702,651,568,448,283,115,-48,-201,-347,-466,-542,-583,-593,-562,-494,-398,-278,-134,11,153,290,404,492,558,574,551,-139,-494,-729,-831,-737,-594,-537,-448,-338,-189,-26,151,313,460,573,644,667,636,577,462,304,127,-56,-248,-420,-556,-645,-692,-697,-630,-518,-374,-202,-16,178,354,491,585,641,649,608,535,415,262,94,-77,-233,-361,-464,-540,-564,-552,-503,-425,-317,-207,-75,54,156,273,359,424,459,458,439,394,333,256,163,56,-67,-180,-280,-373,-456,-505,-518,-489,-428,-342,-212,-83,66,232,358,473,559,594,581,529,435,308,153,-25,-195,-347,-469,-558,-590,-587,-531,-435,-294,-135,20,180,323,422,492,517,495,431,344,233,113,-19,-139,-237,-302,-349,-358,-344,-300,-233,-164,-83,3,69,125,158,1105,205,182,157,128,103,72,39,16,-1,-11,-23,-25,-35,-39,-51,-70,-89,-105,-119,-140,-141,-132,-119,-87,-46,-1,61,130,181,221,255,262,258,222,168,104,19,-72,-155,-222,-278,-315,-323,-299,-258,-185,-96,-16,73,158,231,270,300,315,305,260,197,128,51,-31,-105,-180,-233,-260,-286,-285,-269,-223,-169,-110,-38,31,105,172,220,256,281,283,266,219,160,100,22,-56,-144,-207,-260,-294,-302,-285,-244,-188,-110,-25,62,142,214,263,294,300,272,221,158,81,-2,-83,-153,-213,-254,-265,-254,-218,-164,-95,-8,72,140,195,226,220,186,129,57,-17,-71,-687,-807,1145,-658,-318,-44,-134,-228,-286,-302,-270,-197,-92,29,155,263,342,385,385,352,271,165,44,-89,-216,-328,-416,-458,-462,-425,-339,-236,-97,64,206,338,442,514,546,523,457,337,192,38,-130,-290,-419,-520,-584,-588,-531,-439,-315,-153,10,188,340,459,549,582,571,510,422,287,139,-12,-167,-305,-415,-490,-532,-532,-485,-400,-289,-167,-32,101,219,328,395,447,459,436,393,326,243,135,25,-83,-199,-278,-347,-400,-427,-421,-387,-327,-240,-153,-53,64,178,276,354,412,445,449,418,361,271,161,44,-89,-212,-322,-411,-479,-504,-483,-427,-355,-239,-116,21,166,279,379,465,502,826,459,393,305,193,66,-61,-194,-315,-402,-460,-486,-471,-428,-360,-256,-155,-42,86,180,275,350,411,460,465,435,368,296,211,106,8,-118,-222,-323,-403,-458,-496,-507,-479,-426,-330,-186,-47,113,251,401,530,602,649,648,615,505,364,197,11,-191,-368,-538,-662,-733,-766,-734,-653,-512,-336,-136,85,311,505,665,777,842,829,760,641,446,228,-11,-248,-463,-643,-776,-840,-836,-783,-656,-480,-282,-60,157,363,544,673,748,770,723,631,504,339,154,-46,-226,-376,-510,-600,-636,-634,-595,-519,-404,-271,-126,25,172,307,419,505,553,572,558,505,412,300,160,16,-125,-1235,-1131
38839,mtk,MTK 7916,2421676385,rx0-tx1,512,87,760,795,120,-50,-219,-382,-534,-642,-714,-731,-694,-616,-482,-307,-109,98,309,502,659,777,838,844,793,671,512,319,88,-156,-389,-596,-763,-877,-943,-937,-862,-727,-532,-310,-51,219,466,685,862,974,1021,1004,913,752,536,284,18,-252,-515,-734,-903,-1018,-1065,-1036,-933,-778,-557,-308,-37,243,511,743,935,1060,1113,1094,1002,838,619,347,49,-250,-550,-811,-1008,-1132,-1188,-1156,-1041,-852,-600,-306,3,317,612,852,1035,1149,1184,1130,993,791,535,238,-68,-366,-637,-864,-1029,-1123,-1121,-1052,-921,-716,-466,-183,110,382,627,824,972,1035,1034,968,830,643,423,173,-86,-342,-568,-752,-884,-689,-973,-922,-811,-649,-450,-209,39,279,512,706,853,950,986,963,874,722,515,267,6,-265,-531,-753,-934,-1055,-1097,-1067,-957,-779,-535,-246,63,370,661,913,1092,1195,1210,1134,978,730,437,117,-231,-557,-844,-1071,-1215,-1268,-1221,-1072,-854,-571,-234,110,450,752,995,1160,1232,1211,1097,896,637,324,-1,-323,-626,-871,-1041,-1134,-1120,-1030,-858,-624,-354,-63,233,489,708,867,953,959,895,769,580,359,121,-118,-346,-535,-678,-768,-795,-762,-661,-527,-351,-148,56,252,420,555,636,668,639,550,425,265,83,-102,-276,-415,-512,-556,-543,-472,-344,-185,-7,158,290,371,386,341,244,346,523,0,-324,-48,-154,-205,-228,-219,-168,-93,0,103,195,266,303,307,282,227,152,59,-43,-133,-217,-289,-335,-348,-333,-298,-243,-159,-58,45,154,250,336,399,433,434,401,331,239,114,-22,-170,-301,-413,-513,-567,-566,-525,-442,-310,-149,24,212,379,516,622,669,660,600,490,347,159,-44,-244,-411,-550,-643,-690,-684,-616,-494,-340,-166,21,200,369,510,607,652,641,591,502,371,214,42,-130,-276,-414,-516,-573,-594,-567,-491,-390,-257,-116,31,168,292,398,470,512,510,471,400,308,199,81,-44,-164,-273,-362,-415,-440,-444,-408,-346,-270,-168,-55,55,162,253,322,372,389,381,-130,295,230,142,49,-52,-137,-203,-266,-305,-330,-317,-300,-253,-183,-114,-44,26,98,152,192,215,224,221,207,187,158,120,67,32,-4,-43,-70,-94,-121,-137,-150,-157,-166,-180,-189,-175,-150,-131,-92,-44,3,76,145,218,272,326,357,352,341,282,206,118,9,-113,-229,-333,-413,-469,-491,-473,-421,-334,-219,-93,54,198,329,438,506,548,549,499,427,310,177,33,-123,-261,-375,-457,-514,-528,-507,-451,-360,-252,-134,-10,115,231,314,377,420,433,422,388,329,259,168,78,-6,-95,-177,-245,-306,-351,-385,-407,-399,-379,-327,-249,-164,-62,53,184,300,403,488,545,-519,-583,504,197,-33,-640,-658,-632,-570,-454,-303,-129,71,266,446,603,719,784,800,753,645,493,308,92,-128,-352,-556,-710,-825,-893,-890,-827,-709,-531,-315,-73,183,426,644,812,930,996,982,898,747,535,283,22,-242,-499,-723,-896,-997,-1037,-1015,-918,-752,-542,-298,-28,252,507,735,914,1028,1085,1062,970,807,594,331,50,-242,-526,-768,-964,-1099,-1152,-1132,-1038,-852,-609,-331,-23,290,582,835,1032,1154,1193,1151,1021,821,568,275,-37,-345,-627,-864,-1038,-1138,-1155,-1095,-962,-753,-502,-207,96,372,633,852,1000,1081,1082,1007,868,673,432,161,-102,-368,-601,-785,-922,-995,-999,-935,-806,-633,-419,261,66,312,532,715,859,946,963,927,830,675,475,241,-8,-261,-499,-710,-880,-988,-1029,-1012,-917,-757,-548,-276,13,305,579,820,1011,1128,1159,1108,984,776,504,196,-135,-458,-761,-1006,-1161,-1239,-1230,-1121,-928,-667,-351,-9,350,666,929,1130,1238,1255,1173,998,750,447,111,-227,-545,-814,-1026,-1158,-1196,-1140,-999,-776,-506,-195,132,425,689,883,1009,1062,1019,899,719,484,219,-54,-306,-523,-699,-813,-863,-860,-781,-639,-458,-248,-35,188,380,533,655,712,713,665,562,412,232,34,-160,-333,-472,-570,-612,-597,-528,-411,-257,-82,100,269,398,476,489,439,340,193,40,-100,-204,689,563,0,-506,-598,-123,-64,18,110,195,253,281,268,218,143,52,-46,-137,-221,-284,-324,-328,-304,-261,-190,-97,11,107,192,271,337,372,384,361,311,234,134,23,-97,-215,-322,-413,-473,-503,-491,-430,-345,-219,-58,104,256,402,524,598,634,611,530,406,247,48,-145,-327,-478,-597,-680,-699,-648,-552,-419,-251,-63,139,325,478,589,657,673,636,558,434,273,93,-86,-251,-404,-519,-598,-630,-601,-541,-445,-310,-160,2,165,304,412,495,539,545,512,452,352,234,96,-44,-174,-291,-383,-444,-474,-471,-438,-380,-288,-177,-67,56,167,258,335,394,419,414,388,325,251,154,49,-51,245,-228,-298,-343,-358,-351,-314,-271,-211,-141,-51,34,110,190,241,270,287,288,264,224,176,113,57,-4,-60,-102,-141,-172,-181,-181,-177,-165,-144,-132,-110,-87,-66,-41,-23,6,50,107,138,179,217,238,257,266,251,213,162,95,10,-83,-177,-279,-344,-398,-431,-426,-394,-323,-231,-109,25,160,286,395,470,522,535,501,430,325,198,60,-96,-236,-360,-463,-523,-559,-543,-484,-395,-279,-152,-9,128,252,358,431,473,486,465,406,329,241,141,32,-75,-176,-258,-321,-365,-382,-387,-379,-344,-299,-244,-170,-89,8,103,196,290,365,422,463,487,469,415,341,233,95,267,-10
38840,mtk,MTK 7916,2421676385,rx1-tx0,512,0,-745,-662,173,372,545,691,791,837,825,745,617,440,230,2,-240,-461,-662,-822,-924,-952,-913,-814,-654,-440,-189,90,363,612,809,967,1054,1060,991,848,628,366,78,-232,-514,-755,-954,-1090,-1130,-1086,-966,-777,-541,-251,55,352,638,856,1028,1123,1131,1067,918,695,440,144,-177,-468,-720,-927,-1062,-1128,-1113,-1016,-846,-612,-331,-21,269,551,790,959,1065,1094,1027,907,709,469,189,-100,-373,-615,-810,-925,-978,-968,-884,-740,-540,-313,-53,190,394,588,739,823,850,817,726,593,417,226,23,-187,-369,-526,-637,-711,-723,-702,-620,-504,-353,-184,-14,179,334,469,577,639,653,625,557,216,316,158,-16,-182,-334,-444,-531,-588,-605,-568,-489,-371,-228,-86,66,203,336,440,494,529,528,475,394,288,148,28,-91,-216,-322,-387,-423,-447,-423,-373,-298,-207,-118,-19,74,159,226,277,315,326,305,284,247,195,144,70,0,-67,-124,-177,-232,-263,-284,-312,-318,-282,-229,-169,-95,-7,70,170,263,334,390,411,397,352,264,170,54,-81,-194,-298,-384,-437,-440,-413,-351,-263,-153,-27,86,202,296,365,391,399,369,304,217,106,7,-100,-184,-246,-305,-334,-322,-286,-227,-154,-64,37,115,189,240,268,277,246,197,132,50,-37,-114,-176,-208,-212,-175,-113,-49,-109,-439,0,928,985,137,196,217,208,157,76,-7,-107,-203,-264,-290,-298,-261,-198,-104,-2,94,177,256,307,323,308,266,204,118,14,-79,-161,-243,-301,-322,-328,-294,-239,-183,-103,-15,79,158,226,273,280,282,262,225,173,120,48,-31,-86,-149,-212,-242,-278,-283,-269,-240,-174,-117,-48,37,108,178,233,267,297,301,275,240,181,104,18,-59,-126,-202,-253,-282,-302,-292,-266,-225,-154,-80,2,84,146,203,268,294,286,268,232,174,100,30,-34,-105,-163,-201,-230,-247,-243,-227,-179,-128,-89,-36,25,93,143,175,193,204,194,176,149,99,65,33,-7,-59,-87,-122,-140,-146,-584,-122,-115,-101,-81,-66,-26,2,37,69,82,97,117,126,132,136,114,105,90,56,40,0,-34,-60,-92,-107,-125,-141,-163,-165,-159,-137,-92,-68,-22,20,67,116,141,179,198,217,250,229,210,185,131,55,-9,-90,-162,-231,-296,-358,-376,-380,-355,-283,-207,-103,19,131,267,390,470,522,545,522,459,365,234,68,-111,-279,-419,-539,-628,-660,-646,-589,-484,-340,-166,17,211,400,547,646,724,739,692,599,449,275,83,-124,-317,-491,-631,-720,-757,-731,-654,-543,-390,-202,4,197,373,524,640,698,725,698,608,498,355,180,-2,-191,-371,-524,-645,-711,-730,-710,-241,237,0,-16,-355,772,704,593,437,238,24,-197,-408,-591,-743,-840,-885,-863,-778,-637,-444,-216,43,289,532,732,890,991,1011,962,829,650,418,135,-161,-437,-694,-899,-1032,-1101,-1082,-977,-810,-595,-312,0,307,589,822,1002,1114,1129,1079,941,742,490,189,-117,-411,-688,-901,-1046,-1137,-1127,-1035,-883,-659,-388,-95,219,505,763,957,1084,1123,1080,974,781,536,259,-45,-337,-593,-813,-962,-1045,-1040,-968,-833,-625,-373,-116,157,413,628,788,893,933,885,793,660,467,252,29,-197,-400,-570,-695,-757,-787,-752,-672,-538,-382,-202,-17,165,342,480,598,657,689,665,589,489,339,167,-3,-167,-315,757,-551,-615,-633,-601,-516,-406,-273,-123,40,199,338,456,526,565,552,511,439,327,197,65,-84,-218,-323,-423,-478,-488,-483,-435,-353,-242,-135,-23,101,191,278,330,368,379,371,329,264,193,115,26,-45,-108,-174,-222,-266,-294,-296,-281,-260,-236,-198,-131,-66,0,88,161,223,273,322,345,352,345,287,210,117,1,-121,-235,-331,-391,-439,-442,-400,-333,-231,-100,26,141,251,333,401,426,413,370,295,186,74,-34,-152,-248,-322,-353,-365,-350,-294,-233,-153,-49,52,145,215,265,298,299,272,225,149,71,-23,-111,-180,-231,-250,-245,-207,-141,-66,19,90,138,159,743,610,0,-336,139,124,64,-16,-100,-190,-242,-267,-263,-213,-129,-38,63,163,242,298,313,296,263,198,109,6,-97,-188,-261,-315,-338,-327,-295,-239,-145,-56,40,140,211,264,298,309,294,258,203,125,43,-30,-96,-165,-213,-256,-288,-264,-241,-222,-173,-122,-59,22,100,173,226,258,285,294,270,230,171,110,45,-41,-115,-184,-242,-286,-302,-295,-277,-236,-162,-101,-21,57,132,204,257,283,298,287,248,205,136,45,-25,-87,-150,-211,-252,-271,-274,-255,-213,-159,-107,-32,43,112,168,187,205,221,220,200,165,127,83,23,-31,-75,-121,-147,-157,-170,-179,-160,-128,-105,-70,-46,-674,19,48,79,101,122,134,131,129,113,91,81,57,30,1,-37,-67,-82,-109,-114,-119,-135,-133,-128,-123,-90,-65,-44,-11,26,66,121,137,156,183,189,191,170,145,112,66,41,-30,-91,-143,-201,-253,-281,-296,-302,-276,-237,-181,-97,1,90,209,305,374,439,446,451,428,341,223,96,-46,-193,-334,-462,-556,-609,-611,-563,-482,-362,-203,-23,156,332,485,604,676,703,684,603,464,312,137,-73,-269,-449,-597,-691,-744,-744,-683,-573,-426,-237,-36,171,354,509,637,719,734,706,633,520,362,178,-3,-202,-374,-514,-633,-699,-722,-705,-642,-528,-373,-187,2,193,-952,-955
38841,mtk,MTK 7916,2421676385,rx1-tx1,512,0,0,0,-734,-697,-483,-140,241,557,729,713,514,190,-178,-511,-704,-715,-550,-245,119,447,652,683,541,262,-77,-392,-597,-646,-524,-260,65,359,560,609,486,237,-74,-357,-541,-579,-465,-219,84,360,545,578,447,202,-101,-389,-569,-593,-464,-209,107,398,586,629,503,246,-72,-373,-588,-659,-547,-299,19,326,560,659,595,365,49,-264,-511,-638,-601,-417,-139,169,426,573,581,444,205,-82,-336,-500,-525,-428,-233,12,247,401,450,395,246,36,-172,-322,-381,-348,-228,-61,109,240,306,288,199,64,-78,-189,-252,-249,-178,-68,55,151,203,198,149,63,-28,-109,-159,-161,-119,0,34,95,128,128,90,36,-21,-69,-89,-79,-48,-14,20,49,63,46,16,-22,-46,-56,-49,-22,8,45,80,80,55,14,-31,-74,-118,-132,-99,-35,32,102,151,168,141,85,7,-86,-163,-200,-200,-154,-75,20,112,187,225,218,150,55,-51,-146,-219,-246,-218,-136,-25,84,176,238,255,213,133,29,-81,-183,-248,-255,-213,-119,-5,102,192,253,256,203,116,7,-110,-208,-261,-256,-195,-104,6,123,214,262,259,194,88,-28,-143,-232,-268,-253,-193,-91,31,149,241,281,265,199,97,-27,-146,-228,-268,-267,-218,-138,-39,66,154,211,233,214,172,119,56,0,0,0,0,0,11,71,122,158,175,161,114,41,-47,-138,-207,-237,-222,-161,-58,65,178,251,271,235,136,-2,-149,-262,-312,-293,-208,-69,93,235,319,332,268,136,-39,-202,-323,-359,-307,-179,-2,180,321,383,337,207,27,-173,-327,-398,-377,-243,-32,183,358,445,417,277,62,-188,-398,-512,-490,-335,-107,157,411,573,569,418,163,-136,-411,-595,-636,-510,-249,83,397,625,696,597,345,-3,-346,-603,-717,-648,-411,-69,300,591,728,689,485,152,-233,-554,-737,-736,-559,-236,152,500,716,754,602,286,-101,-451,-687,-741,-608,-319,48,404,651,727,613,341,-23,-378,-633,-720,-624,0,22,383,631,728,637,369,4,-358,-644,-762,-661,-381,-6,383,675,795,707,428,21,-388,-684,-832,-767,-472,-45,398,727,867,796,511,84,-369,-744,-930,-861,-565,-124,364,761,963,917,633,187,-318,-751,-986,-970,-710,-249,270,720,993,1019,774,335,-185,-664,-978,-1032,-814,-392,128,613,948,1027,843,450,-54,-539,-880,-995,-851,-488,-3,472,811,938,826,495,44,-396,-720,-863,-777,-475,-54,370,680,801,712,440,48,-355,-646,-763,-684,-412,-30,356,642,753,663,406,32,-359,-648,-761,-673,-408,-35,348,643,764,677,426,64,-319,-615,-751,-692,-452,-91,293,593,732,0,0,0,0,0,106,-264,-569,-735,-717,-506,-165,217,540,722,720,536,222,-148,-481,-680,-701,-548,-254,101,423,631,673,539,266,-68,-372,-569,-620,-508,-257,64,350,545,595,478,226,-74,-354,-538,-581,-461,-215,91,371,552,575,450,206,-104,-390,-576,-611,-486,-224,95,396,599,641,526,282,-42,-364,-588,-670,-583,-342,-15,305,545,649,597,399,99,-220,-472,-604,-591,-426,-159,132,380,528,550,440,220,-42,-281,-438,-484,-419,-249,-20,201,354,415,366,229,45,-132,-276,-344,-313,-212,-63,90,211,266,257,184,70,-62,-170,-224,-218,-153,-53,50,138,182,171,125,49,-34,-103,0,-136,-106,-53,15,71,99,96,70,26,-22,-60,-72,-63,-37,2,41,55,53,30,-2,-35,-58,-67,-54,-24,27,74,101,100,73,24,-39,-99,-137,-140,-111,-55,23,96,155,183,166,108,35,-57,-147,-201,-214,-177,-101,1,104,183,231,229,172,83,-21,-126,-206,-248,-239,-181,-84,37,147,219,252,242,178,71,-42,-138,-210,-243,-235,-174,-67,53,154,226,256,232,151,44,-65,-166,-233,-258,-230,-152,-40,82,192,259,269,226,141,27,-94,-199,-263,-272,-231,-142,-29,90,193,263,281,244,164,59,-59,-166,-231,-259,-254,-205,-124,-38,43,110,152,167,0,0,0,0,0,-121,-117,-94,-45,25,99,160,200,208,180,110,9,-99,-191,-248,-251,-194,-97,29,159,253,287,259,172,39,-110,-235,-312,-311,-230,-97,57,209,320,351,288,152,-23,-202,-336,-373,-318,-193,-12,179,323,388,358,230,37,-165,-337,-419,-392,-252,-38,195,376,468,451,312,78,-188,-410,-534,-528,-383,-139,145,407,581,607,471,211,-104,-398,-607,-676,-565,-297,47,373,612,710,627,374,25,-324,-600,-730,-674,-446,-108,261,572,740,724,530,192,-198,-529,-726,-752,-583,-262,116,463,697,744,587,292,-71,-419,-664,-736,-614,-334,28,379,637,723,614,346,-14,-376,0,-735,-626,-357,6,377,648,757,654,373,-7,-385,-670,-780,-688,-406,-19,384,687,806,708,422,19,-399,-718,-864,-787,-490,-56,386,726,891,831,540,95,-380,-754,-938,-881,-599,-160,333,763,990,948,663,210,-302,-742,-991,-986,-737,-304,225,691,978,1018,791,353,-176,-651,-956,-1027,-835,-426,89,585,922,1011,847,476,-17,-494,-844,-971,-834,-492,-35,425,769,904,796,488,63,-376,-704,-837,-741,-451,-46,355,658,790,703,424,40,-352,-654,-764,-669,-403,-30,351,640,758,667,402,33,-346,-640,-761,-681,-419,-44,340,630,752,682,435,78,-305,-607,-745,-694,-462,-112,0,0
38842,mtk,MTK 7916,2421676385,rx2-tx0,512,0,0,0,-113,402,814,1010,926,594,109,-403,-804,-989,-911,-589,-110,395,789,965,878,556,88,-401,-780,-940,-839,-512,-45,429,783,916,802,462,-6,-472,-807,-919,-770,-403,74,527,852,937,758,367,-119,-585,-887,-950,-750,-346,159,622,908,946,729,315,-185,-631,-903,-924,-685,-257,237,661,906,893,626,175,-320,-729,-926,-869,-563,-92,412,809,982,880,531,21,-507,-911,-1073,-937,-532,25,576,986,1140,995,574,-10,-600,-1036,-1204,-1054,-623,-25,585,1045,1230,1096,684,87,-535,-1012,-1225,-1116,-713,-123,492,970,1184,1090,709,146,-444,-906,-1129,-1057,-701,-156,424,885,1099,1011,652,0,-431,-865,-1061,-973,-625,-96,454,877,1062,957,589,64,-482,-906,-1079,-969,-590,-51,508,939,1114,986,582,23,-554,-988,-1168,-1035,-621,-30,581,1054,1261,1125,696,78,-574,-1095,-1332,-1219,-788,-152,530,1084,1361,1292,896,255,-460,-1068,-1404,-1376,-995,-363,362,1003,1389,1428,1102,491,-244,-918,-1353,-1460,-1204,-638,95,792,1295,1478,1298,798,114,-598,-1156,-1430,-1350,-949,-338,351,942,1288,1312,1037,528,-93,-669,-1064,-1189,-1031,-644,-120,407,808,999,949,678,258,-197,-575,-796,-822,-656,-340,39,379,613,701,618,394,94,-208,-450,-583,-583,-460,-253,-10,213,373,450,440,357,228,85,0,0,0,0,0,-31,111,253,382,464,469,383,219,-5,-248,-450,-570,-576,-461,-245,27,303,522,626,585,403,131,-176,-454,-626,-647,-514,-256,66,374,595,675,589,349,24,-310,-564,-679,-623,-411,-95,250,528,667,627,428,118,-229,-512,-660,-632,-432,-112,242,533,687,656,445,102,-283,-597,-752,-717,-490,-131,276,623,809,776,545,165,-271,-646,-853,-843,-614,-212,247,645,880,890,667,262,-212,-635,-895,-922,-713,-319,169,616,896,949,760,366,-126,-585,-895,-972,-796,-418,74,553,884,984,826,454,-34,-509,-846,-965,-840,-492,-17,460,811,944,826,492,36,-422,-766,-901,-795,-478,0,428,748,869,756,439,3,-423,-738,-857,-742,-409,33,470,779,877,731,385,-74,-520,-830,-907,-750,-390,89,547,860,935,744,358,-128,-587,-893,-963,-775,-366,140,610,927,991,786,367,-157,-635,-942,-995,-774,-338,180,654,947,987,762,327,-209,-684,-963,-981,-735,-281,257,724,992,994,722,242,-298,-758,-1020,-1008,-714,-222,330,793,1045,1019,713,210,-351,-818,-1068,-1023,-708,-205,364,834,1079,1031,708,191,-373,-842,-1082,-1029,-704,-194,367,827,1067,1018,692,188,-362,-822,-1056,-1007,-687,-186,362,809,1032,974,656,168,-364,-792,-1008,-957,-640,-149,377,792,993,928,614,137,0,0,0,0,0,-1005,-922,-596,-109,404,813,1001,920,593,111,-393,-794,-973,-897,-579,-106,400,784,953,861,537,71,-412,-780,-931,-824,-485,-16,453,795,916,788,439,-32,-497,-823,-924,-762,-388,99,558,864,942,758,357,-144,-604,-899,-949,-740,-331,173,627,912,943,711,287,-212,-653,-904,-899,-647,-223,271,687,909,872,586,129,-374,-774,-954,-865,-538,-50,465,858,1022,903,527,-2,-543,-946,-1105,-963,-554,11,586,1017,1184,1028,595,7,-594,-1051,-1227,-1080,-654,-54,564,1037,1231,1111,701,110,-512,-990,-1201,-1101,-718,-148,457,936,1163,1073,705,153,-435,-900,-1116,-1032,-671,-144,426,873,0,985,637,118,-434,-860,-1047,-952,-599,-82,462,880,1062,952,584,55,-503,-928,-1103,-980,-591,-33,537,966,1143,1013,605,26,-566,-1024,-1207,-1076,-654,-45,593,1075,1287,1168,738,102,-564,-1091,-1345,-1261,-842,-195,508,1084,1387,1342,954,319,-405,-1034,-1397,-1396,-1045,-428,307,960,1375,1451,1161,565,-171,-863,-1345,-1486,-1252,-718,-8,711,1241,1467,1336,885,219,-483,-1060,-1375,-1360,-1019,-438,216,807,1184,1270,1049,596,18,-532,-940,-1102,-1002,-672,-200,295,696,906,886,663,299,-116,-479,-709,-763,-638,-371,-36,291,536,641,597,429,173,-105,-342,-494,-536,-475,-329,-139,54,208,303,330,0,0,0,0,0,-333,-358,-322,-214,-45,155,343,486,546,506,359,129,-137,-379,-551,-614,-542,-340,-55,242,486,622,619,467,199,-121,-412,-609,-669,-564,-310,16,334,580,681,605,382,58,-282,-548,-676,-631,-425,-112,231,513,656,625,429,115,-234,-521,-675,-644,-432,-101,261,561,721,689,468,108,-286,-614,-787,-752,-515,-139,283,641,835,811,577,188,-259,-645,-868,-862,-634,-237,233,645,890,909,692,285,-195,-625,-899,-939,-738,-344,149,605,902,970,782,391,-106,-571,-890,-978,-814,-439,49,529,866,975,833,473,-6,-480,-827,-949,-831,-495,-26,439,784,922,809,480,31,-423,-766,0,-782,-463,-22,421,748,863,741,418,-15,-457,-778,-880,-731,-390,61,489,793,880,724,363,-109,-552,-849,-925,-755,-379,114,581,882,944,756,366,-130,-607,-921,-980,-778,-367,142,611,921,992,778,350,-169,-645,-946,-993,-769,-334,190,656,954,987,743,302,-225,-703,-983,-994,-723,-257,278,740,1009,1003,721,240,-309,-778,-1038,-1011,-713,-219,340,809,1055,1023,705,191,-365,-825,-1069,-1028,-705,-191,374,844,1085,1034,706,186,-375,-831,-1074,-1027,-701,-192,366,824,1063,1009,686,181,-364,-812,-1046,-996,-678,-181,361,805,1023,966,652,161,-372,-799,-1009,-947,-629,-140,375,793,997,0,0
38843,mtk,MTK 7916,2421676385,rx2-tx1,512,0,0,0,283,-53,-374,-596,-659,-552,-299,30,342,559,627,536,310,10,-287,-506,-588,-516,-317,-34,247,449,527,477,302,51,-207,-397,-479,-429,-278,-64,164,336,397,344,224,60,-131,-280,-331,-291,-180,-15,140,232,249,201,102,-24,-129,-179,-172,-121,-34,66,141,151,97,12,-82,-161,-193,-161,-63,74,201,269,259,171,32,-130,-272,-357,-343,-221,-23,191,370,461,428,284,58,-198,-416,-526,-498,-345,-101,187,444,594,582,415,140,-173,-443,-604,-623,-475,-195,131,423,615,648,505,238,-104,-424,-630,-674,-546,-261,91,405,621,692,575,304,-37,-377,-628,-709,-610,-360,0,360,616,705,621,376,22,-330,-589,-699,-629,-399,-58,298,571,692,638,410,86,-261,-545,-672,-619,-404,-83,269,549,680,630,401,58,-303,-578,-700,-642,-408,-64,312,614,752,691,443,69,-326,-641,-800,-751,-506,-123,292,653,845,821,582,186,-259,-639,-873,-887,-661,-279,173,603,881,941,765,390,-79,-528,-853,-969,-849,-519,-54,424,786,960,906,628,203,-269,-667,-903,-923,-726,-356,69,481,784,883,774,490,93,-314,-623,-776,-749,-545,-227,133,446,644,686,572,329,15,-284,-506,-604,-569,-418,-182,88,322,482,532,476,339,146,-56,-224,-336,-383,-357,-276,-173,0,0,0,0,0,38,-50,-130,-200,-249,-259,-227,-147,-41,76,185,267,295,266,186,65,-73,-203,-292,-322,-280,-172,-30,116,230,289,280,219,109,-23,-156,-254,-284,-240,-153,-31,103,204,245,231,176,80,-40,-149,-214,-219,-167,-94,-5,82,141,160,142,82,11,-51,-99,-120,-103,-57,-9,36,59,66,61,32,0,-21,-34,-19,13,21,31,35,7,-41,-81,-105,-97,-64,1,76,149,180,188,143,48,-74,-173,-247,-275,-227,-122,8,146,257,308,288,191,43,-119,-261,-337,-324,-237,-92,75,222,321,333,265,136,-34,-199,-306,-322,-253,-129,39,203,293,299,245,123,-48,0,-305,-316,-235,-94,80,238,335,345,259,111,-74,-245,-361,-371,-289,-121,92,285,395,398,300,122,-97,-299,-421,-426,-331,-144,97,317,460,483,365,142,-115,-335,-475,-489,-382,-165,89,341,506,521,403,184,-101,-355,-513,-544,-430,-187,111,360,522,559,445,200,-105,-388,-566,-586,-431,-165,151,429,606,620,462,174,-165,-472,-665,-681,-515,-199,171,504,715,736,568,251,-142,-506,-740,-793,-641,-308,110,497,771,847,696,376,-42,-459,-760,-872,-762,-457,-39,391,734,881,809,541,136,-303,-655,-847,-822,-594,-222,201,566,773,791,612,273,-124,-480,-708,-746,-595,-294,0,0,0,0,0,622,682,565,297,-42,-358,-579,-647,-548,-308,1,311,529,610,534,322,28,-263,-474,-561,-495,-308,-47,220,421,498,447,280,51,-175,-344,-432,-398,-260,-56,150,304,361,328,213,46,-121,-241,-291,-250,-138,3,124,201,214,158,57,-51,-131,-166,-134,-60,36,116,155,142,73,-34,-140,-211,-222,-152,-28,120,248,312,288,182,24,-164,-330,-407,-383,-254,-49,190,382,482,464,321,75,-198,-427,-553,-530,-372,-117,185,456,611,604,437,157,-158,-444,-617,-636,-497,-224,120,434,633,670,530,248,-92,-414,-641,-693,-556,-278,65,394,625,694,581,315,-32,-365,-613,0,-629,-367,-23,331,602,708,618,382,51,-310,-584,-692,-621,-406,-81,277,566,697,633,406,70,-282,-558,-681,-626,-400,-70,273,548,684,629,396,53,-309,-585,-713,-665,-433,-64,319,620,765,717,466,87,-315,-641,-815,-783,-554,-165,277,651,866,861,637,239,-227,-626,-879,-919,-724,-341,130,583,881,955,802,457,-11,-476,-819,-972,-879,-578,-137,343,736,940,923,687,292,-169,-578,-850,-922,-770,-434,-7,407,714,838,764,523,167,-221,-538,-707,-710,-555,-276,52,357,572,651,570,368,101,-190,-426,-552,-562,-461,-266,-30,200,373,461,463,379,242,82,-66,-177,-234,0,0,0,0,0,185,204,188,131,48,-53,-156,-242,-289,-289,-233,-128,7,139,243,298,297,237,129,-11,-160,-275,-318,-290,-203,-70,71,191,272,283,226,129,6,-119,-216,-260,-246,-175,-64,62,178,230,223,176,85,-21,-117,-171,-189,-164,-95,3,78,124,142,131,79,14,-45,-85,-101,-85,-49,-12,19,38,41,23,1,-14,-24,-13,19,43,58,62,33,-23,-68,-116,-152,-148,-96,-23,67,151,213,228,188,86,-38,-168,-263,-306,-277,-176,-24,140,264,319,304,221,75,-92,-235,-322,-325,-246,-102,66,216,312,334,262,124,-44,-200,-296,-317,-258,-130,34,195,298,312,0,105,-64,-219,-315,-323,-254,-105,76,245,351,365,270,97,-103,-280,-387,-380,-280,-111,92,271,404,430,340,135,-102,-312,-434,-440,-335,-151,93,321,466,473,363,152,-105,-347,-499,-520,-402,-182,91,339,487,529,427,203,-82,-352,-526,-543,-420,-185,111,377,537,557,433,188,-125,-410,-579,-595,-459,-181,148,452,638,653,481,188,-168,-491,-692,-702,-533,-224,163,510,733,763,601,282,-124,-510,-757,-812,-669,-353,65,474,759,847,733,431,8,-430,-757,-884,-784,-493,-82,345,700,883,822,558,173,-252,-615,-820,-814,-603,-245,172,528,752,783,611,289,-98,-452,-674,0,0
38844,mtk,MTK 7916,2421721449,rx0-tx0,512,-349,-207,-443,627,676,675,606,484,330,141,-60,-257,-448,-587,-676,-726,-710,-629,-498,-328,-128,89,300,488,629,714,752,713,606,458,271,66,-146,-342,-498,-608,-677,-681,-634,-531,-385,-214,-36,140,318,442,527,581,578,526,448,328,196,53,-89,-213,-329,-420,-458,-472,-467,-425,-351,-261,-159,-45,76,188,287,373,441,475,476,444,377,279,154,10,-140,-279,-400,-496,-552,-555,-519,-440,-313,-151,18,190,342,465,548,581,553,478,360,208,51,-119,-273,-399,-493,-522,-509,-451,-336,-217,-77,69,192,289,361,381,369,328,256,168,68,-24,-100,-160,-186,-212,-217,-188,-141,-94,-511,-31,3,26,39,35,24,18,25,27,38,48,65,92,115,128,123,118,91,50,-3,-54,-116,-174,-217,-253,-254,-233,-193,-120,-31,54,146,232,295,333,342,312,248,165,71,-34,-147,-229,-307,-350,-358,-330,-281,-216,-117,-15,89,178,255,315,339,333,296,236,172,93,0,-86,-170,-237,-282,-311,-299,-266,-230,-173,-98,-9,81,151,221,269,296,301,276,235,175,90,3,-94,-173,-245,-291,-310,-298,-258,-205,-122,-31,60,145,208,260,288,292,260,200,126,39,-43,-118,-191,-238,-262,-262,-231,-173,-97,-11,77,148,201,228,225,190,124,38,-39,-105,-141,512,287,1179,-1044,-1191,231,221,150,39,-83,-207,-309,-365,-379,-341,-249,-121,17,165,295,391,445,454,423,340,220,71,-93,-246,-373,-480,-545,-558,-509,-399,-256,-87,113,289,458,584,652,661,602,481,318,114,-111,-321,-502,-639,-704,-711,-662,-545,-367,-162,50,279,477,623,711,740,689,571,433,232,16,-194,-380,-528,-642,-682,-660,-585,-469,-314,-128,58,234,396,508,571,588,567,497,394,259,109,-39,-183,-317,-423,-486,-518,-507,-460,-398,-293,-157,-21,117,239,350,436,495,506,484,429,338,216,78,-69,-206,-340,-435,-504,-536,-524,-478,-379,-249,-113,54,210,343,456,531,560,549,-330,409,282,129,-29,-194,-340,-451,-528,-571,-553,-507,-433,-301,-154,9,165,306,438,531,580,579,543,469,357,209,48,-111,-255,-387,-498,-574,-604,-589,-533,-436,-303,-152,12,182,352,500,598,661,681,648,561,423,248,52,-155,-369,-556,-690,-775,-804,-767,-655,-489,-292,-62,182,418,621,779,862,883,826,706,518,285,36,-240,-481,-692,-844,-913,-913,-843,-686,-475,-232,35,293,528,713,840,895,866,762,606,403,160,-79,-310,-518,-667,-762,-792,-760,-665,-522,-342,-141,63,258,429,564,648,682,657,600,503,361,187,5,-169,-331,-470,-560,-621,-645,-615,-538,-412,-257,-139,-494,-729,-831,-737,223,39,-158,-343,-493,-608,-682,-700,-668,-568,-412,-238,-35,176,376,540,660,732,740,686,574,402,204,-9,-226,-417,-568,-674,-725,-710,-630,-494,-330,-139,61,250,418,542,614,633,621,545,420,278,120,-50,-199,-332,-442,-499,-525,-504,-458,-384,-264,-140,-27,86,201,302,373,425,454,447,415,357,279,174,47,-81,-213,-324,-424,-489,-528,-513,-459,-367,-240,-90,75,231,374,492,561,580,546,467,349,198,32,-148,-299,-433,-524,-565,-553,-482,-372,-232,-67,80,240,356,425,463,448,388,310,195,69,-43,-146,-227,-278,-296,-285,-256,-199,-138,-78,-8,52,90,104,1105,111,108,89,68,41,33,34,40,47,53,48,47,36,16,-23,-60,-102,-147,-176,-192,-196,-187,-151,-99,-22,63,132,204,261,289,299,283,225,151,53,-53,-157,-245,-309,-343,-358,-323,-268,-198,-94,22,126,206,279,332,352,344,294,232,151,54,-39,-136,-213,-266,-307,-319,-305,-268,-203,-136,-46,48,122,191,250,285,301,288,256,213,141,58,-32,-117,-187,-259,-304,-323,-305,-256,-195,-106,-19,72,150,218,271,294,288,250,197,126,47,-45,-134,-202,-249,-270,-263,-242,-189,-116,-37,50,129,196,240,258,238,193,125,44,-42,-121,-180,-201,-187,-147,-85,-687,-807,1145,-658,-318,-44,-145,-246,-301,-315,-278,-186,-63,77,217,332,396,422,403,331,221,82,-65,-212,-345,-444,-498,-505,-447,-355,-230,-70,104,280,429,533,599,600,544,444,283,93,-110,-312,-482,-612,-693,-695,-633,-515,-340,-133,79,291,490,635,711,736,690,563,390,184,-36,-266,-435,-578,-689,-712,-677,-574,-437,-259,-58,140,315,459,574,629,626,584,487,347,185,18,-150,-293,-413,-499,-540,-543,-504,-438,-326,-199,-62,90,213,323,426,479,501,487,440,355,249,116,-29,-160,-282,-390,-465,-510,-514,-478,-402,-297,-174,-25,122,271,404,485,538,555,509,438,331,189,34,-117,826,-390,-492,-551,-570,-543,-463,-348,-219,-61,107,246,389,502,558,574,548,484,387,247,95,-64,-209,-351,-469,-545,-583,-572,-522,-436,-314,-174,-15,144,296,435,537,602,634,614,552,434,282,117,-75,-267,-444,-594,-688,-732,-731,-670,-539,-370,-173,52,285,498,658,780,849,844,763,610,410,172,-82,-336,-560,-745,-857,-916,-890,-785,-620,-387,-123,134,388,616,781,884,913,859,733,551,325,65,-197,-424,-620,-766,-836,-833,-774,-644,-468,-259,-35,182,387,548,663,719,726,675,571,424,250,60,-127,-292,-442,-566,-639,-656,-626,-561,-446,-302,-148,33,204,365,497,591,-1235,-1131
38845,mtk,MTK 7916,2421721449,rx0-tx1,512,87,760,795,393,511,597,640,624,560,437,277,91,-114,-313,-491,-638,-735,-774,-750,-655,-516,-324,-107,124,359,563,729,837,869,842,753,587,372,136,-129,-381,-613,-800,-920,-976,-945,-833,-657,-436,-164,125,404,650,846,972,1029,1000,897,713,478,202,-84,-366,-631,-837,-989,-1062,-1051,-968,-807,-577,-297,3,309,595,835,1009,1111,1126,1052,890,650,361,41,-293,-590,-853,-1043,-1147,-1159,-1081,-916,-679,-395,-71,266,565,819,1012,1121,1134,1065,909,677,401,96,-223,-520,-771,-957,-1062,-1084,-1018,-874,-667,-405,-119,171,449,680,853,963,1001,954,832,652,433,181,-88,-339,-557,-731,-859,-689,-910,-832,-696,-511,-291,-51,198,435,641,794,895,946,919,814,654,439,187,-86,-360,-621,-834,-984,-1067,-1058,-962,-788,-550,-258,72,398,695,945,1123,1206,1193,1065,843,554,209,-161,-519,-827,-1077,-1233,-1277,-1216,-1053,-794,-473,-99,268,618,913,1141,1256,1265,1160,963,688,354,-10,-373,-704,-971,-1143,-1218,-1189,-1057,-831,-531,-197,164,491,764,975,1090,1100,1020,856,620,335,26,-271,-547,-753,-889,-949,-921,-816,-647,-418,-166,93,338,549,701,789,807,747,629,450,230,-5,-224,-424,-583,-672,-697,-649,-538,-371,-167,48,255,425,543,589,549,437,270,78,-111,-262,-348,-350,346,523,0,-324,-48,-103,-162,-202,-208,-178,-109,-17,76,167,241,271,273,245,187,106,11,-85,-165,-236,-279,-305,-294,-255,-194,-110,-24,70,157,229,285,320,331,313,272,200,116,13,-100,-207,-298,-369,-416,-424,-392,-321,-218,-91,48,198,323,433,500,524,507,438,321,168,-1,-170,-330,-451,-542,-583,-560,-492,-384,-239,-66,107,267,418,522,566,568,521,431,309,154,-12,-181,-321,-432,-512,-542,-524,-463,-363,-235,-91,62,203,315,405,459,478,461,395,303,184,51,-77,-197,-297,-366,-412,-417,-389,-335,-255,-155,-46,61,164,255,311,352,364,334,290,225,136,47,-49,-145,-228,-130,-303,-302,-284,-238,-182,-113,-34,46,115,174,211,221,232,214,176,131,68,13,-37,-80,-110,-128,-130,-122,-103,-87,-62,-33,-12,0,5,10,1,-5,-10,-9,-1,6,20,49,84,116,146,164,167,161,125,71,9,-68,-139,-216,-273,-315,-327,-302,-262,-187,-87,15,131,244,338,396,434,432,385,300,193,69,-75,-214,-333,-423,-485,-505,-470,-408,-298,-163,-20,134,259,367,443,483,486,442,363,255,131,6,-114,-223,-316,-376,-405,-405,-375,-328,-252,-167,-78,17,108,186,255,305,337,346,342,323,284,225,150,61,-37,-141,-239,-325,-403,-451,-470,-451,-392,-519,-583,504,197,-33,453,324,175,-4,-188,-362,-520,-627,-697,-707,-658,-553,-398,-207,11,236,441,613,743,808,818,758,632,458,232,-13,-250,-485,-690,-825,-908,-920,-855,-722,-518,-279,-10,269,530,743,905,1001,1007,930,785,571,315,31,-255,-520,-749,-915,-1024,-1040,-986,-850,-642,-394,-101,191,469,723,930,1053,1101,1065,942,741,478,180,-136,-444,-715,-937,-1087,-1156,-1129,-1004,-806,-534,-218,119,442,729,947,1095,1163,1127,999,799,541,233,-88,-398,-681,-899,-1042,-1109,-1091,-983,-799,-547,-259,47,347,614,830,979,1040,1025,933,764,541,282,2,-270,-517,-716,-864,-952,-956,-888,-755,-578,-354,261,144,382,590,758,870,917,900,817,669,473,246,-2,-263,-504,-713,-875,-969,-995,-953,-827,-623,-373,-87,217,507,767,971,1101,1143,1081,934,703,408,74,-282,-618,-900,-1113,-1236,-1254,-1151,-958,-685,-346,29,396,739,1010,1194,1276,1244,1112,890,581,220,-151,-506,-813,-1058,-1208,-1255,-1191,-1020,-760,-443,-93,260,591,873,1062,1163,1163,1043,852,589,271,-56,-370,-649,-864,-999,-1036,-987,-849,-637,-386,-104,178,430,646,792,864,863,781,631,433,207,-34,-265,-474,-638,-730,-744,-694,-589,-420,-215,8,224,406,553,632,642,575,442,260,52,-156,-330,-446,-493,-454,-349,-194,-35,689,563,0,-506,-598,-140,-96,-24,62,149,221,255,252,220,142,44,-49,-141,-219,-275,-300,-286,-249,-184,-101,-9,92,169,241,284,307,306,273,220,145,62,-35,-129,-219,-288,-341,-369,-366,-328,-258,-168,-54,77,205,320,410,465,479,447,372,272,136,-20,-183,-337,-457,-536,-560,-543,-470,-353,-201,-26,146,301,433,532,579,565,511,410,261,102,-62,-226,-369,-476,-544,-563,-531,-451,-337,-194,-35,121,259,378,464,511,513,460,374,265,136,1,-139,-262,-353,-417,-445,-437,-397,-321,-221,-107,14,125,227,309,365,386,380,346,276,190,99,-12,-111,-190,-262,-306,-326,-321,-288,-225,245,-62,14,92,163,213,254,270,262,235,187,118,59,-2,-71,-121,-159,-183,-183,-176,-151,-115,-69,-27,11,36,54,74,77,62,48,40,33,24,26,32,45,55,65,79,89,83,59,26,-16,-64,-118,-172,-210,-236,-242,-233,-189,-126,-45,52,139,224,307,360,385,377,332,246,143,18,-118,-249,-351,-422,-472,-478,-435,-354,-244,-115,37,178,302,416,483,514,488,420,332,212,83,-60,-192,-302,-392,-441,-454,-433,-381,-301,-196,-92,20,119,218,288,332,357,364,340,298,240,172,96,16,-66,-149,-228,-293,-346,-383,-397,-384,-341,-280,-189,-78,47,180,307,267,-10
38846,mtk,MTK 7916,2421721449,rx1-tx0,512,0,-745,-662,-709,-729,-697,-619,-474,-297,-90,132,345,543,701,799,853,828,730,576,366,124,-132,-391,-618,-803,-929,-979,-949,-820,-630,-393,-110,194,475,733,923,1041,1075,1015,866,648,375,64,-250,-554,-806,-1005,-1113,-1129,-1050,-879,-640,-348,-27,288,590,840,1048,1142,1142,1061,890,641,338,10,-320,-615,-871,-1061,-1147,-1141,-1046,-876,-626,-314,20,347,636,875,1043,1120,1099,998,806,555,240,-75,-366,-642,-858,-995,-1044,-1012,-902,-713,-464,-187,95,372,602,788,904,938,906,801,627,407,163,-88,-319,-530,-695,-797,-831,-809,-707,-548,-365,-148,86,303,484,624,709,753,732,642,508,216,135,-80,-266,-435,-579,-657,-687,-655,-575,-448,-287,-104,78,265,413,521,604,628,589,505,382,233,73,-99,-255,-381,-483,-533,-539,-497,-412,-306,-173,-31,111,241,333,406,436,420,385,314,220,119,15,-94,-184,-248,-296,-302,-298,-274,-221,-171,-113,-49,12,56,98,138,164,187,226,239,227,204,184,135,74,3,-82,-172,-229,-270,-297,-302,-283,-226,-154,-74,26,110,200,282,311,322,300,255,188,101,7,-94,-175,-233,-282,-301,-293,-246,-184,-114,-27,63,145,206,250,257,251,229,173,105,22,-57,-125,-187,-225,-231,-211,-163,-92,-13,62,127,158,162,141,-109,-439,0,928,985,134,201,226,212,158,73,-30,-143,-233,-289,-316,-296,-244,-162,-50,65,174,269,331,367,361,308,219,116,-10,-133,-229,-307,-367,-378,-354,-307,-218,-109,15,137,231,314,369,372,348,298,226,121,10,-98,-187,-266,-314,-343,-339,-299,-250,-183,-82,17,113,184,240,288,300,296,282,229,152,92,6,-76,-155,-226,-277,-294,-296,-267,-231,-175,-101,-25,53,132,195,237,273,283,259,221,169,101,33,-46,-127,-187,-224,-258,-268,-254,-223,-177,-108,-37,34,105,170,204,238,255,249,208,156,100,27,-35,-109,-165,-202,-223,-220,-199,-166,-123,-74,-22,33,89,137,-584,175,180,157,128,96,48,2,-37,-66,-95,-115,-123,-114,-104,-84,-66,-30,1,14,30,34,33,27,20,18,17,12,21,21,31,35,44,55,57,60,60,42,13,-25,-51,-84,-122,-142,-162,-178,-175,-151,-107,-67,3,81,145,219,273,302,315,308,260,181,90,-32,-145,-258,-356,-428,-464,-455,-414,-325,-195,-61,89,248,372,466,539,566,534,464,337,187,14,-165,-336,-481,-581,-641,-648,-593,-498,-347,-159,25,217,391,534,632,677,674,604,482,320,118,-71,-261,-436,-565,-647,-681,-653,-587,-470,-306,-133,55,232,399,524,614,670,657,603,505,363,196,-241,237,0,-16,-355,-172,30,228,423,588,706,780,776,722,604,430,229,-2,-251,-478,-675,-816,-892,-906,-842,-703,-504,-255,15,301,562,772,925,1017,1009,920,756,522,246,-64,-373,-654,-874,-1035,-1102,-1085,-969,-778,-515,-205,116,432,713,932,1082,1137,1108,978,782,508,175,-141,-461,-739,-957,-1105,-1151,-1114,-973,-767,-486,-162,171,484,763,983,1108,1142,1074,924,711,433,119,-199,-499,-765,-963,-1083,-1086,-1017,-867,-642,-366,-71,226,500,730,900,986,998,917,763,555,306,39,-221,-470,-673,-809,-877,-873,-799,-673,-491,-275,-46,191,420,589,713,786,788,719,594,435,245,46,-174,-371,-539,757,-707,-701,-639,-544,-391,-205,-18,173,344,494,596,638,643,588,482,348,182,-12,-191,-343,-470,-552,-594,-581,-509,-407,-275,-124,20,169,302,405,475,499,480,411,320,206,75,-45,-159,-260,-326,-358,-365,-342,-288,-234,-150,-59,14,98,151,189,228,243,237,220,196,168,129,98,48,-25,-77,-115,-162,-214,-246,-270,-268,-240,-174,-108,-32,52,139,223,273,314,324,296,267,182,82,-7,-103,-188,-265,-308,-328,-306,-250,-184,-108,-16,77,162,216,260,284,278,237,181,102,20,-50,-127,-188,-223,-246,-234,-204,-147,-70,8,85,150,195,205,190,141,75,5,-59,743,610,0,-336,139,135,72,-21,-112,-198,-258,-283,-264,-190,-94,16,127,219,299,341,337,300,228,132,20,-103,-219,-302,-354,-379,-350,-292,-218,-109,21,132,239,328,380,397,363,301,219,104,-11,-124,-219,-296,-349,-360,-339,-292,-224,-139,-47,58,147,214,279,323,330,316,260,205,123,37,-44,-127,-210,-249,-278,-303,-289,-253,-206,-133,-53,23,105,169,239,267,276,269,243,196,139,73,-6,-89,-153,-215,-253,-274,-284,-259,-199,-134,-64,11,83,145,205,247,264,262,242,193,132,73,7,-64,-136,-176,-220,-234,-234,-220,-165,-115,-51,17,74,126,165,186,197,192,174,139,-674,51,-11,-61,-94,-127,-151,-156,-145,-119,-94,-58,-22,12,42,65,76,87,71,65,56,39,24,7,1,0,-1,13,14,19,17,7,2,-14,-35,-46,-70,-91,-107,-113,-111,-112,-81,-48,-17,27,84,140,174,210,238,235,218,187,124,47,-35,-139,-237,-314,-378,-398,-381,-337,-254,-145,-4,136,266,384,461,508,522,483,389,271,127,-43,-203,-355,-486,-572,-610,-598,-532,-410,-262,-88,99,276,439,576,650,673,639,542,402,227,45,-146,-339,-495,-621,-680,-673,-632,-532,-392,-225,-34,154,320,478,589,650,665,620,532,399,253,73,-114,-286,-442,-563,-644,-952,-955
38847,mtk,MTK 7916,2421721449,rx1-tx1,512,0,0,0,361,599,694,620,405,96,-249,-529,-677,-661,-495,-207,125,422,610,659,544,302,-5,-304,-526,-608,-551,-360,-85,202,436,552,529,380,135,-141,-371,-507,-518,-386,-159,99,329,474,497,395,192,-63,-296,-452,-503,-431,-242,10,256,436,513,466,303,58,-202,-410,-518,-501,-371,-151,100,333,487,519,426,244,-3,-249,-427,-505,-476,-329,-111,123,326,451,461,369,196,-15,-214,-361,-421,-383,-258,-83,98,246,334,341,273,147,-6,-149,-248,-286,-252,-166,-58,60,160,210,208,163,80,-11,-84,-131,-147,-131,-82,-19,40,87,116,106,72,33,-12,-49,-67,-69,-55,0,-6,15,26,26,23,18,15,8,-2,4,19,19,11,-1,-26,-50,-60,-54,-43,-22,15,57,88,97,87,61,20,-34,-87,-115,-137,-129,-86,-24,42,101,142,152,133,88,26,-38,-89,-135,-159,-147,-107,-45,22,94,141,159,153,122,64,-6,-68,-124,-157,-161,-141,-102,-43,28,103,158,184,175,134,70,-1,-85,-150,-190,-201,-180,-122,-31,66,150,203,226,207,147,58,-39,-139,-209,-239,-224,-164,-66,43,150,223,254,250,197,97,-27,-147,-233,-274,-278,-225,-125,-5,118,218,277,290,256,173,62,-53,-153,-229,-265,-261,-220,-154,-76,4,71,118,0,0,0,0,0,63,116,154,174,168,133,65,-21,-110,-189,-241,-246,-203,-122,-11,112,216,281,289,231,121,-16,-158,-275,-327,-305,-222,-83,84,232,331,361,307,179,6,-176,-318,-389,-366,-262,-91,119,298,399,412,332,160,-56,-267,-417,-466,-403,-247,-19,227,429,529,509,364,116,-164,-419,-582,-612,-493,-248,60,362,583,685,626,412,100,-237,-533,-705,-716,-563,-276,84,437,684,766,676,422,66,-310,-614,-779,-752,-558,-228,158,513,743,802,667,373,-2,-380,-676,-804,-744,-509,-153,238,569,768,776,595,278,-103,-460,-706,-784,-669,-396,-29,341,627,754,702,472,121,-254,0,-732,-724,-539,-218,166,509,723,758,601,299,-84,-452,-711,-788,-681,-402,-11,390,690,820,748,494,114,-297,-644,-844,-834,-614,-242,193,588,835,880,721,380,-60,-499,-825,-949,-835,-518,-74,390,767,962,928,663,240,-244,-679,-947,-987,-782,-393,82,542,879,996,880,544,78,-399,-765,-957,-915,-653,-241,226,634,883,919,731,366,-77,-493,-776,-866,-741,-446,-47,359,661,792,729,486,119,-266,-569,-727,-709,-505,-175,195,507,689,692,521,224,-123,-452,-661,-695,-553,-283,61,396,630,708,610,358,19,-318,-582,-708,-654,-437,-119,223,516,678,673,516,227,-125,-443,0,0,0,0,0,-595,-352,-20,310,567,691,651,448,143,-190,-474,-646,-665,-524,-265,52,355,573,642,554,340,47,-244,-468,-578,-547,-376,-115,164,394,521,514,369,137,-116,-337,-478,-494,-385,-179,81,319,472,501,411,212,-38,-279,-445,-507,-446,-271,-26,225,424,520,489,337,110,-156,-378,-503,-514,-403,-188,65,304,470,526,461,284,46,-195,-386,-484,-470,-349,-159,65,269,410,450,383,236,47,-152,-303,-376,-372,-275,-118,53,194,296,324,271,160,25,-107,-201,-250,-239,-170,-73,32,120,167,178,146,83,5,-63,-110,-120,-98,-70,-31,25,68,85,85,61,20,-6,-29,0,-38,-34,-22,1,11,9,3,-2,-1,1,6,14,25,32,34,22,-4,-35,-60,-74,-76,-70,-53,-6,50,84,108,118,96,45,-14,-74,-116,-146,-143,-112,-67,-2,76,138,158,152,124,77,0,-76,-128,-156,-162,-138,-85,-17,51,121,159,165,142,88,36,-21,-83,-139,-169,-175,-142,-91,-19,61,126,168,185,169,124,56,-25,-116,-180,-206,-206,-168,-92,5,97,172,219,228,195,115,11,-94,-185,-245,-259,-228,-143,-20,102,194,254,275,244,158,49,-71,-187,-265,-289,-266,-192,-82,38,149,232,280,281,237,158,61,-42,-128,-188,-221,-220,-189,-140,0,0,0,0,0,-111,-94,-54,9,86,151,201,219,202,143,54,-55,-159,-238,-271,-257,-185,-74,63,187,276,309,275,172,29,-118,-247,-326,-335,-266,-131,40,203,323,371,330,216,45,-151,-315,-409,-400,-292,-127,79,271,404,440,367,197,-24,-240,-415,-494,-462,-306,-65,200,420,553,552,413,176,-120,-400,-595,-656,-560,-326,-10,310,570,706,680,492,184,-172,-493,-702,-760,-635,-357,15,381,654,776,719,497,152,-231,-565,-762,-782,-617,-300,94,459,711,804,709,439,70,-306,-616,-788,-764,-562,-226,161,509,733,782,639,350,-24,-398,-668,-769,-686,-436,-80,300,604,753,713,0,168,-211,-537,-724,-739,-578,-259,128,481,718,780,647,351,-37,-418,-700,-809,-721,-456,-71,334,661,833,795,556,176,-251,-625,-842,-862,-668,-298,143,552,833,914,778,445,-17,-463,-793,-955,-892,-607,-169,318,733,963,962,730,324,-166,-611,-908,-992,-833,-475,-3,469,820,965,887,597,163,-306,-703,-922,-912,-685,-297,157,557,821,885,733,403,-14,-421,-714,-826,-736,-467,-96,298,610,761,710,491,150,-231,-542,-706,-690,-509,-200,157,479,668,689,538,254,-101,-428,-646,-701,-586,-323,23,361,609,704,628,401,75,-276,-558,-700,-668,-479,-173,176,477,660,689,546,0,0
38848,mtk,MTK 7916,2421721449,rx2-tx0,512,0,0,0,956,638,155,-361,-788,-1025,-1000,-716,-264,249,693,959,987,770,356,-148,-605,-899,-971,-798,-414,72,523,837,937,797,454,-8,-470,-809,-930,-813,-483,-26,432,774,919,829,516,65,-402,-773,-948,-871,-567,-120,359,752,952,905,633,199,-285,-696,-925,-904,-660,-257,216,635,876,878,652,255,-206,-610,-853,-871,-652,-249,219,629,881,900,673,265,-219,-662,-939,-971,-754,-338,183,666,992,1066,863,445,-95,-625,-1013,-1155,-1014,-609,-48,528,977,1192,1112,764,227,-364,-869,-1171,-1179,-893,-394,192,734,1092,1180,976,535,-30,-578,-981,-1137,-1010,-634,-102,442,875,1086,1017,698,0,-338,-777,-1017,-1008,-747,-291,237,700,987,1020,787,354,-163,-646,-960,-1031,-848,-443,77,577,936,1060,915,533,7,-528,-941,-1118,-1019,-662,-124,453,926,1176,1137,820,303,-302,-845,-1190,-1249,-1009,-513,117,722,1154,1316,1160,719,103,-542,-1068,-1339,-1287,-923,-343,324,917,1297,1367,1113,598,-62,-712,-1195,-1405,-1286,-862,-240,427,1005,1352,1382,1099,578,-73,-697,-1150,-1344,-1248,-876,-317,305,831,1153,1217,1018,612,88,-433,-835,-1031,-1000,-742,-346,98,496,763,846,743,477,125,-228,-510,-662,-653,-505,-265,21,286,471,549,506,361,155,-68,-266,-395,-439,-405,-303,-162,-12,114,198,0,0,0,0,0,87,211,328,415,444,397,273,91,-119,-322,-476,-553,-529,-396,-182,77,329,509,589,546,379,128,-151,-404,-573,-612,-514,-301,-23,265,497,613,591,424,155,-142,-400,-573,-609,-503,-269,32,315,515,592,515,304,23,-270,-505,-600,-535,-336,-50,267,534,668,625,417,95,-256,-558,-737,-737,-551,-224,171,537,786,850,703,382,-34,-450,-761,-901,-822,-535,-115,336,711,914,904,670,270,-206,-634,-904,-954,-778,-413,60,531,869,992,878,553,92,-395,-789,-992,-951,-676,-239,255,690,961,1003,800,394,-104,-565,-890,-1007,-870,-515,-36,444,807,969,891,596,155,-324,-720,0,-911,-661,-244,236,647,898,917,695,300,-166,-599,-879,-932,-750,-368,114,573,889,983,819,445,-37,-522,-885,-1026,-905,-546,-49,468,865,1048,973,650,150,-385,-832,-1079,-1054,-758,-273,283,774,1071,1097,848,384,-179,-695,-1040,-1127,-931,-487,85,633,1016,1141,980,570,11,-555,-983,-1163,-1041,-660,-109,474,938,1166,1100,750,211,-383,-886,-1164,-1151,-848,-332,268,803,1139,1186,936,455,-141,-703,-1084,-1190,-1002,-563,18,588,1015,1185,1050,652,101,-467,-918,-1150,-1093,-750,-216,358,832,1101,1099,818,333,-224,-721,-1039,-1093,-869,-425,114,625,977,1074,900,500,-24,-534,-910,-1052,-925,0,0,0,0,0,416,825,1029,974,679,210,-307,-744,-993,-994,-743,-310,195,646,941,990,789,396,-97,-562,-875,-954,-789,-429,34,489,819,941,809,464,4,-454,-796,-933,-819,-494,-40,422,781,936,848,542,94,-388,-768,-949,-886,-598,-163,316,721,937,917,657,235,-247,-666,-904,-896,-666,-257,212,615,856,877,659,259,-212,-627,-867,-876,-654,-257,221,645,908,934,708,288,-213,-667,-967,-1024,-809,-382,149,659,1016,1118,939,531,-30,-595,-1009,-1177,-1066,-683,-136,445,929,1187,1156,840,316,-280,-803,-1133,-1184,-944,-482,99,657,1043,1165,1003,595,43,-509,-924,-1106,-1012,-666,-156,380,817,0,1013,723,249,-285,-727,-986,-1005,-762,-323,203,673,966,1015,812,402,-115,-614,-952,-1045,-879,-490,36,555,943,1103,979,599,67,-489,-931,-1146,-1078,-742,-218,375,890,1197,1209,922,407,-211,-791,-1183,-1290,-1087,-619,5,635,1122,1343,1237,830,221,-433,-991,-1321,-1335,-1028,-475,197,822,1249,1385,1202,735,88,-576,-1106,-1379,-1334,-984,-409,253,869,1279,1390,1191,737,121,-507,-1010,-1281,-1258,-960,-472,100,636,1011,1147,1025,693,235,-255,-662,-900,-926,-755,-429,-30,358,634,753,693,494,198,-119,-391,-562,-603,-511,-320,-68,176,372,485,492,397,237,46,-132,-271,-348,-357,-308,-220,0,0,0,0,0,-322,-295,-216,-87,80,256,405,496,509,428,259,34,-202,-414,-552,-573,-484,-293,-29,244,462,586,585,459,233,-55,-335,-541,-623,-563,-372,-99,202,456,597,599,468,225,-77,-362,-553,-602,-504,-292,-7,282,498,590,526,323,22,-283,-514,-623,-576,-376,-71,271,555,701,675,479,157,-223,-559,-768,-796,-629,-296,110,497,778,876,756,451,38,-397,-746,-912,-861,-603,-185,289,685,914,930,727,339,-140,-583,-889,-983,-836,-486,-16,465,833,996,918,617,164,-335,-753,-984,-980,-744,-326,172,632,933,1001,829,459,-24,-503,-855,-993,-887,-562,-106,372,761,954,903,624,0,-285,-684,-916,-914,-676,-264,206,625,883,918,722,336,-142,-583,-878,-951,-782,-411,66,538,880,999,857,502,7,-494,-878,-1042,-943,-603,-107,424,847,1058,1011,712,223,-334,-810,-1080,-1079,-808,-334,229,736,1056,1111,889,438,-127,-660,-1024,-1132,-952,-529,39,594,998,1149,1007,609,57,-516,-965,-1172,-1089,-719,-165,429,920,1175,1134,813,276,-337,-856,-1151,-1169,-901,-396,207,759,1120,1195,973,508,-81,-644,-1046,-1189,-1032,-613,-43,530,966,1163,1068,703,167,-410,-884,-1128,-1090,-784,-284,283,781,1082,1097,838,379,-175,-680,-1002,-1076,-882,-466,61,570,941,1067,915,534,27,-479,0,0
38849,mtk,MTK 7916,2421721449,rx2-tx1,512,0,0,0,-608,-515,-299,-15,263,470,565,533,371,110,-170,-391,-512,-518,-399,-193,62,286,447,491,414,244,31,-193,-356,-423,-386,-263,-85,102,258,346,344,259,116,-46,-192,-277,-285,-226,-128,4,119,186,199,163,96,19,-57,-105,-117,-96,-51,5,45,49,30,6,-31,-63,-59,-27,28,95,143,153,133,67,-44,-161,-250,-277,-239,-140,14,182,308,382,363,244,64,-136,-330,-452,-464,-365,-181,57,299,474,541,485,309,41,-246,-468,-576,-554,-406,-160,134,392,557,603,504,269,-41,-341,-559,-642,-572,-365,-68,247,505,636,623,452,168,-157,-448,-631,-665,-545,-291,0,350,582,673,606,390,76,-260,-528,-666,-639,-459,-172,155,446,629,658,516,259,-62,-375,-601,-670,-567,-319,4,318,559,668,600,380,72,-266,-547,-689,-658,-469,-156,221,549,735,740,577,268,-126,-494,-734,-816,-705,-413,-14,389,717,875,826,578,185,-254,-630,-872,-914,-738,-385,57,482,801,948,868,591,173,-287,-681,-921,-948,-757,-391,58,491,812,951,879,620,225,-225,-612,-851,-902,-752,-444,-53,337,645,803,787,596,289,-70,-408,-641,-715,-641,-434,-140,172,435,586,617,514,309,50,-205,-408,-524,-533,-442,-269,-63,140,300,402,426,381,280,153,29,-79,0,0,0,0,0,-58,-123,-180,-216,-227,-207,-152,-67,39,139,218,271,272,215,129,25,-99,-208,-263,-275,-245,-157,-31,94,199,269,280,233,141,20,-110,-206,-258,-262,-214,-121,-5,114,203,238,223,164,74,-29,-110,-169,-196,-173,-112,-43,38,105,138,151,132,88,24,-31,-73,-95,-83,-57,-38,-11,18,28,22,27,33,30,28,32,34,33,14,-14,-46,-78,-102,-120,-109,-59,10,84,152,181,180,154,79,-17,-121,-211,-256,-241,-169,-66,62,175,250,270,238,145,19,-113,-220,-283,-275,-199,-79,51,170,248,270,233,140,5,-126,-220,-264,-237,-146,-20,109,209,254,0,151,35,-102,-218,-282,-268,-184,-43,105,232,309,310,218,87,-79,-233,-329,-348,-284,-147,30,210,339,381,334,201,12,-181,-326,-396,-377,-264,-69,142,318,422,429,317,123,-97,-299,-428,-456,-362,-172,51,263,418,472,402,229,-1,-224,-403,-488,-435,-279,-57,196,401,493,463,305,66,-189,-404,-525,-509,-356,-114,154,395,558,582,450,209,-87,-378,-587,-651,-558,-328,-11,324,578,697,651,442,120,-230,-523,-700,-710,-557,-260,105,440,675,767,670,407,57,-305,-599,-752,-734,-547,-224,142,471,689,754,635,372,35,-313,-584,-703,-656,-456,-153,175,450,613,631,0,0,0,0,0,-28,-316,-517,-591,-523,-335,-68,203,427,539,520,377,147,-106,-332,-486,-516,-423,-230,15,245,399,454,401,261,66,-139,-304,-386,-373,-275,-113,63,220,314,314,248,130,-7,-140,-224,-246,-205,-106,0,83,138,160,140,82,13,-48,-89,-87,-60,-23,25,48,32,-5,-42,-85,-106,-96,-36,49,137,192,210,174,88,-33,-173,-291,-342,-308,-192,-24,167,331,427,424,319,132,-106,-327,-462,-492,-419,-241,7,264,469,567,523,352,93,-187,-431,-578,-585,-451,-205,91,367,564,628,531,319,27,-282,-531,-650,-608,-413,-119,204,487,653,651,494,222,-108,-411,-623,0,-574,-334,-11,316,569,688,640,436,129,-208,-486,-649,-653,-491,-225,91,399,609,660,547,292,-33,-357,-589,-671,-584,-360,-34,299,559,677,626,410,87,-254,-544,-712,-708,-526,-211,167,519,738,772,630,334,-70,-459,-739,-855,-775,-503,-99,333,686,879,883,675,300,-154,-579,-865,-934,-804,-491,-56,398,761,945,907,666,283,-169,-590,-878,-973,-841,-524,-83,372,728,917,909,705,345,-82,-486,-762,-861,-784,-537,-185,197,525,724,754,630,372,35,-294,-538,-659,-633,-476,-234,53,318,510,582,537,384,166,-73,-286,-435,-492,-460,-356,-204,-27,139,252,310,312,272,0,0,0,0,0,160,145,107,42,-41,-127,-201,-244,-252,-227,-160,-60,48,149,234,279,268,198,84,-41,-148,-234,-279,-269,-202,-94,27,144,237,283,257,182,77,-45,-159,-229,-254,-233,-161,-56,62,160,211,222,181,101,12,-69,-139,-179,-172,-124,-59,2,65,119,129,106,74,29,-24,-58,-59,-59,-54,-33,-16,-7,-2,-6,-12,3,28,43,61,77,82,60,18,-36,-90,-137,-164,-151,-96,-24,62,146,210,230,196,124,12,-112,-213,-264,-264,-211,-115,11,150,258,291,256,172,63,-68,-190,-260,-275,-228,-119,21,148,243,274,234,139,16,-118,-219,-258,-235,-150,-19,0,204,261,248,168,35,-108,-224,-284,-275,-199,-63,102,236,316,330,254,105,-66,-225,-338,-368,-309,-169,14,199,335,398,357,231,45,-157,-326,-407,-397,-278,-93,121,309,438,448,346,160,-67,-280,-423,-458,-381,-206,24,249,413,478,413,250,27,-199,-387,-488,-449,-279,-45,202,403,508,489,348,104,-177,-416,-552,-553,-413,-166,128,402,575,607,501,273,-44,-360,-593,-682,-607,-384,-60,282,558,703,687,508,208,-154,-485,-698,-746,-619,-345,7,370,650,774,712,486,146,-228,-547,-736,-754,-596,-300,59,398,640,733,647,423,93,-250,-520,-656,-648,-478,-197,119,0,0
38850,mtk,MTK 7916,2421783721,rx0-tx0,512,-349,-207,-443,690,627,539,414,253,78,-109,-287,-448,-587,-699,-753,-754,-718,-626,-510,-341,-159,35,229,404,551,669,737,755,725,649,526,377,203,17,-171,-331,-460,-568,-636,-655,-639,-577,-476,-371,-226,-79,59,185,300,397,452,487,497,468,424,369,289,206,116,17,-65,-157,-237,-302,-355,-391,-415,-410,-391,-375,-315,-240,-150,-51,57,171,279,387,465,519,544,527,483,402,287,158,0,-157,-304,-428,-516,-580,-596,-566,-496,-388,-260,-112,50,201,337,434,501,532,522,468,380,265,141,18,-100,-202,-279,-328,-347,-342,-315,-265,-197,-123,-39,28,72,111,133,140,133,116,-511,69,57,43,37,37,39,47,58,71,71,58,50,31,-4,-51,-96,-136,-167,-199,-220,-225,-199,-170,-129,-62,9,81,162,221,282,315,320,311,261,197,129,48,-43,-140,-228,-275,-322,-352,-341,-315,-269,-196,-123,-38,49,135,220,275,315,318,314,294,259,205,142,69,-13,-90,-147,-201,-247,-283,-305,-300,-271,-234,-175,-94,-25,47,116,180,237,268,296,297,276,237,186,122,35,-43,-119,-188,-241,-272,-283,-274,-255,-212,-152,-93,-21,48,120,178,225,245,247,239,201,152,93,28,-39,-109,-164,-197,-220,-222,-200,-161,-103,-36,31,95,140,157,154,136,512,287,1179,-1044,-1191,-203,-143,-50,65,184,287,367,406,386,327,240,114,-28,-159,-286,-390,-461,-498,-491,-447,-366,-244,-101,55,206,346,459,547,597,614,562,474,344,178,5,-175,-348,-495,-608,-696,-723,-699,-627,-496,-322,-144,53,263,437,589,714,769,773,731,624,482,308,95,-122,-313,-483,-632,-729,-776,-758,-699,-601,-471,-290,-99,105,275,436,577,667,722,729,679,569,445,303,143,-23,-186,-330,-455,-541,-601,-630,-612,-568,-487,-366,-243,-106,33,168,299,412,489,545,581,579,535,468,367,241,123,-11,-153,-298,-414,-498,-569,-606,-603,-558,-476,-380,-260,-113,36,174,314,425,-330,593,618,612,574,491,383,257,110,-45,-204,-347,-467,-557,-619,-642,-631,-587,-498,-385,-252,-81,63,221,362,483,585,646,671,663,625,551,430,291,139,-33,-202,-358,-501,-616,-699,-755,-755,-720,-644,-529,-371,-185,8,202,406,590,742,845,911,913,852,748,585,382,158,-98,-342,-573,-770,-914,-1011,-1045,-999,-889,-731,-525,-260,18,299,544,761,939,1048,1077,1038,943,777,544,301,39,-223,-474,-691,-850,-948,-991,-962,-871,-736,-561,-350,-128,111,331,510,663,775,825,832,787,695,569,410,237,51,-132,-300,-442,-566,-654,-709,-719,-686,-621,-519,-394,-240,-67,99,257,-139,-494,-729,-831,-737,-165,-337,-483,-609,-696,-732,-735,-689,-597,-474,-315,-123,60,254,426,571,686,748,769,736,649,528,371,189,-5,-195,-372,-522,-633,-700,-720,-691,-608,-506,-376,-214,-49,118,275,387,484,561,581,569,524,461,370,255,141,16,-100,-193,-284,-354,-394,-427,-436,-421,-395,-346,-283,-214,-139,-47,44,123,213,306,382,437,473,483,461,420,342,236,122,-16,-153,-285,-409,-499,-561,-591,-568,-510,-412,-289,-143,27,182,322,439,518,571,578,536,452,337,209,67,-78,-222,-334,-410,-443,-446,-418,-360,-277,-184,-87,10,94,167,210,239,247,220,191,157,114,74,34,2,1105,-32,-37,-29,-16,-15,-19,-23,-26,-35,-61,-81,-95,-124,-149,-159,-153,-124,-94,-55,1,65,125,172,230,273,277,275,246,198,139,49,-28,-117,-206,-269,-315,-339,-341,-319,-264,-191,-129,-32,56,139,225,284,314,331,323,306,265,201,123,35,-43,-119,-185,-240,-277,-299,-309,-289,-255,-210,-145,-84,-11,70,131,193,250,284,298,299,280,244,184,117,42,-46,-118,-179,-223,-278,-301,-292,-267,-222,-169,-104,-27,47,117,184,216,249,267,265,238,190,128,59,-6,-75,-138,-182,-215,-238,-240,-214,-163,-108,-47,21,85,139,178,198,195,169,117,51,-12,-68,-687,-807,1145,-658,-318,150,238,300,322,287,220,118,-18,-153,-269,-366,-437,-456,-435,-377,-276,-151,-10,132,264,384,479,533,547,519,447,349,211,61,-106,-273,-417,-548,-635,-671,-659,-598,-483,-345,-172,27,212,404,573,680,742,761,716,615,487,312,115,-79,-291,-478,-620,-729,-789,-790,-728,-631,-474,-292,-93,110,297,464,605,704,746,736,672,586,447,283,115,-65,-242,-397,-502,-603,-663,-673,-641,-567,-462,-336,-197,-42,110,253,380,480,543,594,604,578,518,420,305,187,43,-98,-229,-347,-449,-521,-561,-586,-578,-520,-434,-322,-202,-58,89,237,358,460,548,598,603,585,528,432,826,189,35,-109,-261,-401,-501,-581,-627,-636,-609,-542,-445,-322,-175,-14,141,289,422,522,611,655,652,628,556,462,332,183,23,-133,-286,-430,-550,-626,-682,-700,-673,-613,-529,-403,-264,-86,102,275,450,603,727,804,833,821,760,645,483,297,82,-152,-370,-577,-766,-887,-969,-986,-937,-835,-673,-461,-223,49,316,560,764,938,1042,1072,1031,917,756,540,276,-2,-261,-511,-739,-899,-1002,-1044,-1018,-924,-763,-553,-318,-64,188,416,608,764,865,913,904,826,706,559,369,168,-37,-235,-408,-555,-671,-738,-762,-743,-676,-588,-460,-314,-150,22,186,344,476,583,666,703,696,652,-1235,-1131
38851,mtk,MTK 7916,2421783721,rx0-tx1,512,87,760,795,542,579,589,560,490,385,252,98,-73,-243,-406,-547,-651,-729,-754,-735,-665,-547,-398,-223,-21,181,374,547,692,800,860,865,815,721,573,380,163,-63,-294,-509,-708,-858,-954,-984,-962,-878,-731,-542,-322,-71,183,418,628,805,938,1010,1022,980,873,724,522,286,40,-218,-469,-685,-868,-1003,-1078,-1089,-1031,-918,-743,-516,-256,16,289,554,787,976,1108,1164,1143,1052,894,682,437,145,-144,-424,-680,-886,-1043,-1129,-1145,-1089,-962,-791,-562,-297,-26,242,501,717,887,1005,1055,1041,967,829,645,422,187,-54,-291,-511,-690,-818,-913,-940,-912,-837,-708,-556,-367,-160,52,260,440,-689,722,804,845,840,790,690,562,406,223,18,-181,-374,-555,-706,-823,-891,-915,-882,-793,-662,-487,-269,-35,204,447,663,851,993,1066,1067,1008,875,675,439,163,-128,-422,-673,-895,-1058,-1144,-1164,-1096,-962,-752,-495,-206,103,396,666,879,1033,1124,1129,1070,947,746,510,243,-43,-322,-571,-775,-936,-1027,-1042,-1007,-902,-728,-520,-285,-19,226,460,665,810,904,939,904,811,667,483,277,54,-166,-378,-555,-685,-776,-806,-774,-693,-565,-413,-233,-44,148,331,476,593,658,678,651,572,455,306,129,-51,-225,-373,-494,-568,-583,-548,-467,-341,-179,-3,163,304,392,425,390,307,201,346,523,0,-324,-48,89,131,149,139,103,53,-10,-74,-133,-180,-202,-200,-185,-145,-97,-43,33,92,140,183,203,210,199,180,141,92,47,-10,-60,-108,-146,-175,-200,-206,-200,-183,-161,-127,-86,-39,12,80,134,175,216,248,264,267,253,207,151,87,4,-85,-175,-241,-296,-335,-352,-342,-302,-241,-162,-68,28,124,214,288,340,377,386,361,310,239,151,60,-38,-130,-226,-294,-339,-366,-361,-337,-278,-214,-140,-47,35,123,188,245,286,312,313,293,255,200,134,62,-9,-80,-141,-196,-233,-257,-263,-257,-234,-186,-150,-100,-34,22,72,123,165,197,212,218,209,182,143,95,47,-130,-45,-90,-123,-148,-164,-178,-166,-139,-115,-75,-39,-2,24,58,84,88,99,93,72,50,28,-1,-24,-31,-34,-33,-18,2,26,53,78,90,96,90,69,44,6,-41,-90,-132,-185,-229,-248,-254,-230,-184,-131,-52,28,111,196,281,343,374,388,377,329,255,161,57,-69,-193,-304,-388,-449,-478,-486,-467,-403,-308,-182,-52,83,222,337,429,497,523,513,474,401,299,177,55,-68,-193,-298,-378,-436,-464,-463,-427,-372,-303,-210,-110,-18,71,166,230,276,326,348,342,331,307,272,232,178,125,61,-7,-80,-158,-220,-286,-340,-376,-406,-409,-387,-351,-278,-196,-89,-519,-583,504,197,-33,203,50,-103,-252,-393,-512,-606,-669,-686,-657,-587,-470,-328,-159,29,212,398,556,679,770,810,797,742,637,486,300,88,-131,-342,-537,-710,-836,-908,-936,-899,-810,-664,-473,-250,-8,235,479,685,845,960,1019,1006,931,799,623,406,165,-83,-328,-557,-753,-913,-1010,-1054,-1041,-956,-819,-633,-404,-152,117,375,621,838,998,1102,1133,1100,1001,830,617,358,70,-222,-499,-745,-940,-1086,-1164,-1155,-1082,-939,-739,-494,-219,62,345,594,814,983,1075,1101,1067,967,804,604,365,110,-151,-403,-624,-807,-929,-995,-1005,-958,-846,-677,-487,-274,-37,180,390,569,708,820,872,883,840,750,261,459,276,83,-119,-319,-493,-641,-747,-825,-856,-836,-778,-675,-529,-354,-154,60,276,482,667,825,941,985,983,917,785,610,373,105,-166,-424,-673,-878,-1031,-1121,-1139,-1069,-926,-731,-473,-187,113,412,679,910,1068,1169,1170,1096,952,744,501,213,-79,-357,-617,-829,-978,-1069,-1097,-1046,-926,-746,-529,-267,-2,257,514,720,863,969,997,958,869,707,506,283,38,-205,-424,-610,-741,-827,-858,-834,-758,-620,-456,-266,-57,151,341,503,628,706,733,715,637,524,368,190,9,-171,-336,-472,-572,-628,-625,-576,-481,-350,-184,-9,160,316,437,510,521,475,376,237,75,-78,-200,-274,689,563,0,-506,-598,68,35,-19,-77,-131,-165,-184,-177,-149,-98,-34,31,92,148,179,206,212,191,161,113,54,-1,-53,-103,-149,-177,-196,-200,-189,-171,-138,-106,-59,-3,41,88,131,167,199,216,234,231,203,166,123,63,-8,-77,-153,-216,-259,-296,-313,-314,-277,-229,-163,-82,9,101,183,264,323,362,372,353,317,246,162,66,-43,-143,-231,-303,-351,-378,-372,-352,-302,-221,-147,-53,35,127,212,270,325,345,344,316,262,202,129,54,-31,-104,-172,-228,-269,-286,-290,-272,-239,-195,-140,-78,-11,50,111,157,183,224,238,228,216,187,151,102,46,-9,-66,-111,-144,-168,-185,245,-184,-165,-130,-94,-56,-15,36,69,104,129,141,134,122,110,76,50,23,-10,-32,-47,-53,-60,-41,-27,-5,17,33,41,47,45,28,-3,-29,-69,-101,-133,-163,-170,-159,-139,-110,-59,3,72,153,215,273,313,323,319,283,226,140,48,-46,-158,-261,-342,-398,-437,-452,-428,-368,-285,-175,-51,76,206,321,415,481,510,514,479,402,310,185,47,-89,-214,-329,-424,-481,-502,-498,-460,-388,-299,-192,-75,45,156,241,319,373,399,401,392,354,292,237,173,83,9,-61,-131,-184,-238,-280,-311,-332,-335,-331,-307,-276,-238,-174,-102,-21,78,165,267,356,420,471,267,-10
38852,mtk,MTK 7916,2421783721,rx1-tx0,512,0,-745,-662,-618,-543,-444,-304,-141,39,217,380,536,676,761,804,789,740,640,492,310,98,-125,-343,-542,-715,-850,-921,-947,-916,-809,-661,-463,-227,37,290,527,745,917,1020,1077,1061,974,815,591,337,50,-226,-488,-733,-930,-1068,-1133,-1138,-1056,-898,-710,-467,-185,99,380,651,876,1035,1134,1162,1112,999,816,588,316,18,-272,-543,-780,-965,-1090,-1147,-1128,-1045,-888,-667,-419,-145,145,415,660,862,999,1079,1091,1018,890,716,498,242,-26,-282,-517,-725,-882,-973,-1004,-974,-878,-734,-545,-332,-98,145,357,562,728,838,901,908,854,736,599,423,197,-21,-229,-430,-602,-723,-811,-837,-799,216,-607,-435,-248,-56,149,343,512,647,724,773,759,684,578,428,263,85,-101,-288,-448,-566,-643,-679,-664,-617,-529,-398,-255,-98,54,211,356,464,551,580,570,538,461,343,224,95,-46,-172,-299,-383,-425,-449,-448,-424,-355,-270,-172,-65,21,122,201,243,289,307,277,259,213,164,122,69,28,-22,-63,-101,-123,-142,-136,-150,-164,-143,-139,-127,-96,-72,-48,-18,14,55,87,106,141,161,154,155,139,119,90,40,5,-32,-56,-73,-106,-125,-136,-137,-130,-111,-87,-55,-26,23,54,83,116,130,129,116,104,86,53,18,-23,-58,-85,-103,-109,-101,-76,-45,-20,-109,-439,0,928,985,-163,-183,-184,-150,-86,-16,70,158,231,279,286,270,228,161,71,-28,-127,-223,-276,-310,-331,-327,-287,-213,-127,-32,78,176,250,317,367,375,350,301,224,138,44,-55,-156,-240,-292,-348,-354,-326,-293,-225,-153,-85,3,82,156,212,246,269,276,264,227,186,139,95,33,-20,-61,-120,-166,-180,-213,-212,-218,-226,-192,-145,-101,-61,-6,50,92,135,170,199,228,223,204,191,147,96,48,-2,-58,-109,-152,-187,-223,-229,-230,-209,-171,-151,-93,-27,27,89,130,166,196,224,230,209,191,156,116,69,19,-36,-70,-126,-176,-193,-209,-209,-194,-162,-128,-87,-36,-584,50,96,146,169,171,175,164,135,110,82,45,-7,-46,-81,-97,-108,-117,-112,-99,-76,-51,-41,-24,-9,14,40,32,25,29,7,0,-7,-19,-28,-24,-13,-4,13,29,54,83,108,119,130,124,108,76,41,-8,-56,-104,-167,-218,-249,-274,-282,-259,-224,-164,-85,4,105,191,281,360,398,426,418,371,311,223,107,-17,-153,-278,-383,-469,-523,-543,-525,-476,-393,-286,-159,5,150,293,415,510,576,603,596,554,465,343,208,54,-96,-252,-398,-498,-580,-623,-627,-586,-505,-400,-273,-129,23,175,308,436,535,590,623,614,566,481,376,258,113,-46,-188,-323,-241,237,0,-16,-355,267,410,543,644,708,731,705,646,555,408,231,32,-170,-361,-542,-687,-796,-862,-866,-823,-730,-587,-389,-160,65,314,538,726,878,979,1015,980,889,746,530,285,22,-258,-513,-751,-933,-1059,-1110,-1089,-1013,-860,-646,-390,-117,167,456,697,890,1052,1138,1150,1092,962,761,516,245,-53,-339,-600,-826,-1004,-1131,-1173,-1136,-1021,-855,-628,-368,-82,208,487,739,933,1057,1127,1121,1042,904,704,455,189,-95,-365,-597,-791,-945,-1030,-1052,-1008,-901,-738,-524,-285,-46,207,444,642,796,900,956,938,870,755,578,376,151,-79,-309,-504,-659,-795,-870,-876,-841,-749,-597,-420,-231,-18,185,757,555,682,762,800,784,712,601,441,259,76,-136,-319,-484,-615,-688,-724,-727,-675,-564,-431,-267,-98,73,237,389,509,587,625,623,587,500,394,253,98,-42,-181,-318,-418,-474,-516,-515,-482,-412,-307,-198,-89,19,144,244,315,361,372,371,354,296,227,149,42,-30,-76,-136,-160,-189,-198,-202,-196,-171,-149,-124,-96,-68,-54,-4,30,57,87,114,128,141,150,157,141,115,92,63,22,-7,-31,-67,-104,-143,-162,-156,-152,-126,-113,-87,-54,-18,18,61,97,126,136,145,136,109,100,74,34,0,-36,-65,-94,-113,-123,-120,-99,-77,-43,-12,27,61,78,88,743,610,0,-336,139,-54,3,76,151,203,237,247,218,159,71,-18,-109,-197,-269,-310,-317,-305,-254,-170,-87,2,104,203,282,333,359,357,311,252,185,81,-28,-129,-217,-289,-339,-364,-361,-326,-263,-186,-105,1,79,156,241,282,305,302,281,251,202,144,79,16,-55,-117,-164,-196,-223,-233,-227,-221,-208,-148,-105,-58,-8,14,68,127,163,194,221,235,219,195,171,130,84,30,-33,-68,-119,-171,-207,-227,-234,-229,-204,-162,-128,-78,-17,38,107,137,169,207,221,229,214,186,147,106,60,-9,-61,-101,-149,-182,-209,-224,-208,-188,-176,-119,-75,-36,21,71,118,151,182,203,-674,177,167,126,81,36,-2,-55,-95,-116,-140,-161,-160,-146,-125,-87,-62,-27,3,29,58,66,74,74,71,60,38,10,12,-1,-8,-3,-4,0,14,30,40,54,61,58,59,45,27,-1,-39,-84,-126,-153,-176,-189,-187,-190,-169,-126,-71,-10,70,152,220,286,327,352,349,322,281,194,94,-7,-131,-234,-318,-400,-452,-482,-474,-424,-342,-244,-120,16,152,280,396,483,557,577,556,502,422,311,175,27,-122,-276,-413,-512,-587,-618,-609,-569,-474,-364,-234,-79,78,233,370,479,568,616,620,587,526,437,314,178,35,-120,-262,-390,-491,-566,-626,-633,-598,-533,-952,-955
38853,mtk,MTK 7916,2421783721,rx1-tx1,512,0,0,0,14,325,548,626,532,295,-28,-343,-559,-616,-511,-273,40,341,535,581,479,243,-61,-342,-518,-542,-420,-187,95,338,478,483,346,115,-144,-358,-468,-440,-280,-43,199,384,457,395,223,-19,-264,-429,-467,-372,-170,84,317,471,486,365,142,-127,-371,-515,-505,-361,-122,162,408,532,517,376,125,-166,-406,-546,-547,-394,-133,139,372,530,546,413,176,-90,-331,-484,-505,-401,-205,43,274,425,464,388,217,0,-202,-348,-399,-342,-204,-33,141,269,315,279,177,39,-98,-202,-250,-228,-151,-46,69,166,208,183,123,35,-55,-134,-166,-155,-105,-39,38,104,137,134,102,0,-39,-90,-117,-120,-94,-38,26,70,97,110,89,43,-3,-48,-84,-100,-83,-47,-9,32,67,84,78,48,18,-13,-41,-62,-61,-48,-20,6,27,37,37,21,-1,-16,-23,-27,-18,0,20,36,33,14,-9,-24,-51,-71,-68,-35,13,57,93,113,103,69,4,-74,-128,-147,-138,-98,-28,67,162,215,220,179,88,-39,-159,-240,-272,-241,-149,-24,111,230,302,290,205,74,-77,-211,-305,-327,-265,-139,11,168,292,342,309,206,47,-124,-263,-348,-347,-262,-129,40,197,307,356,326,219,65,-97,-235,-324,-350,-309,-207,-69,69,186,267,296,267,205,122,35,0,0,0,0,0,-20,-75,-124,-155,-159,-135,-82,-2,86,166,216,218,170,88,-28,-141,-225,-258,-230,-137,-7,120,225,280,262,176,38,-112,-241,-306,-287,-192,-50,111,246,319,308,204,40,-127,-269,-345,-315,-191,-9,173,304,361,320,175,-30,-226,-379,-432,-362,-184,54,291,470,525,422,192,-92,-369,-561,-603,-483,-227,91,403,612,662,538,268,-75,-415,-657,-720,-591,-309,58,423,676,748,615,317,-69,-435,-700,-770,-635,-329,60,445,717,781,638,327,-74,-458,-721,-778,-628,-318,78,456,704,763,618,295,-104,-461,-704,-746,-575,-249,131,478,685,705,523,199,-173,-493,-681,0,-465,-128,240,542,691,639,392,34,-336,-612,-728,-623,-341,34,412,670,739,602,289,-126,-517,-747,-766,-582,-230,199,589,817,815,581,185,-279,-668,-869,-842,-584,-152,327,720,926,875,580,128,-365,-769,-956,-877,-561,-96,402,787,960,865,530,56,-440,-809,-957,-840,-499,-26,453,809,926,781,432,-26,-470,-789,-886,-728,-377,60,478,766,827,649,303,-116,-488,-720,-750,-564,-220,169,497,671,652,454,125,-238,-525,-653,-589,-363,-27,311,553,624,515,257,-65,-369,-573,-610,-470,-196,133,420,586,592,426,129,-196,-461,-610,-588,-396,-95,236,496,615,561,351,41,0,0,0,0,0,-608,-519,-286,19,334,552,612,520,288,-34,-338,-549,-614,-501,-255,45,335,523,569,452,220,-70,-322,-481,-501,-378,-148,115,341,465,459,319,85,-168,-369,-458,-412,-242,-4,236,409,470,386,197,-60,-298,-449,-476,-370,-156,108,347,492,502,368,125,-157,-393,-524,-519,-373,-125,156,403,542,530,373,122,-157,-408,-548,-548,-407,-168,115,362,515,535,409,191,-67,-306,-455,-490,-405,-217,23,236,381,427,358,207,7,-185,-314,-362,-325,-204,-37,128,239,285,263,180,43,-91,-184,-225,-212,-142,-33,73,146,178,166,110,28,-56,-116,-156,-151,-104,-36,37,105,0,128,86,26,-29,-78,-115,-107,-78,-38,16,66,90,96,87,57,6,-39,-69,-87,-87,-56,-7,25,53,68,62,49,24,-5,-25,-38,-50,-41,-21,10,30,37,20,-1,-18,-25,-26,-25,-13,15,34,47,54,32,-15,-53,-72,-81,-73,-37,14,69,112,139,131,78,3,-78,-148,-192,-194,-139,-45,70,169,231,244,213,123,-17,-149,-246,-283,-259,-175,-51,97,228,308,316,243,107,-54,-199,-302,-333,-280,-166,-9,150,273,336,325,235,83,-89,-239,-340,-360,-298,-168,-7,152,283,358,349,265,134,-22,-172,-281,-332,-321,-261,-157,-33,78,157,204,216,0,0,0,0,0,109,102,74,22,-43,-113,-172,-203,-190,-132,-43,58,156,223,245,209,119,-7,-137,-230,-265,-246,-163,-29,115,228,292,279,190,49,-113,-241,-308,-303,-214,-52,119,254,325,308,201,32,-146,-284,-345,-319,-191,4,199,336,393,344,184,-45,-260,-415,-469,-394,-194,80,344,515,549,438,208,-98,-392,-589,-636,-513,-246,97,417,640,703,577,291,-81,-439,-683,-746,-611,-319,62,435,689,764,636,330,-74,-451,-703,-777,-641,-334,56,438,707,778,631,314,-80,-458,-716,-787,-638,-313,86,455,702,752,602,289,-107,-465,-687,-717,-548,-228,152,491,685,683,488,158,0,-534,-687,-646,-428,-87,277,580,711,630,365,-4,-374,-633,-720,-606,-313,77,455,708,761,590,253,-163,-540,-770,-781,-575,-207,226,615,841,828,579,175,-282,-682,-898,-859,-581,-138,353,755,948,877,572,109,-384,-771,-949,-870,-552,-79,417,803,960,839,498,18,-461,-802,-927,-812,-464,13,481,799,902,761,414,-50,-485,-775,-850,-697,-351,85,489,733,771,595,262,-143,-500,-698,-696,-504,-167,209,508,662,628,418,89,-267,-536,-638,-547,-303,23,341,553,603,482,227,-102,-400,-583,-603,-451,-161,181,464,607,584,410,121,-212,-490,-619,-574,-369,-60,262,508,617,0,0
38854,mtk,MTK 7916,2421783721,rx2-tx0,512,0,0,0,1100,1048,693,141,-448,-912,-1111,-1000,-606,-41,533,947,1088,912,482,-75,-605,-966,-1047,-816,-345,214,692,967,958,676,195,-337,-763,-966,-883,-534,-42,463,832,949,781,377,-139,-607,-896,-918,-675,-227,297,732,947,887,569,88,-427,-816,-959,-826,-458,40,524,850,924,721,308,-188,-615,-853,-832,-556,-112,365,732,871,743,387,-99,-553,-839,-874,-649,-217,294,730,959,909,579,68,-470,-881,-1052,-910,-497,62,615,1002,1116,913,445,-154,-711,-1077,-1141,-885,-379,231,776,1099,1112,817,298,-306,-821,-1096,-1062,-731,-197,382,849,1072,990,631,97,-464,-878,-1026,-883,-494,31,0,894,979,776,347,-179,-643,-911,-915,-652,-193,318,742,953,879,543,45,-475,-857,-990,-838,-432,105,623,962,1031,795,324,-251,-770,-1084,-1102,-796,-249,381,903,1197,1164,801,204,-458,-1005,-1278,-1204,-800,-175,519,1073,1326,1216,782,130,-570,-1122,-1361,-1230,-767,-93,619,1155,1379,1230,746,65,-641,-1171,-1386,-1224,-739,-61,636,1159,1382,1242,770,104,-575,-1101,-1336,-1229,-808,-194,451,964,1223,1163,815,273,-314,-791,-1045,-1029,-754,-309,186,609,846,855,657,308,-106,-466,-676,-699,-546,-273,50,345,533,567,459,248,-13,-259,-426,-475,-412,-260,-60,137,291,374,367,286,170,40,0,0,0,0,0,13,-108,-235,-342,-395,-372,-270,-108,84,276,415,470,422,274,52,-180,-369,-476,-471,-344,-127,119,337,467,480,372,165,-91,-317,-459,-478,-371,-155,94,316,450,458,326,105,-138,-339,-455,-430,-266,-21,236,428,491,397,181,-101,-371,-550,-577,-430,-142,209,512,691,680,477,128,-270,-620,-813,-793,-552,-145,308,689,885,851,590,158,-325,-725,-936,-889,-596,-138,363,766,957,890,573,87,-424,-816,-987,-877,-522,-20,493,870,1010,865,468,-60,-564,-918,-1025,-841,-416,132,640,968,1035,814,364,-188,-697,-1006,-1032,-774,-306,251,731,1008,1005,720,226,-330,-787,-1019,-964,0,-111,422,841,1019,901,523,0,-526,-903,-1022,-841,-414,129,637,969,1025,779,304,-266,-759,-1030,-1013,-696,-173,399,865,1091,999,616,50,-536,-969,-1133,-967,-515,91,672,1069,1158,910,400,-225,-792,-1135,-1152,-834,-274,364,902,1183,1120,731,135,-506,-1004,-1210,-1052,-590,35,658,1099,1221,987,469,-196,-806,-1175,-1213,-901,-321,361,931,1245,1207,816,190,-497,-1040,-1289,-1159,-706,-60,612,1117,1287,1087,585,-81,-724,-1161,-1266,-1003,-458,212,820,1195,1223,896,319,-342,-906,-1209,-1159,-783,-190,455,970,1212,1101,666,51,-569,-1025,-1191,-1013,-547,63,655,1057,1150,913,419,-192,-742,-1072,0,0,0,0,0,-208,391,881,1116,1027,645,94,-484,-928,-1106,-963,-548,13,566,951,1057,860,424,-132,-650,-969,-1005,-745,-270,266,723,970,928,617,124,-399,-797,-949,-826,-463,41,538,868,936,721,292,-225,-680,-934,-907,-620,-155,362,775,958,863,523,34,-466,-832,-948,-783,-389,114,575,859,872,632,214,-271,-674,-865,-790,-471,-5,462,782,872,695,299,-194,-640,-900,-892,-607,-138,387,806,1000,900,537,5,-546,-950,-1083,-917,-482,105,672,1050,1134,896,407,-201,-753,-1095,-1131,-857,-337,274,805,1106,1102,787,254,-349,-842,-1092,-1030,-683,-148,423,861,1051,941,561,27,-504,-885,-1001,0,-413,103,587,901,944,710,268,-253,-690,-922,-895,-603,-120,398,797,968,853,484,-36,-551,-912,-1009,-812,-371,187,700,1023,1064,790,277,-313,-833,-1142,-1127,-789,-225,418,956,1237,1182,794,180,-496,-1039,-1309,-1214,-786,-138,544,1094,1346,1228,778,106,-598,-1135,-1366,-1230,-757,-73,634,1166,1377,1220,732,48,-650,-1183,-1405,-1245,-763,-90,604,1143,1369,1243,799,154,-519,-1043,-1282,-1191,-811,-235,378,876,1132,1095,784,296,-250,-701,-948,-951,-719,-315,142,530,762,791,616,297,-72,-397,-600,-628,-495,-250,41,304,472,515,431,245,8,-215,-370,-429,-399,-287,-123,48,184,268,296,0,0,0,0,0,292,297,252,146,-4,-177,-329,-429,-441,-365,-206,7,226,395,480,460,320,95,-148,-355,-477,-481,-362,-157,93,320,459,477,370,162,-91,-316,-456,-475,-358,-146,110,334,457,443,303,67,-184,-378,-465,-417,-233,30,292,480,525,412,166,-155,-453,-626,-620,-442,-135,239,577,765,743,519,140,-293,-661,-869,-837,-574,-154,317,711,920,877,599,150,-350,-748,-947,-892,-589,-114,392,797,977,880,539,49,-464,-848,-995,-863,-497,14,525,887,1007,852,453,-79,-597,-948,-1028,-826,-397,150,661,984,1033,795,334,-216,-713,-1011,-1020,-745,-264,291,762,1017,991,685,177,-381,0,-1012,-930,-590,-69,477,875,1021,880,485,-56,-582,-934,-1015,-807,-362,195,697,999,1018,737,237,-340,-819,-1070,-1014,-664,-110,477,921,1106,983,567,-20,-602,-1019,-1149,-943,-460,165,738,1103,1156,879,343,-287,-836,-1153,-1131,-782,-209,432,956,1196,1085,664,43,-591,-1059,-1218,-1029,-536,115,736,1148,1225,950,398,-273,-882,-1229,-1220,-864,-260,420,986,1268,1185,768,128,-557,-1078,-1290,-1139,-654,17,677,1134,1271,1048,531,-142,-777,-1183,-1244,-954,-394,279,875,1205,1188,841,254,-407,-948,-1213,-1131,-729,-125,513,1001,1198,1047,606,-2,-608,-1040,-1171,-961,-482,135,705,1064,1118,854,353,0,0
38855,mtk,MTK 7916,2421783721,rx2-tx1,512,0,0,0,-540,-617,-517,-285,25,327,518,568,472,244,-44,-313,-492,-532,-429,-214,56,306,467,492,370,160,-67,-274,-408,-419,-320,-143,64,245,344,343,255,105,-63,-204,-281,-263,-181,-61,60,148,186,178,122,36,-49,-92,-98,-84,-63,-30,-2,3,-9,-22,-24,-4,33,87,128,137,109,25,-81,-179,-252,-271,-202,-61,105,272,384,388,284,99,-128,-337,-478,-500,-374,-138,136,394,571,596,455,187,-143,-446,-615,-629,-488,-212,139,459,665,683,515,204,-160,-485,-673,-681,-503,-184,198,523,700,689,487,146,-243,-559,-709,-676,-472,-120,275,590,738,683,440,72,-313,0,-745,-666,-418,-45,345,634,734,633,365,-19,-401,-650,-708,-580,-289,91,443,667,711,538,216,-175,-526,-726,-705,-489,-132,276,613,763,708,450,46,-384,-707,-843,-741,-416,37,477,802,917,771,403,-83,-562,-899,-980,-805,-410,128,645,986,1063,855,429,-137,-676,-1033,-1129,-913,-447,134,684,1060,1158,954,483,-112,-667,-1060,-1185,-998,-547,45,626,1039,1173,1018,597,28,-541,-969,-1151,-1033,-664,-139,412,834,1038,983,687,225,-278,-696,-917,-909,-681,-295,144,533,774,817,654,339,-35,-379,-634,-723,-639,-409,-98,216,460,588,587,470,263,13,-211,-361,-428,-409,-325,-208,0,0,0,0,0,20,127,212,268,292,268,182,47,-98,-232,-325,-354,-310,-199,-42,118,252,334,343,270,135,-25,-181,-302,-354,-315,-200,-48,110,247,324,318,238,98,-64,-196,-277,-300,-253,-139,4,134,223,244,197,110,6,-88,-159,-190,-162,-94,-15,56,105,117,94,53,5,-29,-57,-51,-32,-5,32,44,21,-20,-51,-67,-55,-29,22,84,119,119,107,54,-40,-127,-185,-193,-153,-66,54,175,266,289,235,106,-64,-221,-318,-331,-267,-139,44,220,333,369,313,165,-26,-216,-354,-404,-339,-185,17,209,341,378,319,172,-25,-212,-328,-358,-297,-157,27,210,335,357,266,0,-74,-236,-327,-315,-213,-48,129,280,352,318,194,1,-200,-336,-368,-297,-142,57,245,378,396,297,102,-115,-298,-407,-412,-297,-87,155,353,448,419,275,40,-219,-410,-483,-429,-250,-2,247,439,505,419,222,-40,-294,-472,-522,-415,-179,96,336,488,500,352,101,-173,-401,-514,-471,-284,-18,255,455,541,471,248,-59,-351,-548,-590,-460,-190,133,432,623,635,459,150,-199,-502,-679,-664,-452,-115,254,550,707,680,451,99,-283,-596,-755,-700,-444,-80,317,632,769,699,452,65,-333,-630,-775,-718,-450,-60,330,631,756,675,422,68,-301,-586,-706,-624,-377,-45,291,550,0,0,0,0,0,291,-19,-328,-546,-605,-489,-245,54,334,519,560,448,217,-65,-314,-478,-505,-403,-205,46,290,430,449,341,152,-70,-262,-381,-393,-294,-127,67,226,315,310,231,89,-67,-182,-233,-229,-159,-57,44,120,154,141,96,38,-20,-47,-59,-47,-25,-15,-25,-45,-61,-64,-48,-7,62,139,196,186,128,44,-86,-220,-322,-338,-249,-81,115,303,425,447,338,119,-142,-373,-516,-538,-407,-163,137,419,602,626,475,192,-144,-442,-644,-677,-517,-202,166,476,661,676,500,189,-172,-494,-691,-692,-495,-162,218,541,714,690,474,128,-254,-567,-726,-692,-467,-94,304,616,752,677,0,35,-344,-629,-741,-653,-382,-4,374,641,730,614,322,-57,-419,-654,-710,-562,-245,138,484,700,714,512,164,-231,-572,-747,-703,-459,-81,336,660,801,723,435,9,-425,-760,-880,-747,-409,48,518,842,945,786,395,-114,-603,-938,-1023,-818,-396,130,648,1003,1090,888,446,-131,-684,-1058,-1147,-925,-467,118,680,1068,1176,972,517,-71,-652,-1066,-1190,-998,-561,14,595,1015,1158,1018,633,90,-473,-893,-1088,-1018,-685,-179,345,767,989,959,684,252,-221,-616,-852,-871,-673,-317,97,474,723,782,646,371,24,-312,-557,-664,-623,-448,-181,105,350,503,541,469,322,139,-44,-186,-268,0,0,0,0,0,-215,-203,-150,-57,52,168,263,320,314,252,135,-18,-169,-286,-345,-331,-241,-102,59,214,327,351,299,178,7,-164,-279,-329,-318,-230,-75,86,220,309,321,254,117,-39,-173,-261,-284,-233,-130,1,121,195,222,194,109,9,-79,-136,-138,-118,-66,1,51,72,78,61,24,-19,-42,-35,-17,12,40,54,35,-1,-37,-69,-85,-70,-25,35,103,149,155,130,48,-75,-172,-231,-242,-190,-76,63,204,291,304,235,110,-45,-203,-321,-358,-294,-162,25,215,347,392,322,174,-17,-210,-346,-389,-332,-190,3,195,328,382,327,178,-26,-215,-333,-351,-279,-135,51,227,0,324,243,90,-101,-261,-333,-302,-196,-34,154,302,352,299,162,-28,-209,-345,-390,-311,-134,83,278,393,408,298,97,-134,-335,-444,-422,-280,-61,182,376,466,425,260,14,-229,-410,-490,-426,-231,24,280,461,516,423,211,-64,-312,-476,-511,-389,-147,133,361,491,484,337,68,-215,-429,-529,-476,-271,14,297,509,574,456,205,-102,-391,-581,-611,-464,-177,164,464,648,652,469,145,-230,-541,-707,-672,-452,-115,265,578,723,682,453,91,-307,-619,-754,-689,-438,-61,337,636,767,701,444,63,-329,-633,-774,-703,-441,-75,303,601,736,660,409,56,-299,-568,-683,-609,-366,0,0
38856,mtk,MTK 7916,2421815363,rx0-tx0,512,-349,-207,-443,501,596,661,697,701,656,571,447,305,147,-38,-205,-363,-506,-611,-696,-729,-715,-665,-581,-455,-295,-127,57,232,392,516,603,663,680,662,593,492,372,230,85,-61,-192,-313,-414,-482,-527,-533,-516,-481,-409,-320,-223,-118,-14,87,173,245,299,350,380,389,392,371,331,290,251,185,107,34,-54,-137,-208,-291,-365,-415,-450,-472,-461,-422,-357,-263,-137,-14,114,243,363,460,531,569,564,525,455,347,214,72,-75,-230,-353,-456,-527,-546,-539,-497,-411,-308,-176,-38,76,187,282,350,401,406,393,351,284,201,108,26,-55,-129,-173,-196,-211,-209,-190,-153,-115,-75,-511,-11,11,19,14,10,15,4,-10,-12,-11,8,22,36,54,87,121,141,151,158,147,131,98,61,9,-59,-108,-163,-222,-253,-263,-258,-233,-190,-145,-76,-3,69,137,196,242,274,282,271,247,215,162,104,44,-29,-97,-160,-203,-224,-248,-253,-230,-211,-188,-142,-83,-27,21,69,131,178,199,224,245,239,224,207,165,106,50,-7,-59,-118,-173,-207,-227,-236,-243,-227,-187,-141,-87,-20,28,90,141,179,209,224,225,202,178,141,87,27,-28,-77,-116,-163,-190,-200,-200,-188,-155,-110,-62,-8,49,100,143,174,178,176,157,117,66,9,-41,-84,-117,-124,512,287,1179,-1044,-1191,189,256,292,289,244,166,53,-73,-194,-310,-389,-438,-451,-418,-347,-250,-128,8,141,267,387,478,533,553,528,470,370,245,99,-54,-209,-361,-486,-589,-646,-667,-638,-562,-453,-298,-139,54,239,407,558,669,738,762,733,660,553,389,199,1,-202,-382,-551,-672,-754,-795,-789,-730,-607,-453,-294,-97,112,302,468,606,695,750,768,729,652,533,384,207,20,-150,-310,-452,-553,-637,-676,-669,-639,-568,-470,-346,-201,-63,84,228,350,448,534,583,609,595,553,485,387,267,142,9,-132,-253,-369,-470,-539,-589,-599,-578,-536,-455,-345,-220,-86,57,195,319,440,529,594,-330,628,596,531,425,308,171,21,-128,-283,-412,-509,-598,-649,-663,-634,-576,-483,-370,-243,-98,49,203,339,451,546,614,657,657,635,572,470,365,234,91,-66,-226,-366,-499,-616,-694,-730,-745,-718,-652,-554,-410,-243,-75,126,315,476,646,772,852,894,887,821,709,561,364,148,-74,-314,-545,-723,-882,-991,-1018,-1005,-934,-788,-600,-380,-141,116,374,622,815,946,1025,1043,999,888,730,529,297,52,-192,-423,-627,-790,-891,-930,-928,-870,-769,-622,-436,-235,-29,167,349,509,630,711,764,766,729,654,560,436,286,125,-36,-204,-354,-477,-580,-641,-682,-682,-649,-583,-486,-378,-139,-494,-729,-831,-737,487,356,211,55,-114,-281,-424,-548,-641,-712,-732,-698,-640,-535,-393,-231,-45,129,294,447,575,658,703,714,677,600,480,342,182,19,-145,-303,-426,-523,-588,-618,-611,-567,-493,-393,-284,-155,-24,88,202,301,373,423,451,453,429,391,330,264,197,116,43,-29,-114,-180,-227,-284,-340,-369,-390,-397,-375,-352,-319,-253,-165,-73,39,151,259,358,442,493,512,519,491,420,318,191,58,-84,-220,-350,-462,-532,-568,-570,-533,-450,-350,-213,-67,69,214,329,409,472,482,468,430,347,252,145,36,-62,-159,-235,-286,-309,-307,-286,-247,-188,-133,-74,-16,32,69,91,103,1105,98,91,67,48,34,27,15,32,38,54,69,73,79,82,75,56,23,-5,-45,-81,-123,-159,-189,-216,-208,-188,-173,-129,-72,1,63,134,184,228,270,279,273,247,203,146,80,9,-56,-118,-176,-227,-253,-274,-268,-241,-210,-170,-126,-73,5,66,112,160,206,228,239,235,229,206,165,126,81,14,-49,-91,-132,-186,-219,-240,-243,-233,-210,-173,-125,-71,-15,50,113,168,206,237,239,229,217,173,131,77,22,-36,-91,-133,-178,-211,-224,-220,-200,-170,-131,-73,-25,28,80,131,160,185,191,189,165,130,78,22,-29,-83,-126,-153,-161,-145,-117,-70,-26,-687,-807,1145,-658,-318,153,84,-14,-127,-234,-321,-378,-388,-361,-289,-183,-66,65,196,311,407,470,497,479,432,349,228,95,-49,-194,-328,-447,-531,-590,-606,-585,-517,-411,-274,-114,59,235,389,534,633,696,730,686,614,496,339,167,-28,-223,-400,-559,-685,-749,-778,-754,-693,-582,-417,-236,-36,159,356,532,651,739,790,783,737,637,498,330,151,-43,-234,-398,-540,-644,-719,-730,-708,-648,-541,-423,-282,-110,48,195,339,452,552,603,630,634,592,508,415,297,170,30,-118,-240,-356,-464,-536,-578,-601,-579,-538,-473,-373,-254,-126,10,147,285,411,505,568,607,619,585,533,444,330,207,826,-88,-226,-361,-477,-563,-627,-650,-642,-595,-506,-404,-283,-136,15,164,303,441,543,623,656,663,638,566,472,363,230,84,-67,-214,-362,-472,-562,-634,-675,-688,-649,-586,-506,-392,-247,-92,80,253,412,564,682,761,806,818,758,682,579,414,229,19,-200,-415,-593,-761,-883,-946,-965,-937,-831,-685,-507,-275,-25,217,466,680,852,979,1050,1057,996,867,679,458,219,-39,-301,-540,-732,-881,-977,-1013,-987,-894,-758,-578,-367,-150,74,295,492,652,775,844,867,831,756,639,495,339,155,-26,-203,-358,-487,-600,-673,-710,-715,-685,-614,-519,-391,-248,-96,61,212,352,468,565,-1235,-1131
38857,mtk,MTK 7916,2421815363,rx0-tx1,512,87,760,795,172,304,421,514,591,631,633,601,533,427,289,135,-31,-203,-365,-516,-641,-721,-779,-780,-731,-654,-534,-382,-204,-7,194,391,562,717,835,898,913,879,797,661,486,284,57,-172,-402,-614,-790,-912,-989,-1012,-974,-886,-752,-569,-347,-121,121,355,566,765,913,1004,1051,1050,982,863,707,501,273,20,-244,-494,-717,-901,-1043,-1126,-1154,-1112,-1012,-850,-626,-375,-101,185,461,704,917,1074,1169,1195,1157,1052,888,666,412,140,-151,-420,-665,-871,-1024,-1118,-1149,-1119,-1026,-869,-667,-433,-175,85,341,576,775,926,1018,1057,1032,951,821,653,454,237,-1,-223,-426,-600,-749,-861,-915,-689,-889,-811,-691,-548,-373,-174,22,227,424,583,724,832,893,920,894,826,719,558,381,167,-59,-292,-509,-715,-882,-1005,-1074,-1080,-1023,-902,-728,-508,-250,28,321,594,830,1024,1161,1213,1192,1107,944,728,458,160,-134,-436,-699,-915,-1077,-1172,-1193,-1145,-1017,-838,-606,-342,-60,212,466,703,886,1016,1075,1075,1017,899,725,511,269,13,-238,-464,-667,-819,-918,-969,-950,-884,-759,-592,-395,-165,55,273,465,612,738,810,826,803,727,592,429,241,48,-138,-322,-481,-598,-674,-706,-688,-617,-514,-375,-198,-17,158,321,456,554,593,581,519,402,258,90,-77,-227,-341,-386,-385,-323,346,523,0,-324,-48,35,-11,-63,-109,-143,-160,-157,-136,-98,-46,13,71,127,166,191,198,189,166,125,82,33,-20,-68,-118,-154,-178,-197,-193,-180,-157,-131,-96,-53,-3,43,81,120,160,179,200,213,204,198,178,136,85,29,-29,-93,-154,-208,-256,-290,-300,-297,-272,-219,-165,-87,0,71,156,238,300,336,343,343,321,275,209,124,36,-59,-150,-225,-288,-334,-360,-360,-333,-289,-228,-144,-63,19,101,175,236,277,306,321,303,274,234,173,113,44,-23,-87,-153,-201,-233,-252,-249,-233,-223,-199,-154,-105,-52,2,54,103,135,173,196,202,207,195,173,144,110,67,18,-28,-130,-123,-146,-163,-173,-170,-169,-153,-123,-81,-44,-3,34,57,83,97,104,103,92,72,53,30,11,-12,-22,-27,-26,-15,5,33,51,69,82,82,70,68,39,-1,-35,-82,-137,-179,-228,-254,-250,-234,-192,-135,-62,14,103,190,281,346,393,407,389,368,311,224,121,2,-121,-239,-347,-436,-495,-523,-521,-482,-416,-316,-189,-60,76,210,332,438,515,556,555,527,459,368,255,133,2,-137,-245,-336,-407,-451,-473,-466,-430,-371,-293,-209,-125,-33,57,136,203,259,301,326,337,337,322,300,271,235,195,141,80,16,-54,-134,-213,-278,-338,-389,-425,-445,-437,-406,-519,-583,504,197,-33,535,492,413,310,185,39,-115,-265,-409,-531,-626,-689,-715,-695,-634,-541,-408,-249,-77,119,299,467,615,728,809,850,845,780,670,525,337,133,-80,-290,-502,-687,-829,-925,-973,-960,-902,-782,-613,-417,-197,42,278,500,699,859,966,1021,1035,974,873,727,528,309,73,-175,-418,-626,-814,-960,-1052,-1101,-1081,-1003,-868,-687,-461,-210,63,340,593,819,998,1120,1182,1180,1102,965,774,533,261,-26,-303,-569,-799,-985,-1108,-1177,-1178,-1103,-975,-788,-558,-293,-20,252,507,733,907,1036,1100,1101,1049,932,766,556,321,73,-174,-405,-608,-775,-895,-970,-989,-950,-864,-741,-584,-384,-172,261,240,428,587,718,823,879,891,867,792,677,542,365,172,-29,-239,-433,-620,-775,-888,-960,-987,-958,-875,-748,-563,-345,-102,159,416,659,857,1019,1124,1168,1133,1018,846,625,362,58,-232,-520,-777,-982,-1135,-1205,-1211,-1144,-997,-787,-535,-248,42,334,604,820,993,1100,1141,1107,1021,871,668,430,170,-97,-353,-585,-776,-918,-1007,-1030,-994,-905,-760,-566,-348,-108,138,359,563,723,842,899,893,845,732,591,418,210,11,-188,-383,-544,-662,-737,-759,-746,-679,-559,-410,-241,-57,133,302,444,562,632,652,626,550,428,269,95,-79,-247,-382,-475,-518,-498,-427,-300,-154,-3,130,689,563,0,-506,-598,-106,-124,-122,-98,-58,-4,50,105,151,179,188,182,151,105,56,-2,-58,-118,-159,-183,-197,-196,-181,-158,-117,-78,-27,23,69,109,141,168,184,192,188,176,163,128,89,52,-5,-54,-103,-158,-201,-232,-246,-258,-251,-220,-182,-132,-64,8,85,169,230,279,317,326,321,304,257,187,100,11,-71,-157,-233,-299,-340,-357,-356,-325,-279,-216,-144,-54,37,126,204,269,313,331,339,326,290,231,167,93,12,-68,-128,-189,-240,-271,-288,-281,-266,-234,-190,-136,-76,-10,42,90,141,182,208,223,222,216,193,163,132,78,36,-4,-53,-90,-129,-161,-186,-194,-193,245,-147,-116,-80,-36,3,41,79,115,130,139,145,131,115,95,69,36,2,-25,-48,-61,-66,-66,-57,-36,-19,3,20,35,33,21,6,-19,-53,-77,-108,-142,-154,-161,-161,-135,-98,-48,25,88,151,213,270,311,333,336,309,256,175,82,-24,-118,-214,-321,-400,-454,-482,-470,-432,-368,-270,-157,-28,103,230,344,447,516,556,560,521,449,350,232,95,-49,-179,-306,-403,-474,-516,-530,-509,-452,-373,-279,-173,-64,53,163,255,321,361,388,405,396,362,316,257,195,134,67,-1,-69,-130,-185,-229,-270,-308,-334,-349,-351,-342,-312,-273,-219,-147,-66,32,131,232,267,-10
38858,mtk,MTK 7916,2421815363,rx1-tx0,512,0,-745,-662,-591,-674,-732,-752,-717,-655,-545,-402,-230,-51,139,337,509,668,783,863,896,871,787,658,497,311,90,-138,-371,-592,-766,-907,-1007,-1035,-1003,-921,-771,-567,-332,-70,206,458,693,885,1034,1127,1131,1079,974,807,585,324,37,-239,-510,-748,-935,-1082,-1162,-1167,-1116,-983,-795,-581,-308,-27,251,523,753,947,1090,1150,1163,1106,964,775,551,291,12,-270,-513,-730,-914,-1040,-1097,-1090,-1013,-885,-706,-482,-253,-1,232,460,660,816,929,971,956,903,802,647,463,254,38,-178,-380,-573,-720,-802,-864,-873,-824,-741,-622,-456,-266,-70,144,330,499,636,741,798,802,764,683,561,413,216,55,-146,-320,-471,-606,-706,-742,-743,-698,-612,-490,-332,-168,-17,160,314,452,563,622,670,657,588,495,390,249,92,-48,-190,-311,-420,-488,-516,-539,-528,-467,-381,-278,-175,-54,79,191,288,367,407,438,420,376,334,261,162,75,-10,-86,-150,-217,-248,-261,-254,-248,-210,-162,-142,-99,-36,0,29,58,73,89,105,109,119,126,123,113,111,104,84,59,37,-2,-20,-49,-82,-96,-119,-128,-137,-140,-122,-111,-92,-61,-22,13,56,79,95,120,119,130,120,101,87,66,27,-10,-37,-55,-79,-104,-113,-105,-100,-86,-65,-34,-9,21,48,63,81,76,63,52,-109,-439,0,928,985,-52,17,100,174,226,253,251,217,149,62,-31,-130,-214,-282,-322,-328,-321,-273,-204,-117,-28,77,177,260,319,349,365,351,306,232,146,48,-50,-136,-225,-294,-326,-351,-357,-322,-262,-199,-128,-42,41,112,185,242,282,288,277,269,237,209,150,99,43,-15,-78,-127,-172,-212,-231,-258,-268,-256,-229,-207,-156,-91,-34,34,95,160,220,244,261,270,271,250,214,166,106,57,-13,-91,-150,-209,-250,-265,-271,-261,-262,-224,-174,-112,-40,17,80,135,183,222,244,253,242,232,208,158,108,55,7,-58,-110,-160,-202,-215,-221,-225,-205,-188,-149,-100,-63,-12,45,-584,126,164,194,203,202,185,155,133,89,44,2,-22,-57,-101,-129,-136,-137,-139,-125,-107,-87,-66,-34,-7,9,36,50,58,49,40,26,25,26,19,-4,-7,7,12,22,44,54,69,76,95,114,98,83,61,29,-15,-68,-103,-152,-217,-247,-270,-286,-259,-225,-166,-93,-24,79,186,267,346,409,440,445,419,376,297,198,80,-65,-201,-316,-411,-492,-542,-565,-551,-499,-413,-303,-176,-29,110,258,390,497,580,624,626,600,536,430,312,164,6,-152,-301,-420,-532,-598,-641,-645,-605,-538,-442,-327,-183,-32,114,261,394,493,567,627,651,632,585,501,380,252,-241,237,0,-16,-355,-411,-264,-105,69,235,401,557,678,764,810,819,776,681,545,371,171,-36,-246,-447,-628,-781,-900,-964,-963,-912,-791,-633,-446,-211,46,296,530,748,915,1035,1100,1083,1005,875,692,470,193,-90,-358,-617,-832,-998,-1113,-1158,-1138,-1049,-891,-690,-455,-178,112,396,656,853,1017,1134,1166,1142,1053,891,686,421,152,-114,-397,-652,-855,-1011,-1114,-1147,-1104,-1000,-850,-642,-396,-133,139,397,623,814,938,1016,1040,996,901,757,581,371,137,-98,-313,-525,-692,-811,-887,-916,-890,-821,-706,-534,-363,-173,51,258,441,594,728,804,834,821,757,659,517,343,158,-31,-220,-396,-547,-659,757,-783,-768,-697,-595,-463,-288,-114,62,241,406,539,638,684,702,680,598,495,357,210,55,-122,-276,-393,-497,-573,-603,-600,-566,-497,-391,-252,-129,-8,129,253,352,423,465,490,478,424,360,255,163,69,-42,-134,-220,-302,-336,-343,-349,-323,-290,-228,-149,-79,-18,41,117,135,152,178,178,167,165,147,118,95,73,59,45,22,-2,-21,-47,-79,-103,-104,-125,-127,-124,-125,-101,-91,-67,-46,-18,21,53,78,103,128,138,134,125,99,91,60,27,4,-40,-66,-85,-107,-120,-114,-103,-94,-84,-58,-18,13,42,68,89,96,90,89,73,55,29,-4,-26,-50,743,610,0,-336,139,163,194,189,147,80,0,-88,-179,-251,-292,-305,-282,-232,-168,-75,11,115,209,279,325,344,340,306,248,168,78,-19,-120,-214,-292,-343,-370,-359,-335,-297,-220,-129,-49,44,142,210,274,310,324,316,294,260,206,129,57,-6,-76,-130,-181,-223,-237,-259,-260,-253,-219,-188,-134,-92,-46,15,78,129,184,244,261,267,258,247,232,195,140,87,23,-52,-128,-184,-228,-249,-271,-285,-277,-241,-202,-150,-83,-18,53,118,178,224,258,274,277,265,237,189,137,75,11,-50,-103,-156,-202,-227,-237,-249,-242,-220,-187,-133,-71,-26,24,66,106,151,180,205,220,213,-674,162,126,74,32,-9,-55,-86,-123,-152,-167,-162,-155,-152,-135,-103,-66,-33,4,43,67,82,97,104,95,98,84,55,24,6,-6,-10,-5,-11,-17,-12,14,23,25,38,42,29,22,0,-11,-48,-87,-105,-134,-156,-180,-179,-169,-164,-118,-50,5,77,152,221,286,322,350,369,348,293,231,133,23,-85,-190,-290,-387,-458,-504,-514,-482,-429,-350,-238,-108,26,167,306,417,501,565,588,585,549,471,374,242,84,-64,-207,-352,-462,-550,-615,-640,-629,-571,-489,-371,-227,-84,73,221,356,476,570,626,638,630,594,511,394,274,137,-13,-157,-296,-429,-537,-607,-952,-955
38859,mtk,MTK 7916,2421815363,rx1-tx1,512,0,0,0,467,567,502,286,-12,-297,-500,-566,-470,-229,71,343,515,542,416,179,-106,-350,-491,-487,-350,-114,154,364,453,418,261,32,-202,-374,-426,-340,-154,75,277,400,400,278,65,-168,-348,-426,-374,-209,19,252,412,448,347,148,-94,-314,-461,-472,-341,-115,154,387,509,489,342,92,-195,-423,-532,-501,-335,-76,203,422,536,506,331,73,-199,-420,-530,-491,-331,-90,173,381,477,449,303,83,-148,-337,-429,-398,-263,-84,110,278,369,346,246,90,-79,-219,-293,-278,-192,-61,84,195,242,231,155,40,-80,-165,-198,-179,-113,-17,80,154,179,154,87,-4,-84,-132,-150,0,-75,8,88,140,148,119,63,-10,-82,-138,-145,-106,-53,13,82,128,134,98,45,-19,-74,-116,-122,-94,-43,13,61,89,101,84,36,-26,-70,-92,-84,-46,-1,46,83,88,63,20,-36,-87,-106,-93,-53,12,80,129,135,102,39,-41,-120,-175,-185,-135,-47,55,156,224,229,173,65,-72,-195,-266,-296,-241,-116,42,187,297,338,294,157,-21,-191,-321,-380,-335,-202,-21,162,317,394,361,233,67,-124,-292,-385,-379,-285,-113,92,270,379,398,323,163,-34,-217,-349,-397,-357,-235,-62,127,275,363,380,313,183,21,-141,-259,-322,-329,-272,-175,-68,33,115,0,0,0,0,0,100,97,72,25,-35,-105,-167,-195,-181,-130,-47,58,157,219,234,195,102,-20,-138,-229,-261,-220,-128,-1,133,234,279,253,152,2,-148,-257,-303,-256,-138,15,177,294,316,252,117,-56,-223,-329,-340,-246,-81,116,289,384,375,245,36,-201,-385,-460,-401,-218,26,274,475,549,446,215,-75,-361,-569,-627,-499,-225,106,413,627,672,528,230,-138,-470,-678,-713,-546,-220,171,518,722,725,514,174,-218,-564,-747,-722,-495,-137,262,593,759,712,468,88,-312,-609,-744,-682,-422,-39,351,640,746,641,348,-39,-403,-653,-711,-565,-263,113,454,655,660,470,151,-213,-514,0,-608,-385,-44,310,573,663,559,295,-72,-433,-650,-665,-494,-183,194,520,696,674,449,78,-324,-629,-761,-665,-367,41,444,715,779,618,280,-147,-544,-798,-812,-586,-189,265,646,845,816,545,117,-347,-723,-878,-790,-480,-27,433,761,878,751,406,-62,-496,-783,-857,-681,-305,150,566,816,824,592,195,-237,-595,-792,-756,-495,-104,306,617,746,655,382,8,-369,-631,-700,-551,-257,96,413,603,607,430,134,-196,-461,-583,-521,-311,-7,297,495,540,428,187,-117,-385,-531,-519,-352,-81,217,445,538,477,278,-13,-310,-506,-550,-436,-204,100,373,528,532,389,126,-173,-425,0,0,0,0,0,-295,-7,286,495,563,475,254,-41,-321,-503,-548,-444,-210,84,349,509,512,378,146,-123,-358,-481,-458,-299,-66,182,375,453,392,212,-25,-250,-387,-406,-312,-112,128,319,411,388,248,31,-204,-373,-430,-363,-182,62,288,433,451,342,124,-127,-355,-480,-475,-332,-89,182,407,517,491,334,77,-203,-425,-534,-495,-325,-76,201,431,538,503,332,76,-190,-390,-501,-484,-330,-87,163,351,448,431,294,87,-125,-308,-396,-383,-271,-88,99,249,332,321,221,73,-87,-210,-273,-256,-167,-43,73,174,224,203,134,37,-72,-151,-193,-175,-113,-18,85,156,171,136,80,17,0,-128,-148,-121,-64,4,78,134,149,118,52,-29,-92,-123,-132,-110,-52,22,84,121,129,105,46,-25,-78,-108,-108,-77,-30,21,75,97,90,62,7,-46,-79,-88,-81,-37,14,59,84,89,56,7,-53,-98,-113,-90,-48,22,87,131,150,125,47,-54,-141,-196,-209,-159,-55,63,158,234,264,209,92,-54,-199,-296,-314,-254,-124,35,195,320,364,307,179,10,-174,-320,-380,-339,-218,-42,148,305,383,376,273,96,-102,-278,-382,-389,-296,-132,52,228,358,400,337,198,16,-173,-320,-392,-376,-275,-117,61,222,327,371,342,245,108,-30,-152,-233,-268,-253,-196,0,0,0,0,0,18,62,107,139,150,132,82,6,-80,-155,-200,-205,-157,-66,41,140,224,251,213,120,-4,-137,-239,-275,-239,-140,-1,136,245,292,252,145,-6,-161,-274,-317,-258,-125,47,205,309,321,243,96,-92,-263,-359,-349,-239,-52,160,331,412,376,220,-2,-238,-430,-498,-427,-232,46,328,526,581,477,232,-87,-396,-614,-654,-512,-234,119,454,662,689,527,219,-158,-495,-698,-713,-527,-188,210,543,737,735,524,159,-246,-575,-748,-713,-481,-108,294,611,751,693,443,63,-334,-625,-744,-656,-381,5,379,648,725,596,297,-83,-425,-646,-682,-520,-202,165,480,655,636,432,0,-251,-540,-664,-577,-323,27,377,616,675,530,225,-143,-473,-671,-672,-472,-132,250,566,720,658,400,17,-380,-675,-774,-642,-328,93,505,768,799,610,251,-188,-583,-822,-819,-572,-156,309,682,872,810,509,66,-389,-746,-893,-777,-442,15,468,782,866,704,349,-109,-534,-798,-837,-644,-266,194,592,799,788,553,159,-282,-621,-778,-709,-445,-60,328,617,717,610,328,-45,-394,-618,-648,-487,-194,140,430,582,562,373,69,-245,-479,-560,-471,-249,49,327,510,536,390,128,-161,-410,-549,-513,-315,-28,258,472,552,463,234,-60,-338,-519,-550,-411,-161,137,402,546,528,358,0,0
38860,mtk,MTK 7916,2421815363,rx2-tx0,512,0,0,0,817,287,-327,-849,-1118,-1052,-678,-106,499,949,1113,950,509,-75,-630,-999,-1063,-809,-317,262,764,1024,969,635,114,-438,-852,-996,-837,-424,114,607,916,939,668,197,-331,-756,-946,-840,-473,41,541,878,953,732,280,-262,-720,-959,-910,-586,-84,440,824,959,804,404,-113,-586,-875,-887,-625,-174,319,713,885,768,403,-84,-547,-833,-854,-614,-171,343,754,927,812,440,-79,-590,-930,-988,-746,-268,305,798,1056,1009,659,106,-491,-947,-1132,-984,-543,51,633,1033,1138,909,407,-219,-766,-1085,-1089,-783,-253,349,847,1091,1009,630,80,-484,-896,-1034,-868,-450,93,604,928,964,708,0,-283,-716,-927,-850,-519,-32,467,810,896,714,307,-202,-647,-896,-873,-575,-98,420,816,964,815,415,-118,-629,-961,-1008,-748,-258,332,849,1118,1056,678,93,-534,-1027,-1237,-1088,-616,48,709,1176,1314,1077,528,-182,-850,-1273,-1343,-1038,-430,309,961,1344,1343,963,311,-438,-1076,-1406,-1340,-893,-196,551,1146,1416,1298,820,110,-631,-1189,-1429,-1277,-777,-77,642,1179,1385,1216,737,68,-605,-1102,-1292,-1135,-691,-86,518,958,1131,1007,621,95,-427,-807,-955,-846,-527,-85,346,652,765,673,418,72,-279,-536,-626,-544,-336,-55,226,431,510,458,300,80,-148,-324,-410,-399,-305,-165,-15,121,0,0,0,0,0,259,310,307,238,106,-63,-239,-378,-444,-414,-288,-90,128,327,453,471,371,177,-69,-293,-442,-483,-397,-198,60,291,440,471,374,179,-66,-292,-438,-448,-331,-119,126,330,427,399,243,12,-212,-372,-427,-337,-126,127,350,472,446,272,-2,-293,-519,-607,-514,-245,117,471,697,734,565,223,-200,-582,-812,-825,-601,-210,259,669,896,869,596,155,-342,-745,-935,-863,-537,-59,442,821,963,820,440,-66,-558,-894,-974,-771,-338,193,671,958,965,693,215,-331,-787,-1007,-942,-608,-89,465,885,1051,908,502,-54,-588,-956,-1046,-838,-388,177,693,1002,1015,733,238,-324,-792,-1026,0,-596,-68,477,882,1028,858,430,-124,-632,-958,-997,-734,-248,306,772,1010,946,593,51,-512,-924,-1063,-877,-426,162,699,1032,1056,757,227,-368,-865,-1112,-1019,-617,-24,579,1019,1164,950,447,-184,-763,-1120,-1137,-815,-253,399,933,1179,1068,643,12,-626,-1073,-1200,-970,-441,223,827,1185,1188,835,223,-467,-1012,-1254,-1126,-659,22,698,1167,1295,1038,467,-244,-883,-1259,-1266,-898,-258,456,1033,1304,1186,717,39,-641,-1130,-1291,-1070,-530,167,814,1213,1249,912,309,-381,-951,-1232,-1137,-715,-91,566,1048,1220,1026,528,-127,-740,-1124,-1172,-872,-319,324,865,1141,1076,692,104,-511,-969,-1138,-963,0,0,0,0,0,784,1100,1091,749,194,-411,-895,-1115,-1006,-600,-16,573,986,1101,889,426,-160,-693,-1012,-1021,-726,-213,356,803,1003,905,533,7,-518,-877,-966,-757,-315,224,688,937,891,575,75,-453,-832,-948,-785,-375,156,641,930,939,663,186,-347,-780,-970,-861,-495,15,517,858,932,720,288,-221,-655,-878,-826,-517,-49,433,776,877,699,284,-219,-655,-891,-851,-540,-51,464,838,964,790,357,-198,-694,-993,-995,-699,-180,400,873,1097,1002,606,23,-575,-1010,-1141,-945,-480,133,706,1078,1128,842,321,-280,-805,-1095,-1060,-710,-160,425,874,1065,940,538,-14,-544,-907,-996,-787,-344,195,666,0,905,606,134,-369,-761,-919,-791,-411,92,559,846,885,647,201,-309,-726,-929,-844,-493,13,520,885,988,784,334,-231,-745,-1046,-1034,-708,-166,441,939,1177,1070,643,17,-629,-1109,-1284,-1083,-570,115,781,1229,1330,1057,477,-249,-911,-1316,-1347,-1002,-373,376,1018,1375,1351,939,256,-496,-1115,-1417,-1314,-844,-138,596,1168,1428,1289,796,92,-640,-1197,-1419,-1248,-745,-63,628,1145,1344,1180,720,80,-568,-1035,-1212,-1073,-659,-95,465,882,1056,937,578,94,-380,-721,-852,-763,-476,-80,309,582,685,605,365,46,-258,-482,-561,-492,-305,-54,198,384,468,435,307,120,-76,-230,-316,-330,-280,0,0,0,0,0,-109,5,138,272,372,399,346,213,26,-177,-353,-460,-462,-346,-143,88,298,444,478,386,190,-55,-289,-445,-478,-384,-187,60,287,433,459,355,152,-88,-306,-435,-434,-300,-81,161,352,425,360,189,-44,-274,-427,-440,-300,-57,214,428,534,482,261,-63,-379,-607,-669,-531,-230,154,521,765,789,586,217,-224,-619,-857,-856,-611,-183,297,707,920,869,567,100,-399,-784,-951,-845,-492,10,508,858,972,805,396,-125,-614,-933,-976,-730,-277,264,727,987,960,650,153,-393,-838,-1041,-932,-556,-19,523,924,1059,880,446,-118,-645,-981,-1030,-784,-311,251,734,1008,987,671,156,0,-843,-1028,-910,-521,26,566,930,1019,808,353,-207,-703,-991,-978,-667,-156,409,854,1039,915,510,-57,-620,-992,-1059,-818,-334,256,778,1071,1043,694,132,-476,-941,-1135,-985,-536,80,676,1069,1147,888,348,-299,-850,-1158,-1124,-745,-139,506,1003,1196,1030,550,-103,-730,-1140,-1208,-911,-332,352,932,1235,1169,753,107,-576,-1098,-1290,-1091,-567,127,791,1221,1279,963,364,-351,-964,-1290,-1237,-819,-151,556,1093,1305,1132,620,-65,-729,-1177,-1271,-990,-422,274,885,1223,1192,817,201,-473,-1005,-1233,-1086,-622,19,656,1094,1201,950,419,-233,-808,-1135,-1121,-780,-212,418,922,1139,1024,606,-6,-608,0,0
38861,mtk,MTK 7916,2421815363,rx2-tx1,512,0,0,0,-562,-311,29,350,567,628,506,240,-94,-390,-565,-578,-425,-150,150,400,534,512,352,94,-186,-406,-500,-443,-261,-21,211,373,420,347,187,-25,-228,-348,-356,-272,-117,50,199,274,261,177,69,-68,-167,-194,-157,-87,-7,65,104,93,49,3,-25,-34,-10,34,76,83,48,-19,-103,-167,-189,-157,-57,87,225,311,315,214,40,-156,-330,-429,-411,-267,-41,218,427,529,481,290,8,-293,-525,-622,-533,-292,45,370,607,675,561,273,-98,-444,-664,-698,-538,-229,160,513,717,705,494,137,-253,-574,-736,-688,-438,-54,350,647,760,661,370,-27,-421,-699,-773,-620,-293,0,521,737,747,549,191,-217,-570,-754,-708,-460,-84,322,624,748,654,356,-57,-443,-691,-743,-573,-221,200,553,745,727,475,73,-355,-691,-817,-705,-386,70,516,822,886,681,267,-231,-678,-945,-942,-665,-184,372,835,1058,986,643,100,-487,-942,-1132,-1015,-609,-13,596,1045,1208,1038,578,-49,-670,-1114,-1260,-1053,-550,102,721,1149,1271,1049,537,-114,-748,-1174,-1274,-1033,-535,100,713,1141,1249,1025,537,-75,-646,-1033,-1146,-965,-547,12,561,924,1039,895,524,13,-462,-790,-910,-802,-505,-83,344,655,790,734,497,152,-215,-510,-670,-664,-512,-273,10,273,444,505,465,348,188,18,0,0,0,0,0,-251,-273,-251,-174,-51,96,241,345,389,357,245,69,-124,-289,-390,-404,-330,-175,32,224,356,417,377,231,26,-181,-337,-413,-392,-267,-77,134,315,405,388,269,84,-110,-278,-371,-353,-250,-91,87,226,299,305,222,78,-75,-188,-242,-244,-169,-30,88,154,191,173,97,-2,-86,-133,-135,-104,-43,36,89,103,79,17,-35,-66,-74,-48,4,60,101,112,73,-6,-98,-169,-195,-155,-57,52,151,232,258,211,89,-73,-208,-301,-316,-232,-83,96,259,350,347,249,81,-108,-274,-370,-366,-258,-79,139,307,379,354,230,38,-156,-298,-363,-327,-189,7,192,318,344,0,118,-77,-241,-326,-322,-221,-41,152,300,344,277,131,-50,-225,-348,-365,-268,-80,135,313,397,367,219,-11,-232,-384,-433,-356,-152,86,302,446,461,327,95,-177,-407,-508,-449,-276,-19,254,458,520,428,206,-72,-335,-498,-522,-384,-132,171,411,525,506,320,20,-282,-496,-559,-446,-205,100,390,567,573,405,102,-233,-501,-624,-573,-343,-4,355,613,686,556,266,-110,-462,-686,-718,-539,-201,195,543,742,720,484,116,-292,-637,-790,-712,-441,-44,372,682,809,703,386,-30,-436,-731,-823,-673,-332,104,492,740,787,607,254,-155,-508,-721,-734,-536,-181,209,526,687,654,0,0,0,0,0,-306,-560,-643,-538,-283,55,375,566,593,462,202,-113,-394,-558,-555,-389,-128,165,399,513,476,312,60,-197,-395,-473,-403,-226,-5,206,351,391,317,164,-41,-221,-321,-317,-227,-80,68,185,238,216,133,26,-69,-128,-138,-110,-48,19,63,65,27,-27,-50,-41,-8,44,91,116,110,60,-38,-151,-242,-262,-189,-55,121,278,374,368,251,42,-195,-390,-476,-442,-275,-19,261,482,578,518,300,-27,-350,-574,-650,-551,-290,64,407,637,693,555,254,-126,-472,-681,-706,-526,-183,212,547,724,697,472,105,-292,-607,-744,-666,-400,-11,383,667,769,649,333,-89,-477,-725,0,-597,-241,167,528,735,728,506,138,-276,-608,-755,-671,-395,-14,378,670,751,605,283,-128,-492,-722,-741,-526,-141,282,627,792,717,425,-2,-437,-748,-844,-695,-323,153,600,890,929,690,233,-307,-767,-998,-957,-648,-135,434,888,1104,1008,611,44,-546,-1003,-1197,-1047,-599,18,640,1090,1235,1046,565,-80,-695,-1134,-1277,-1062,-553,106,738,1172,1286,1057,543,-114,-745,-1163,-1267,-1045,-546,92,692,1095,1205,1005,543,-37,-584,-973,-1095,-927,-528,-5,497,856,972,835,492,42,-404,-728,-860,-766,-487,-102,287,601,744,701,504,208,-119,-397,-566,-602,-512,-322,-94,118,277,358,353,0,0,0,0,0,57,-51,-167,-274,-339,-340,-276,-148,17,179,315,401,391,288,123,-70,-248,-379,-418,-346,-199,-6,197,357,419,374,241,55,-156,-333,-415,-393,-270,-75,136,300,385,378,265,84,-99,-243,-332,-333,-239,-93,68,207,284,286,203,64,-75,-184,-221,-201,-131,-29,81,143,163,136,74,-15,-72,-113,-114,-67,-12,38,81,76,26,-21,-62,-78,-63,-7,48,103,147,133,77,-16,-125,-201,-221,-183,-84,61,206,282,292,227,86,-86,-232,-329,-340,-244,-80,105,268,362,355,267,99,-110,-281,-368,-359,-248,-57,146,297,354,328,211,21,-174,-305,-351,-293,-146,41,0,316,328,246,79,-122,-277,-338,-301,-179,9,202,325,353,274,110,-100,-286,-380,-354,-232,-41,176,351,418,350,181,-37,-260,-415,-447,-343,-130,139,364,479,460,306,47,-219,-432,-515,-442,-244,23,292,485,531,413,172,-118,-381,-529,-512,-344,-74,220,451,542,478,269,-35,-338,-526,-559,-427,-162,156,437,599,576,369,50,-292,-553,-657,-568,-300,64,413,644,700,545,230,-161,-504,-719,-723,-499,-143,247,586,768,731,485,88,-338,-669,-797,-705,-412,7,425,720,813,680,355,-72,-472,-732,-792,-635,-289,134,508,727,751,568,222,-174,-516,-707,-688,-471,-123,253,0,0
38862,mtk,MTK 7916,2421849705,rx0-tx0,512,-349,-207,-443,-639,-677,-661,-595,-465,-301,-108,100,301,472,605,692,715,678,577,428,240,37,-178,-369,-537,-649,-702,-698,-629,-502,-335,-142,60,264,422,541,614,625,575,504,384,224,70,-95,-240,-356,-463,-518,-511,-487,-423,-321,-213,-89,35,155,250,332,392,421,426,400,355,285,196,95,-31,-152,-253,-356,-438,-472,-485,-477,-422,-313,-165,-8,161,325,464,569,622,620,557,439,281,82,-135,-331,-487,-609,-659,-654,-590,-465,-293,-92,123,322,466,579,619,598,523,389,222,44,-138,-299,-412,-482,-503,-476,-405,-296,-149,-11,121,235,293,337,342,299,242,149,69,-9,-78,-511,-157,-162,-151,-129,-108,-71,-29,0,20,27,26,18,6,-11,-18,-23,-10,23,42,61,85,106,113,126,104,67,18,-39,-96,-156,-198,-211,-207,-176,-127,-66,3,67,134,198,230,236,222,186,126,63,-11,-77,-125,-172,-211,-204,-203,-194,-138,-77,-26,38,92,130,156,175,184,178,143,117,62,14,-32,-86,-143,-175,-181,-179,-173,-140,-98,-59,4,64,111,153,174,181,167,149,115,68,14,-40,-77,-121,-150,-160,-161,-138,-104,-67,-25,26,71,103,132,154,139,124,100,57,14,-19,-58,-99,-131,-136,-122,-104,-71,-27,11,53,92,111,112,82,48,512,287,1179,-1044,-1191,-42,-179,-303,-383,-404,-356,-237,-80,102,286,426,512,541,501,403,252,61,-135,-326,-485,-594,-641,-627,-533,-385,-195,12,230,434,596,717,759,718,606,440,216,-23,-275,-505,-692,-826,-854,-817,-697,-500,-261,2,271,526,729,870,916,890,767,577,333,47,-235,-503,-722,-859,-939,-922,-818,-648,-406,-135,138,405,626,794,891,910,847,698,490,247,-21,-287,-504,-672,-796,-840,-810,-723,-581,-389,-138,104,318,498,642,726,762,727,640,501,305,90,-116,-304,-474,-607,-696,-730,-699,-615,-464,-293,-103,105,302,469,594,681,713,679,597,468,290,100,-107,-314,-485,-618,-330,-717,-682,-594,-442,-264,-83,130,331,506,618,685,717,669,583,442,266,74,-125,-325,-481,-597,-680,-710,-678,-596,-471,-292,-97,101,287,446,582,674,725,712,644,531,372,176,-34,-245,-430,-601,-735,-814,-809,-749,-647,-473,-242,-4,259,496,708,869,946,948,878,725,502,227,-75,-362,-642,-873,-1025,-1079,-1028,-898,-694,-423,-95,238,533,790,974,1082,1077,972,788,529,230,-89,-385,-653,-857,-983,-1017,-954,-820,-614,-351,-92,189,440,637,782,855,853,774,645,465,245,18,-202,-392,-552,-669,-721,-732,-667,-560,-415,-229,-53,127,305,459,567,649,671,633,550,430,263,-139,-494,-729,-831,-737,-219,-17,174,362,518,633,694,696,641,527,374,176,-37,-250,-441,-589,-684,-717,-695,-611,-477,-291,-91,116,321,490,609,674,684,617,503,360,191,2,-178,-333,-472,-548,-578,-571,-503,-413,-292,-132,7,136,266,358,428,459,463,425,359,283,183,78,-32,-138,-237,-318,-378,-425,-451,-432,-395,-327,-213,-79,47,185,334,461,541,570,559,491,380,235,59,-132,-315,-477,-591,-657,-649,-579,-467,-293,-88,122,317,489,614,672,658,558,427,263,66,-124,-306,-452,-538,-569,-551,-464,-337,-186,-20,128,257,358,416,420,387,304,205,114,-2,-94,-186,-243,-256,-256,-225,1105,-108,-41,14,51,75,91,89,73,55,35,18,8,0,0,12,30,60,77,73,65,52,14,-15,-60,-116,-155,-181,-184,-166,-122,-63,-3,62,125,185,216,222,212,188,138,65,-10,-77,-145,-194,-222,-232,-212,-175,-136,-62,8,46,115,168,184,199,200,178,143,98,50,-5,-69,-103,-140,-172,-174,-176,-168,-141,-84,-32,12,65,115,148,176,192,173,145,103,56,5,-43,-86,-128,-159,-171,-156,-131,-112,-70,-21,33,83,114,132,148,155,133,111,81,28,-20,-53,-97,-124,-138,-137,-125,-102,-60,-8,33,73,106,122,119,107,70,27,-18,-59,-69,-687,-807,1145,-658,-318,-294,-278,-196,-64,97,259,392,470,486,425,294,136,-48,-234,-399,-527,-591,-583,-515,-392,-220,-25,189,391,553,657,695,669,558,406,204,-26,-255,-464,-642,-763,-802,-774,-656,-483,-237,29,279,525,718,842,884,852,732,542,291,13,-264,-523,-724,-870,-934,-910,-798,-606,-373,-99,195,463,685,846,922,916,824,657,441,188,-87,-352,-576,-749,-854,-890,-830,-695,-530,-312,-64,185,404,585,730,807,795,724,602,432,232,19,-205,-392,-562,-683,-730,-716,-653,-546,-389,-207,-2,201,396,550,648,703,707,644,528,378,194,-8,-212,-393,-548,-661,-709,-713,-647,-528,-370,826,26,220,415,569,656,711,711,645,524,352,178,-30,-239,-419,-568,-663,-712,-710,-641,-514,-363,-181,20,221,388,539,646,693,701,648,549,411,237,44,-159,-346,-513,-641,-725,-759,-735,-653,-521,-336,-118,121,333,551,736,849,885,865,761,604,377,109,-167,-431,-681,-871,-993,-1023,-962,-828,-607,-334,-24,293,585,837,1020,1097,1069,947,759,497,180,-159,-465,-729,-925,-1039,-1050,-969,-807,-580,-303,6,295,554,768,884,932,913,797,630,410,164,-89,-322,-509,-669,-762,-795,-753,-654,-513,-328,-128,67,268,428,566,647,672,663,602,485,338,172,-22,-208,-369,-512,-616,-1235,-1131
38863,mtk,MTK 7916,2421849705,rx0-tx1,512,87,760,795,-427,-514,-573,-567,-522,-436,-300,-134,46,243,420,562,660,709,699,621,491,325,117,-104,-318,-520,-677,-785,-822,-788,-699,-542,-330,-84,169,422,639,799,906,933,880,755,554,302,30,-254,-526,-747,-906,-995,-993,-904,-751,-530,-267,20,302,555,775,933,1016,1020,941,780,563,302,8,-294,-570,-811,-987,-1082,-1102,-1015,-840,-607,-317,12,339,636,884,1070,1166,1161,1051,852,585,256,-93,-424,-731,-968,-1128,-1197,-1145,-1010,-784,-496,-167,174,492,774,990,1107,1146,1084,925,691,405,83,-235,-543,-795,-965,-1058,-1066,-975,-806,-591,-324,-28,256,509,726,870,945,952,876,734,-689,312,54,-195,-434,-635,-774,-865,-896,-852,-744,-582,-378,-136,111,349,581,767,893,956,948,856,694,469,199,-95,-391,-666,-896,-1050,-1113,-1081,-954,-745,-459,-121,224,559,848,1071,1195,1204,1120,926,631,288,-77,-431,-765,-1024,-1175,-1230,-1174,-1006,-756,-446,-97,270,606,871,1054,1148,1143,1023,822,554,241,-94,-423,-701,-918,-1049,-1072,-1015,-850,-627,-352,-40,262,538,752,886,955,929,815,629,396,130,-141,-381,-582,-737,-809,-804,-724,-586,-402,-180,55,273,459,600,677,688,633,515,356,161,-47,-245,-413,-540,-597,-586,-510,-367,-190,2,191,346,445,462,410,294,137,-9,346,523,0,-324,-48,-70,-30,26,91,140,168,169,145,97,30,-41,-109,-162,-198,-207,-191,-149,-102,-36,32,102,159,193,213,210,187,152,98,36,-38,-103,-148,-184,-204,-204,-194,-178,-146,-88,-26,43,112,160,206,240,259,246,214,158,83,5,-74,-167,-241,-292,-321,-317,-291,-230,-148,-46,61,162,257,325,360,355,325,265,181,67,-39,-136,-236,-308,-353,-363,-338,-293,-218,-116,-8,97,206,280,326,350,332,297,231,138,45,-40,-125,-201,-259,-289,-298,-283,-243,-179,-105,-23,53,121,184,229,255,260,241,205,160,93,16,-53,-114,-173,-213,-237,-238,-219,-184,-127,-69,0,-130,122,162,189,211,198,177,146,88,27,-20,-75,-116,-137,-149,-152,-131,-98,-63,-17,17,39,58,65,62,47,29,11,-7,-23,-26,-17,-2,18,51,82,106,113,99,81,54,-9,-77,-138,-194,-234,-258,-256,-214,-158,-84,9,120,223,303,363,390,387,340,257,150,11,-140,-267,-380,-452,-492,-489,-429,-339,-210,-54,104,266,403,491,533,537,488,389,259,107,-63,-218,-351,-447,-503,-516,-483,-398,-288,-161,-20,116,229,326,392,421,422,381,315,229,141,44,-47,-138,-214,-272,-311,-325,-323,-314,-286,-236,-169,-94,-8,82,173,263,340,391,422,416,384,323,-519,-583,504,197,-33,-335,-208,-50,124,277,426,546,615,647,624,530,392,215,20,-185,-385,-547,-673,-748,-758,-711,-598,-430,-221,17,253,472,664,805,870,872,795,645,444,196,-79,-349,-592,-795,-919,-974,-951,-840,-653,-413,-140,153,422,662,855,980,1018,966,842,653,413,136,-153,-438,-686,-874,-1006,-1062,-1026,-906,-712,-454,-159,155,468,733,946,1093,1150,1101,959,740,453,129,-210,-538,-820,-1036,-1167,-1185,-1113,-952,-695,-393,-40,304,614,878,1065,1166,1165,1065,873,600,282,-42,-365,-658,-887,-1046,-1112,-1078,-966,-760,-499,-208,103,401,646,836,971,1019,977,858,672,428,172,-102,-365,-588,261,-878,-918,-890,-802,-644,-443,-216,31,278,494,682,825,907,907,850,729,536,306,48,-226,-490,-720,-898,-1005,-1032,-979,-842,-626,-335,-12,314,617,876,1066,1163,1158,1049,842,553,206,-150,-502,-824,-1061,-1198,-1227,-1158,-979,-693,-355,0,363,690,948,1121,1194,1161,1017,788,500,173,-177,-512,-781,-977,-1093,-1115,-1029,-854,-610,-303,17,338,622,836,981,1025,977,846,629,374,96,-193,-452,-668,-815,-887,-867,-772,-622,-408,-163,85,320,509,653,735,744,681,561,388,183,-34,-242,-420,-550,-624,-635,-580,-466,-302,-101,97,289,437,524,544,492,375,206,16,-154,-287,-348,-334,689,563,0,-506,-598,91,123,139,126,82,22,-46,-111,-166,-191,-193,-169,-123,-60,12,84,141,184,206,207,187,146,93,27,-43,-100,-155,-191,-214,-212,-186,-149,-103,-48,16,69,120,174,210,226,231,205,167,119,60,-18,-96,-165,-224,-266,-285,-287,-258,-187,-114,-24,69,169,254,313,342,334,307,247,157,50,-55,-152,-242,-316,-359,-356,-340,-286,-201,-94,21,121,212,289,339,350,342,297,220,138,34,-69,-162,-245,-301,-318,-316,-289,-237,-164,-83,2,85,167,223,261,277,264,241,197,133,58,-18,-91,-147,-195,-234,-245,-236,-213,-171,-112,-45,24,86,143,186,214,229,245,185,140,93,31,-37,-84,-135,-174,-181,-176,-161,-120,-79,-37,12,59,88,113,118,106,88,63,37,6,-17,-27,-31,-27,-9,9,30,44,55,57,42,12,-37,-81,-113,-152,-182,-180,-166,-125,-65,12,101,181,245,296,328,324,278,213,111,0,-126,-249,-346,-416,-459,-440,-387,-303,-176,-33,129,276,390,486,524,516,466,358,221,74,-87,-252,-387,-480,-532,-536,-491,-403,-274,-128,22,170,302,393,459,478,452,396,311,200,84,-38,-150,-243,-311,-354,-371,-358,-322,-270,-206,-132,-50,28,103,178,244,292,328,355,351,331,285,210,116,7,-109,-215,-329,267,-10
38864,mtk,MTK 7916,2421849705,rx1-tx0,512,0,-745,-662,735,734,679,554,377,170,-66,-290,-497,-677,-793,-854,-843,-764,-611,-398,-138,127,388,624,821,944,974,932,815,615,363,69,-249,-538,-794,-984,-1084,-1084,-986,-806,-553,-252,76,414,712,954,1109,1162,1120,972,736,438,92,-253,-580,-864,-1071,-1167,-1170,-1082,-885,-630,-304,44,391,697,943,1109,1174,1155,1012,769,491,163,-191,-509,-794,-1001,-1111,-1127,-1039,-869,-615,-324,-14,304,595,821,964,1030,1001,878,689,457,181,-102,-363,-596,-771,-878,-905,-863,-754,-578,-352,-100,143,370,566,703,797,821,759,636,483,283,64,-164,-373,-552,-675,-741,-742,-676,-556,-389,-204,16,241,216,565,662,696,682,599,458,284,77,-133,-315,-471,-576,-632,-637,-569,-456,-316,-141,53,220,363,461,521,545,510,426,307,182,39,-116,-244,-351,-415,-436,-431,-385,-304,-195,-80,46,157,254,309,332,346,307,251,174,82,-9,-91,-148,-184,-216,-219,-194,-158,-119,-72,-22,17,38,60,75,77,74,68,76,86,94,91,78,67,47,23,-8,-39,-81,-115,-130,-138,-146,-134,-97,-60,-15,36,85,122,138,156,164,131,99,60,1,-48,-89,-132,-157,-144,-141,-129,-86,-52,-4,39,69,102,117,117,98,77,59,14,-28,-60,-82,-92,-93,-75,-56,-29,6,17,-109,-439,0,928,985,158,122,35,-76,-180,-257,-300,-302,-243,-150,-31,93,214,297,347,358,326,248,145,27,-96,-218,-301,-371,-396,-370,-309,-211,-90,31,151,259,327,378,394,354,293,208,102,-13,-125,-228,-300,-344,-361,-341,-300,-218,-123,-38,67,158,239,305,345,344,316,280,214,126,32,-76,-182,-267,-337,-370,-373,-350,-295,-208,-88,31,145,238,316,382,400,380,327,254,154,42,-78,-186,-271,-326,-364,-363,-326,-274,-187,-87,18,114,208,280,330,346,324,283,203,120,41,-59,-138,-208,-260,-292,-296,-280,-232,-161,-97,-11,62,125,193,226,247,248,222,183,121,63,-3,-584,-117,-171,-205,-209,-209,-199,-157,-105,-39,14,68,112,147,181,168,160,135,93,63,21,-18,-44,-71,-87,-87,-81,-74,-61,-39,-10,3,9,16,16,13,3,-13,-18,-24,-19,-18,-3,29,61,90,111,137,154,149,118,72,19,-56,-119,-195,-267,-304,-307,-289,-241,-167,-53,73,195,304,391,466,470,430,356,245,87,-85,-231,-375,-498,-565,-588,-546,-459,-332,-166,20,210,382,521,613,633,625,556,424,261,73,-136,-325,-489,-605,-675,-686,-621,-519,-367,-181,15,216,394,539,627,677,665,591,487,334,145,-49,-244,-415,-555,-641,-679,-671,-601,-481,-322,-140,-241,237,0,-16,-355,73,-145,-358,-544,-677,-766,-793,-755,-662,-497,-281,-39,210,450,656,817,901,911,848,716,514,247,-34,-316,-582,-811,-959,-1033,-1016,-905,-720,-461,-153,172,484,762,977,1110,1144,1078,908,665,355,9,-339,-659,-918,-1096,-1181,-1156,-1035,-820,-533,-194,149,496,791,1010,1147,1182,1119,957,714,401,61,-284,-614,-865,-1036,-1149,-1144,-1031,-847,-564,-245,85,415,696,917,1045,1080,1030,873,648,385,95,-207,-487,-699,-860,-955,-958,-884,-733,-520,-267,-12,242,478,674,804,852,837,762,613,425,207,-41,-281,-478,-631,-739,-780,-754,-662,-524,-343,-141,89,300,474,607,696,736,690,757,444,247,40,-171,-365,-520,-629,-681,-664,-586,-458,-297,-125,69,259,406,518,582,594,540,439,307,158,1,-165,-307,-413,-465,-490,-467,-398,-308,-184,-55,70,199,300,366,393,383,333,270,175,95,-13,-125,-192,-251,-279,-285,-260,-210,-160,-95,-17,51,92,127,156,152,127,110,95,69,50,22,23,18,0,-13,-42,-59,-82,-107,-116,-112,-113,-100,-77,-43,1,50,102,133,142,155,160,146,108,68,22,-36,-94,-119,-147,-157,-140,-125,-101,-50,1,36,92,114,126,132,114,98,71,35,-10,-53,-70,-101,-121,-110,-88,-61,-29,7,37,56,72,65,44,743,610,0,-336,139,-114,-189,-244,-252,-206,-122,-18,108,219,300,340,341,285,184,68,-59,-177,-277,-348,-378,-373,-319,-229,-125,6,131,241,329,380,389,366,295,198,92,-33,-151,-238,-316,-361,-374,-347,-288,-208,-107,3,101,198,278,318,353,350,306,251,171,72,-25,-116,-209,-303,-354,-373,-366,-316,-259,-173,-63,46,158,251,330,368,373,354,298,233,131,9,-105,-209,-295,-353,-382,-380,-334,-260,-174,-70,48,146,240,310,348,355,322,270,202,117,22,-79,-174,-249,-283,-309,-303,-269,-216,-146,-70,15,100,180,224,257,271,251,230,174,113,52,-25,-90,-157,-200,-224,-242,-674,-195,-149,-87,-24,27,88,139,175,194,190,178,140,108,55,3,-32,-89,-118,-135,-143,-131,-119,-92,-53,-16,14,33,57,71,67,46,34,21,4,-7,-18,-6,9,27,33,46,76,87,92,75,46,12,-49,-97,-149,-189,-219,-227,-212,-179,-120,-26,65,164,257,339,394,398,371,302,210,77,-89,-225,-350,-453,-522,-531,-489,-417,-294,-129,50,234,386,507,591,624,598,516,387,208,21,-162,-359,-510,-610,-665,-655,-584,-468,-310,-127,82,277,445,583,661,678,641,553,413,246,60,-143,-327,-481,-607,-667,-674,-629,-541,-405,-235,-52,144,329,486,600,675,-952,-955
38865,mtk,MTK 7916,2421849705,rx1-tx1,512,0,0,0,-208,-432,-561,-559,-425,-190,84,340,522,574,497,313,62,-198,-411,-527,-515,-391,-176,83,308,453,488,406,232,9,-206,-360,-427,-394,-261,-51,165,330,410,385,258,77,-125,-303,-410,-406,-300,-116,97,286,413,444,361,187,-28,-253,-420,-494,-447,-295,-63,183,388,510,525,417,208,-53,-304,-492,-567,-525,-372,-132,136,380,533,578,500,302,46,-209,-415,-539,-545,-431,-221,29,259,426,506,474,336,137,-81,-282,-413,-443,-380,-245,-68,120,275,365,373,299,158,-7,-159,-262,-298,-273,-187,-67,76,192,255,254,200,97,-16,-131,-208,-231,-200,-128,-22,86,167,0,213,151,66,-29,-124,-189,-212,-180,-109,-21,70,145,190,195,156,78,-21,-109,-168,-189,-172,-118,-37,42,104,148,164,131,72,-7,-79,-119,-134,-121,-71,6,63,103,120,111,66,-1,-69,-127,-158,-146,-92,0,93,160,197,196,137,42,-70,-159,-235,-261,-231,-133,-10,128,246,320,334,277,149,-16,-180,-316,-401,-396,-311,-170,18,215,365,440,429,333,171,-37,-241,-394,-475,-460,-347,-173,43,251,408,482,464,358,173,-42,-242,-391,-467,-450,-346,-181,18,211,366,445,452,375,234,51,-134,-292,-398,-438,-402,-308,-172,-25,111,224,298,323,309,255,168,0,0,0,0,0,-40,-16,28,85,142,182,200,191,145,70,-27,-125,-210,-259,-259,-213,-127,-13,109,211,277,285,236,134,-2,-147,-263,-322,-304,-224,-104,54,210,312,335,298,189,30,-139,-282,-369,-369,-273,-107,75,245,378,425,355,196,-12,-221,-405,-509,-480,-335,-105,149,378,552,607,512,295,-8,-317,-566,-706,-685,-509,-219,118,450,696,785,695,455,117,-260,-592,-786,-803,-644,-337,47,426,711,843,779,539,179,-214,-561,-789,-839,-701,-397,-11,382,696,838,787,568,228,-175,-530,-758,-807,-681,-397,-23,344,630,762,717,510,193,-172,-488,-690,-724,-578,-299,39,364,601,0,622,391,66,-276,-557,-695,-671,-473,-159,182,489,682,699,556,275,-88,-426,-655,-735,-649,-382,-19,340,622,770,730,516,174,-221,-574,-788,-821,-656,-329,78,470,766,891,792,510,118,-305,-673,-890,-884,-677,-315,112,516,807,904,792,497,76,-371,-715,-893,-856,-626,-260,163,552,798,857,729,431,33,-377,-686,-827,-769,-538,-185,197,525,729,756,607,320,-39,-384,-622,-699,-605,-384,-71,251,492,613,588,418,137,-162,-412,-550,-561,-428,-197,81,334,508,548,456,245,-30,-293,-477,-538,-482,-309,-59,216,437,551,530,379,136,-135,-373,-518,-543,-437,-229,32,282,0,0,0,0,0,528,374,135,-141,-392,-547,-571,-459,-247,18,274,466,556,515,354,122,-132,-352,-486,-503,-403,-212,32,255,406,456,395,242,37,-174,-344,-418,-390,-266,-67,144,312,394,384,277,100,-104,-291,-408,-421,-325,-150,71,277,432,479,406,235,-2,-242,-425,-518,-497,-361,-141,118,353,506,554,478,296,37,-230,-452,-579,-570,-429,-207,55,304,496,570,523,365,137,-127,-353,-483,-525,-460,-289,-67,161,361,470,470,372,202,0,-192,-338,-410,-386,-265,-105,60,214,321,337,276,169,33,-115,-225,-273,-259,-194,-85,47,165,228,238,198,115,1,-114,-191,-223,-203,-140,0,64,152,200,207,168,93,-5,-106,-171,-192,-189,-140,-41,48,114,166,192,162,98,17,-69,-145,-176,-167,-124,-59,25,103,148,150,125,67,-9,-74,-115,-137,-115,-68,4,78,125,129,115,72,-2,-83,-147,-184,-177,-116,-18,77,169,225,234,185,91,-27,-149,-250,-305,-280,-197,-79,75,237,340,380,342,223,62,-115,-283,-402,-444,-396,-262,-71,136,314,435,476,408,267,76,-137,-326,-440,-468,-397,-246,-53,158,339,450,477,418,268,70,-135,-314,-432,-468,-422,-291,-109,89,263,394,449,429,334,189,22,-144,-287,-373,-399,-373,-294,-183,-61,47,130,180,0,0,0,0,0,-98,-135,-147,-142,-109,-52,25,103,176,222,240,217,153,54,-57,-163,-238,-276,-264,-198,-82,53,174,273,314,284,194,56,-97,-223,-313,-329,-268,-155,8,179,302,354,332,236,82,-107,-276,-369,-383,-316,-162,41,239,392,456,413,270,51,-203,-423,-541,-544,-430,-198,91,374,583,665,599,390,87,-238,-525,-706,-741,-604,-328,28,377,652,796,758,550,210,-175,-525,-760,-842,-736,-457,-65,335,650,818,808,619,296,-98,-475,-747,-854,-765,-497,-130,266,598,794,806,628,307,-76,-437,-693,-789,-703,-464,-121,255,563,733,735,555,247,-109,-428,-650,-708,-589,-334,0,319,589,705,640,425,113,-234,-525,-686,-684,-517,-216,141,465,681,723,597,324,-43,-405,-649,-752,-684,-451,-103,275,600,787,783,589,246,-158,-530,-783,-852,-722,-426,-26,394,723,882,840,602,217,-222,-616,-865,-908,-743,-416,11,436,749,897,830,559,168,-255,-630,-853,-857,-667,-340,64,458,742,851,764,496,115,-287,-612,-788,-781,-595,-267,113,446,666,726,616,356,20,-313,-555,-654,-595,-396,-112,192,437,573,568,423,171,-113,-368,-524,-539,-426,-216,60,312,481,547,476,276,13,-249,-456,-551,-506,-343,-97,172,404,539,537,404,179,-85,-336,-504,-549,-471,0,0
38866,mtk,MTK 7916,2421849705,rx2-tx0,512,0,0,0,-1101,-857,-410,138,656,1012,1128,970,565,30,-507,-923,-1105,-1017,-693,-199,341,789,1033,1027,772,332,-189,-658,-956,-1012,-820,-419,81,550,874,983,836,484,11,-470,-828,-969,-864,-541,-78,410,800,977,912,621,170,-325,-742,-977,-965,-711,-292,209,653,927,970,774,386,-87,-542,-853,-946,-801,-444,20,473,801,921,797,465,16,-438,-787,-928,-828,-518,-65,412,785,968,909,608,145,-359,-783,-1026,-1011,-743,-283,247,718,1028,1093,889,471,-66,-597,-982,-1129,-1009,-657,-146,403,850,1088,1066,795,332,-202,-685,-994,-1061,-868,-476,27,520,877,1012,899,573,110,-370,-744,-933,0,-624,-207,255,648,872,877,658,270,-182,-585,-837,-877,-693,-328,123,545,833,913,760,410,-54,-516,-852,-979,-871,-533,-53,442,854,1074,1029,725,237,-326,-821,-1132,-1180,-948,-482,107,686,1117,1292,1160,749,170,-459,-991,-1303,-1310,-1009,-470,173,776,1209,1370,1205,759,139,-514,-1060,-1364,-1352,-1027,-466,200,818,1251,1398,1229,791,185,-461,-1012,-1342,-1369,-1088,-572,54,654,1100,1296,1217,879,365,-214,-729,-1062,-1158,-1012,-654,-173,313,705,929,944,761,427,29,-351,-633,-768,-721,-526,-237,81,366,552,608,527,345,110,-141,-353,-472,-489,-418,-272,-87,99,249,338,363,328,245,0,0,0,0,0,-279,-281,-239,-145,-13,138,287,395,439,412,314,149,-53,-246,-398,-475,-454,-345,-172,41,254,413,480,439,304,106,-113,-304,-430,-463,-387,-218,2,210,363,426,394,270,76,-141,-317,-415,-405,-285,-92,127,324,438,433,311,96,-160,-386,-528,-545,-419,-179,122,418,624,691,597,358,24,-335,-635,-802,-790,-584,-241,157,539,806,881,752,458,45,-387,-730,-901,-862,-623,-242,209,617,877,923,756,412,-36,-478,-805,-947,-864,-574,-144,331,731,950,945,720,322,-160,-609,-909,-993,-845,-491,-29,441,821,1004,939,656,218,-273,-699,-959,-989,-783,-390,99,563,883,984,0,508,43,-432,-801,-975,-905,-615,-172,310,713,950,947,702,290,-196,-643,-932,-994,-808,-414,86,567,913,1034,901,545,48,-468,-873,-1065,-1000,-681,-182,362,820,1081,1076,808,334,-220,-725,-1058,-1142,-928,-488,73,616,1015,1166,1031,635,79,-498,-953,-1172,-1105,-767,-228,373,875,1164,1172,885,373,-232,-785,-1156,-1242,-1010,-531,78,673,1114,1276,1127,713,120,-513,-1022,-1281,-1230,-878,-309,339,899,1232,1269,1007,507,-125,-720,-1138,-1270,-1093,-655,-66,543,1015,1234,1153,790,235,-373,-877,-1171,-1184,-903,-400,193,731,1091,1180,982,545,-19,-573,-984,-1153,-1037,-666,-140,416,870,1104,1071,0,0,0,0,0,-220,-719,-1042,-1111,-914,-492,46,581,972,1119,995,633,115,-423,-855,-1075,-1035,-742,-270,261,719,1001,1026,792,370,-133,-605,-920,-1002,-829,-451,34,499,844,974,853,508,33,-446,-807,-967,-884,-574,-112,381,777,983,946,677,234,-267,-701,-958,-976,-756,-347,141,593,892,974,801,429,-50,-498,-823,-931,-796,-460,-10,446,790,921,809,488,38,-425,-786,-944,-860,-551,-100,388,790,1002,961,668,206,-312,-756,-1034,-1062,-826,-383,157,663,1005,1119,968,575,42,-497,-911,-1115,-1053,-730,-236,308,771,1045,1072,840,410,-118,-609,-945,-1044,-892,-529,-44,444,806,966,895,607,170,0,-692,-901,-879,-633,-237,217,614,850,866,665,298,-150,-563,-836,-895,-725,-367,94,527,836,944,808,465,-8,-489,-856,-1015,-935,-617,-131,407,857,1110,1104,831,349,-230,-770,-1136,-1248,-1064,-622,-27,578,1057,1295,1237,885,320,-318,-898,-1276,-1352,-1109,-617,6,644,1147,1380,1282,890,299,-362,-944,-1315,-1383,-1136,-632,18,662,1157,1395,1317,950,380,-274,-862,-1248,-1353,-1170,-744,-167,434,922,1201,1214,969,534,3,-505,-883,-1058,-998,-728,-326,122,516,778,857,752,491,142,-217,-498,-659,-674,-541,-297,-13,249,441,535,519,387,188,-30,-228,-373,-437,-420,-331,-196,-46,87,175,0,0,0,0,0,-21,-132,-236,-331,-386,-376,-307,-179,-6,174,330,436,466,406,262,70,-140,-326,-445,-469,-404,-250,-36,186,366,460,454,351,175,-48,-256,-402,-453,-392,-248,-45,174,345,421,401,283,87,-128,-314,-418,-410,-294,-94,145,353,470,472,353,124,-152,-411,-580,-614,-499,-257,65,393,646,757,695,471,126,-258,-597,-809,-843,-682,-353,59,459,767,903,823,550,146,-296,-668,-891,-905,-701,-334,120,552,848,936,810,497,56,-409,-772,-948,-905,-651,-232,251,669,918,963,786,412,-68,-533,-874,-1004,-896,-575,-118,367,767,982,963,716,296,-189,-628,-916,-982,-813,-447,28,0,845,980,880,564,109,-369,-755,-955,-924,-666,-233,255,679,939,964,755,358,-138,-609,-927,-1017,-858,-476,25,513,890,1053,945,600,107,-416,-846,-1076,-1041,-744,-262,287,777,1078,1115,878,425,-139,-675,-1049,-1157,-981,-565,-9,555,986,1171,1068,695,151,-432,-910,-1166,-1140,-829,-303,306,839,1171,1212,958,466,-154,-740,-1135,-1260,-1083,-631,-19,602,1076,1286,1183,794,214,-421,-962,-1271,-1263,-944,-400,230,806,1183,1272,1054,581,-26,-630,-1075,-1261,-1133,-727,-158,442,937,1203,1170,857,335,-268,-800,-1132,-1185,-945,-476,102,649,1029,1163,1017,616,67,-494,-928,-1132,-1050,-715,-207,349,0,0
38867,mtk,MTK 7916,2421849705,rx2-tx1,512,0,0,0,642,563,347,56,-249,-501,-621,-587,-429,-179,118,376,539,587,498,289,8,-258,-456,-537,-502,-342,-114,129,332,450,461,378,209,-14,-221,-356,-403,-354,-233,-62,117,250,311,292,212,87,-44,-158,-220,-222,-174,-92,1,71,109,111,82,32,-29,-58,-55,-27,15,57,82,63,4,-65,-141,-203,-205,-150,-42,82,200,305,335,280,150,-22,-216,-382,-458,-427,-309,-106,145,378,533,552,450,252,-18,-310,-529,-624,-582,-410,-132,188,467,648,681,540,274,-55,-378,-622,-719,-656,-438,-116,240,532,701,713,554,258,-100,-438,-669,-745,-651,-413,-59,319,615,752,724,0,199,-165,-488,-710,-752,-606,-321,34,377,632,735,656,421,83,-282,-570,-717,-697,-508,-181,190,508,692,728,580,269,-114,-454,-698,-782,-675,-390,-1,406,716,861,797,537,138,-311,-704,-924,-930,-732,-350,137,605,933,1053,920,583,90,-439,-874,-1115,-1108,-840,-380,172,691,1064,1197,1068,691,147,-435,-924,-1214,-1233,-973,-505,73,638,1069,1275,1191,840,313,-271,-787,-1137,-1249,-1078,-682,-168,371,839,1127,1159,939,537,31,-469,-832,-1013,-992,-762,-378,66,479,768,893,839,609,259,-121,-449,-682,-776,-706,-505,-227,77,358,548,627,588,461,275,61,-142,-291,-374,-391,-351,0,0,0,0,0,246,232,182,92,-28,-163,-285,-362,-389,-357,-274,-124,51,213,346,424,408,321,173,-9,-196,-345,-429,-430,-343,-186,14,213,368,442,424,326,164,-27,-221,-367,-428,-408,-312,-139,61,233,345,385,340,228,65,-97,-230,-312,-331,-276,-168,-25,112,210,256,247,185,85,-29,-132,-192,-202,-156,-77,-7,46,89,112,107,67,10,-28,-40,-35,-13,25,53,53,32,-9,-55,-91,-126,-133,-98,-29,48,130,190,210,189,112,0,-130,-233,-290,-286,-217,-91,41,174,285,334,303,210,60,-109,-242,-327,-341,-264,-143,10,171,292,332,297,199,43,-115,-232,-297,-299,0,-65,86,203,269,276,211,94,-57,-199,-282,-298,-236,-104,52,199,302,333,276,142,-27,-201,-329,-380,-330,-199,-13,183,338,406,389,275,75,-146,-331,-437,-451,-356,-167,70,294,450,499,436,255,10,-234,-425,-525,-497,-332,-84,180,392,521,523,410,180,-96,-349,-513,-559,-456,-232,50,319,522,597,524,327,42,-263,-519,-640,-606,-420,-138,195,486,663,688,555,276,-74,-409,-642,-722,-643,-412,-66,299,584,743,725,546,228,-154,-501,-713,-763,-644,-391,-28,348,636,776,747,531,190,-176,-496,-712,-765,-633,-354,-5,341,611,731,676,472,162,-180,-471,-654,-681,0,0,0,0,0,-11,297,538,644,581,381,112,-177,-430,-582,-596,-462,-226,55,312,497,563,492,309,55,-203,-398,-502,-500,-373,-158,76,280,408,438,369,211,11,-174,-305,-363,-333,-228,-82,75,203,271,262,192,91,-11,-105,-160,-171,-136,-74,-2,56,82,67,32,-12,-40,-55,-28,27,81,121,139,100,23,-63,-171,-252,-271,-212,-102,54,210,332,391,361,230,32,-187,-368,-481,-503,-406,-187,90,348,530,604,533,324,46,-252,-499,-633,-625,-487,-223,106,416,628,689,593,360,38,-299,-582,-725,-694,-492,-182,173,492,692,727,601,331,-28,-387,-661,-763,-685,-459,-128,232,0,735,735,563,262,-109,-459,-691,-749,-642,-376,-23,333,607,723,671,460,144,-218,-534,-716,-703,-527,-229,139,485,706,752,615,322,-59,-435,-705,-812,-719,-441,-47,364,712,892,854,618,228,-230,-647,-935,-1004,-834,-460,30,522,904,1094,1026,704,225,-315,-797,-1101,-1169,-966,-532,20,571,1004,1211,1151,833,326,-248,-784,-1156,-1273,-1104,-681,-124,459,947,1233,1239,987,527,-45,-613,-1024,-1210,-1141,-838,-364,167,655,995,1113,982,660,222,-256,-665,-919,-967,-822,-512,-107,298,620,802,820,673,398,62,-279,-547,-692,-698,-581,-370,-107,157,363,491,536,489,371,221,67,-66,0,0,0,0,0,52,155,242,310,343,321,245,128,-17,-171,-309,-396,-419,-368,-240,-67,115,288,410,441,394,273,94,-111,-288,-403,-447,-403,-269,-79,127,302,405,434,385,248,56,-144,-299,-394,-405,-334,-193,-15,165,294,355,346,270,126,-39,-180,-267,-305,-258,-171,-63,67,176,227,216,166,82,-7,-87,-133,-155,-133,-78,-24,22,64,81,61,24,0,-11,-19,-13,18,58,84,86,52,8,-59,-128,-177,-178,-143,-73,31,144,227,255,233,162,40,-91,-213,-298,-317,-260,-152,-7,151,273,330,316,232,90,-68,-215,-310,-333,-296,-178,-11,146,259,314,293,209,71,-88,0,-294,-286,-215,-84,64,183,262,279,217,93,-59,-197,-296,-310,-240,-113,43,198,320,361,298,168,-1,-187,-330,-390,-356,-231,-39,166,336,431,430,316,118,-109,-311,-450,-483,-395,-212,32,273,451,523,469,301,61,-201,-417,-530,-512,-367,-126,151,390,528,543,430,211,-65,-336,-520,-583,-500,-289,3,299,529,621,569,373,86,-231,-497,-651,-651,-491,-210,139,454,659,704,587,333,-3,-349,-620,-738,-683,-465,-141,226,547,742,758,595,298,-71,-423,-680,-781,-704,-465,-112,265,578,758,765,585,282,-89,-433,-669,-753,-669,-432,-94,260,547,688,673,506,220,-123,0,0
38868,mtk,MTK 7916,2421913554,rx0-tx0,512,-349,-207,-443,522,492,423,300,129,-56,-233,-394,-515,-583,-585,-519,-407,-245,-59,148,337,480,580,618,585,490,344,153,-56,-256,-431,-547,-601,-600,-532,-403,-227,-44,148,317,454,543,574,537,442,317,153,-10,-179,-324,-425,-485,-498,-456,-387,-272,-129,11,165,290,381,441,463,445,395,297,176,43,-108,-238,-379,-473,-511,-511,-464,-370,-223,-50,142,325,479,595,638,610,512,350,149,-75,-297,-487,-616,-685,-661,-569,-418,-195,41,259,463,606,677,663,566,417,203,-34,-236,-416,-545,-600,-592,-501,-356,-187,11,189,334,439,478,470,400,287,153,4,-121,-226,-303,-342,-342,-511,-225,-135,-40,48,113,164,187,193,178,140,110,69,37,17,-18,-34,-50,-66,-85,-104,-121,-133,-127,-116,-106,-57,-7,41,93,151,204,228,224,210,155,74,-14,-111,-191,-262,-302,-292,-262,-207,-113,-6,97,198,267,306,311,284,223,121,37,-65,-163,-235,-283,-298,-285,-243,-174,-86,9,99,186,238,273,280,259,214,141,52,-50,-132,-194,-246,-267,-263,-238,-185,-99,-3,77,145,205,252,264,241,199,125,36,-52,-128,-187,-240,-252,-237,-195,-131,-50,27,113,172,217,236,218,179,119,34,-44,-123,-186,-212,-218,-182,-116,-39,42,113,154,170,148,93,512,287,1179,-1044,-1191,-201,-281,-297,-241,-120,41,198,331,405,417,371,251,89,-86,-258,-397,-479,-497,-441,-332,-165,16,198,367,483,540,536,465,337,159,-47,-247,-426,-549,-602,-584,-494,-349,-151,73,289,467,594,650,631,542,370,170,-46,-276,-469,-607,-672,-665,-576,-411,-208,15,237,433,586,667,663,595,450,258,40,-176,-371,-527,-613,-639,-594,-483,-318,-125,81,288,445,550,598,577,493,362,187,3,-167,-328,-451,-518,-527,-488,-405,-281,-122,32,195,317,420,482,482,438,347,242,103,-56,-196,-331,-432,-473,-475,-431,-340,-221,-67,91,238,358,449,491,476,407,315,188,30,-330,-266,-378,-457,-493,-483,-404,-287,-153,4,155,297,410,474,495,472,384,265,127,-33,-189,-333,-444,-512,-520,-476,-393,-257,-91,69,220,358,469,518,529,491,404,270,113,-60,-246,-400,-506,-575,-589,-541,-435,-276,-94,106,300,476,605,663,658,585,455,261,36,-189,-413,-588,-697,-729,-683,-576,-402,-168,98,342,549,699,781,767,671,508,270,2,-250,-476,-651,-754,-767,-680,-544,-345,-90,152,369,540,652,692,665,551,384,188,-20,-230,-395,-515,-582,-582,-528,-435,-281,-109,56,221,358,450,506,499,456,378,252,109,-32,-175,-303,-410,-472,-479,-448,-372,-267,-130,-139,-494,-729,-831,-737,-30,-191,-338,-467,-543,-557,-521,-425,-278,-101,93,278,432,547,604,598,517,388,215,11,-195,-378,-522,-612,-628,-570,-455,-286,-99,104,297,456,547,592,576,493,364,189,-5,-190,-336,-446,-510,-523,-496,-410,-285,-138,26,165,291,395,450,472,447,375,281,163,24,-112,-254,-369,-443,-490,-477,-435,-354,-210,-55,104,272,421,522,580,569,498,378,198,-11,-216,-411,-551,-642,-672,-617,-473,-286,-60,170,377,564,676,686,637,513,323,94,-146,-356,-522,-631,-640,-578,-468,-294,-96,109,306,442,533,555,497,400,251,83,-75,-228,-329,-394,-411,-372,-306,-205,-92,30,1105,205,253,270,251,208,156,93,37,-24,-64,-86,-117,-113,-121,-115,-98,-90,-81,-63,-45,-29,2,41,71,117,163,172,181,176,143,87,5,-66,-143,-222,-265,-280,-268,-224,-151,-47,63,155,245,305,320,306,259,172,70,-36,-134,-228,-289,-308,-310,-261,-191,-105,-12,80,169,236,274,283,272,220,147,62,-28,-105,-178,-238,-276,-278,-241,-195,-121,-33,53,133,202,254,264,255,222,171,81,-18,-102,-177,-235,-264,-264,-226,-174,-96,-4,79,151,211,240,243,215,156,90,6,-72,-144,-204,-233,-224,-192,-124,-52,30,113,170,200,193,149,83,11,-60,-103,-687,-807,1145,-658,-318,-152,-40,103,241,340,377,337,239,87,-75,-240,-374,-449,-458,-400,-279,-115,67,241,392,492,516,485,380,229,52,-138,-318,-466,-559,-577,-524,-410,-240,-38,170,360,508,615,633,573,445,260,50,-165,-380,-545,-637,-672,-623,-491,-301,-81,147,367,539,646,681,637,513,342,117,-108,-318,-492,-609,-660,-633,-551,-385,-182,29,243,419,546,617,621,554,414,244,49,-147,-311,-451,-544,-559,-532,-444,-311,-146,27,186,324,440,499,510,466,367,253,94,-62,-207,-323,-410,-477,-484,-435,-356,-223,-77,64,218,348,445,496,482,418,314,184,34,-122,-259,-369,-461,-498,826,-402,-297,-170,-21,140,296,400,467,490,465,397,279,137,-12,-174,-323,-422,-492,-506,-467,-391,-270,-119,53,210,346,455,509,520,487,403,266,100,-58,-222,-369,-480,-540,-562,-523,-420,-279,-111,83,268,436,549,620,632,575,460,280,67,-146,-351,-528,-651,-700,-681,-591,-428,-211,27,260,471,641,752,769,691,548,339,86,-179,-409,-609,-744,-777,-731,-618,-422,-186,82,323,513,669,740,710,616,462,250,29,-197,-404,-546,-633,-658,-602,-484,-327,-135,60,233,380,493,533,532,484,382,258,104,-60,-202,-336,-427,-467,-472,-446,-374,-270,-119,33,178,306,407,474,-1235,-1131
38869,mtk,MTK 7916,2421913554,rx0-tx1,512,87,760,795,541,573,536,444,303,127,-81,-286,-466,-610,-698,-699,-630,-503,-321,-85,161,394,600,742,806,797,701,528,290,22,-253,-514,-726,-869,-929,-883,-739,-519,-240,73,383,661,877,994,1013,923,719,456,139,-196,-513,-771,-958,-1058,-1035,-909,-684,-403,-76,258,565,823,1007,1090,1066,929,694,387,51,-302,-641,-913,-1086,-1159,-1112,-945,-687,-342,47,427,769,1029,1187,1217,1112,893,579,212,-185,-564,-872,-1091,-1189,-1169,-1029,-786,-457,-81,297,632,902,1075,1141,1084,924,660,332,-11,-357,-662,-899,-1035,-1075,-1007,-816,-560,-247,82,391,663,875,983,989,897,721,481,193,-108,-400,-689,-821,-921,-932,-854,-687,-462,-196,100,382,621,809,922,939,871,720,497,212,-93,-404,-674,-880,-1015,-1040,-959,-769,-492,-167,188,537,828,1035,1138,1118,972,716,379,1,-383,-726,-1002,-1168,-1203,-1102,-890,-570,-182,217,597,919,1124,1209,1159,982,707,346,-39,-413,-752,-1008,-1148,-1152,-1034,-803,-484,-127,252,598,874,1049,1103,1027,850,572,237,-124,-452,-717,-907,-988,-955,-820,-593,-311,6,307,555,741,826,829,727,560,342,83,-173,-399,-579,-680,-712,-659,-533,-347,-130,94,308,465,574,609,572,464,298,96,-112,-305,-450,-521,-520,-439,-294,-102,95,264,365,390,335,217,346,523,0,-324,-48,78,142,185,184,145,75,-15,-113,-193,-233,-244,-217,-161,-76,16,104,180,234,258,247,209,144,62,-19,-110,-187,-237,-266,-264,-235,-180,-102,-16,64,154,232,281,309,300,269,206,109,-3,-122,-237,-327,-392,-418,-392,-310,-190,-53,113,269,389,473,498,463,378,243,86,-92,-263,-396,-500,-535,-508,-431,-303,-131,46,226,379,483,535,519,455,333,187,17,-162,-314,-427,-496,-506,-460,-371,-238,-87,70,220,344,434,469,461,394,293,165,23,-118,-256,-351,-407,-426,-391,-331,-230,-106,22,151,258,335,379,393,358,289,187,69,-56,-167,-256,-328,-355,-345,-306,-130,-143,-37,69,174,244,290,314,304,255,186,101,9,-85,-160,-213,-244,-244,-228,-185,-131,-66,-4,46,102,133,151,158,146,133,124,93,63,32,4,-21,-52,-80,-107,-148,-158,-164,-173,-161,-126,-69,-8,60,142,200,253,287,293,264,202,116,12,-96,-202,-296,-363,-392,-381,-325,-233,-121,15,155,281,376,444,460,429,338,208,71,-81,-230,-348,-440,-482,-472,-413,-301,-165,-18,132,267,373,425,444,427,359,250,129,-4,-140,-246,-333,-388,-393,-371,-316,-229,-135,-31,71,172,247,304,344,350,337,290,221,129,30,-76,-185,-288,-367,-414,-433,-411,-349,-243,-519,-583,504,197,-33,137,-56,-238,-399,-530,-618,-648,-594,-483,-319,-107,128,339,528,675,756,750,672,518,296,49,-206,-456,-660,-805,-863,-838,-724,-529,-274,17,322,592,800,938,974,914,756,504,198,-130,-460,-731,-925,-1034,-1033,-921,-707,-431,-100,238,550,809,986,1066,1037,912,693,406,69,-280,-602,-870,-1046,-1118,-1091,-941,-686,-367,-10,358,687,954,1136,1190,1119,933,642,284,-115,-496,-826,-1069,-1200,-1215,-1085,-846,-519,-148,238,604,895,1099,1177,1131,977,725,398,33,-327,-649,-909,-1057,-1104,-1041,-873,-613,-293,43,387,681,895,1019,1031,941,770,517,209,-110,-409,-658,-844,-940,-949,-866,261,-473,-192,99,389,634,812,917,928,850,696,475,202,-95,-381,-629,-832,-957,-984,-914,-740,-501,-201,129,452,741,952,1070,1082,972,748,444,86,-284,-638,-921,-1109,-1181,-1121,-940,-655,-286,114,496,829,1078,1203,1193,1060,809,458,71,-327,-686,-973,-1147,-1184,-1101,-905,-601,-236,151,511,823,1031,1130,1104,955,701,375,3,-358,-671,-907,-1029,-1040,-928,-723,-438,-100,229,521,744,878,918,847,688,455,188,-95,-358,-561,-706,-768,-733,-625,-453,-231,3,236,432,576,645,648,562,413,228,16,-188,-372,-505,-565,-556,-473,-322,-129,78,268,410,481,461,361,205,29,-135,-247,689,563,0,-506,-598,125,94,21,-67,-146,-200,-222,-208,-150,-67,24,119,194,242,253,227,175,102,12,-73,-156,-222,-254,-262,-244,-188,-120,-37,52,137,205,258,276,277,252,185,107,10,-86,-182,-275,-335,-362,-346,-292,-206,-92,40,181,308,397,454,462,401,295,150,-23,-191,-346,-458,-514,-516,-452,-344,-196,-12,163,322,447,518,532,492,389,243,72,-108,-273,-408,-499,-539,-507,-418,-286,-134,35,195,333,438,482,477,423,327,196,49,-107,-249,-351,-420,-443,-428,-362,-255,-129,9,142,254,348,395,408,377,303,204,95,-35,-156,-257,-333,-369,-371,-324,-259,-165,-51,62,166,245,313,333,326,281,205,125,25,-82,-171,-234,-279,-290,-275,-224,-154,-75,-1,71,131,173,199,189,181,151,111,73,26,-14,-38,-71,-98,-113,-122,-127,-130,-127,-116,-102,-73,-25,8,59,118,178,214,235,242,214,167,105,21,-77,-175,-254,-311,-338,-335,-301,-229,-127,-2,125,250,343,410,434,411,340,236,107,-46,-199,-333,-418,-462,-470,-414,-326,-196,-40,114,261,378,450,480,458,390,275,137,-3,-144,-272,-364,-412,-434,-403,-333,-246,-127,-3,109,218,295,339,360,351,312,249,172,79,-14,-112,-205,-286,-344,-371,-377,-350,-288,-192,-76,53,184,307,407,267,-10
38870,mtk,MTK 7916,2421913554,rx1-tx0,512,0,-745,-662,-701,-618,-475,-278,-50,194,429,614,749,805,779,673,494,254,-9,-281,-546,-743,-878,-913,-852,-702,-461,-167,146,449,717,907,998,997,885,663,377,34,-313,-635,-890,-1044,-1084,-1006,-835,-570,-226,145,498,788,1003,1111,1102,970,726,415,62,-296,-630,-904,-1072,-1126,-1059,-884,-608,-284,89,449,756,985,1098,1094,979,756,457,114,-232,-572,-827,-1006,-1065,-1009,-859,-609,-281,45,368,660,851,957,977,900,704,456,155,-153,-441,-674,-835,-907,-885,-766,-568,-312,-38,238,484,651,779,819,760,637,450,213,-49,-290,-505,-648,-740,-755,-686,-544,-349,-131,107,339,533,653,705,216,583,434,239,20,-201,-397,-550,-635,-653,-603,-486,-322,-126,92,273,431,549,585,573,500,352,199,11,-170,-317,-439,-509,-524,-490,-396,-261,-111,63,215,340,418,448,443,391,288,147,13,-126,-242,-319,-372,-383,-335,-270,-168,-50,42,142,221,258,269,255,214,160,81,25,-32,-86,-119,-144,-149,-157,-157,-137,-109,-78,-28,29,75,105,156,183,191,190,146,103,40,-16,-76,-133,-178,-195,-191,-180,-125,-64,4,60,120,162,181,189,169,131,69,9,-53,-113,-138,-161,-160,-136,-107,-56,-4,48,94,132,161,143,108,71,26,-30,-83,-104,-111,-98,-59,-20,-109,-439,0,928,985,-30,-126,-213,-265,-268,-198,-85,42,166,271,336,336,279,191,70,-70,-191,-290,-353,-356,-324,-249,-134,-5,130,232,310,358,352,313,225,104,-14,-137,-238,-305,-344,-340,-298,-233,-139,-21,85,184,264,305,320,310,263,191,98,-4,-123,-208,-288,-332,-350,-329,-259,-163,-56,53,166,267,322,363,347,316,244,106,-14,-119,-219,-299,-334,-342,-321,-255,-159,-52,57,159,232,300,328,311,263,213,120,16,-77,-168,-242,-286,-290,-273,-229,-165,-83,17,93,172,232,264,276,247,213,152,66,-13,-95,-172,-224,-253,-244,-226,-182,-108,-42,40,112,165,209,224,210,-584,166,101,31,-48,-96,-153,-174,-184,-180,-148,-111,-79,-15,34,79,101,111,125,128,113,96,75,51,17,-11,-44,-64,-79,-96,-111,-123,-127,-100,-84,-57,-32,-4,34,74,113,145,171,190,169,146,107,57,2,-69,-157,-226,-279,-302,-303,-278,-207,-120,-1,136,262,359,420,439,426,359,235,83,-81,-257,-398,-503,-565,-554,-480,-356,-179,15,212,397,538,630,649,594,475,296,90,-127,-338,-509,-632,-691,-666,-561,-403,-205,19,245,440,592,670,681,630,507,326,115,-103,-319,-491,-613,-667,-652,-580,-455,-274,-60,148,346,511,612,667,652,572,438,252,40,-241,237,0,-16,-355,156,381,560,694,750,737,641,477,266,20,-235,-471,-673,-806,-856,-827,-694,-486,-222,75,367,626,831,945,961,883,697,426,112,-217,-546,-802,-981,-1057,-1018,-874,-625,-304,54,403,708,960,1090,1102,996,784,500,143,-224,-574,-853,-1032,-1114,-1079,-936,-684,-353,19,377,696,930,1075,1118,1029,834,541,193,-172,-517,-809,-1006,-1086,-1069,-925,-686,-382,-31,309,614,863,997,1016,959,776,516,221,-94,-415,-677,-849,-943,-928,-820,-632,-385,-97,190,458,673,810,856,827,687,495,270,-7,-256,-475,-645,-756,-780,-730,-596,-406,-178,76,314,521,649,720,719,647,495,293,70,757,-356,-534,-644,-689,-653,-550,-384,-182,41,247,430,550,624,616,547,437,266,61,-129,-321,-452,-540,-581,-536,-444,-309,-150,24,194,342,439,487,489,434,339,200,55,-97,-242,-352,-408,-421,-399,-330,-221,-104,30,141,227,296,318,304,277,206,119,37,-48,-114,-170,-201,-200,-204,-175,-137,-92,-46,-3,46,93,123,153,172,172,149,133,100,43,-8,-72,-133,-171,-197,-193,-185,-150,-88,-16,45,101,152,181,194,191,157,99,43,-26,-87,-137,-176,-181,-176,-136,-84,-35,24,72,117,151,159,145,115,80,21,-40,-71,-106,-129,-135,-102,-53,-10,41,78,92,743,610,0,-336,139,-203,-191,-121,-20,110,228,295,310,278,197,67,-71,-195,-285,-346,-354,-303,-217,-91,44,162,271,341,363,336,262,172,51,-77,-190,-297,-349,-365,-334,-260,-167,-57,60,160,244,305,331,321,277,203,100,0,-102,-198,-273,-315,-340,-309,-252,-174,-78,23,139,246,313,345,349,319,243,141,28,-92,-187,-296,-353,-352,-333,-288,-192,-75,32,143,244,311,342,337,290,231,144,27,-86,-178,-246,-306,-314,-290,-246,-173,-80,11,93,165,230,276,284,267,223,149,74,-18,-95,-161,-229,-256,-254,-236,-191,-126,-45,36,104,180,211,233,234,205,166,104,19,-50,-674,-163,-196,-219,-212,-183,-140,-78,-29,28,89,115,148,160,152,140,101,69,34,-5,-40,-58,-80,-100,-104,-112,-99,-81,-68,-55,-33,-10,35,64,93,111,127,140,144,132,109,76,43,-16,-78,-127,-181,-214,-236,-243,-214,-166,-94,-10,81,186,276,342,381,373,319,227,100,-31,-175,-318,-431,-495,-511,-463,-357,-215,-39,152,326,477,580,614,589,490,339,138,-83,-285,-461,-584,-654,-654,-582,-440,-254,-34,189,399,553,655,696,652,539,364,142,-73,-287,-469,-603,-670,-676,-609,-474,-293,-87,130,328,504,626,675,647,571,428,245,52,-163,-354,-515,-629,-676,-952,-955
38871,mtk,MTK 7916,2421913554,rx1-tx1,512,0,0,0,-99,238,529,712,755,632,393,77,-252,-545,-725,-758,-635,-390,-64,268,550,714,731,604,356,34,-288,-538,-675,-678,-534,-286,12,310,537,645,622,454,201,-81,-365,-585,-661,-586,-403,-129,186,458,618,652,553,335,41,-260,-510,-659,-671,-546,-308,8,328,581,718,707,555,282,-44,-366,-617,-742,-718,-562,-293,38,363,611,742,724,555,284,-27,-333,-580,-703,-681,-538,-297,15,313,529,637,616,478,255,-14,-268,-457,-555,-549,-435,-224,27,247,403,476,463,351,157,-55,-224,-348,-405,-370,-256,-105,67,221,321,347,296,193,59,-92,-222,-296,-312,-260,-161,-29,0,218,273,269,217,122,5,-115,-206,-249,-228,-164,-72,30,119,172,201,184,113,28,-56,-137,-176,-162,-117,-51,30,115,174,186,154,82,-2,-94,-169,-212,-218,-177,-84,31,144,233,279,268,209,107,-21,-148,-250,-312,-321,-272,-168,-31,115,241,327,353,328,238,94,-63,-201,-306,-367,-362,-296,-179,-43,101,225,315,357,339,262,155,17,-120,-234,-302,-324,-306,-233,-127,-10,95,190,254,278,268,218,129,26,-70,-155,-220,-255,-245,-199,-136,-59,22,113,190,232,245,231,189,114,30,-52,-134,-198,-237,-247,-235,-190,-125,-49,32,104,155,186,196,186,163,0,0,0,0,0,-27,-31,-25,-13,5,28,49,66,84,89,87,76,45,9,-38,-81,-112,-123,-121,-102,-61,-7,53,103,143,161,136,87,32,-36,-94,-137,-154,-140,-88,-21,46,107,149,154,126,82,18,-66,-141,-178,-173,-127,-51,47,145,213,245,229,145,27,-100,-230,-335,-370,-335,-220,-70,112,298,428,479,467,356,163,-60,-287,-470,-572,-572,-464,-265,2,275,481,604,633,544,334,66,-217,-469,-635,-677,-597,-400,-116,187,452,632,703,633,440,160,-151,-424,-615,-697,-634,-452,-189,112,398,596,665,600,428,179,-114,-381,-563,-632,-579,-401,-142,138,385,562,615,537,0,89,-198,-443,-586,-602,-496,-280,-3,276,506,639,634,492,240,-59,-355,-583,-689,-659,-491,-213,118,431,666,765,696,481,170,-188,-528,-755,-831,-741,-498,-142,236,577,807,883,780,519,136,-281,-639,-873,-938,-816,-526,-133,287,660,899,956,821,523,115,-314,-677,-907,-957,-812,-503,-94,325,671,888,924,768,463,73,-332,-665,-854,-871,-707,-415,-42,340,641,806,802,628,332,-20,-360,-626,-750,-707,-531,-241,106,413,612,688,616,415,130,-189,-467,-628,-658,-549,-319,-27,270,510,654,648,497,243,-64,-368,-590,-687,-643,-467,-198,121,423,633,709,639,439,146,-181,0,0,0,0,0,-716,-696,-527,-247,80,402,643,755,720,538,243,-97,-423,-661,-757,-703,-512,-222,107,410,631,722,661,465,173,-148,-430,-614,-669,-586,-385,-97,207,470,623,640,524,304,7,-294,-522,-641,-632,-481,-228,73,367,583,675,625,443,169,-141,-438,-645,-719,-642,-433,-130,201,494,688,750,661,429,108,-231,-511,-693,-758,-667,-438,-130,202,494,682,736,648,436,145,-171,-444,-622,-671,-588,-393,-127,154,397,556,603,529,360,117,-137,-350,-489,-519,-446,-291,-89,122,296,406,428,367,231,47,-139,-283,-357,-354,-288,-158,-2,151,271,332,324,242,113,-34,-166,-263,-305,0,-189,-67,58,168,243,262,224,141,43,-64,-161,-218,-224,-182,-102,-12,75,147,188,179,125,39,-46,-115,-165,-175,-133,-64,15,97,166,200,184,129,29,-74,-165,-232,-250,-214,-139,-29,87,191,271,306,273,185,61,-76,-208,-314,-350,-326,-244,-116,35,172,289,356,361,314,205,60,-95,-229,-322,-364,-358,-292,-171,-15,122,231,305,342,317,234,120,3,-112,-215,-274,-291,-275,-219,-129,-21,96,181,228,260,258,205,125,45,-46,-139,-201,-235,-243,-220,-158,-85,-5,85,165,214,244,245,212,158,79,-12,-98,-169,-217,-236,-236,-217,-171,-114,-56,1,58,0,0,0,0,0,-8,-27,-42,-51,-60,-70,-64,-46,-25,5,39,72,104,121,115,85,44,-1,-50,-91,-117,-137,-132,-101,-54,3,66,122,145,147,117,68,0,-70,-128,-156,-156,-115,-56,18,86,137,162,155,101,22,-62,-147,-200,-201,-160,-96,14,146,250,302,308,249,138,-13,-185,-337,-428,-434,-354,-211,-7,196,372,497,548,484,331,106,-156,-389,-551,-623,-582,-428,-181,108,364,565,666,634,480,241,-52,-332,-555,-676,-673,-537,-290,5,294,544,684,689,560,315,18,-272,-517,-657,-662,-549,-329,-40,258,495,633,645,531,295,7,-272,-492,-609,-600,-480,-253,27,294,0,610,582,429,186,-99,-366,-558,-636,-583,-400,-127,176,439,617,676,586,364,63,-255,-521,-683,-710,-598,-354,-27,316,602,762,767,621,343,-17,-384,-683,-842,-831,-653,-342,46,446,754,907,875,674,328,-82,-485,-789,-939,-907,-697,-338,90,496,801,959,919,689,318,-102,-499,-807,-940,-884,-657,-301,117,511,793,913,845,604,251,-147,-522,-782,-866,-780,-540,-196,177,503,722,787,683,439,112,-231,-517,-686,-701,-579,-333,-13,295,533,665,653,491,223,-88,-377,-589,-674,-604,-411,-131,171,441,633,685,586,361,62,-243,-505,-679,-703,-573,-326,-13,307,563,694,683,0,0
38872,mtk,MTK 7916,2421913554,rx2-tx0,512,0,0,0,1041,1019,783,380,-108,-573,-918,-1059,-985,-713,-288,205,644,939,1036,918,604,166,-296,-698,-949,-994,-815,-462,-26,411,761,947,923,696,314,-134,-549,-841,-946,-842,-556,-147,299,673,905,944,774,431,-8,-446,-789,-959,-926,-692,-307,144,564,865,973,870,583,172,-272,-659,-893,-922,-754,-428,-3,420,747,902,857,620,243,-189,-582,-853,-932,-797,-483,-59,386,755,967,965,744,360,-105,-562,-906,-1061,-988,-700,-264,235,698,1019,1125,999,665,194,-317,-766,-1061,-1136,-973,-609,-124,387,818,1078,1111,921,541,55,-434,-833,-1056,-1059,-830,-435,39,502,847,1007,957,704,307,0,-549,-849,-957,-859,-577,-164,280,656,890,923,752,423,2,-425,-763,-941,-913,-687,-308,144,573,877,999,901,614,186,-295,-725,-1005,-1081,-933,-584,-112,399,845,1121,1166,978,581,59,-481,-942,-1211,-1227,-1001,-581,-34,530,988,1256,1268,1021,567,0,-571,-1027,-1279,-1270,-1012,-549,26,593,1045,1301,1288,1020,557,-15,-587,-1045,-1297,-1304,-1067,-616,-41,528,977,1249,1293,1088,684,174,-363,-826,-1117,-1190,-1051,-730,-290,190,611,900,1014,934,683,334,-52,-411,-677,-809,-781,-609,-337,-24,272,498,621,626,518,324,84,-156,-354,-483,-519,-465,-347,-185,-6,158,282,356,367,329,260,0,0,0,0,0,-261,-323,-349,-333,-267,-156,-9,157,311,426,478,463,381,229,38,-161,-341,-465,-510,-469,-335,-143,79,289,443,512,496,388,193,-41,-260,-430,-519,-502,-385,-192,40,260,426,508,478,349,144,-95,-307,-453,-507,-446,-282,-56,191,410,542,562,461,248,-35,-320,-551,-671,-658,-505,-239,93,405,652,789,767,576,266,-97,-449,-722,-848,-807,-610,-283,113,483,758,883,827,603,255,-150,-527,-798,-907,-827,-584,-216,203,581,837,922,820,548,159,-267,-635,-879,-940,-811,-515,-114,320,685,905,944,793,474,57,-373,-722,-914,-928,-749,-412,4,405,733,910,885,675,334,0,-474,-767,-897,-833,-588,-215,199,570,828,902,775,483,87,-334,-687,-894,-909,-724,-383,52,476,802,964,923,681,292,-173,-602,-903,-1016,-925,-629,-183,299,718,995,1065,904,550,82,-410,-823,-1059,-1067,-851,-452,48,539,915,1095,1042,768,328,-189,-663,-998,-1117,-1000,-669,-189,343,806,1094,1154,965,568,39,-499,-932,-1166,-1160,-906,-458,89,625,1028,1211,1143,833,343,-218,-732,-1094,-1225,-1098,-743,-230,330,815,1134,1212,1031,634,108,-435,-890,-1159,-1182,-950,-522,11,533,941,1149,1115,854,416,-110,-610,-978,-1142,-1056,-746,-288,219,682,999,1097,958,623,162,-330,-760,-1012,-1042,0,0,0,0,0,-187,296,723,990,1054,894,550,87,-397,-800,-1023,-1030,-830,-456,15,476,833,1012,970,720,330,-129,-558,-865,-979,-884,-598,-180,271,660,896,937,769,434,12,-417,-763,-934,-896,-662,-282,162,575,862,967,861,567,149,-297,-685,-929,-967,-799,-462,-27,411,762,939,910,683,309,-125,-524,-809,-917,-818,-529,-130,300,657,872,891,705,359,-75,-500,-812,-943,-864,-599,-194,264,676,946,1021,865,518,59,-420,-825,-1064,-1082,-870,-474,26,529,923,1123,1098,851,426,-91,-585,-957,-1137,-1072,-790,-352,156,626,965,1104,1009,706,261,-234,-672,-964,-1053,-915,-586,-140,323,710,939,0,784,448,15,-423,-764,-936,-899,-667,-299,136,545,835,939,841,561,157,-287,-679,-921,-963,-801,-464,-17,446,820,1016,1003,779,385,-107,-586,-949,-1122,-1071,-788,-340,189,698,1066,1222,1129,806,306,-257,-765,-1125,-1268,-1157,-810,-298,281,807,1173,1304,1173,807,277,-307,-831,-1192,-1323,-1181,-806,-270,321,854,1213,1332,1195,830,301,-279,-804,-1176,-1329,-1226,-883,-383,173,690,1076,1254,1192,913,484,-18,-499,-879,-1087,-1078,-874,-527,-95,326,663,863,899,769,509,172,-179,-474,-662,-723,-642,-452,-190,83,326,499,577,546,418,229,16,-186,-343,-436,-459,-412,-308,-175,-38,78,169,0,0,0,0,0,138,47,-62,-185,-305,-396,-440,-425,-346,-215,-44,151,327,451,507,481,373,201,-8,-221,-399,-502,-509,-429,-269,-51,171,359,488,524,455,293,75,-156,-350,-478,-519,-450,-279,-56,171,373,494,503,398,211,-20,-252,-431,-526,-501,-357,-127,137,379,557,621,555,361,85,-224,-503,-692,-743,-641,-410,-84,277,584,778,825,708,445,94,-283,-616,-825,-866,-729,-446,-67,326,660,856,883,729,420,26,-373,-702,-890,-893,-712,-385,20,427,753,920,895,693,349,-74,-483,-793,-945,-906,-678,-306,122,528,827,952,879,632,256,-172,-565,-839,-938,-840,-561,-169,249,611,847,0,762,471,78,-339,-678,-864,-873,-688,-350,62,462,767,907,851,609,232,-195,-585,-861,-948,-832,-536,-114,338,721,957,992,812,459,6,-452,-826,-1030,-1006,-774,-382,105,578,924,1077,1006,722,280,-226,-685,-996,-1098,-963,-622,-145,368,805,1061,1090,889,495,-5,-515,-918,-1125,-1089,-823,-376,160,662,1033,1180,1069,732,239,-311,-798,-1117,-1204,-1038,-652,-126,426,890,1171,1209,992,558,9,-538,-973,-1203,-1180,-908,-445,106,635,1032,1211,1124,807,329,-221,-719,-1061,-1179,-1048,-698,-207,324,789,1089,1155,975,597,96,-420,-841,-1080,-1088,-865,-474,18,511,885,1065,1021,757,330,-158,0,0
38873,mtk,MTK 7916,2421913554,rx2-tx1,512,0,0,0,-564,-636,-574,-399,-143,136,379,536,591,535,362,109,-148,-363,-518,-559,-482,-314,-90,146,350,480,501,421,270,77,-134,-309,-411,-427,-360,-224,-51,125,262,346,359,297,178,34,-104,-218,-263,-247,-197,-112,-5,85,134,148,135,100,44,-11,-47,-48,-27,-6,23,46,43,7,-37,-89,-140,-164,-145,-87,-1,108,211,273,284,244,153,3,-159,-305,-389,-405,-343,-202,2,218,390,488,503,422,243,8,-233,-434,-568,-585,-478,-276,-12,255,474,608,615,498,283,0,-283,-507,-635,-643,-528,-294,2,303,538,665,663,529,279,-29,-339,-574,-686,-668,-518,-259,47,0,576,686,660,504,234,-81,-362,-576,-684,-637,-456,-193,112,395,584,649,592,410,139,-166,-437,-606,-639,-542,-338,-58,256,513,654,658,521,268,-41,-352,-605,-730,-691,-505,-202,150,469,710,810,741,519,188,-194,-539,-795,-891,-812,-569,-205,219,610,882,986,889,617,213,-241,-650,-937,-1042,-959,-692,-288,175,615,946,1093,1023,769,369,-99,-561,-920,-1092,-1055,-844,-479,-19,443,810,1031,1059,895,574,171,-260,-635,-883,-960,-862,-617,-278,97,446,695,813,782,608,343,40,-263,-514,-662,-681,-595,-412,-166,101,330,499,573,559,468,319,135,-44,-196,-306,-360,-361,-325,0,0,0,0,0,218,252,265,253,207,126,14,-110,-219,-305,-358,-355,-301,-208,-77,75,216,316,366,363,305,186,33,-120,-261,-355,-383,-341,-248,-115,40,192,311,371,369,294,166,19,-128,-261,-330,-336,-285,-190,-50,93,213,281,283,251,186,75,-47,-146,-219,-254,-224,-151,-66,20,105,171,195,188,147,80,4,-62,-101,-110,-97,-72,-39,-16,-2,16,12,6,5,-4,-10,9,45,82,110,124,102,51,-10,-78,-146,-197,-224,-208,-146,-48,62,165,239,282,275,204,93,-38,-165,-264,-321,-313,-244,-122,22,160,268,327,316,250,134,-15,-161,-261,-319,-307,-232,-111,27,0,274,310,282,190,61,-90,-220,-294,-302,-250,-147,-7,150,282,344,328,247,111,-59,-225,-349,-409,-382,-262,-76,118,298,422,465,406,260,55,-167,-358,-485,-513,-438,-275,-47,204,416,533,551,451,260,15,-229,-445,-567,-572,-453,-240,18,272,465,566,555,421,184,-92,-340,-515,-589,-538,-368,-119,158,411,572,614,530,325,45,-252,-497,-641,-648,-531,-294,9,308,552,687,687,543,280,-44,-363,-607,-724,-700,-533,-254,77,408,658,774,739,551,253,-103,-441,-680,-790,-747,-555,-257,95,429,672,785,747,559,267,-71,-384,-627,-737,-693,-517,-243,72,367,575,668,0,0,0,0,0,303,20,-260,-477,-604,-604,-478,-254,15,282,471,562,558,448,234,-20,-263,-441,-529,-514,-395,-208,18,241,406,470,442,329,156,-37,-211,-336,-392,-371,-275,-129,44,191,279,309,276,189,84,-37,-142,-199,-207,-169,-106,-30,38,79,95,86,62,32,-11,-37,-28,5,41,67,75,75,41,-29,-109,-177,-217,-216,-163,-57,76,201,297,344,325,234,82,-101,-281,-417,-469,-430,-303,-109,119,332,489,560,519,363,134,-115,-359,-546,-624,-571,-401,-153,122,381,571,650,598,425,155,-146,-402,-589,-672,-611,-423,-152,156,438,624,681,603,401,114,-192,-462,-643,-698,0,-403,-100,212,479,655,691,586,362,73,-231,-494,-644,-659,-542,-313,-17,286,527,653,640,502,250,-60,-353,-567,-660,-609,-429,-150,168,449,641,695,605,382,77,-257,-547,-723,-758,-634,-374,-19,345,649,831,839,676,384,-7,-415,-745,-926,-920,-733,-404,11,446,806,1003,1003,817,470,25,-437,-816,-1035,-1055,-879,-527,-73,395,789,1038,1111,960,620,172,-291,-710,-1005,-1101,-997,-728,-326,138,555,853,1003,967,756,418,24,-362,-670,-849,-872,-742,-489,-151,200,494,688,753,687,498,234,-54,-313,-515,-632,-630,-522,-352,-145,80,279,429,499,485,418,309,173,43,-65,0,0,0,0,0,-93,-23,55,142,235,312,341,329,282,186,68,-66,-198,-303,-359,-363,-307,-204,-68,87,235,340,384,363,283,153,-8,-162,-285,-361,-375,-317,-207,-70,86,226,323,350,327,245,113,-35,-167,-271,-317,-309,-251,-146,-9,119,216,271,270,218,131,27,-81,-165,-201,-210,-183,-113,-31,42,110,159,159,124,79,28,-15,-41,-63,-68,-45,-23,-15,-5,-11,-22,-39,-61,-64,-51,-18,36,81,137,175,163,126,70,-25,-124,-199,-242,-249,-209,-125,-13,105,209,285,307,269,173,44,-95,-216,-303,-328,-289,-189,-58,81,209,306,332,290,184,43,-99,-217,-289,-300,0,-153,-22,118,238,297,293,228,103,-53,-195,-291,-326,-294,-202,-59,102,248,342,365,312,185,8,-192,-343,-428,-426,-334,-171,31,229,391,482,475,356,159,-70,-289,-457,-539,-512,-381,-164,82,310,493,573,525,371,145,-126,-362,-528,-570,-497,-322,-80,181,409,550,570,469,267,9,-253,-468,-588,-587,-453,-208,75,351,556,645,595,423,163,-137,-425,-617,-692,-629,-436,-138,195,477,667,731,648,417,105,-225,-519,-708,-759,-653,-410,-75,270,553,736,775,661,410,77,-273,-571,-754,-787,-663,-411,-89,252,550,736,757,631,398,97,-233,-513,-674,-699,-590,-366,-77,0,0
38874,mtk,MTK 7916,2421983518,rx0-tx0,512,-349,-207,-443,-135,-272,-392,-486,-543,-553,-519,-445,-334,-194,-25,141,292,442,549,599,602,568,488,352,188,13,-164,-337,-482,-588,-639,-633,-586,-479,-337,-165,15,197,356,485,574,614,604,532,433,301,144,-9,-162,-308,-414,-481,-514,-503,-462,-390,-283,-170,-47,71,186,274,345,389,412,423,394,355,287,198,108,-9,-122,-226,-329,-413,-473,-499,-496,-452,-368,-246,-101,60,222,367,493,576,620,609,546,435,278,98,-84,-265,-433,-560,-635,-663,-630,-531,-392,-217,-33,162,335,475,571,614,602,532,425,280,116,-52,-192,-321,-424,-477,-489,-454,-393,-297,-188,-72,51,149,231,-511,327,332,308,267,208,150,88,6,-61,-109,-151,-177,-190,-194,-189,-176,-165,-136,-94,-58,-32,3,47,84,119,144,178,191,207,210,196,173,134,60,-13,-83,-160,-219,-278,-311,-305,-301,-256,-190,-118,-18,87,182,273,341,378,389,372,310,230,135,23,-97,-211,-305,-381,-421,-420,-402,-343,-239,-122,-2,120,233,323,387,430,428,397,328,227,111,-7,-117,-233,-324,-384,-423,-420,-374,-296,-198,-96,21,147,257,333,390,401,382,333,250,146,36,-77,-189,-280,-350,-375,-360,-319,-246,-154,-43,74,173,266,320,333,310,259,164,54,-59,-156,-220,-246,-226,-178,512,287,1179,-1044,-1191,-165,-225,-251,-223,-151,-48,64,176,268,318,327,295,231,130,18,-93,-197,-289,-340,-357,-348,-294,-203,-93,21,133,236,314,370,385,358,295,215,104,-16,-126,-230,-309,-354,-367,-340,-290,-223,-131,-30,65,154,234,288,316,320,284,240,185,102,16,-71,-143,-221,-269,-291,-291,-272,-234,-184,-100,-30,38,118,177,230,264,269,258,222,181,120,37,-34,-96,-157,-219,-247,-263,-259,-238,-204,-148,-75,-12,63,133,203,255,278,277,261,236,184,106,31,-58,-144,-221,-273,-307,-319,-304,-269,-195,-109,-14,80,178,257,311,348,348,319,267,191,95,0,-100,-204,-330,-326,-349,-338,-310,-257,-181,-97,-5,109,199,275,325,341,347,316,268,187,88,-10,-104,-202,-264,-326,-362,-356,-342,-283,-216,-128,-31,74,168,264,331,390,414,389,346,270,166,61,-66,-180,-285,-386,-458,-482,-468,-411,-329,-214,-69,67,213,342,444,511,536,518,452,351,211,59,-100,-260,-402,-506,-576,-599,-566,-487,-361,-198,-24,152,313,456,564,616,626,573,458,308,149,-30,-214,-374,-499,-569,-596,-576,-515,-408,-258,-93,62,212,354,447,507,523,508,447,353,233,101,-32,-156,-266,-358,-419,-459,-460,-424,-363,-274,-179,-65,66,185,297,383,437,469,473,-139,-494,-729,-831,-737,-496,-446,-360,-247,-106,51,205,350,468,553,592,574,524,427,275,110,-59,-224,-388,-526,-604,-638,-619,-550,-429,-272,-84,96,276,434,550,617,635,602,515,389,233,59,-122,-278,-404,-511,-567,-571,-543,-462,-345,-216,-76,67,194,312,392,441,459,449,409,343,264,165,70,-44,-146,-234,-316,-376,-420,-453,-441,-404,-336,-242,-122,-2,139,279,402,496,554,576,545,473,349,198,28,-155,-323,-470,-580,-631,-637,-593,-493,-342,-168,18,217,393,528,614,655,634,551,416,251,75,-101,-265,-405,-505,-554,-549,-500,-422,-298,-154,-12,123,242,336,384,408,396,351,290,1105,115,22,-66,-142,-202,-231,-263,-263,-233,-206,-167,-125,-80,-27,18,58,89,124,146,152,160,177,176,166,142,118,77,28,-16,-71,-123,-171,-222,-255,-258,-261,-239,-195,-135,-42,38,125,224,286,339,361,350,318,258,170,61,-41,-149,-251,-330,-390,-417,-400,-351,-280,-188,-71,38,152,266,357,404,426,416,371,291,194,67,-57,-176,-281,-363,-414,-426,-414,-365,-275,-173,-51,78,197,296,355,401,417,399,330,239,125,3,-110,-220,-310,-366,-390,-377,-333,-260,-161,-41,73,177,264,326,358,346,306,232,127,8,-100,-199,-273,-299,-291,-236,-152,-50,45,118,-687,-807,1145,-658,-318,-127,-54,46,154,240,289,295,262,182,77,-45,-158,-255,-322,-342,-331,-292,-213,-106,6,119,227,304,349,367,344,288,200,91,-30,-142,-238,-311,-365,-374,-353,-296,-210,-109,4,112,198,273,325,339,328,295,232,152,57,-37,-125,-190,-250,-293,-311,-290,-259,-206,-132,-52,24,100,167,227,269,278,276,250,202,145,73,-5,-81,-149,-201,-247,-264,-257,-242,-216,-158,-85,-15,54,112,175,226,251,258,259,238,206,145,68,-14,-85,-163,-232,-274,-300,-307,-279,-230,-160,-77,15,107,196,267,312,333,329,299,227,145,51,-54,-142,-226,-294,-332,-342,-335,-292,826,-144,-36,62,156,245,306,340,361,343,292,219,121,33,-59,-149,-235,-306,-346,-349,-336,-298,-231,-160,-50,41,136,218,292,350,374,369,341,284,209,116,-8,-122,-235,-337,-395,-431,-437,-403,-348,-252,-133,0,131,257,369,458,505,505,474,396,285,147,-5,-164,-308,-437,-523,-560,-569,-518,-418,-283,-131,38,211,362,497,583,618,604,528,421,266,95,-86,-277,-431,-530,-592,-615,-582,-492,-360,-199,-29,137,296,433,526,568,559,522,424,295,157,15,-124,-255,-357,-436,-474,-480,-452,-392,-304,-196,-80,48,166,276,357,414,458,452,421,360,269,159,34,-101,-1235,-1131
38875,mtk,MTK 7916,2421983518,rx0-tx1,512,87,760,795,211,35,-144,-321,-488,-617,-709,-746,-721,-641,-510,-328,-121,102,324,531,699,808,862,848,776,633,431,200,-49,-308,-547,-746,-889,-964,-974,-905,-762,-561,-305,-25,261,533,763,932,1027,1057,1008,869,667,410,126,-178,-466,-717,-916,-1046,-1100,-1076,-975,-799,-559,-272,32,341,616,854,1043,1147,1164,1093,942,714,427,107,-226,-540,-817,-1036,-1177,-1227,-1176,-1032,-806,-512,-194,145,477,768,991,1130,1190,1156,1034,843,576,267,-45,-352,-628,-855,-1017,-1101,-1097,-1007,-862,-645,-383,-100,194,469,700,883,1001,1039,999,888,716,484,225,-37,-300,-547,-743,-883,-956,-963,-907,-777,-595,-689,-122,135,374,596,778,899,954,944,863,726,537,297,41,-221,-479,-701,-875,-990,-1026,-985,-881,-694,-458,-178,119,418,693,911,1061,1132,1104,998,815,553,246,-80,-411,-712,-957,-1136,-1214,-1200,-1085,-873,-597,-274,83,441,755,1001,1170,1241,1208,1082,858,553,210,-144,-488,-788,-1016,-1158,-1197,-1133,-979,-746,-456,-135,211,515,763,952,1056,1064,989,826,607,333,37,-252,-496,-699,-842,-897,-880,-792,-641,-441,-207,24,240,441,592,678,714,696,611,476,313,126,-59,-243,-397,-514,-576,-588,-549,-464,-332,-170,-2,168,321,434,494,497,445,333,185,23,-133,-255,-325,-333,-285,346,523,0,-324,-48,119,168,187,174,128,58,-31,-113,-183,-230,-251,-241,-202,-140,-62,24,99,163,223,254,263,256,221,164,93,22,-58,-140,-204,-255,-292,-311,-304,-266,-210,-130,-37,65,168,259,327,379,411,395,338,266,156,22,-117,-249,-355,-448,-493,-501,-460,-382,-265,-121,34,183,329,444,515,552,527,465,366,231,73,-86,-242,-374,-476,-532,-541,-510,-441,-333,-195,-49,98,241,358,448,495,501,467,396,310,189,50,-91,-214,-317,-405,-448,-470,-450,-388,-306,-194,-67,48,167,278,357,403,424,412,374,299,204,104,-22,-127,-219,-299,-352,-385,-375,-337,-276,-195,-104,-9,-130,159,230,279,300,308,285,243,192,136,61,-14,-84,-141,-180,-215,-221,-222,-216,-192,-157,-131,-74,-23,27,67,98,133,155,178,182,185,184,174,145,123,81,27,-19,-84,-152,-198,-237,-264,-277,-275,-259,-218,-154,-74,11,101,194,264,329,371,382,372,329,261,171,66,-55,-179,-291,-385,-450,-474,-474,-440,-362,-253,-124,22,168,297,409,492,532,530,488,410,297,155,10,-131,-273,-385,-468,-511,-514,-484,-416,-319,-202,-71,62,178,284,370,422,450,449,408,346,265,173,73,-32,-133,-216,-298,-360,-405,-434,-429,-399,-353,-280,-176,-62,70,210,325,434,513,-519,-583,504,197,-33,-602,-652,-655,-613,-509,-360,-177,26,235,424,593,724,792,807,760,650,482,271,36,-203,-435,-640,-795,-890,-926,-895,-781,-608,-380,-126,140,413,649,841,971,1025,1006,902,723,485,208,-77,-372,-636,-848,-997,-1072,-1072,-985,-835,-612,-345,-49,247,532,785,978,1094,1132,1085,954,766,507,199,-115,-425,-711,-952,-1123,-1205,-1185,-1081,-895,-640,-331,7,349,666,931,1113,1206,1212,1121,941,686,392,69,-264,-565,-825,-1022,-1119,-1139,-1078,-943,-734,-474,-181,129,407,657,866,1002,1070,1053,951,786,569,306,22,-258,-510,-730,-891,-974,-994,-952,-828,-642,-419,-166,88,344,569,752,261,957,948,874,746,563,336,85,-174,-421,-633,-812,-930,-978,-959,-873,-715,-513,-259,24,298,558,786,955,1052,1073,1013,867,643,371,59,-258,-552,-822,-1029,-1150,-1179,-1120,-962,-735,-439,-95,251,591,875,1084,1213,1242,1164,988,734,426,72,-280,-609,-899,-1104,-1213,-1218,-1125,-934,-673,-348,2,347,653,901,1069,1150,1127,996,799,546,236,-78,-386,-640,-830,-953,-989,-939,-811,-627,-391,-128,126,364,565,713,787,788,741,632,465,272,72,-133,-329,-481,-593,-651,-646,-592,-481,-334,-162,12,185,337,459,527,545,513,424,292,130,-40,-204,-340,-417,-436,-396,-302,-168,-23,103,689,563,0,-506,-598,97,45,-28,-106,-171,-218,-229,-203,-151,-81,-1,84,159,216,250,257,241,206,148,68,-6,-81,-157,-218,-254,-272,-275,-250,-206,-147,-72,16,109,189,262,315,347,350,324,272,193,104,-14,-144,-249,-340,-419,-458,-459,-412,-332,-214,-70,81,228,357,459,516,527,495,429,312,174,12,-151,-291,-413,-502,-544,-541,-494,-409,-286,-135,23,173,311,421,493,525,517,463,368,248,113,-27,-167,-286,-388,-463,-493,-481,-427,-353,-248,-127,-5,125,241,334,410,437,435,415,348,254,140,21,-96,-201,-293,-350,-396,-411,-377,-330,-247,-152,-46,60,152,234,294,332,346,245,295,236,158,82,8,-74,-144,-194,-243,-266,-262,-245,-208,-169,-111,-51,-2,55,111,148,174,196,195,195,174,164,134,104,71,24,-13,-58,-103,-134,-167,-200,-212,-224,-234,-205,-162,-113,-53,15,87,156,228,278,312,332,331,302,246,176,80,-27,-134,-236,-323,-390,-430,-445,-413,-354,-265,-143,-19,107,239,355,441,497,517,494,432,339,216,74,-74,-219,-350,-458,-517,-533,-520,-464,-365,-245,-101,43,179,301,400,460,488,475,435,372,276,171,59,-60,-166,-261,-334,-382,-410,-417,-391,-352,-293,-211,-124,-19,90,187,280,372,441,482,500,475,415,328,194,267,-10
38876,mtk,MTK 7916,2421983518,rx1-tx0,512,0,-745,-662,107,292,470,623,726,773,758,689,566,400,190,-44,-276,-497,-684,-812,-876,-886,-819,-681,-494,-253,5,268,512,718,882,970,975,910,767,548,287,1,-272,-530,-771,-932,-1021,-1028,-953,-813,-595,-340,-60,236,517,743,927,1038,1052,1003,860,659,406,104,-190,-474,-724,-922,-1040,-1083,-1039,-901,-705,-454,-149,161,460,719,915,1041,1077,1029,907,705,453,170,-131,-416,-668,-867,-981,-1033,-997,-875,-687,-442,-166,108,371,609,796,901,934,899,792,618,402,160,-83,-309,-516,-675,-776,-826,-799,-705,-578,-392,-198,9,221,405,570,665,713,716,659,549,406,229,34,-154,-332,216,-592,-671,-674,-634,-540,-403,-244,-60,125,296,442,554,623,632,603,521,383,223,50,-113,-266,-412,-519,-570,-578,-543,-454,-339,-190,-32,115,267,393,469,513,514,456,383,277,131,-2,-132,-254,-341,-398,-411,-400,-358,-279,-192,-89,24,117,193,257,291,301,285,246,208,144,77,9,-52,-92,-132,-167,-184,-187,-194,-155,-124,-105,-63,-21,15,63,106,140,165,169,176,173,136,86,48,2,-45,-87,-122,-153,-167,-166,-144,-118,-86,-47,1,47,82,117,134,148,138,119,99,66,28,-23,-65,-99,-122,-134,-141,-115,-81,-51,-3,46,86,113,118,100,68,38,-109,-439,0,928,985,-64,-141,-197,-220,-210,-165,-83,14,105,192,244,265,252,215,150,69,-18,-109,-178,-221,-261,-275,-249,-198,-131,-64,17,94,153,199,225,225,218,200,154,109,64,3,-64,-112,-155,-200,-226,-245,-238,-221,-185,-123,-46,29,104,181,248,300,332,315,281,230,160,55,-52,-157,-254,-320,-358,-366,-345,-288,-208,-115,-13,97,189,256,310,347,351,329,267,195,115,18,-73,-172,-238,-278,-325,-330,-304,-259,-204,-125,-37,50,136,211,271,306,317,312,280,224,149,66,-29,-113,-187,-252,-305,-313,-302,-268,-216,-154,-76,15,92,161,222,265,281,275,248,200,149,-584,9,-54,-110,-149,-193,-217,-229,-214,-185,-160,-103,-51,-26,30,79,107,143,172,185,180,169,147,115,97,74,22,-33,-69,-119,-157,-168,-205,-213,-213,-188,-162,-130,-92,-42,22,98,165,217,237,271,305,293,251,191,136,48,-59,-165,-253,-336,-423,-458,-440,-395,-324,-232,-112,28,174,299,419,502,546,549,509,422,308,152,-19,-191,-346,-477,-581,-630,-631,-593,-501,-356,-196,-24,170,352,510,623,675,688,637,546,407,232,29,-168,-341,-498,-624,-688,-702,-655,-556,-418,-254,-64,129,304,447,568,651,673,650,581,458,312,137,-53,-223,-384,-524,-614,-669,-684,-241,237,0,-16,-355,712,669,577,438,253,39,-185,-389,-560,-701,-803,-841,-807,-710,-547,-338,-107,136,385,601,783,902,942,909,798,635,416,147,-134,-397,-644,-841,-971,-1022,-982,-883,-701,-452,-174,116,401,661,863,989,1049,1031,917,735,507,220,-71,-359,-624,-827,-994,-1064,-1054,-966,-798,-565,-280,16,325,599,823,999,1084,1080,989,820,582,303,4,-290,-564,-796,-957,-1043,-1044,-957,-799,-574,-314,-36,255,515,735,899,974,970,894,744,530,279,23,-233,-477,-674,-806,-871,-856,-797,-679,-503,-296,-66,171,368,542,676,743,768,725,634,483,296,105,-90,-284,-447,-580,-669,-694,-670,-601,757,-335,-148,51,223,393,518,611,657,636,573,462,313,137,-44,-207,-360,-488,-574,-608,-595,-537,-432,-290,-123,36,206,347,454,522,545,531,477,361,233,88,-65,-208,-320,-417,-471,-467,-443,-380,-287,-169,-46,69,180,271,328,368,363,317,261,189,106,30,-55,-119,-167,-212,-228,-244,-219,-184,-145,-102,-58,-28,29,85,106,146,174,175,171,161,139,106,58,8,-26,-75,-123,-142,-161,-171,-166,-141,-104,-69,-22,27,67,100,119,140,156,147,130,94,55,15,-39,-71,-103,-126,-139,-141,-123,-95,-60,-23,24,74,97,120,136,125,93,53,1,-46,-73,-87,743,610,0,-336,139,-161,-140,-72,12,100,181,237,252,237,188,106,18,-73,-151,-214,-251,-264,-245,-192,-130,-69,18,105,176,224,248,252,227,186,136,72,8,-52,-114,-162,-187,-212,-223,-209,-183,-158,-115,-67,-1,58,121,186,239,269,274,268,235,182,111,22,-82,-168,-242,-310,-347,-357,-336,-270,-184,-84,18,130,233,302,343,364,354,309,240,166,70,-31,-132,-225,-281,-325,-335,-326,-292,-223,-162,-78,21,112,182,251,303,318,318,294,255,187,101,6,-83,-159,-228,-279,-312,-317,-294,-255,-202,-119,-26,60,143,213,260,291,294,270,236,184,111,36,-38,-109,-161,-207,-674,-261,-246,-211,-165,-116,-61,1,67,111,146,185,172,180,179,156,130,113,76,29,-6,-51,-100,-130,-151,-177,-199,-196,-186,-166,-116,-93,-55,-2,53,106,150,187,220,238,246,246,217,161,107,57,-23,-124,-203,-251,-298,-350,-360,-338,-293,-241,-156,-16,112,233,328,409,473,510,492,433,333,203,57,-98,-253,-389,-503,-579,-608,-583,-510,-403,-261,-85,86,264,430,549,615,654,646,582,471,306,121,-77,-271,-432,-573,-661,-698,-670,-602,-494,-333,-149,44,240,415,549,646,692,681,612,503,366,193,6,-173,-350,-494,-596,-663,-676,-640,-566,-441,-285,-123,62,-952,-955
38877,mtk,MTK 7916,2421983518,rx1-tx1,512,0,0,0,-888,-837,-586,-186,264,648,875,889,685,312,-138,-560,-837,-907,-758,-428,4,433,748,883,792,506,100,-326,-654,-813,-770,-530,-158,252,586,762,736,530,185,-210,-549,-743,-739,-539,-203,184,526,729,747,563,228,-165,-527,-762,-792,-612,-281,125,505,761,833,685,370,-34,-440,-743,-853,-747,-461,-59,364,698,856,797,543,164,-251,-604,-794,-791,-603,-260,139,494,715,753,609,321,-39,-386,-622,-706,-604,-354,-30,291,537,639,567,353,63,-234,-468,-578,-533,-355,-88,189,409,517,501,360,121,-145,-360,-480,-472,-341,-127,114,317,440,438,313,121,-100,-303,-416,-415,0,-115,96,282,400,408,302,116,-97,-292,-410,-420,-322,-139,88,297,428,440,342,161,-68,-288,-432,-479,-398,-216,33,278,457,519,462,282,29,-231,-450,-563,-534,-377,-128,168,421,572,590,468,234,-51,-336,-545,-626,-558,-364,-82,214,465,609,613,474,231,-55,-328,-537,-620,-549,-362,-109,164,400,535,548,440,248,15,-217,-390,-467,-448,-330,-156,31,201,322,363,326,219,77,-57,-175,-252,-260,-217,-145,-55,35,106,154,161,136,99,63,20,-20,-45,-60,-72,-78,-73,-67,-60,-42,-20,6,44,82,109,127,130,107,68,20,-35,-86,-128,-149,-142,-122,-93,0,0,0,0,0,68,68,61,45,16,-24,-63,-89,-96,-85,-53,-5,51,95,121,121,89,37,-26,-90,-134,-150,-134,-82,0,85,145,173,166,126,47,-45,-137,-191,-198,-165,-91,13,110,183,207,181,122,38,-72,-162,-208,-205,-143,-50,52,143,196,195,137,33,-73,-163,-219,-215,-142,-29,92,196,246,240,169,42,-108,-243,-314,-303,-216,-74,107,272,370,374,294,133,-72,-271,-405,-454,-390,-235,-3,239,417,501,478,327,95,-160,-391,-537,-553,-431,-213,66,328,515,581,510,315,43,-238,-459,-563,-538,-383,-138,141,379,530,543,415,184,-86,-336,-496,-527,-423,-215,46,0,475,516,420,209,-65,-315,-497,-547,-451,-229,50,325,534,612,526,304,-17,-333,-567,-679,-619,-404,-77,282,578,729,684,464,143,-229,-565,-752,-755,-575,-235,165,536,784,844,681,334,-87,-482,-777,-887,-770,-459,-42,398,745,917,856,576,146,-323,-709,-921,-904,-668,-266,200,619,881,930,741,366,-95,-534,-834,-933,-797,-461,-10,434,760,897,805,510,96,-332,-675,-842,-791,-539,-166,252,599,783,751,527,182,-203,-542,-736,-727,-532,-204,186,524,721,721,539,211,-171,-517,-730,-761,-586,-260,137,508,748,795,644,324,-84,-475,-740,-821,-693,-398,4,416,728,846,0,0,0,0,0,118,-325,-687,-887,-874,-640,-245,208,604,858,911,733,369,-78,-493,-794,-898,-784,-478,-53,379,706,855,786,529,146,-275,-621,-790,-755,-526,-172,227,566,753,734,529,191,-198,-541,-740,-736,-546,-217,173,529,750,771,593,251,-153,-519,-759,-807,-650,-321,95,486,750,844,728,424,9,-406,-713,-849,-776,-503,-100,322,658,834,809,578,217,-191,-548,-757,-783,-615,-298,82,432,665,726,611,346,-4,-336,-579,-671,-592,-362,-51,263,500,603,551,362,86,-208,-439,-556,-524,-352,-100,167,385,499,485,349,121,-135,-341,-455,-448,-329,-124,106,306,422,428,316,119,-102,0,-400,-402,-302,-122,98,293,405,407,309,129,-90,-296,-419,-431,-331,-145,75,282,427,463,371,179,-59,-284,-445,-501,-432,-241,8,266,459,539,483,314,71,-201,-434,-566,-563,-421,-174,116,381,557,606,524,307,8,-283,-504,-612,-579,-418,-155,145,407,577,617,522,310,27,-255,-471,-576,-556,-418,-186,68,300,465,520,455,299,92,-120,-303,-410,-420,-340,-207,-38,129,252,306,302,238,132,8,-98,-171,-206,-196,-147,-87,-17,44,83,101,109,103,75,43,21,7,-7,-27,-54,-75,-86,-94,-95,-74,-41,-4,44,86,118,145,148,122,80,31,-20,-58,-83,0,0,0,0,0,-12,16,40,68,84,83,66,33,-10,-55,-91,-114,-106,-72,-19,38,88,125,136,111,53,-14,-79,-136,-163,-144,-91,-15,66,136,182,192,150,67,-30,-120,-191,-220,-187,-112,-13,80,160,208,196,139,41,-66,-153,-198,-196,-138,-37,71,152,198,194,133,28,-86,-178,-228,-220,-149,-29,106,220,276,256,177,50,-115,-257,-332,-332,-251,-100,92,271,389,418,345,172,-51,-256,-417,-485,-434,-271,-47,202,418,528,519,391,146,-130,-374,-534,-578,-482,-274,6,283,495,586,532,351,91,-189,-421,-556,-553,-408,-164,110,351,500,527,418,206,-62,-313,-476,-514,0,-204,51,305,481,515,413,217,-51,-324,-509,-563,-473,-253,42,331,543,640,572,341,8,-310,-553,-684,-663,-453,-117,255,565,738,730,533,197,-200,-548,-780,-820,-646,-296,120,503,783,869,732,409,-18,-448,-771,-905,-821,-527,-92,363,734,922,878,620,209,-263,-669,-910,-918,-699,-310,152,578,861,924,760,410,-47,-491,-806,-919,-801,-484,-58,375,716,872,805,534,135,-291,-634,-800,-758,-532,-170,232,565,746,743,534,194,-193,-527,-725,-726,-534,-197,187,523,722,731,552,235,-155,-514,-733,-763,-609,-290,122,499,746,803,666,360,-45,-437,-730,-845,-746,-446,-39,0,0
38878,mtk,MTK 7916,2421983518,rx2-tx0,512,0,0,0,-88,411,802,991,926,620,153,-356,-771,-981,-935,-652,-202,298,720,952,938,676,236,-254,-682,-933,-936,-691,-270,219,650,904,916,689,280,-203,-642,-906,-932,-711,-295,203,652,926,950,727,314,-192,-646,-936,-986,-776,-354,156,627,937,997,796,395,-115,-607,-931,-1001,-804,-406,100,589,927,1005,815,414,-102,-591,-932,-1023,-844,-435,87,587,944,1056,890,482,-63,-599,-984,-1107,-950,-553,3,561,977,1152,1031,634,72,-505,-959,-1175,-1095,-743,-202,392,884,1154,1132,823,309,-279,-791,-1101,-1137,-881,-405,158,674,1020,1101,898,476,-59,-576,-937,-1055,-897,-508,-3,496,858,0,879,535,48,-443,-805,-954,-854,-528,-70,406,768,930,849,541,83,-403,-783,-955,-875,-575,-117,384,795,1003,945,642,156,-381,-822,-1054,-1027,-734,-246,324,824,1125,1143,876,384,-219,-787,-1162,-1244,-1019,-548,63,674,1130,1311,1164,729,117,-526,-1046,-1325,-1273,-900,-315,338,922,1288,1345,1072,541,-126,-757,-1209,-1374,-1212,-759,-135,523,1052,1327,1295,960,406,-228,-803,-1183,-1286,-1097,-657,-83,486,928,1149,1096,797,335,-179,-627,-910,-979,-824,-494,-64,357,677,826,783,561,222,-146,-456,-649,-691,-576,-335,-42,245,469,580,563,435,226,-13,-234,-390,-466,-457,-371,-231,-82,49,0,0,0,0,0,79,-51,-194,-332,-434,-470,-426,-298,-103,120,330,489,558,511,359,126,-134,-374,-538,-589,-508,-311,-40,250,487,610,590,442,188,-125,-411,-592,-635,-536,-305,5,321,557,653,592,393,92,-239,-507,-653,-634,-451,-155,184,487,668,669,499,203,-156,-487,-700,-731,-576,-268,115,483,734,807,674,371,-31,-436,-749,-875,-781,-494,-74,369,728,910,869,600,184,-281,-687,-925,-925,-701,-302,181,620,902,964,786,410,-69,-536,-875,-997,-867,-520,-55,434,822,1004,924,620,165,-335,-756,-985,-971,-712,-278,224,667,943,976,772,373,-121,-579,-887,-973,-808,-436,32,494,830,0,824,480,20,-436,-781,-927,-831,-513,-63,407,765,920,831,530,81,-389,-762,-933,-866,-577,-129,363,770,967,915,625,167,-342,-760,-993,-969,-684,-223,296,743,1006,1017,763,309,-230,-715,-1011,-1038,-798,-355,180,674,997,1060,841,402,-145,-659,-998,-1084,-897,-462,105,634,1003,1116,934,498,-61,-612,-1007,-1150,-988,-565,0,563,994,1170,1032,632,69,-511,-964,-1169,-1074,-703,-151,438,916,1160,1106,770,238,-356,-858,-1134,-1123,-822,-316,269,787,1103,1132,876,397,-175,-700,-1046,-1122,-906,-468,89,616,974,1083,918,511,-18,-531,-907,-1045,-905,-532,-28,475,856,1010,902,555,75,0,0,0,0,0,-993,-912,-592,-117,385,788,991,934,637,175,-324,-743,-970,-945,-672,-229,274,694,938,938,688,260,-236,-667,-912,-914,-685,-277,213,647,903,919,699,295,-196,-636,-914,-944,-716,-301,191,645,926,962,745,334,-179,-645,-943,-996,-792,-372,147,625,939,1008,812,403,-112,-595,-919,-1000,-821,-418,95,584,918,1014,832,420,-100,-591,-930,-1034,-863,-456,78,605,971,1085,925,516,-33,-588,-985,-1131,-993,-605,-47,533,976,1170,1065,690,136,-451,-929,-1172,-1114,-779,-252,336,846,1138,1134,843,357,-220,-738,-1067,-1123,-895,-453,102,627,984,1078,904,504,-23,-537,-905,-1035,-895,-529,0,450,824,972,858,518,51,-425,-793,-954,-854,-531,-73,403,779,949,869,554,93,-394,-781,-967,-903,-594,-127,384,803,1029,984,670,179,-360,-827,-1096,-1085,-798,-305,281,815,1147,1199,953,467,-147,-731,-1142,-1272,-1095,-644,-29,606,1092,1316,1221,827,226,-433,-991,-1310,-1309,-985,-420,238,844,1249,1361,1150,660,6,-645,-1142,-1368,-1267,-877,-275,381,935,1262,1298,1041,548,-63,-644,-1065,-1232,-1104,-741,-225,326,780,1031,1046,825,428,-49,-491,-801,-914,-813,-531,-150,244,563,741,738,572,292,-41,-348,-560,-637,-573,-389,-135,129,356,501,536,466,317,125,-67,-228,-331,-363,-330,0,0,0,0,0,318,362,344,262,123,-57,-251,-413,-508,-514,-426,-249,-14,235,442,559,562,447,232,-46,-317,-518,-606,-561,-385,-117,187,448,606,627,498,247,-61,-363,-580,-656,-574,-351,-41,277,535,659,617,423,119,-217,-495,-651,-649,-476,-176,174,489,674,691,535,236,-139,-487,-714,-763,-616,-313,76,461,739,837,733,435,19,-413,-743,-889,-815,-545,-133,320,702,915,899,652,245,-228,-651,-916,-949,-747,-358,123,575,890,985,832,465,-17,-493,-850,-1000,-902,-580,-111,389,796,1006,961,670,218,-284,-711,-963,-973,-743,-328,169,624,912,974,791,411,-68,-524,-850,-952,-812,-468,0,467,800,925,814,492,44,-415,-770,-917,-822,-509,-68,390,754,924,842,548,106,-384,-775,-948,-873,-583,-145,348,757,977,940,660,207,-315,-755,-998,-990,-736,-290,251,726,1001,1019,780,329,-211,-695,-998,-1053,-831,-389,151,656,996,1076,864,420,-132,-653,-1014,-1106,-909,-475,82,621,1008,1129,949,536,-28,-595,-1005,-1158,-1011,-597,-35,538,979,1169,1053,666,108,-477,-944,-1169,-1092,-730,-189,405,896,1163,1126,803,277,-311,-821,-1122,-1131,-855,-363,223,746,1078,1128,886,427,-132,-663,-1015,-1104,-910,-486,56,577,947,1072,918,531,6,-509,-881,-1024,-906,-549,-51,452,833,999,0,0
38879,mtk,MTK 7916,2421983518,rx2-tx1,512,0,0,0,249,-20,-274,-455,-525,-464,-285,-47,194,375,456,427,294,88,-132,-309,-406,-394,-289,-123,62,230,327,335,270,150,-8,-154,-248,-270,-225,-131,-12,93,165,196,167,101,22,-59,-109,-110,-84,-42,-3,35,48,29,-3,-24,-35,-40,-11,36,90,128,129,81,2,-93,-187,-248,-232,-156,-30,125,267,348,347,271,111,-94,-293,-433,-476,-398,-220,14,258,468,563,520,347,85,-206,-455,-606,-604,-458,-199,125,433,630,665,549,309,-16,-352,-595,-693,-624,-405,-81,266,552,707,674,488,186,-171,-489,-679,-700,-547,-268,82,418,647,718,615,354,1,-344,-601,-707,0,-425,-103,245,533,692,667,477,167,-181,-473,-649,-659,-501,-214,119,415,610,655,522,258,-75,-399,-608,-654,-539,-289,41,357,592,681,593,346,6,-350,-616,-733,-662,-421,-52,334,634,780,747,511,143,-272,-628,-840,-845,-642,-271,176,586,857,930,781,433,-17,-470,-824,-986,-908,-605,-154,333,751,995,1005,781,378,-117,-588,-920,-1043,-926,-589,-123,371,775,1001,996,770,378,-97,-546,-854,-975,-882,-593,-185,249,622,845,868,690,374,-5,-363,-633,-749,-695,-493,-188,142,424,606,660,563,354,89,-180,-408,-538,-560,-476,-309,-99,115,286,390,418,372,278,159,28,0,0,0,0,0,4,91,174,244,281,282,237,147,24,-112,-236,-311,-322,-280,-192,-59,94,227,304,317,266,156,12,-130,-245,-305,-291,-225,-104,53,191,266,283,249,148,5,-134,-235,-277,-269,-194,-58,90,206,274,272,209,97,-37,-169,-254,-274,-229,-124,1,117,210,251,227,156,49,-62,-150,-201,-194,-137,-51,46,119,148,134,84,11,-66,-108,-105,-67,-4,71,126,148,133,76,-17,-118,-194,-231,-218,-141,-12,122,236,302,299,229,97,-74,-236,-346,-369,-304,-165,12,186,322,383,356,244,64,-126,-279,-369,-373,-274,-119,59,236,354,381,298,149,-30,-198,-313,-343,0,-159,28,204,310,336,280,156,-18,-197,-327,-365,-313,-168,32,222,352,401,349,202,-7,-214,-367,-441,-399,-242,-29,199,384,478,446,297,78,-168,-376,-494,-493,-359,-144,113,365,521,544,443,224,-72,-338,-509,-556,-466,-257,19,290,479,541,462,255,-1,-257,-461,-544,-477,-290,-6,279,483,569,514,314,30,-266,-506,-624,-575,-374,-78,246,519,661,644,459,160,-188,-497,-689,-708,-545,-251,114,457,689,743,628,359,-1,-376,-660,-782,-712,-471,-114,272,596,776,761,570,255,-119,-465,-694,-761,-658,-387,-29,314,585,718,668,455,148,-179,-463,-625,-631,-491,-237,0,0,0,0,0,494,547,462,270,18,-231,-422,-493,-441,-284,-70,153,339,435,416,293,110,-97,-270,-371,-373,-286,-136,39,190,280,295,254,155,13,-115,-197,-230,-205,-125,-26,77,142,155,132,80,9,-44,-70,-65,-41,-8,28,45,28,-12,-54,-80,-79,-52,2,73,145,188,179,112,-1,-124,-235,-296,-294,-210,-69,117,290,397,411,331,166,-61,-301,-469,-519,-454,-287,-35,248,475,586,560,407,145,-160,-440,-625,-650,-512,-251,73,382,608,690,599,354,31,-304,-573,-696,-648,-448,-140,227,528,696,696,525,222,-127,-447,-664,-719,-593,-319,28,368,621,711,623,392,64,0,-560,-701,-657,-451,-139,208,500,660,660,489,187,-159,-451,-633,-658,-515,-247,90,415,616,655,528,266,-62,-381,-602,-670,-568,-322,19,364,607,703,614,363,17,-344,-637,-765,-695,-454,-92,313,644,812,789,570,211,-218,-610,-849,-891,-708,-351,102,532,845,964,858,530,76,-406,-795,-989,-945,-694,-273,230,676,964,1033,854,475,-12,-486,-854,-1035,-984,-699,-253,237,670,941,999,834,488,41,-395,-735,-907,-876,-654,-287,137,502,745,824,713,446,99,-253,-538,-696,-693,-541,-287,24,307,513,615,589,431,198,-45,-266,-428,-499,-473,-374,-218,-45,110,221,280,277,0,0,0,0,0,-218,-222,-190,-123,-24,91,195,277,318,306,236,118,-27,-166,-263,-316,-305,-231,-110,35,171,266,306,290,205,64,-86,-212,-287,-302,-245,-127,15,152,251,289,257,160,26,-109,-223,-278,-260,-188,-76,64,184,264,287,223,108,-27,-147,-234,-268,-245,-151,-21,98,177,227,219,154,43,-53,-120,-165,-162,-107,-27,42,89,110,97,48,-19,-84,-119,-112,-61,17,103,174,204,173,100,-2,-126,-229,-278,-257,-170,-34,112,243,328,337,256,118,-51,-219,-336,-373,-331,-204,-26,152,303,392,374,263,101,-89,-265,-373,-378,-293,-138,39,209,329,356,285,150,-17,0,-306,-340,-278,-148,15,182,306,346,297,171,-17,-209,-340,-387,-332,-183,10,209,362,417,369,235,29,-205,-391,-470,-433,-280,-50,186,387,494,479,335,105,-153,-377,-520,-546,-417,-170,107,343,504,540,441,223,-49,-305,-482,-540,-462,-264,-6,252,453,528,459,273,3,-274,-476,-558,-496,-302,-13,278,494,592,535,336,51,-257,-510,-635,-597,-406,-107,229,517,686,675,496,190,-168,-486,-685,-726,-589,-300,71,423,678,770,673,410,53,-324,-626,-780,-747,-528,-178,211,536,741,777,624,325,-47,-404,-657,-753,-677,-442,-103,248,524,671,659,486,195,-124,-395,-584,0,0
38880,mtk,MTK 7916,2422039487,rx0-tx0,512,-349,-207,-443,539,524,468,382,282,143,-8,-153,-296,-420,-513,-573,-604,-586,-520,-425,-298,-142,20,180,322,451,547,600,610,577,513,413,279,118,-34,-177,-321,-431,-513,-554,-562,-537,-475,-375,-259,-142,-13,110,223,323,396,443,471,468,436,391,333,248,142,28,-72,-174,-267,-353,-421,-465,-491,-495,-464,-402,-314,-203,-70,71,215,355,472,567,629,641,608,535,412,258,79,-106,-284,-447,-570,-658,-703,-694,-639,-530,-375,-206,-14,173,349,495,609,678,683,640,552,414,247,79,-84,-241,-371,-472,-538,-551,-522,-460,-366,-258,-150,-18,99,193,266,317,358,362,338,290,238,-511,110,47,-10,-58,-111,-152,-173,-184,-194,-183,-170,-162,-155,-138,-114,-94,-70,-38,-7,37,85,134,186,223,269,298,295,283,247,192,117,23,-74,-176,-282,-375,-434,-457,-458,-428,-354,-251,-133,7,145,280,402,496,561,590,566,493,385,243,92,-73,-242,-393,-515,-606,-643,-637,-579,-479,-347,-183,-5,179,349,495,593,647,645,592,495,362,211,39,-136,-286,-420,-512,-559,-575,-544,-471,-362,-230,-96,47,186,305,388,454,481,466,414,331,236,127,3,-121,-225,-311,-374,-409,-395,-355,-294,-212,-112,-1,115,213,291,336,352,322,253,163,57,-50,-143,-202,-215,512,287,1179,-1044,-1191,95,118,118,96,51,-6,-66,-121,-157,-173,-171,-143,-98,-44,16,79,135,169,193,201,180,141,86,19,-40,-96,-149,-182,-199,-201,-171,-139,-85,-22,32,85,134,160,172,165,149,122,74,40,-2,-45,-74,-93,-97,-102,-99,-100,-93,-81,-65,-47,-29,-4,11,32,57,76,94,105,117,125,113,97,69,36,-2,-35,-71,-118,-146,-172,-172,-163,-147,-116,-70,-34,16,73,118,163,198,209,204,186,156,111,51,4,-52,-120,-170,-200,-223,-229,-222,-193,-154,-103,-49,13,84,154,198,220,251,258,243,211,150,97,23,-51,-123,-189,-233,-265,-277,-266,-236,-330,-128,-65,3,71,141,202,239,261,280,267,236,188,133,75,2,-64,-122,-169,-213,-242,-257,-254,-237,-216,-179,-119,-65,-10,56,116,181,231,267,304,318,317,292,243,180,90,-8,-109,-210,-306,-381,-431,-463,-456,-412,-345,-246,-115,12,152,288,404,503,563,587,562,494,394,260,101,-63,-234,-406,-533,-623,-674,-676,-630,-537,-404,-229,-38,160,341,497,618,687,711,682,608,487,320,137,-57,-247,-413,-543,-627,-662,-654,-610,-515,-383,-237,-75,90,236,368,470,543,573,559,520,447,351,232,106,-21,-153,-275,-375,-448,-493,-511,-499,-461,-394,-294,-178,-55,73,-139,-494,-729,-831,-737,-18,-160,-294,-399,-490,-556,-572,-552,-504,-409,-288,-150,1,165,308,429,536,601,619,593,525,423,287,135,-30,-187,-332,-454,-548,-596,-595,-565,-490,-384,-256,-112,24,160,284,393,463,507,520,492,449,379,286,184,66,-51,-155,-241,-323,-395,-438,-453,-450,-435,-389,-327,-231,-128,-21,100,224,332,436,506,553,564,547,487,389,262,104,-69,-238,-393,-528,-623,-680,-686,-640,-542,-403,-238,-56,127,304,472,600,679,707,676,601,485,335,150,-42,-221,-379,-506,-583,-615,-612,-559,-459,-338,-192,-39,108,233,339,402,447,458,419,365,288,207,117,18,-66,-137,-193,1105,-249,-257,-247,-233,-204,-161,-120,-86,-47,-4,24,46,75,106,129,149,173,190,197,203,199,188,159,122,75,1,-71,-144,-227,-292,-347,-379,-383,-369,-323,-242,-138,-22,106,237,356,437,499,525,513,462,373,258,123,-33,-196,-340,-460,-549,-598,-615,-574,-489,-366,-213,-45,132,308,451,558,624,650,627,557,437,286,119,-66,-243,-397,-517,-595,-626,-598,-529,-429,-294,-147,2,160,301,411,484,519,520,481,400,298,184,45,-86,-208,-308,-376,-419,-433,-408,-354,-277,-183,-64,53,157,248,321,361,374,349,292,208,109,-2,-117,-209,-272,-299,-286,-233,-149,-56,-687,-807,1145,-658,-318,34,-5,-52,-101,-138,-155,-152,-122,-67,-8,55,114,156,182,188,175,138,87,34,-35,-99,-144,-186,-200,-197,-179,-139,-83,-26,38,96,144,187,198,187,165,131,81,32,-16,-59,-103,-128,-136,-141,-128,-114,-85,-55,-26,3,21,39,57,72,81,93,96,97,100,89,77,51,32,9,-30,-62,-91,-116,-134,-145,-144,-143,-120,-90,-42,9,50,92,135,161,182,195,185,158,120,70,12,-42,-89,-136,-176,-194,-205,-220,-203,-155,-106,-49,7,72,131,180,217,234,245,233,200,146,94,44,-31,-94,-161,-210,-241,-260,-260,-242,-205,-149,-78,-8,64,126,826,233,262,274,268,243,187,121,61,-5,-76,-138,-191,-223,-250,-261,-255,-229,-193,-146,-90,-31,32,88,137,188,228,249,272,272,259,230,181,126,57,-21,-107,-188,-261,-321,-364,-388,-384,-365,-308,-219,-116,-1,125,241,340,439,499,529,521,464,379,264,121,-38,-202,-343,-469,-567,-628,-638,-618,-533,-409,-260,-83,103,285,447,583,672,705,693,629,522,369,184,-14,-207,-378,-526,-630,-692,-708,-662,-569,-433,-272,-98,78,247,402,514,587,620,602,549,470,363,225,71,-74,-210,-324,-421,-485,-515,-525,-503,-447,-360,-255,-141,-14,108,223,336,417,476,504,507,-1235,-1131
38881,mtk,MTK 7916,2422039487,rx0-tx1,512,87,760,795,613,668,683,652,577,467,320,142,-52,-252,-437,-595,-715,-797,-825,-802,-724,-591,-420,-213,8,231,447,636,784,891,943,924,844,707,525,307,61,-193,-431,-650,-839,-963,-1031,-1029,-955,-823,-635,-412,-152,119,380,628,831,984,1074,1095,1049,933,763,539,280,2,-277,-547,-779,-969,-1105,-1170,-1156,-1067,-914,-691,-421,-119,194,489,762,984,1142,1225,1223,1144,992,762,487,184,-136,-445,-722,-945,-1103,-1194,-1209,-1143,-999,-790,-539,-253,53,337,601,833,1007,1110,1133,1093,984,812,589,330,63,-214,-479,-716,-897,-1020,-1072,-1058,-981,-841,-648,-422,-169,93,340,572,776,915,995,-689,968,868,713,524,296,52,-196,-441,-656,-821,-944,-1009,-1013,-952,-833,-654,-433,-185,79,336,582,795,957,1063,1102,1071,972,797,570,299,-2,-306,-597,-849,-1056,-1189,-1236,-1201,-1080,-872,-609,-299,42,373,685,949,1148,1264,1288,1217,1068,835,549,222,-137,-469,-768,-1007,-1175,-1254,-1246,-1150,-955,-695,-394,-72,250,551,796,986,1100,1124,1072,942,750,506,230,-52,-326,-557,-740,-871,-937,-927,-855,-716,-533,-330,-104,119,323,496,628,717,747,716,640,523,370,194,9,-171,-334,-469,-563,-608,-608,-560,-460,-322,-166,7,176,317,429,499,508,465,369,233,75,-75,-201,-282,-303,346,523,0,-324,-48,-179,-203,-195,-148,-76,13,105,187,253,285,288,265,211,139,52,-35,-120,-199,-263,-305,-323,-326,-295,-243,-171,-86,7,104,201,281,338,381,397,381,337,272,182,70,-44,-166,-286,-384,-456,-503,-503,-464,-399,-298,-165,-22,127,275,401,500,562,580,560,497,394,260,119,-53,-213,-353,-477,-561,-606,-614,-564,-480,-374,-225,-68,94,253,388,494,571,610,594,543,461,342,201,44,-108,-252,-375,-477,-543,-575,-566,-522,-442,-329,-195,-50,97,238,357,447,510,536,523,478,394,286,170,42,-88,-206,-308,-390,-445,-471,-461,-424,-358,-274,-178,-70,42,148,240,307,-130,379,383,368,326,260,187,107,18,-66,-134,-199,-254,-288,-306,-309,-292,-257,-214,-161,-102,-50,14,72,124,172,208,234,246,256,257,248,226,191,147,93,34,-34,-107,-179,-244,-304,-357,-377,-387,-379,-333,-269,-185,-79,40,155,270,373,451,512,533,516,466,380,268,138,-16,-159,-302,-430,-521,-588,-611,-593,-535,-437,-323,-174,-8,148,299,428,524,592,621,601,543,446,321,178,31,-121,-257,-374,-465,-525,-543,-529,-482,-413,-322,-212,-99,15,124,222,300,359,403,426,422,402,371,317,249,169,82,-10,-108,-202,-293,-378,-440,-478,-498,-498,-460,-387,-293,-166,-519,-583,504,197,-33,258,101,-69,-243,-404,-543,-661,-732,-758,-733,-654,-533,-370,-177,35,246,452,625,764,852,882,858,776,642,464,258,26,-215,-440,-642,-808,-925,-986,-977,-906,-779,-590,-357,-103,166,423,657,844,981,1058,1056,997,871,688,467,207,-61,-331,-581,-798,-977,-1093,-1133,-1108,-1006,-838,-623,-361,-68,227,513,771,984,1130,1203,1195,1117,961,739,463,156,-162,-470,-752,-981,-1134,-1220,-1226,-1153,-998,-779,-511,-213,93,393,666,892,1053,1155,1170,1107,990,805,570,294,10,-272,-543,-772,-950,-1058,-1099,-1077,-984,-824,-618,-377,-112,154,409,641,827,959,1033,1032,970,861,686,465,227,261,-274,-510,-710,-865,-965,-1004,-988,-911,-769,-582,-366,-122,130,380,607,799,940,1028,1049,1008,906,732,511,253,-27,-311,-586,-823,-1003,-1124,-1169,-1138,-1026,-849,-610,-316,0,321,630,896,1096,1227,1269,1220,1085,871,589,268,-77,-418,-733,-992,-1168,-1273,-1276,-1187,-1017,-776,-479,-147,183,507,793,1003,1140,1195,1165,1049,859,612,314,1,-301,-571,-794,-948,-1027,-1029,-961,-820,-632,-406,-152,93,330,535,686,788,834,815,738,613,454,264,63,-133,-314,-471,-591,-662,-676,-642,-560,-438,-282,-109,65,236,382,485,548,569,528,439,316,157,-10,-166,-300,-389,-425,-400,-322,-202,-72,689,563,0,-506,-598,-46,24,110,185,236,259,246,208,136,44,-46,-134,-208,-263,-298,-305,-289,-249,-180,-100,-18,73,166,245,303,339,355,347,315,252,174,79,-29,-138,-237,-327,-398,-442,-452,-436,-378,-285,-179,-54,91,222,346,449,519,547,544,493,408,289,143,-14,-173,-322,-448,-537,-595,-612,-571,-498,-386,-242,-90,72,234,367,490,577,609,609,556,465,349,212,55,-105,-249,-382,-488,-563,-593,-586,-534,-449,-336,-197,-48,104,243,366,464,532,561,553,508,424,316,189,46,-95,-230,-346,-424,-478,-503,-492,-447,-378,-286,-173,-50,70,181,279,355,401,423,414,384,329,259,245,79,-13,-104,-193,-257,-306,-336,-351,-336,-304,-264,-205,-134,-64,13,81,146,198,238,262,276,279,261,237,205,161,109,57,4,-50,-103,-160,-203,-245,-275,-295,-308,-303,-281,-242,-193,-118,-28,59,164,261,335,407,449,463,448,406,333,233,113,-29,-169,-296,-411,-495,-555,-581,-563,-515,-418,-295,-153,4,157,309,429,529,599,620,603,550,452,325,184,22,-140,-290,-419,-514,-568,-593,-579,-521,-432,-321,-189,-51,82,208,309,394,450,478,478,455,404,336,260,167,67,-35,-119,-201,-279,-339,-386,-416,-434,-428,-400,-360,-287,-194,-88,22,143,270,378,468,541,267,-10
38882,mtk,MTK 7916,2422039487,rx1-tx0,512,0,-745,-662,-675,-667,-626,-536,-404,-249,-67,122,302,480,631,727,782,783,728,627,485,302,89,-133,-344,-540,-701,-809,-866,-868,-807,-693,-529,-318,-85,146,384,582,754,879,933,938,867,730,554,344,94,-161,-399,-614,-779,-896,-969,-969,-894,-771,-589,-362,-120,127,379,609,791,928,995,990,928,789,608,376,127,-142,-400,-628,-825,-943,-999,-1001,-926,-778,-567,-332,-81,175,422,628,796,906,935,915,830,681,500,275,39,-186,-394,-563,-695,-782,-814,-787,-705,-583,-427,-243,-56,128,301,449,568,648,685,676,632,549,428,282,115,-46,-212,-365,-496,-594,-647,-649,-615,-551,-453,216,-143,33,198,343,468,561,625,644,608,531,422,273,122,-46,-210,-346,-469,-554,-590,-585,-547,-472,-361,-228,-91,65,205,341,440,503,543,532,481,407,301,173,38,-86,-220,-336,-413,-453,-467,-441,-398,-317,-221,-118,-6,104,211,291,333,361,358,338,304,233,159,77,4,-74,-148,-199,-247,-274,-282,-270,-242,-188,-147,-85,-18,47,95,132,174,201,204,193,181,164,121,73,30,-11,-57,-98,-129,-150,-167,-168,-156,-139,-112,-69,-33,8,47,84,119,139,147,155,144,115,82,48,11,-34,-79,-112,-131,-142,-131,-112,-81,-37,4,50,82,101,101,87,61,-109,-439,0,928,985,83,131,159,160,134,80,14,-57,-117,-166,-191,-194,-189,-154,-109,-47,13,74,130,168,185,191,185,162,120,73,33,-28,-77,-115,-138,-148,-161,-161,-139,-117,-93,-64,-36,-7,29,60,89,113,135,157,168,176,164,134,95,56,-1,-59,-110,-171,-209,-240,-258,-258,-231,-179,-118,-56,21,101,169,226,270,285,291,254,219,174,99,28,-54,-125,-180,-243,-285,-297,-295,-269,-237,-197,-125,-33,50,114,188,252,293,308,314,289,242,186,103,37,-37,-123,-199,-254,-295,-315,-311,-285,-239,-169,-92,-23,55,139,197,238,276,285,285,273,239,174,98,27,-34,-584,-168,-215,-243,-272,-275,-255,-231,-190,-132,-80,-22,49,116,171,208,233,252,254,247,221,163,110,61,1,-68,-115,-166,-208,-231,-244,-235,-218,-200,-155,-106,-60,-8,39,90,141,179,215,240,256,248,226,212,181,133,82,19,-52,-118,-190,-241,-296,-337,-360,-359,-328,-280,-205,-109,-7,103,209,312,392,463,494,491,463,394,284,164,34,-124,-267,-388,-487,-558,-589,-566,-511,-427,-312,-169,-11,156,309,439,536,593,613,596,531,434,305,149,-7,-160,-298,-415,-519,-583,-608,-585,-533,-443,-330,-198,-49,96,223,356,470,543,592,603,565,505,414,288,145,-13,-241,237,0,-16,-355,-37,126,294,455,585,675,727,722,677,587,437,267,79,-126,-327,-513,-667,-779,-836,-823,-762,-656,-496,-303,-86,145,370,568,731,848,900,896,836,709,542,320,88,-152,-396,-608,-774,-897,-960,-946,-879,-746,-564,-350,-107,152,390,606,791,910,965,971,914,791,606,384,126,-131,-391,-619,-809,-941,-1006,-1004,-923,-791,-602,-364,-112,153,415,638,811,928,983,971,877,729,541,304,57,-188,-417,-606,-752,-850,-877,-846,-757,-623,-453,-258,-45,164,354,509,637,716,740,726,669,567,427,260,82,-93,-255,-409,-526,-611,-654,-663,-635,-558,-446,-301,-130,35,195,344,479,757,633,650,618,543,432,297,138,-32,-206,-348,-474,-563,-606,-614,-568,-486,-383,-245,-89,61,211,351,457,523,563,560,516,439,320,202,63,-90,-222,-337,-429,-486,-499,-486,-448,-367,-257,-143,-12,105,212,301,360,401,411,398,351,269,180,89,-5,-88,-181,-248,-284,-298,-296,-291,-251,-208,-152,-79,-6,52,116,158,194,235,242,235,209,177,140,79,18,-34,-72,-121,-165,-176,-182,-172,-164,-142,-115,-84,-50,-9,31,75,119,152,157,163,153,136,109,67,28,-17,-63,-102,-127,-145,-154,-144,-120,-88,-55,-11,41,84,116,122,122,111,79,43,-1,-39,-60,743,610,0,-336,139,104,63,7,-58,-122,-168,-193,-187,-155,-104,-40,15,75,134,175,202,202,189,153,100,45,-6,-56,-103,-142,-159,-176,-181,-157,-124,-82,-48,-18,24,58,85,114,126,138,145,152,141,119,90,64,33,-1,-49,-99,-140,-169,-195,-218,-211,-202,-174,-120,-64,2,75,147,205,244,268,279,266,232,181,111,35,-41,-117,-175,-235,-275,-296,-301,-275,-230,-171,-92,-18,54,128,186,245,294,311,299,277,241,180,110,37,-47,-136,-197,-258,-294,-311,-323,-297,-242,-187,-116,-38,49,130,202,256,279,292,301,272,218,159,96,25,-42,-116,-181,-233,-262,-276,-284,-674,-234,-180,-122,-61,17,79,134,190,223,244,265,263,240,190,138,91,31,-37,-93,-158,-202,-221,-243,-253,-237,-215,-185,-141,-82,-23,36,86,130,174,200,219,228,224,214,192,157,116,71,13,-46,-95,-138,-189,-232,-262,-285,-291,-289,-263,-220,-156,-73,9,110,198,277,354,396,426,425,402,341,255,141,16,-102,-226,-352,-451,-505,-546,-543,-488,-411,-299,-168,-12,146,283,409,514,584,610,591,532,438,316,164,4,-162,-311,-431,-534,-595,-618,-598,-531,-442,-321,-176,-19,140,277,400,488,555,589,581,540,477,368,240,103,-56,-198,-328,-450,-543,-603,-620,-952,-955
38883,mtk,MTK 7916,2422039487,rx1-tx1,512,0,0,0,141,459,650,668,514,221,-135,-460,-663,-680,-522,-227,127,440,636,655,500,215,-118,-413,-592,-605,-454,-175,138,405,554,543,376,111,-182,-420,-545,-510,-319,-40,248,467,555,477,260,-29,-313,-513,-571,-476,-241,71,371,572,606,478,220,-109,-411,-605,-637,-499,-223,109,418,618,654,512,240,-94,-406,-608,-643,-507,-242,84,383,570,608,489,241,-68,-353,-527,-559,-452,-232,44,309,479,503,388,184,-54,-284,-432,-448,-343,-150,80,275,384,387,293,118,-88,-266,-363,-354,-248,-80,98,238,309,289,193,51,-109,-235,-276,-239,-146,-17,121,213,238,193,89,-41,0,-200,-214,-154,-35,92,185,222,196,119,-1,-134,-225,-243,-198,-97,40,175,259,278,219,95,-66,-212,-298,-306,-238,-98,63,215,323,334,259,121,-56,-226,-340,-364,-288,-145,30,200,324,368,317,186,7,-170,-304,-361,-337,-226,-58,120,263,328,311,222,80,-79,-210,-284,-293,-229,-110,22,140,220,247,213,132,25,-74,-147,-174,-162,-117,-50,24,81,105,105,83,49,12,-11,-26,-33,-31,-18,-16,-24,-31,-33,-37,-30,-3,34,67,90,98,83,42,-13,-75,-129,-161,-161,-123,-54,29,106,166,196,188,149,79,-7,-91,-159,-198,-198,-170,-120,-62,-3,0,0,0,0,0,-108,-97,-61,-4,66,133,177,189,162,103,14,-93,-178,-223,-225,-176,-74,45,158,240,268,233,139,0,-140,-244,-301,-284,-182,-32,120,247,323,310,222,77,-93,-244,-334,-335,-253,-108,73,228,325,343,269,111,-76,-235,-332,-344,-258,-103,79,246,345,350,255,92,-101,-275,-370,-358,-250,-70,146,323,406,380,248,45,-182,-365,-454,-416,-265,-30,221,418,503,461,295,33,-248,-468,-571,-535,-343,-54,246,488,612,580,395,100,-231,-497,-631,-614,-436,-133,194,469,632,628,456,172,-152,-445,-610,-609,-445,-170,148,423,580,574,412,143,-162,-421,-558,-534,-367,0,195,441,566,532,336,42,-265,-501,-600,-533,-321,-8,310,550,645,557,311,-20,-356,-605,-687,-581,-316,39,391,643,717,589,298,-73,-433,-678,-742,-611,-314,84,470,725,776,624,298,-115,-495,-746,-793,-626,-291,134,522,783,829,649,291,-147,-545,-800,-845,-652,-283,157,555,797,831,639,270,-169,-557,-794,-817,-623,-263,164,540,772,790,598,249,-167,-536,-743,-751,-556,-213,185,517,701,692,492,160,-206,-510,-671,-643,-431,-100,256,531,650,591,363,35,-300,-556,-650,-556,-315,13,342,575,649,547,287,-55,-378,-603,-657,-523,-254,81,400,609,655,524,243,-110,0,0,0,0,0,-664,-510,-208,149,458,653,682,527,229,-134,-455,-644,-662,-510,-221,126,430,611,631,480,198,-127,-404,-567,-573,-420,-152,156,406,537,518,350,79,-214,-443,-537,-479,-289,-8,281,494,566,478,250,-53,-343,-540,-593,-484,-231,88,390,584,624,492,226,-106,-410,-602,-633,-503,-240,100,417,622,663,518,237,-94,-390,-584,-628,-508,-248,75,359,545,588,475,238,-63,-329,-497,-533,-425,-203,67,304,446,468,365,165,-71,-277,-405,-422,-320,-130,85,266,371,373,267,94,-98,-252,-334,-320,-222,-69,100,242,300,269,170,30,-118,-224,-256,-217,-120,9,133,208,214,0,57,-62,-163,-215,-200,-121,-2,116,210,235,194,99,-28,-165,-249,-262,-207,-99,45,182,277,296,224,97,-65,-211,-311,-328,-263,-121,52,221,327,352,285,144,-36,-206,-329,-366,-306,-171,4,190,322,369,324,196,20,-149,-285,-350,-323,-220,-68,102,238,310,307,230,104,-40,-167,-255,-272,-225,-127,-7,100,171,204,184,128,40,-41,-103,-134,-131,-98,-50,0,40,61,64,54,35,20,10,2,4,3,-1,-11,-27,-51,-70,-73,-50,-16,24,70,114,132,122,84,21,-55,-129,-175,-185,-157,-97,-17,67,146,194,213,193,137,65,-10,-82,-131,-154,-152,0,0,0,0,0,-38,-85,-127,-158,-156,-114,-47,28,106,177,215,203,138,44,-69,-171,-240,-249,-199,-99,33,161,255,291,260,161,19,-134,-252,-316,-301,-206,-59,98,247,331,333,249,93,-86,-238,-332,-349,-265,-108,67,222,328,347,270,116,-70,-237,-339,-355,-271,-95,101,262,361,359,251,70,-125,-288,-383,-372,-246,-49,165,344,425,386,238,23,-210,-396,-484,-447,-281,-32,239,448,541,494,313,42,-242,-475,-593,-550,-357,-80,229,496,634,603,416,124,-207,-487,-637,-620,-448,-156,181,460,619,618,448,158,-157,-428,-591,-596,-439,-169,147,420,567,558,395,125,-177,-427,0,-534,-362,-77,230,477,590,526,319,19,-290,-523,-618,-537,-303,12,328,571,662,562,308,-32,-372,-623,-702,-591,-310,55,411,660,733,603,304,-81,-444,-693,-759,-615,-301,104,483,736,794,639,302,-124,-511,-768,-823,-648,-299,132,531,784,834,655,301,-136,-544,-804,-836,-643,-274,162,555,805,826,633,272,-166,-556,-790,-814,-623,-268,158,530,751,764,577,233,-176,-531,-730,-723,-524,-186,197,520,691,666,458,126,-235,-527,-665,-615,-394,-68,276,544,654,579,345,12,-323,-568,-656,-564,-300,36,358,593,658,534,270,-69,-393,-605,-653,-531,-257,96,418,621,653,0,0
38884,mtk,MTK 7916,2422039487,rx2-tx0,512,0,0,0,977,791,382,-135,-616,-927,-983,-761,-328,190,651,937,959,711,271,-251,-700,-946,-932,-661,-200,316,735,951,897,591,113,-398,-790,-955,-853,-508,-17,480,835,955,806,419,-93,-582,-909,-972,-763,-336,192,670,956,976,721,259,-280,-742,-997,-968,-667,-176,364,802,1008,930,588,78,-456,-863,-1020,-882,-490,40,560,923,1027,836,401,-158,-675,-1002,-1055,-802,-315,269,785,1084,1080,771,240,-360,-865,-1146,-1109,-763,-201,423,932,1191,1134,764,178,-452,-957,-1202,-1119,-734,-156,469,957,1181,1089,698,116,-485,-951,-1158,-1039,-634,-72,500,936,1118,983,577,17,-533,-928,-1059,-897,0,42,562,923,1023,830,406,-127,-625,-942,-990,-762,-327,208,689,975,988,721,248,-298,-766,-1017,-979,-671,-168,395,850,1076,1006,650,98,-488,-953,-1163,-1059,-660,-73,548,1035,1243,1124,705,85,-562,-1072,-1298,-1180,-744,-102,567,1092,1336,1224,781,140,-541,-1086,-1346,-1262,-842,-197,501,1061,1349,1278,871,247,-429,-1000,-1315,-1288,-928,-335,334,918,1258,1275,969,427,-213,-786,-1149,-1218,-984,-505,83,622,988,1104,943,560,51,-450,-819,-967,-871,-567,-144,295,639,808,768,542,195,-178,-489,-667,-679,-522,-246,69,349,539,597,520,332,84,-168,-367,-470,-475,-390,-246,-78,75,186,0,0,0,0,0,-151,-37,100,250,376,443,426,325,153,-68,-289,-460,-533,-492,-343,-114,153,393,543,562,450,233,-47,-327,-532,-601,-523,-310,-16,291,526,624,563,362,61,-256,-518,-647,-599,-386,-74,263,528,656,612,400,72,-274,-545,-677,-624,-393,-50,311,594,719,645,391,19,-367,-666,-787,-694,-412,-9,405,722,859,759,446,18,-427,-765,-904,-803,-482,-24,449,800,944,831,497,30,-446,-813,-965,-860,-521,-41,450,821,967,852,515,43,-448,-824,-971,-854,-506,-28,450,815,964,843,495,23,-458,-818,-945,-817,-471,5,477,810,927,792,441,-28,-488,-812,-914,-758,-389,81,0,815,880,704,332,-133,-558,-830,-865,-656,-262,201,611,850,854,615,198,-278,-675,-884,-845,-565,-124,358,747,921,840,522,52,-436,-805,-959,-846,-482,17,509,863,984,831,444,-72,-571,-910,-996,-801,-384,142,634,946,991,758,309,-223,-698,-978,-983,-715,-243,309,772,1016,973,653,147,-403,-844,-1055,-962,-594,-65,479,897,1067,939,539,-6,-548,-946,-1084,-912,-484,78,614,982,1075,872,426,-139,-664,-1006,-1068,-832,-363,198,703,1017,1045,780,299,-259,-742,-1020,-1014,-724,-240,306,768,1014,974,661,172,-362,-795,-1000,-924,-596,-103,419,820,988,876,517,20,-479,-850,-982,0,0,0,0,0,106,585,908,982,785,359,-162,-633,-930,-970,-741,-302,219,680,944,949,688,232,-279,-713,-953,-919,-621,-156,347,753,946,869,544,61,-439,-814,-963,-833,-462,38,533,876,968,785,379,-141,-624,-931,-975,-740,-294,237,705,980,978,693,215,-325,-776,-1005,-948,-626,-126,409,832,1019,913,541,16,-508,-886,-1022,-860,-448,90,614,967,1036,809,356,-210,-729,-1046,-1064,-785,-279,317,837,1126,1096,764,221,-392,-903,-1173,-1119,-758,-187,438,946,1202,1131,747,161,-466,-962,-1198,-1109,-718,-135,477,957,1172,1070,676,101,-491,-942,-1135,-1016,-618,-56,512,928,1081,936,538,-7,-541,0,-1050,-878,-461,81,599,937,1001,793,366,-170,-656,-951,-980,-730,-278,259,732,990,968,685,203,-343,-802,-1042,-991,-658,-134,440,902,1120,1030,651,88,-514,-984,-1198,-1087,-674,-76,557,1053,1279,1158,723,87,-576,-1095,-1326,-1207,-769,-126,555,1092,1344,1246,817,167,-519,-1066,-1338,-1263,-851,-216,472,1035,1326,1280,901,290,-398,-974,-1300,-1289,-955,-386,276,860,1213,1252,978,468,-141,-701,-1074,-1165,-965,-534,13,534,896,1030,911,566,97,-373,-728,-889,-821,-561,-174,236,566,741,724,535,229,-118,-423,-606,-636,-519,-290,-9,261,461,545,506,367,170,-46,-234,-353,-387,-352,-261,0,0,0,0,0,-262,-334,-352,-307,-192,-22,170,343,463,499,430,264,30,-217,-424,-546,-543,-410,-181,95,356,539,589,493,272,-18,-308,-525,-611,-545,-335,-38,277,519,630,580,385,79,-258,-526,-651,-607,-400,-80,259,528,660,617,403,71,-285,-566,-696,-639,-399,-39,343,634,753,673,407,23,-386,-703,-823,-721,-428,-6,424,746,878,775,455,11,-440,-788,-930,-824,-496,-31,449,807,952,845,514,38,-453,-818,-966,-863,-526,-46,445,815,965,853,516,43,-451,-818,-961,-842,-497,-24,455,813,951,833,491,8,-474,-816,-935,-804,-463,7,473,810,921,779,420,-54,-506,-816,-895,0,-359,96,529,816,869,679,301,-168,-589,-840,-857,-632,-233,236,643,869,847,588,158,-319,-712,-908,-845,-543,-92,395,778,942,840,506,25,-471,-842,-971,-832,-461,48,545,890,992,817,416,-106,-603,-930,-995,-782,-345,185,663,959,990,737,278,-262,-733,-999,-979,-683,-190,358,811,1031,964,626,110,-445,-875,-1057,-944,-568,-35,518,925,1071,923,516,-42,-586,-961,-1074,-893,-457,110,647,997,1071,849,396,-166,-683,-1010,-1059,-811,-337,227,724,1016,1031,760,279,-278,-757,-1021,-997,-697,-208,333,778,1004,946,626,133,-394,-808,-995,-903,-557,-58,454,838,985,858,489,-12,0,0
38885,mtk,MTK 7916,2422039487,rx2-tx1,512,0,0,0,-461,-450,-309,-89,138,324,423,407,290,97,-120,-287,-371,-357,-250,-81,100,248,321,314,217,59,-100,-219,-281,-270,-182,-46,87,185,226,202,128,26,-77,-148,-169,-138,-74,3,68,113,114,71,10,-38,-73,-80,-53,-8,42,74,71,37,-12,-61,-97,-100,-65,2,87,152,174,148,66,-49,-148,-220,-245,-200,-91,51,194,296,316,249,121,-58,-232,-345,-368,-292,-127,78,266,400,433,341,150,-79,-294,-448,-479,-375,-168,86,323,474,514,419,200,-71,-329,-507,-551,-444,-223,62,338,520,570,475,250,-48,-325,-519,-577,-491,-269,26,315,522,586,487,267,0,-296,-498,-566,-478,-270,17,293,484,542,453,238,-32,-297,-479,-531,-428,-216,58,313,486,517,404,170,-102,-343,-496,-511,-375,-125,164,412,545,532,372,100,-221,-484,-613,-587,-403,-98,241,526,675,645,439,105,-269,-566,-727,-703,-494,-146,247,580,766,758,558,209,-200,-567,-790,-806,-616,-269,154,546,796,845,678,338,-85,-482,-761,-857,-738,-427,-8,410,717,842,768,507,123,-283,-607,-776,-754,-560,-235,139,474,685,725,585,310,-19,-329,-549,-634,-562,-361,-82,199,422,540,531,395,181,-67,-287,-432,-471,-409,-275,-92,103,258,345,362,314,219,97,-14,-90,0,0,0,0,0,37,-29,-97,-162,-207,-218,-189,-121,-25,80,172,225,238,202,116,6,-97,-181,-232,-226,-168,-68,48,152,219,233,186,102,-4,-117,-197,-223,-198,-115,-13,85,166,206,185,114,23,-72,-147,-196,-186,-117,-13,86,157,183,165,113,25,-72,-143,-172,-161,-104,-7,81,144,165,149,76,-9,-77,-123,-126,-92,-39,24,87,110,92,38,-31,-93,-132,-136,-99,-29,53,137,191,182,130,32,-96,-200,-245,-232,-161,-40,93,210,280,282,205,66,-91,-224,-297,-299,-229,-103,60,209,300,320,252,112,-55,-210,-304,-316,-248,-112,51,196,290,306,235,98,-67,-206,0,-292,-210,-73,86,226,301,287,194,40,-119,-242,-307,-284,-182,-24,140,270,320,280,162,-4,-172,-294,-339,-291,-158,27,208,316,355,302,144,-56,-244,-360,-381,-299,-135,72,266,386,402,312,134,-90,-285,-405,-410,-304,-104,125,312,411,406,282,74,-160,-343,-429,-400,-256,-29,214,393,466,415,252,6,-257,-447,-515,-447,-248,28,294,488,568,491,264,-38,-325,-532,-601,-507,-278,22,325,549,629,543,311,-16,-334,-562,-646,-566,-332,-7,313,551,657,595,368,48,-281,-529,-644,-594,-391,-87,233,487,611,572,391,120,-175,-425,-558,-542,-387,-132,145,375,504,0,0,0,0,0,101,-137,-332,-433,-418,-289,-90,124,298,390,372,258,86,-115,-281,-359,-333,-223,-67,103,243,309,287,196,62,-82,-194,-249,-229,-153,-32,87,172,203,178,105,9,-84,-141,-157,-119,-51,19,73,96,84,47,-2,-44,-62,-47,-13,25,62,73,61,20,-45,-107,-133,-120,-68,13,100,179,209,169,81,-41,-167,-246,-269,-222,-99,64,211,309,343,284,129,-66,-251,-379,-401,-317,-148,81,292,417,446,361,164,-85,-310,-462,-494,-395,-186,79,323,492,532,429,212,-67,-334,-509,-560,-464,-243,51,337,526,573,481,261,-37,-327,-524,-579,-481,-262,30,316,512,0,486,270,-18,-302,-507,-562,-469,-256,21,291,477,540,452,235,-45,-300,-475,-511,-402,-186,82,336,491,507,386,151,-137,-384,-525,-521,-376,-122,192,448,580,558,382,90,-236,-507,-644,-613,-419,-99,252,544,710,696,478,124,-261,-577,-760,-748,-536,-183,229,588,790,795,603,251,-180,-555,-787,-823,-651,-303,121,519,784,853,706,384,-34,-448,-752,-865,-761,-467,-69,340,665,821,775,547,192,-201,-536,-728,-739,-576,-273,86,407,618,675,568,336,33,-267,-489,-587,-546,-379,-133,133,356,486,505,415,234,7,-202,-352,-420,-401,-313,-171,-9,134,232,274,266,225,0,0,0,0,0,161,169,151,111,45,-39,-127,-197,-230,-219,-167,-82,23,131,211,240,222,154,52,-62,-161,-222,-229,-186,-95,24,134,204,229,191,103,-5,-111,-186,-211,-190,-124,-15,92,168,197,179,119,21,-86,-163,-200,-179,-110,-19,76,153,185,168,105,21,-73,-153,-177,-143,-90,-16,67,124,149,126,60,-21,-83,-120,-120,-79,-9,63,110,122,89,29,-43,-115,-163,-165,-113,-20,86,168,220,208,133,19,-106,-207,-261,-254,-186,-53,105,228,289,287,222,86,-75,-225,-312,-311,-236,-99,69,206,299,310,239,104,-62,-212,-296,-306,-237,-106,53,194,278,283,209,0,-75,-208,-279,-283,-206,-62,102,231,289,275,186,36,-132,-255,-311,-288,-177,-11,158,282,331,287,158,-18,-191,-313,-352,-291,-155,32,223,349,373,297,134,-72,-264,-385,-395,-301,-130,82,275,394,404,309,123,-104,-299,-413,-413,-295,-99,118,314,421,403,263,57,-174,-365,-452,-409,-243,-12,223,411,496,435,244,-18,-281,-477,-546,-464,-255,30,315,523,591,500,273,-30,-328,-547,-621,-521,-287,12,323,556,637,545,324,5,-322,-563,-654,-569,-336,-30,291,549,656,582,361,62,-255,-506,-639,-605,-405,-108,204,461,589,563,390,126,-159,-390,-522,-517,-369,-123,0,0
38886,mtk,MTK 7916,2422073344,rx0-tx0,512,-349,-207,-443,73,225,353,457,541,590,605,574,505,408,271,114,-50,-208,-359,-487,-582,-639,-648,-615,-548,-442,-305,-143,23,201,358,474,565,620,634,599,529,432,312,167,8,-133,-263,-386,-479,-538,-559,-560,-525,-455,-365,-255,-132,-4,125,241,346,435,490,528,545,520,477,398,293,182,48,-87,-230,-359,-479,-563,-617,-644,-623,-560,-461,-318,-157,20,213,382,530,646,716,739,701,612,484,327,145,-54,-246,-413,-559,-662,-722,-722,-669,-576,-433,-257,-84,100,264,407,517,589,614,582,522,435,306,169,39,-82,-200,-297,-364,-406,-413,-390,-366,-317,-244,-170,-94,-22,45,-511,151,184,221,248,254,263,266,254,223,190,159,112,45,-24,-95,-161,-232,-288,-340,-376,-393,-386,-342,-287,-203,-95,24,157,286,397,479,540,563,552,485,387,263,94,-72,-239,-400,-519,-612,-671,-666,-616,-528,-394,-230,-55,125,298,463,586,668,699,675,615,523,369,195,1,-188,-355,-501,-616,-677,-692,-654,-564,-440,-282,-104,67,225,372,488,560,588,583,545,456,349,216,69,-71,-199,-314,-407,-469,-510,-507,-459,-384,-283,-169,-43,85,207,310,392,439,463,453,398,318,215,92,-38,-159,-277,-369,-419,-441,-414,-342,-236,-110,27,168,274,336,346,299,209,512,287,1179,-1044,-1191,53,86,111,117,99,66,19,-33,-83,-122,-154,-160,-152,-123,-76,-22,37,93,137,169,188,184,155,121,65,-5,-63,-117,-168,-192,-197,-191,-151,-109,-51,0,55,103,136,159,163,149,120,76,41,13,-17,-45,-61,-70,-74,-82,-82,-82,-77,-66,-60,-59,-43,-37,-14,9,34,60,90,116,128,135,140,120,93,56,15,-27,-71,-109,-150,-186,-190,-185,-168,-141,-102,-47,11,67,110,146,182,207,221,207,178,146,91,35,-26,-75,-112,-162,-204,-217,-225,-217,-190,-150,-106,-54,9,66,127,170,207,245,254,241,219,174,124,61,-12,-75,-138,-189,-234,-330,-279,-257,-226,-197,-136,-64,9,83,140,193,231,259,271,262,239,206,154,90,31,-28,-85,-142,-186,-223,-250,-266,-272,-262,-240,-205,-160,-106,-23,60,150,224,295,354,400,422,414,364,294,203,75,-51,-183,-309,-424,-517,-573,-590,-558,-497,-391,-250,-87,85,265,420,556,661,714,716,661,550,418,237,28,-167,-361,-531,-669,-760,-792,-768,-688,-550,-371,-166,48,253,444,593,706,771,782,725,617,471,287,101,-89,-276,-441,-560,-629,-662,-657,-600,-520,-405,-265,-112,51,196,318,421,511,556,559,541,488,413,313,197,68,-59,-186,-306,-400,-477,-527,-538,-518,-139,-494,-729,-831,-737,554,525,458,371,253,112,-46,-209,-343,-468,-571,-630,-644,-609,-541,-433,-297,-133,42,202,354,484,581,631,645,619,543,436,304,147,-17,-179,-315,-433,-525,-592,-603,-579,-533,-447,-330,-195,-56,75,211,329,423,485,524,538,524,482,408,310,200,96,-30,-157,-268,-388,-472,-534,-568,-569,-541,-478,-382,-252,-114,44,213,364,495,602,664,703,678,604,494,346,168,-34,-232,-407,-542,-651,-719,-740,-699,-609,-479,-314,-126,76,259,421,561,642,679,670,603,506,373,222,51,-109,-243,-367,-457,-503,-506,-489,-437,-355,-264,-163,-52,42,126,205,256,288,306,311,301,1105,248,209,165,104,57,13,-43,-106,-160,-196,-224,-267,-293,-314,-316,-290,-244,-185,-120,-43,48,147,248,336,418,465,489,481,439,355,242,103,-41,-196,-343,-459,-564,-623,-624,-600,-515,-392,-251,-77,105,274,431,561,643,683,673,627,528,386,222,34,-151,-322,-484,-607,-677,-703,-679,-609,-493,-331,-146,35,218,376,512,605,649,638,597,507,382,233,80,-70,-228,-353,-446,-512,-542,-532,-490,-420,-313,-195,-66,71,193,302,391,452,481,473,434,365,267,153,29,-109,-231,-324,-399,-442,-446,-420,-353,-250,-129,-1,136,257,350,403,412,366,268,145,11,-117,-206,-687,-807,1145,-658,-318,81,55,14,-35,-83,-114,-139,-147,-127,-95,-45,13,67,119,156,176,171,152,116,71,16,-51,-105,-149,-189,-196,-182,-157,-113,-53,-3,60,110,148,180,184,171,137,95,55,8,-36,-79,-107,-119,-122,-115,-100,-78,-61,-41,-15,-2,14,27,40,48,65,74,88,101,109,104,101,77,51,21,-15,-53,-101,-123,-150,-161,-166,-160,-138,-108,-61,-4,40,87,122,163,191,205,196,170,139,99,45,-14,-73,-108,-149,-193,-210,-217,-193,-171,-144,-91,-39,9,70,127,171,203,225,232,228,202,158,119,57,-14,-69,-134,-185,-224,-264,-269,-258,-228,-184,-138,826,9,84,137,195,247,270,274,257,225,183,132,73,6,-63,-124,-176,-215,-231,-240,-246,-239,-217,-185,-140,-87,-27,34,101,159,216,260,307,337,338,323,285,232,156,65,-42,-154,-259,-341,-429,-489,-507,-489,-440,-355,-240,-97,65,219,365,502,593,644,661,620,532,412,253,70,-122,-314,-477,-610,-718,-761,-747,-690,-573,-411,-216,-3,208,408,582,708,781,793,755,653,511,332,134,-78,-280,-447,-592,-686,-727,-721,-664,-560,-418,-260,-96,90,252,388,495,564,611,608,562,488,398,282,138,2,-127,-256,-364,-445,-506,-532,-532,-507,-446,-355,-257,-130,-1,126,-1235,-1131
38887,mtk,MTK 7916,2422073344,rx0-tx1,512,87,760,795,-100,73,253,421,563,675,749,784,766,689,568,412,223,15,-201,-405,-593,-745,-844,-904,-897,-834,-730,-564,-364,-132,120,356,577,771,919,1003,1037,998,889,729,515,258,-14,-293,-561,-787,-966,-1082,-1139,-1115,-1018,-852,-636,-384,-97,191,469,719,935,1087,1167,1184,1124,994,797,552,272,-30,-335,-615,-861,-1059,-1189,-1242,-1215,-1112,-932,-694,-420,-117,202,509,789,1004,1159,1249,1251,1171,1015,802,533,227,-80,-387,-670,-900,-1073,-1183,-1211,-1166,-1050,-865,-628,-352,-60,235,510,754,950,1089,1147,1135,1054,907,707,463,190,-91,-360,-604,-808,-955,-1053,-1081,-1039,-935,-779,-570,-327,-689,182,435,645,828,962,1029,1036,988,874,706,496,258,3,-254,-505,-722,-900,-1029,-1098,-1095,-1023,-885,-696,-451,-172,127,422,693,928,1100,1204,1230,1171,1041,827,549,236,-106,-437,-733,-998,-1200,-1300,-1328,-1265,-1092,-847,-546,-209,138,493,804,1056,1231,1316,1320,1225,1042,785,473,140,-205,-533,-818,-1044,-1194,-1252,-1217,-1087,-897,-644,-352,-37,277,557,783,956,1048,1072,1011,880,700,476,224,-33,-284,-504,-681,-806,-862,-864,-807,-688,-530,-335,-117,96,296,469,603,691,724,699,627,504,340,158,-34,-219,-378,-503,-582,-606,-572,-490,-354,-186,-5,168,312,405,437,406,314,194,346,523,0,-324,-48,-83,-156,-206,-231,-226,-189,-123,-38,58,143,214,267,296,296,271,222,155,81,-8,-100,-183,-256,-316,-348,-359,-341,-307,-234,-146,-48,64,163,266,359,422,458,460,426,360,271,155,25,-122,-264,-385,-486,-554,-576,-554,-500,-402,-273,-119,48,220,365,492,583,634,638,599,515,396,241,72,-98,-265,-424,-539,-620,-664,-656,-603,-509,-374,-223,-54,124,291,433,541,612,641,626,573,476,347,207,50,-118,-262,-393,-501,-564,-594,-595,-553,-462,-350,-215,-66,78,219,344,437,508,541,532,501,423,330,223,95,-32,-150,-267,-354,-422,-462,-470,-451,-408,-336,-247,-145,-130,65,165,252,321,372,396,400,380,338,274,201,124,33,-57,-137,-211,-272,-310,-331,-337,-331,-306,-265,-214,-151,-86,-18,48,115,176,235,275,308,335,348,343,319,281,221,149,59,-40,-150,-245,-338,-423,-485,-512,-506,-475,-408,-309,-190,-52,101,246,382,502,590,636,641,604,529,406,262,97,-79,-243,-395,-526,-628,-679,-683,-647,-574,-461,-312,-143,31,197,354,485,583,638,648,622,558,455,326,187,39,-105,-242,-354,-445,-505,-526,-532,-502,-444,-377,-292,-191,-79,33,144,246,332,398,447,486,497,484,444,379,291,191,74,-48,-175,-311,-426,-519,-581,-622,-519,-583,504,197,-33,692,709,682,603,488,341,167,-28,-233,-425,-595,-730,-818,-853,-832,-766,-650,-482,-288,-70,161,380,582,755,878,958,972,925,818,652,434,191,-66,-336,-575,-785,-957,-1062,-1093,-1058,-953,-790,-573,-319,-35,255,525,763,950,1088,1160,1152,1069,923,719,466,187,-104,-399,-675,-902,-1072,-1181,-1218,-1174,-1050,-870,-633,-355,-52,257,556,826,1037,1186,1257,1246,1155,986,751,480,169,-152,-462,-736,-964,-1132,-1215,-1229,-1166,-1032,-828,-580,-289,19,316,590,830,1016,1135,1180,1152,1055,889,670,410,121,-166,-443,-685,-885,-1025,-1102,-1108,-1042,-918,-736,-511,-259,9,275,518,731,898,1002,261,1044,955,817,636,410,162,-87,-332,-570,-767,-920,-1018,-1055,-1033,-954,-799,-599,-359,-89,184,450,692,897,1052,1143,1163,1102,971,772,516,224,-99,-419,-717,-975,-1158,-1267,-1297,-1223,-1077,-860,-563,-234,104,457,778,1035,1224,1319,1329,1248,1073,831,522,183,-168,-509,-811,-1054,-1220,-1295,-1275,-1167,-977,-720,-411,-80,248,552,809,1010,1128,1167,1115,986,799,557,279,-10,-294,-538,-733,-882,-956,-966,-909,-784,-611,-401,-169,60,286,478,633,743,791,781,716,601,445,261,60,-135,-319,-475,-590,-652,-662,-616,-521,-383,-212,-24,157,317,445,519,534,488,386,241,80,-80,-209,-277,689,563,0,-506,-598,-165,-132,-67,12,95,175,236,271,271,242,195,126,40,-52,-140,-214,-267,-306,-325,-315,-281,-230,-152,-61,36,129,222,306,362,402,407,381,340,257,156,43,-87,-214,-328,-423,-488,-525,-518,-471,-389,-277,-136,22,173,314,444,546,602,622,584,507,398,248,89,-84,-249,-397,-527,-617,-658,-653,-607,-516,-382,-237,-60,120,286,432,545,621,658,646,585,486,360,207,43,-123,-283,-419,-517,-583,-626,-612,-554,-469,-349,-207,-63,93,245,375,467,537,563,556,518,442,341,222,78,-56,-186,-305,-393,-462,-502,-502,-479,-424,-335,-234,-113,6,113,217,305,374,418,245,427,390,332,258,174,80,-15,-107,-197,-272,-322,-358,-373,-364,-336,-295,-236,-165,-86,-12,67,143,201,256,285,309,319,319,307,280,237,177,120,54,-26,-105,-182,-257,-320,-376,-415,-432,-420,-379,-325,-244,-133,-9,120,245,366,466,536,580,586,546,481,373,231,73,-88,-249,-400,-525,-613,-672,-679,-640,-561,-443,-290,-116,59,227,385,516,614,668,679,649,575,464,321,158,-6,-161,-305,-431,-522,-580,-597,-580,-529,-450,-349,-222,-99,25,152,255,343,415,461,489,488,469,422,353,270,184,81,-29,-142,-249,-347,-429,-493,-534,-550,-544,-493,-411,-296,-173,-25,267,-10
38888,mtk,MTK 7916,2422073344,rx1-tx0,512,0,-745,-662,-88,-277,-462,-617,-724,-794,-812,-782,-697,-555,-374,-170,41,264,481,665,814,897,935,899,797,658,466,235,-8,-263,-513,-714,-878,-990,-1032,-993,-902,-751,-539,-282,-11,273,537,757,936,1054,1089,1067,963,782,571,319,37,-247,-517,-756,-953,-1075,-1126,-1108,-1017,-845,-624,-362,-66,224,503,756,950,1064,1132,1118,1019,857,624,352,65,-226,-501,-740,-916,-1021,-1066,-1032,-922,-756,-542,-294,-33,221,447,649,790,885,912,877,790,643,471,283,76,-129,-315,-480,-605,-701,-755,-738,-691,-604,-486,-339,-171,-2,169,331,472,572,638,673,658,615,523,409,246,74,-95,-266,-408,216,-602,-653,-643,-603,-517,-402,-260,-102,68,231,372,484,571,602,597,558,491,373,240,98,-57,-202,-319,-415,-494,-531,-524,-492,-430,-337,-227,-94,38,157,265,352,414,440,449,419,376,299,196,98,1,-101,-197,-273,-325,-356,-362,-350,-315,-255,-194,-124,-46,40,119,177,219,264,290,286,289,268,228,169,89,29,-37,-110,-170,-226,-271,-287,-282,-262,-229,-179,-118,-46,16,84,152,211,247,263,273,249,214,161,97,28,-36,-101,-159,-215,-249,-249,-233,-193,-152,-107,-36,33,96,145,187,212,210,189,152,96,38,-18,-69,-116,-148,-155,-136,-112,-71,-23,21,-109,-439,0,928,985,-13,58,122,169,192,187,157,109,34,-45,-112,-166,-207,-226,-223,-190,-143,-91,-35,41,111,158,190,212,217,193,168,127,75,19,-38,-78,-122,-157,-176,-184,-177,-169,-143,-121,-88,-64,-25,31,72,109,144,184,212,226,233,201,165,131,68,2,-74,-129,-204,-260,-285,-294,-284,-249,-195,-135,-59,26,104,176,236,279,313,319,295,249,192,131,43,-35,-107,-182,-239,-298,-319,-311,-301,-252,-195,-132,-60,20,101,166,230,290,311,318,306,266,230,154,71,-1,-87,-162,-224,-266,-283,-301,-298,-259,-207,-154,-94,-18,52,116,168,223,254,265,270,252,219,-584,144,75,13,-45,-105,-157,-199,-234,-258,-258,-254,-229,-174,-126,-80,-15,45,108,166,207,238,255,260,249,219,186,144,90,23,-41,-95,-140,-185,-229,-245,-268,-270,-258,-247,-208,-153,-98,-21,48,114,192,258,302,349,368,369,351,318,255,167,60,-47,-158,-283,-389,-468,-528,-550,-521,-471,-395,-276,-133,21,196,344,485,585,644,670,641,581,468,307,124,-59,-237,-393,-534,-654,-715,-728,-694,-603,-475,-316,-139,51,237,398,544,643,701,715,676,605,482,342,178,5,-163,-324,-460,-569,-639,-674,-661,-606,-528,-414,-272,-112,54,214,360,501,605,663,689,682,-241,237,0,-16,-355,-755,-715,-624,-483,-325,-142,57,263,463,639,769,850,876,849,756,615,430,210,-25,-270,-492,-682,-847,-944,-977,-960,-860,-703,-506,-262,5,271,513,740,919,1034,1071,1044,937,774,559,287,5,-269,-543,-762,-937,-1060,-1104,-1076,-981,-827,-605,-340,-57,228,507,754,934,1077,1135,1114,1021,855,623,362,80,-224,-503,-744,-943,-1062,-1112,-1084,-987,-812,-578,-323,-42,241,497,702,865,959,999,964,863,707,500,276,34,-187,-399,-579,-703,-785,-822,-800,-728,-615,-474,-316,-126,63,228,390,523,625,678,692,675,613,504,372,221,56,-110,-275,-422,-543,-638,-668,-670,-617,-524,757,-268,-95,76,237,382,500,592,643,641,588,497,389,246,86,-64,-212,-350,-464,-526,-572,-573,-525,-452,-355,-235,-91,51,173,293,386,453,489,488,462,403,320,209,96,-17,-129,-223,-315,-372,-399,-407,-388,-335,-266,-185,-101,-18,72,152,221,264,296,315,319,295,260,215,152,65,-5,-64,-130,-191,-245,-273,-282,-286,-270,-230,-186,-127,-47,25,99,164,223,267,277,274,263,237,186,115,52,-25,-98,-153,-204,-241,-261,-257,-227,-193,-143,-74,2,75,132,167,209,227,220,194,156,114,50,-15,-70,-125,-158,-178,-186,-169,-134,-77,-12,36,78,110,116,100,743,610,0,-336,139,144,150,122,69,-1,-74,-134,-184,-218,-218,-191,-150,-89,-16,62,133,172,198,219,226,197,154,101,44,-29,-89,-125,-170,-189,-200,-190,-173,-150,-108,-68,-26,11,52,90,118,142,164,191,189,172,151,128,102,54,2,-63,-132,-163,-205,-239,-259,-252,-230,-203,-132,-60,17,98,173,231,283,315,311,286,251,189,127,48,-39,-121,-190,-242,-289,-308,-298,-291,-261,-221,-145,-45,27,98,176,229,277,310,315,296,262,219,146,67,-3,-96,-160,-221,-276,-295,-310,-310,-280,-223,-151,-82,-8,73,150,203,238,276,291,283,253,213,170,109,47,-23,-93,-147,-674,-238,-259,-258,-256,-237,-204,-154,-107,-47,15,76,148,195,217,245,259,256,241,203,159,107,37,-23,-82,-132,-169,-213,-248,-260,-258,-243,-221,-193,-142,-81,-26,45,91,143,201,244,283,307,309,303,288,235,172,92,1,-89,-169,-259,-343,-406,-447,-451,-451,-407,-321,-223,-105,41,182,311,436,533,582,605,588,529,440,299,139,-34,-208,-371,-519,-632,-690,-705,-676,-597,-483,-319,-128,55,239,404,546,651,718,736,692,611,485,321,159,-27,-199,-361,-500,-599,-670,-689,-667,-599,-499,-373,-224,-58,118,280,415,535,617,664,674,641,575,471,325,166,-1,-179,-952,-955
38889,mtk,MTK 7916,2422073344,rx1-tx1,512,0,0,0,689,601,353,11,-333,-591,-694,-608,-356,-14,331,582,665,578,333,3,-318,-548,-623,-520,-276,34,324,516,557,449,222,-74,-338,-495,-504,-368,-128,154,386,505,476,305,43,-233,-446,-534,-474,-266,23,304,503,572,478,248,-58,-352,-549,-599,-487,-242,76,383,578,627,508,258,-67,-373,-584,-632,-514,-263,49,347,547,597,487,256,-35,-310,-486,-535,-446,-236,25,264,422,458,374,197,-28,-240,-369,-393,-312,-147,43,205,304,317,243,98,-65,-199,-269,-258,-168,-41,86,178,221,195,118,7,-105,-175,-193,-156,-66,40,119,155,141,75,-13,-91,-145,-148,-100,0,77,156,183,149,67,-36,-145,-217,-235,-175,-67,63,191,280,284,206,77,-81,-231,-330,-338,-248,-92,89,255,361,374,294,132,-71,-253,-365,-397,-327,-170,33,233,376,425,361,204,5,-198,-353,-412,-360,-230,-48,152,308,375,349,240,84,-92,-252,-349,-347,-252,-108,52,189,269,283,231,125,-7,-120,-192,-213,-176,-100,-15,63,123,140,117,61,5,-40,-67,-65,-46,-24,4,23,13,-10,-27,-48,-55,-39,-9,31,80,113,110,74,15,-60,-132,-175,-181,-145,-65,28,123,202,239,216,153,57,-54,-156,-229,-264,-251,-188,-98,5,99,165,200,204,176,0,0,0,0,0,-14,39,99,152,179,172,128,58,-35,-133,-209,-246,-232,-154,-39,86,204,281,287,228,114,-33,-188,-295,-330,-287,-172,-7,165,298,357,335,226,56,-139,-296,-374,-359,-252,-74,129,297,388,377,267,77,-140,-320,-413,-397,-270,-57,167,345,441,418,269,39,-206,-400,-487,-448,-279,-32,231,437,531,478,294,23,-269,-499,-595,-526,-316,-12,305,550,653,585,352,21,-324,-599,-713,-636,-395,-51,326,626,752,691,450,90,-301,-617,-776,-733,-501,-143,254,592,768,735,512,163,-231,-563,-743,-714,-498,-161,219,537,707,673,462,135,-226,-527,-671,-625,-411,-82,274,0,662,593,352,13,-329,-585,-682,-580,-318,39,396,647,714,583,285,-97,-462,-707,-759,-594,-263,137,509,748,781,597,246,-176,-554,-788,-813,-608,-229,223,615,834,832,599,198,-261,-659,-886,-869,-616,-195,288,703,916,882,616,179,-318,-730,-937,-886,-601,-154,336,732,928,878,583,122,-361,-744,-923,-852,-558,-116,360,741,912,828,520,79,-377,-724,-861,-767,-465,-41,390,702,815,707,411,-6,-413,-690,-770,-642,-336,62,442,685,739,585,271,-119,-470,-681,-701,-530,-211,168,503,700,694,502,163,-224,-533,-695,-671,-461,-124,240,537,687,644,422,85,-273,-557,-688,0,0,0,0,0,-10,333,589,686,598,347,4,-339,-586,-683,-603,-353,-8,325,565,653,565,323,-3,-319,-532,-594,-487,-256,37,314,500,533,404,164,-113,-353,-497,-493,-344,-88,196,417,519,475,284,4,-270,-477,-553,-472,-249,49,333,532,596,492,244,-76,-363,-570,-630,-509,-243,79,373,576,627,511,253,-67,-365,-566,-622,-505,-264,36,318,510,571,477,257,-23,-280,-452,-504,-420,-228,18,244,389,418,334,176,-25,-220,-344,-363,-279,-120,59,202,284,287,202,69,-73,-187,-243,-229,-146,-29,90,177,207,172,84,-24,-115,-166,-157,-110,-32,63,136,157,119,48,-45,-125,0,-157,-90,12,112,190,210,162,68,-60,-177,-249,-254,-193,-66,81,216,305,316,232,92,-79,-238,-347,-363,-277,-115,70,243,371,403,316,154,-49,-247,-385,-417,-354,-198,12,217,368,422,372,229,23,-179,-333,-409,-373,-241,-62,116,268,357,348,247,88,-79,-221,-303,-307,-244,-122,20,153,241,261,211,119,6,-94,-155,-168,-138,-76,-9,50,86,91,73,42,-1,-36,-50,-38,-10,18,32,26,4,-31,-64,-78,-78,-58,-11,54,116,150,146,107,36,-52,-132,-189,-213,-187,-111,-10,96,187,241,252,214,128,13,-100,-188,-241,-255,-226,-161,-84,-5,72,0,0,0,0,0,-111,-126,-115,-70,-7,72,148,203,213,186,112,0,-124,-219,-263,-250,-187,-80,64,202,290,312,262,146,-12,-176,-302,-354,-317,-203,-25,160,301,367,345,231,54,-142,-302,-383,-368,-258,-78,137,320,410,384,259,65,-151,-332,-429,-407,-271,-57,188,376,467,429,264,28,-220,-414,-507,-468,-293,-26,252,471,567,511,311,17,-285,-520,-629,-567,-344,-21,320,581,689,619,383,35,-327,-603,-732,-677,-437,-72,313,617,763,710,476,113,-274,-598,-769,-740,-513,-148,249,581,758,727,507,160,-225,-551,-716,-693,-488,-149,226,529,680,653,446,112,-249,-530,-665,-609,0,-46,302,561,664,582,334,-16,-367,-620,-698,-580,-297,73,431,678,734,587,273,-114,-478,-721,-763,-592,-258,157,536,772,793,595,239,-193,-582,-818,-822,-604,-213,252,648,861,840,600,191,-283,-692,-904,-878,-620,-185,305,711,933,894,611,160,-325,-729,-938,-890,-598,-139,351,743,940,880,577,119,-367,-741,-915,-845,-544,-93,369,725,884,799,495,58,-380,-713,-848,-743,-426,-6,398,693,791,662,358,-37,-428,-695,-757,-610,-300,91,459,691,728,562,237,-150,-492,-704,-711,-518,-189,182,510,694,675,471,147,-225,-539,-690,-651,-439,-110,257,550,689,633,403,60,0,0
38890,mtk,MTK 7916,2422073344,rx2-tx0,512,0,0,0,109,-441,-869,-1053,-944,-571,-40,503,905,1053,906,506,-35,-565,-934,-1040,-852,-425,124,632,956,1016,791,343,-209,-701,-988,-991,-714,-233,313,769,1012,964,634,130,-417,-842,-1035,-928,-552,-16,524,925,1057,892,473,-81,-611,-976,-1063,-844,-384,181,695,1012,1037,767,275,-289,-774,-1029,-991,-669,-158,409,857,1057,952,565,13,-546,-951,-1088,-913,-473,110,674,1049,1126,888,396,-221,-788,-1142,-1168,-862,-325,307,863,1182,1181,861,293,-360,-906,-1209,-1186,-830,-251,399,929,1204,1148,775,188,-436,-939,-1183,-1098,-714,-142,468,941,1147,1038,649,83,-499,-930,-1094,-954,-556,-2,550,0,1060,882,453,-94,-608,-950,-1018,-800,-360,184,674,973,998,743,277,-279,-757,-1016,-986,-682,-183,376,834,1060,990,633,96,-474,-924,-1123,-1012,-613,-32,571,1016,1188,1040,605,-1,-611,-1072,-1252,-1082,-619,13,649,1115,1282,1113,639,-13,-659,-1138,-1318,-1141,-659,0,662,1144,1316,1138,660,10,-646,-1140,-1327,-1171,-710,-65,597,1102,1317,1191,759,141,-510,-1011,-1248,-1171,-802,-235,377,881,1153,1126,816,313,-246,-716,-993,-1017,-785,-369,118,557,838,891,722,383,-32,-416,-681,-763,-647,-383,-42,300,546,649,594,403,121,-172,-409,-545,-555,-446,-247,-18,194,350,422,406,324,196,0,0,0,0,0,140,271,376,430,409,302,121,-100,-317,-486,-565,-523,-367,-119,166,419,584,618,506,267,-40,-342,-565,-654,-583,-359,-38,289,552,686,639,421,99,-257,-558,-713,-683,-475,-134,252,575,743,716,503,150,-251,-590,-773,-744,-513,-145,274,633,818,776,529,132,-312,-678,-873,-830,-560,-133,335,725,928,879,588,141,-346,-749,-952,-899,-601,-137,363,769,972,916,611,137,-376,-787,-983,-915,-601,-124,386,788,978,900,584,107,-399,-796,-972,-882,-558,-79,421,804,965,863,524,43,-447,-811,-951,-832,-482,2,478,822,939,803,443,-39,-505,-831,-923,-754,-375,94,534,828,0,693,314,-152,-579,-838,-862,-643,-238,229,630,858,838,576,149,-323,-704,-880,-812,-507,-57,411,770,915,796,446,-29,-511,-849,-945,-778,-386,120,594,915,977,761,324,-207,-684,-969,-985,-727,-265,277,740,998,974,678,195,-352,-801,-1019,-944,-606,-95,444,858,1027,903,524,-11,-549,-935,-1048,-858,-430,119,637,985,1052,816,350,-211,-718,-1029,-1049,-767,-264,311,799,1063,1031,713,186,-392,-859,-1087,-1012,-646,-101,473,911,1093,973,579,19,-544,-951,-1090,-927,-511,53,610,986,1084,881,431,-132,-656,-999,-1066,-829,-359,204,711,1023,1041,768,286,-280,-763,-1027,-1008,-704,-204,0,0,0,0,0,1052,960,605,80,-469,-888,-1054,-927,-540,-3,532,922,1048,882,469,-77,-595,-944,-1034,-827,-381,164,661,975,1011,756,287,-259,-731,-998,-980,-679,-183,358,804,1020,945,590,68,-473,-882,-1049,-913,-515,34,578,957,1064,872,430,-135,-657,-992,-1052,-813,-336,234,732,1020,1014,718,220,-347,-814,-1044,-976,-624,-85,474,902,1070,929,518,-51,-610,-998,-1105,-899,-431,167,731,1093,1147,880,365,-263,-827,-1162,-1174,-864,-308,340,896,1206,1186,842,264,-382,-927,-1213,-1164,-805,-226,415,940,1197,1133,755,171,-449,-938,-1170,-1077,-684,-115,479,931,1127,1009,609,44,-523,-936,-1083,-923,0,35,577,944,1038,834,395,-152,-647,-967,-1014,-771,-308,238,720,995,994,714,228,-328,-793,-1030,-981,-653,-141,422,875,1089,996,619,57,-529,-972,-1153,-1017,-601,-13,587,1047,1220,1058,609,-11,-637,-1100,-1271,-1093,-624,12,649,1133,1313,1129,640,-18,-674,-1151,-1320,-1143,-661,-3,657,1145,1327,1162,693,27,-639,-1119,-1313,-1175,-735,-103,548,1051,1284,1186,778,183,-451,-961,-1214,-1156,-818,-281,303,794,1070,1069,799,345,-180,-636,-920,-956,-754,-373,76,481,749,820,681,378,-3,-359,-611,-705,-623,-390,-77,243,487,601,577,422,181,-89,-319,-468,-512,-452,-312,-130,50,192,277,0,0,0,0,0,-302,-246,-136,25,211,380,492,513,431,257,19,-243,-462,-580,-571,-438,-201,97,380,573,636,547,321,9,-315,-569,-676,-612,-395,-72,277,552,692,659,450,118,-256,-566,-725,-697,-489,-148,251,582,755,724,507,148,-259,-600,-784,-763,-526,-143,286,650,846,808,547,129,-326,-703,-898,-849,-571,-135,349,741,940,892,600,137,-360,-761,-965,-909,-608,-145,363,773,976,913,605,129,-384,-792,-981,-906,-591,-122,386,792,982,897,571,92,-410,-795,-967,-877,-544,-59,437,805,957,849,502,20,-463,-817,-946,-814,-458,20,490,817,920,770,412,-62,-515,-820,-897,-723,-346,0,557,829,867,662,271,-196,-608,-849,-852,-609,-197,272,665,874,826,543,98,-376,-740,-896,-800,-479,-11,460,804,924,789,422,-79,-560,-879,-962,-775,-361,156,638,947,983,742,298,-237,-715,-988,-982,-708,-237,304,766,1011,965,643,141,-397,-829,-1024,-930,-570,-49,491,887,1030,882,478,-66,-596,-953,-1041,-836,-390,173,688,1009,1044,790,310,-264,-767,-1053,-1042,-737,-225,353,830,1077,1021,679,140,-438,-888,-1090,-993,-615,-61,508,933,1097,954,549,-19,-580,-970,-1089,-906,-477,91,634,994,1072,854,393,-171,-689,-1007,-1047,-798,-320,249,742,1023,1027,739,244,-315,-782,-1020,0,0
38891,mtk,MTK 7916,2422073344,rx2-tx1,512,0,0,0,-179,85,325,475,489,377,159,-95,-314,-437,-448,-337,-133,100,294,399,397,287,100,-105,-271,-364,-354,-245,-71,111,249,309,288,192,39,-110,-224,-257,-223,-130,-6,114,183,199,158,69,-35,-115,-155,-140,-88,-13,59,112,113,81,11,-66,-116,-124,-87,-6,84,148,172,133,38,-79,-184,-232,-217,-147,-25,132,272,332,302,183,-11,-212,-354,-408,-352,-195,29,256,415,473,411,229,-29,-292,-481,-544,-462,-247,32,302,503,574,484,265,-23,-312,-530,-612,-517,-283,27,333,553,633,539,294,-22,-330,-562,-638,-538,-299,19,340,561,639,541,302,-25,-343,-569,0,-531,-276,49,348,560,617,498,249,-61,-364,-566,-597,-465,-214,98,385,559,583,441,176,-151,-431,-578,-563,-394,-107,215,483,622,581,378,59,-295,-570,-692,-626,-379,-17,365,645,761,680,402,3,-403,-721,-855,-758,-469,-47,401,754,911,835,542,96,-388,-772,-958,-903,-610,-154,348,753,976,947,678,230,-276,-710,-968,-981,-732,-308,184,636,932,980,784,403,-73,-538,-863,-963,-824,-493,-55,388,723,878,814,554,167,-242,-577,-764,-755,-560,-251,103,418,622,662,547,308,8,-278,-485,-572,-535,-378,-139,115,326,456,477,403,259,79,-99,-240,-317,-324,-272,-182,0,0,0,0,0,-120,-186,-224,-226,-185,-110,-7,112,209,265,275,233,143,13,-124,-230,-288,-281,-207,-88,50,177,264,292,250,144,2,-132,-231,-278,-254,-165,-41,99,216,271,250,167,42,-89,-198,-241,-228,-166,-49,82,186,245,226,146,43,-72,-171,-221,-210,-143,-29,82,163,197,183,103,6,-89,-154,-170,-130,-56,39,120,160,155,99,1,-93,-156,-184,-164,-83,40,162,230,247,182,57,-73,-196,-288,-295,-220,-88,80,234,325,334,251,102,-75,-239,-348,-368,-276,-108,74,237,352,378,296,131,-53,-228,-350,-374,-285,-128,65,244,347,359,279,127,-55,-225,-336,-350,0,-108,82,256,350,339,239,72,-128,-288,-366,-344,-225,-34,168,319,377,330,198,8,-187,-337,-402,-349,-188,22,229,371,410,328,158,-69,-278,-406,-416,-325,-144,93,312,442,447,326,116,-131,-345,-459,-442,-312,-95,156,363,471,446,295,55,-206,-400,-478,-420,-243,4,263,450,505,418,203,-75,-340,-520,-549,-422,-176,120,394,568,590,440,166,-154,-442,-618,-630,-471,-182,173,479,653,653,478,178,-174,-493,-676,-678,-500,-188,179,490,674,678,506,202,-164,-488,-687,-703,-533,-223,137,462,662,681,525,238,-104,-421,-622,-658,-528,-257,82,376,562,602,474,215,0,0,0,0,0,-492,-512,-395,-179,84,318,467,477,355,144,-91,-300,-427,-431,-310,-116,94,272,373,371,266,91,-100,-254,-345,-328,-210,-52,106,233,285,256,160,27,-108,-200,-233,-192,-106,8,118,179,173,124,47,-44,-122,-149,-121,-56,19,95,124,102,40,-39,-114,-140,-121,-58,37,137,188,186,132,32,-100,-215,-278,-260,-158,-1,171,310,372,331,191,-16,-226,-382,-438,-382,-216,17,266,445,506,429,238,-25,-290,-491,-561,-484,-271,21,314,524,596,501,273,-27,-328,-559,-632,-528,-287,24,332,556,637,550,309,-16,-345,-573,-644,-543,-308,17,342,576,642,543,296,0,-343,-553,-619,-526,-276,48,350,556,609,485,235,-76,-367,-560,-582,-449,-194,115,392,563,575,412,129,-183,-456,-599,-569,-385,-77,261,528,654,606,377,34,-331,-608,-738,-658,-390,-10,372,676,806,726,438,28,-401,-740,-903,-814,-494,-57,401,765,939,869,576,126,-359,-769,-978,-921,-636,-198,305,738,969,953,694,262,-244,-683,-951,-985,-767,-365,125,586,897,976,811,448,-22,-468,-790,-924,-821,-522,-112,315,651,812,776,557,207,-183,-510,-699,-719,-564,-288,40,349,555,609,527,341,83,-196,-421,-537,-519,-388,-194,20,217,360,421,394,297,159,15,-101,-172,0,0,0,0,0,152,94,19,-74,-164,-235,-265,-247,-184,-81,46,168,259,290,261,185,59,-87,-203,-268,-279,-227,-125,14,151,247,287,252,161,27,-121,-235,-277,-246,-161,-42,92,204,252,234,156,35,-96,-195,-239,-221,-155,-52,79,181,226,208,148,50,-69,-172,-214,-188,-117,-26,84,165,188,153,86,-11,-109,-171,-167,-119,-40,57,141,175,154,86,-14,-117,-196,-220,-167,-64,65,188,259,261,201,82,-81,-220,-301,-306,-239,-98,73,234,331,344,270,123,-69,-246,-355,-364,-286,-142,58,247,356,365,282,138,-51,-239,-355,-366,-290,-130,61,227,337,353,265,109,-74,0,-338,-340,-247,-80,108,260,351,337,221,47,-138,-291,-368,-342,-206,-14,186,336,390,336,194,-3,-207,-350,-392,-327,-158,61,256,380,410,339,159,-77,-288,-415,-433,-327,-126,111,327,451,447,312,97,-149,-353,-461,-439,-301,-75,177,386,482,436,261,17,-231,-426,-498,-420,-221,43,299,480,527,422,188,-104,-374,-545,-565,-430,-173,133,413,591,602,460,185,-152,-454,-646,-652,-476,-178,171,487,661,655,483,178,-176,-492,-677,-676,-498,-192,175,498,685,686,515,214,-151,-480,-673,-686,-530,-232,130,447,635,663,524,248,-96,-406,-598,-626,-487,-237,67,346,527,0,0
38892,mtk,MTK 7916,2422137698,rx0-tx0,512,-349,-207,-443,346,444,526,550,512,434,297,132,-42,-228,-388,-516,-600,-609,-559,-456,-303,-114,80,278,448,571,633,629,566,442,267,77,-128,-317,-466,-577,-624,-608,-525,-396,-239,-47,143,309,454,545,577,559,486,369,227,63,-108,-259,-381,-465,-510,-512,-469,-374,-256,-122,22,169,290,395,467,501,489,434,347,225,72,-82,-233,-378,-478,-547,-563,-524,-435,-291,-119,62,246,413,530,604,616,559,450,292,103,-90,-289,-452,-557,-611,-604,-532,-399,-232,-39,156,322,456,532,559,532,444,313,163,-2,-161,-297,-391,-431,-442,-412,-342,-245,-135,-20,92,191,267,309,323,311,-511,239,179,105,23,-53,-127,-200,-264,-295,-315,-308,-277,-225,-152,-52,56,165,266,347,394,416,400,342,239,106,-36,-193,-335,-445,-510,-527,-494,-406,-274,-99,80,270,424,539,609,598,535,406,229,45,-166,-365,-514,-608,-644,-616,-530,-374,-188,21,240,424,565,646,652,597,483,311,113,-113,-319,-475,-591,-636,-620,-529,-384,-204,-6,186,353,482,558,570,522,424,290,126,-48,-211,-346,-442,-500,-498,-445,-352,-221,-73,79,231,349,429,460,447,384,278,143,-10,-159,-287,-381,-429,-428,-383,-282,-146,4,150,277,369,407,379,291,168,18,-129,-239,-301,-295,-229,512,287,1179,-1044,-1191,-117,-106,-64,-8,61,121,158,174,149,101,35,-39,-111,-165,-195,-194,-166,-117,-46,28,106,164,198,211,192,147,79,11,-62,-129,-176,-196,-191,-167,-116,-61,0,64,121,159,178,175,159,126,81,34,-19,-73,-110,-139,-164,-172,-168,-147,-92,-36,26,92,149,195,218,213,194,148,76,-5,-89,-151,-204,-238,-244,-218,-168,-102,-26,50,128,183,217,231,228,193,132,56,-16,-87,-143,-193,-218,-219,-206,-159,-105,-46,33,98,146,189,213,211,190,146,88,31,-23,-84,-142,-179,-205,-207,-194,-165,-106,-52,16,75,129,195,214,226,219,183,130,72,-9,-330,-155,-211,-253,-265,-248,-205,-142,-69,18,103,181,239,275,284,266,223,158,76,-19,-112,-187,-251,-297,-314,-297,-256,-191,-109,-13,98,193,269,323,360,366,321,251,154,39,-89,-209,-316,-401,-443,-454,-413,-322,-194,-40,122,272,403,501,553,542,477,356,195,6,-195,-374,-519,-616,-641,-600,-498,-336,-140,83,292,481,610,687,685,602,456,262,41,-185,-386,-556,-661,-688,-641,-525,-360,-167,45,251,427,549,606,615,550,437,285,111,-69,-237,-377,-470,-512,-517,-465,-373,-254,-113,28,173,295,384,450,470,449,389,295,174,48,-93,-236,-351,-431,-474,-473,-428,-139,-494,-729,-831,-737,401,286,144,-37,-201,-356,-482,-552,-575,-536,-438,-308,-130,68,257,421,545,609,615,564,452,292,100,-103,-298,-467,-582,-633,-625,-544,-421,-254,-56,145,332,467,561,602,579,505,384,219,41,-131,-295,-420,-504,-546,-534,-467,-361,-234,-87,63,216,342,423,477,492,459,391,294,168,33,-117,-254,-373,-467,-521,-524,-495,-405,-276,-121,65,240,401,520,579,595,550,447,297,120,-78,-267,-432,-555,-613,-616,-564,-430,-263,-71,125,311,459,557,603,572,491,359,195,20,-161,-317,-427,-490,-509,-472,-388,-263,-128,3,134,247,329,371,387,364,313,237,145,52,-43,1105,-196,-252,-291,-305,-296,-270,-229,-162,-86,-3,92,177,258,319,360,364,339,281,193,85,-36,-166,-291,-395,-455,-479,-459,-383,-261,-110,54,222,374,498,572,577,526,410,260,68,-131,-321,-485,-579,-627,-618,-531,-390,-211,-12,194,389,541,629,667,623,510,350,143,-66,-273,-444,-577,-646,-653,-570,-432,-258,-58,147,339,491,587,617,574,475,336,162,-23,-199,-350,-462,-530,-535,-484,-387,-256,-100,69,221,346,436,477,476,418,319,185,34,-115,-252,-359,-426,-448,-416,-340,-225,-79,69,210,325,394,415,387,307,183,30,-126,-253,-338,-368,-327,-233,-104,36,151,-687,-807,1145,-658,-318,16,71,118,142,141,99,46,-23,-95,-148,-181,-183,-155,-101,-30,45,110,168,198,201,181,128,65,-9,-83,-145,-186,-201,-199,-163,-101,-32,36,100,148,178,191,186,145,94,34,-19,-70,-120,-150,-165,-172,-154,-123,-86,-40,14,63,122,165,181,192,180,145,91,22,-44,-112,-174,-214,-234,-225,-188,-137,-52,35,113,176,217,240,244,209,148,76,3,-79,-149,-204,-228,-228,-209,-172,-119,-42,28,101,157,187,212,212,185,151,99,36,-33,-91,-147,-180,-200,-204,-194,-156,-101,-46,22,76,137,179,202,217,200,183,128,54,-8,-84,-153,-198,-234,-254,826,-204,-147,-72,9,94,170,224,264,275,258,215,145,63,-26,-113,-190,-248,-289,-301,-278,-232,-169,-89,6,99,188,256,308,336,328,287,225,146,45,-84,-201,-298,-364,-404,-411,-366,-297,-179,-45,97,244,364,454,503,499,441,337,194,24,-150,-320,-466,-561,-600,-574,-487,-358,-174,36,239,421,556,645,670,617,497,314,103,-126,-345,-527,-651,-704,-676,-581,-422,-216,5,226,416,562,647,666,608,486,314,129,-75,-265,-412,-517,-564,-558,-501,-392,-251,-101,53,209,329,421,473,481,451,372,272,148,5,-132,-260,-361,-430,-463,-468,-420,-326,-207,-66,80,220,-1235,-1131
38893,mtk,MTK 7916,2422137698,rx0-tx1,512,87,760,795,455,581,662,682,625,520,358,155,-60,-279,-478,-639,-743,-770,-731,-621,-446,-230,20,266,491,683,808,862,827,721,544,301,27,-257,-520,-740,-892,-963,-943,-824,-621,-358,-57,254,553,800,965,1034,1006,890,675,388,70,-261,-565,-818,-996,-1076,-1055,-935,-722,-454,-131,207,529,798,998,1102,1105,1007,806,525,197,-164,-498,-793,-1018,-1142,-1161,-1061,-868,-583,-229,138,496,811,1042,1168,1182,1076,875,586,238,-130,-479,-780,-1011,-1137,-1151,-1054,-855,-583,-251,109,446,741,960,1079,1103,1017,829,573,259,-76,-403,-686,-899,-1019,-1051,-979,-814,-575,-284,29,336,615,826,957,1005,-689,816,598,329,28,-267,-540,-761,-915,-981,-953,-844,-660,-403,-103,206,493,734,924,1017,1014,917,728,463,156,-185,-510,-781,-983,-1094,-1091,-976,-767,-478,-136,230,573,863,1070,1159,1139,996,747,426,58,-320,-670,-943,-1119,-1183,-1122,-944,-670,-326,49,415,740,983,1133,1152,1039,838,546,198,-163,-504,-778,-975,-1065,-1039,-906,-675,-377,-44,273,551,774,899,934,866,718,491,223,-59,-319,-536,-698,-774,-777,-695,-542,-345,-120,112,321,490,611,660,644,550,408,227,19,-185,-360,-495,-570,-571,-515,-397,-234,-49,142,313,436,498,492,415,276,103,-80,-237,-336,-370,-326,-221,346,523,0,-324,-48,178,158,100,12,-91,-183,-247,-273,-253,-200,-115,-10,100,199,271,313,309,272,206,112,2,-116,-221,-307,-358,-372,-341,-268,-165,-52,82,210,311,390,428,421,363,269,145,-3,-156,-285,-397,-476,-498,-466,-384,-260,-98,72,239,386,494,553,551,485,373,217,33,-157,-327,-459,-553,-591,-561,-471,-335,-163,31,211,378,506,576,589,541,431,286,110,-80,-250,-397,-507,-559,-557,-499,-386,-246,-81,84,247,378,469,515,504,456,363,232,86,-66,-217,-343,-436,-481,-483,-443,-357,-238,-95,45,184,306,392,448,465,428,353,252,125,-14,-156,-276,-366,-425,-443,-416,-130,-272,-153,-23,107,229,326,389,418,410,368,289,186,69,-58,-176,-280,-359,-404,-411,-385,-322,-234,-129,-14,105,217,305,368,401,397,366,300,205,104,-8,-133,-244,-333,-396,-429,-433,-396,-321,-214,-87,54,194,324,433,503,526,509,436,315,166,-4,-172,-338,-473,-562,-600,-579,-503,-380,-221,-32,169,348,496,602,646,632,552,414,249,48,-163,-351,-504,-609,-658,-638,-557,-426,-250,-57,136,319,472,570,611,593,528,413,259,90,-84,-245,-381,-486,-544,-546,-507,-431,-312,-168,-17,133,275,397,479,522,524,486,406,288,146,-16,-174,-325,-455,-543,-587,-578,-510,-519,-583,504,197,-33,469,314,130,-79,-285,-464,-614,-701,-722,-679,-568,-404,-193,42,274,491,662,774,819,774,670,493,259,-2,-266,-506,-712,-848,-908,-878,-771,-582,-331,-47,257,542,773,929,999,974,862,652,377,60,-259,-560,-814,-982,-1059,-1036,-913,-702,-421,-98,234,551,811,1003,1100,1086,968,763,488,161,-181,-511,-797,-1008,-1127,-1137,-1037,-844,-560,-220,146,497,800,1038,1162,1172,1077,875,582,239,-129,-485,-792,-1026,-1155,-1168,-1066,-867,-580,-239,124,471,764,984,1115,1131,1041,847,575,253,-87,-423,-712,-928,-1053,-1076,-997,-822,-569,-265,54,372,651,862,994,1023,968,814,582,308,2,261,-571,-788,-932,-987,-946,-823,-623,-368,-71,229,505,743,915,995,983,874,693,438,132,-184,-489,-754,-948,-1052,-1056,-946,-745,-477,-149,201,532,815,1028,1136,1128,996,769,464,106,-266,-622,-912,-1104,-1184,-1146,-983,-718,-384,-11,367,707,971,1130,1169,1084,891,605,262,-120,-469,-766,-992,-1101,-1099,-979,-761,-471,-127,222,538,788,952,1007,954,817,587,302,-4,-303,-551,-741,-839,-854,-778,-629,-414,-167,86,327,519,648,713,702,617,478,290,77,-143,-341,-491,-590,-622,-585,-485,-334,-144,54,238,394,495,539,519,428,277,97,-89,-261,-388,-448,-436,-347,-206,-47,108,211,689,563,0,-506,-598,-40,-122,-192,-231,-230,-184,-98,8,114,207,271,299,287,232,151,44,-72,-171,-256,-316,-341,-327,-275,-188,-79,44,169,273,343,382,387,344,273,165,31,-114,-246,-353,-433,-464,-445,-373,-272,-130,33,191,334,451,519,528,488,390,244,72,-116,-288,-431,-535,-585,-569,-485,-356,-196,-2,189,358,491,574,594,552,461,309,134,-53,-240,-395,-509,-573,-575,-519,-418,-270,-90,86,258,395,489,538,533,479,374,242,83,-78,-231,-369,-456,-498,-500,-454,-360,-233,-87,62,204,324,417,460,468,436,355,243,115,-29,-173,-287,-378,-436,-457,-431,-361,-267,-144,-5,131,245,340,408,432,420,368,280,169,43,-83,-205,-308,-378,-419,-418,-379,-305,-205,-89,30,144,251,328,380,403,387,333,257,161,51,-62,-171,-276,-347,-394,-416,-400,-347,-262,-157,-40,90,217,328,416,466,481,450,379,271,126,-28,-185,-335,-449,-529,-559,-538,-469,-345,-194,-18,165,338,482,582,632,615,535,412,238,40,-163,-355,-500,-608,-666,-644,-563,-426,-256,-53,158,346,497,598,636,619,546,416,246,65,-114,-286,-432,-529,-580,-574,-517,-419,-288,-127,37,188,328,438,506,533,518,462,359,229,85,-71,-221,-358,-466,-533,-552,-529,-461,-349,-204,-35,141,311,267,-10
38894,mtk,MTK 7916,2422137698,rx1-tx0,512,0,-745,-662,-448,-611,-718,-759,-712,-602,-434,-207,28,279,497,666,781,818,777,660,471,228,-49,-315,-560,-747,-862,-897,-844,-702,-490,-213,87,377,626,816,928,953,874,712,466,170,-136,-436,-690,-873,-974,-981,-877,-688,-438,-133,177,473,725,899,991,976,865,677,414,122,-196,-494,-743,-912,-996,-979,-847,-643,-375,-71,252,555,777,927,978,944,798,580,308,-3,-292,-570,-783,-899,-927,-866,-714,-494,-229,59,330,558,724,805,825,754,599,402,165,-81,-305,-500,-648,-724,-732,-664,-541,-372,-151,65,274,458,577,652,661,604,490,334,140,-67,-248,-407,-539,-601,-600,-548,-444,216,-105,91,260,408,513,548,546,482,358,216,48,-117,-260,-378,-457,-477,-440,-373,-268,-146,-16,112,216,314,376,389,366,304,221,125,24,-81,-175,-251,-292,-315,-305,-263,-203,-133,-49,35,115,171,221,258,258,236,202,143,82,7,-55,-115,-169,-209,-215,-218,-209,-173,-126,-71,-10,58,139,191,239,273,258,238,181,95,4,-102,-177,-238,-275,-296,-282,-221,-142,-50,54,152,227,275,294,281,228,155,67,-26,-123,-194,-236,-260,-250,-207,-148,-71,5,83,151,191,209,193,156,110,46,-19,-70,-110,-139,-150,-137,-107,-72,-23,31,65,90,107,97,70,38,-109,-439,0,928,985,-129,-158,-153,-115,-55,31,116,181,220,212,173,108,23,-64,-146,-198,-224,-226,-192,-133,-58,30,105,163,208,224,204,162,112,31,-31,-82,-138,-164,-168,-160,-130,-98,-57,-14,25,54,78,98,107,114,122,117,100,78,46,11,-23,-76,-127,-163,-194,-200,-187,-147,-87,-20,51,126,186,232,245,239,195,133,60,-20,-94,-173,-220,-253,-267,-236,-188,-116,-39,43,119,192,233,248,248,223,165,96,29,-46,-128,-172,-223,-247,-250,-215,-165,-98,-25,46,122,187,222,229,229,210,161,94,20,-47,-113,-162,-207,-226,-213,-193,-152,-90,-28,37,102,151,176,-584,185,181,143,94,50,-2,-58,-115,-152,-165,-178,-176,-157,-123,-76,-26,18,74,110,134,165,174,165,147,123,88,45,9,-46,-100,-145,-180,-198,-204,-208,-186,-148,-93,-28,48,130,200,265,312,323,304,260,188,79,-37,-153,-271,-372,-444,-470,-449,-379,-255,-96,69,247,391,508,590,598,545,417,251,62,-148,-349,-515,-635,-683,-659,-571,-417,-211,14,235,446,605,700,727,671,562,391,164,-69,-310,-504,-642,-721,-718,-651,-520,-333,-120,104,319,506,633,698,691,624,491,312,119,-106,-311,-481,-608,-674,-679,-620,-500,-335,-143,72,281,463,602,685,699,635,-241,237,0,-16,-355,-573,-411,-210,22,264,467,644,752,790,753,629,450,224,-35,-292,-524,-705,-828,-863,-811,-680,-470,-217,62,347,600,789,911,929,861,700,460,183,-116,-411,-666,-866,-964,-968,-881,-697,-453,-158,157,462,704,891,984,978,876,683,420,117,-199,-488,-740,-916,-1003,-980,-864,-658,-397,-98,226,522,759,928,1001,981,840,622,339,36,-277,-566,-777,-924,-961,-905,-778,-542,-266,26,308,560,747,859,880,812,665,454,208,-54,-314,-531,-691,-781,-781,-706,-579,-389,-166,70,291,471,612,690,690,636,508,341,150,-63,-266,-434,-563,-632,-630,-565,-473,-315,-122,72,256,416,757,588,576,505,395,232,68,-97,-267,-392,-480,-512,-490,-420,-319,-178,-16,127,252,346,402,423,399,344,260,134,18,-99,-204,-284,-328,-341,-323,-278,-208,-129,-38,58,139,204,251,276,277,242,201,145,67,-15,-85,-153,-198,-226,-235,-223,-206,-161,-99,-39,9,82,150,198,222,228,230,202,156,102,6,-78,-156,-227,-269,-295,-286,-235,-174,-87,6,109,200,257,290,293,257,194,113,19,-85,-173,-237,-276,-282,-253,-188,-113,-31,63,139,197,231,231,208,157,91,21,-56,-108,-152,-180,-174,-150,-118,-75,-18,42,87,117,137,124,96,66,22,-24,-60,-76,743,610,0,-336,139,-70,-7,69,133,182,202,171,111,24,-65,-141,-201,-231,-224,-180,-112,-32,51,129,185,227,235,201,146,75,-4,-75,-128,-179,-207,-186,-165,-124,-68,-20,34,81,109,131,132,124,115,96,74,43,18,-10,-48,-84,-112,-131,-136,-147,-144,-113,-74,-21,41,102,163,199,213,214,187,142,76,-5,-83,-154,-202,-239,-246,-230,-184,-109,-43,37,118,178,227,250,248,222,169,94,24,-49,-130,-194,-231,-247,-251,-208,-158,-95,-24,53,128,189,237,249,244,216,162,90,21,-50,-122,-189,-226,-229,-218,-190,-147,-99,-23,43,102,159,193,211,212,192,150,97,-674,-9,-72,-132,-159,-176,-188,-179,-154,-99,-57,-11,47,91,136,158,165,168,160,129,102,60,7,-42,-82,-122,-157,-173,-179,-184,-164,-135,-92,-40,14,69,132,180,221,251,259,240,196,137,53,-45,-140,-226,-310,-367,-387,-375,-320,-227,-103,45,192,332,445,508,531,500,405,276,97,-100,-299,-470,-581,-643,-643,-566,-433,-248,-29,196,404,573,676,709,676,566,395,182,-49,-271,-465,-627,-714,-731,-673,-535,-360,-136,93,314,509,642,710,705,639,504,317,105,-116,-319,-497,-616,-688,-697,-621,-494,-318,-113,97,303,477,604,680,690,633,519,355,161,-60,-281,-952,-955
38895,mtk,MTK 7916,2422137698,rx1-tx1,512,0,0,0,586,731,715,549,266,-85,-419,-657,-754,-696,-496,-187,158,463,669,729,637,412,103,-230,-495,-644,-658,-534,-292,7,295,511,608,563,401,152,-132,-383,-530,-560,-467,-265,-3,255,457,554,529,380,145,-122,-365,-526,-566,-475,-283,-29,240,457,572,567,441,212,-50,-297,-497,-591,-548,-395,-162,102,347,511,568,505,339,118,-130,-348,-483,-507,-435,-269,-57,156,324,417,413,330,173,-5,-162,-274,-332,-310,-225,-97,44,164,235,260,222,132,21,-85,-156,-188,-177,-126,-55,22,89,124,124,100,52,-6,-47,-70,-73,-49,-13,37,66,63,40,9,-42,-90,-118,0,-89,-25,58,130,179,194,169,101,6,-100,-201,-267,-271,-209,-108,21,155,271,330,323,258,129,-34,-190,-315,-384,-374,-289,-137,49,226,362,426,404,300,137,-55,-238,-377,-444,-428,-324,-151,47,229,367,420,396,296,148,-34,-206,-336,-390,-362,-276,-150,5,158,273,327,310,231,118,-7,-124,-209,-245,-222,-161,-73,14,96,143,153,132,78,8,-50,-87,-92,-75,-39,12,58,80,79,53,9,-47,-96,-123,-119,-93,-37,37,110,165,190,183,134,55,-40,-137,-210,-246,-243,-198,-113,-8,97,196,267,297,282,227,137,35,-69,-156,-219,-251,-248,-214,-164,0,0,0,0,0,97,90,71,37,-12,-67,-122,-166,-185,-172,-132,-68,17,108,185,231,237,201,124,19,-94,-200,-274,-292,-255,-173,-54,82,206,295,329,299,200,61,-85,-221,-315,-349,-305,-199,-59,98,239,328,346,288,164,7,-154,-281,-341,-333,-243,-85,89,237,351,392,339,200,18,-184,-350,-455,-464,-368,-185,45,277,454,541,515,380,157,-105,-360,-541,-616,-562,-390,-138,154,426,616,674,594,390,103,-218,-496,-672,-712,-612,-385,-71,261,538,697,714,592,347,25,-300,-554,-693,-689,-540,-276,43,348,566,665,620,444,175,-124,-401,-581,-625,-529,-322,-39,248,478,599,0,436,187,-108,-384,-582,-644,-565,-347,-49,266,531,684,685,534,254,-82,-407,-652,-768,-707,-488,-158,208,540,761,815,697,426,52,-340,-662,-850,-855,-669,-329,79,478,786,930,869,618,230,-212,-612,-887,-974,-856,-546,-120,340,727,962,993,809,453,4,-441,-796,-984,-961,-734,-352,106,538,853,982,893,615,216,-227,-617,-868,-928,-786,-481,-74,340,680,861,849,655,327,-67,-441,-717,-829,-746,-505,-161,220,542,738,770,626,353,3,-354,-634,-754,-702,-501,-198,159,475,685,741,629,382,55,-284,-561,-715,-713,-549,-264,77,401,634,727,659,451,143,-197,-493,-678,0,0,0,0,0,-441,-128,219,515,702,746,635,379,36,-301,-571,-730,-734,-576,-302,24,343,588,705,666,487,207,-110,-395,-584,-644,-559,-351,-79,204,431,564,566,436,213,-55,-307,-494,-566,-503,-318,-75,183,406,540,550,428,212,-48,-297,-491,-580,-538,-370,-126,143,388,549,591,504,316,56,-212,-436,-566,-582,-469,-256,10,253,433,530,524,403,204,-30,-249,-404,-466,-434,-310,-128,69,234,339,372,325,210,59,-96,-218,-284,-287,-229,-124,1,121,202,223,199,136,51,-37,-111,-157,-160,-121,-64,9,63,89,89,67,29,-10,-46,-65,-54,-26,11,52,83,81,55,11,0,-114,-146,-154,-124,-52,41,131,195,228,225,165,61,-65,-190,-276,-306,-279,-184,-46,102,238,338,372,321,207,48,-123,-276,-377,-404,-351,-229,-50,143,301,407,437,377,239,49,-148,-316,-416,-435,-371,-241,-56,136,285,384,412,360,227,57,-119,-262,-350,-366,-308,-204,-64,88,210,274,281,245,159,50,-58,-146,-199,-195,-154,-90,-15,50,100,118,100,58,10,-33,-73,-82,-56,-17,28,69,94,90,62,10,-55,-109,-145,-162,-140,-82,1,89,168,219,228,193,125,28,-78,-178,-248,-279,-264,-207,-118,-9,105,203,268,296,284,236,162,80,-1,-71,-123,0,0,0,0,0,20,54,92,125,143,145,115,57,-16,-90,-155,-198,-214,-192,-136,-53,50,155,231,270,259,197,94,-31,-156,-253,-312,-311,-246,-130,13,156,272,339,334,261,144,-6,-168,-288,-342,-328,-246,-116,36,187,296,345,317,206,50,-116,-257,-350,-363,-292,-146,36,216,356,427,401,277,90,-122,-326,-465,-511,-448,-282,-50,199,419,552,573,478,278,5,-276,-504,-634,-637,-502,-258,40,334,574,701,681,516,241,-83,-390,-623,-723,-675,-491,-208,116,423,640,723,655,455,159,-164,-448,-636,-683,-586,-368,-70,238,481,622,626,490,250,-39,-318,-524,-614,-563,-381,-112,0,436,595,619,500,264,-35,-335,-565,-667,-619,-438,-151,181,478,677,733,623,373,40,-312,-611,-772,-761,-590,-290,88,450,721,839,781,553,199,-211,-580,-822,-895,-774,-477,-69,354,712,925,943,750,393,-54,-496,-826,-982,-939,-695,-293,169,590,891,998,892,595,176,-277,-672,-923,-978,-826,-499,-56,391,742,930,923,714,360,-71,-483,-792,-913,-831,-581,-216,208,572,798,845,717,433,51,-337,-634,-787,-769,-581,-266,100,441,684,776,685,433,94,-255,-544,-714,-722,-573,-293,54,390,631,739,679,477,172,-178,-488,-681,-724,-616,-371,-40,295,565,715,705,533,249,0,0
38896,mtk,MTK 7916,2422137698,rx2-tx0,512,0,0,0,785,407,-75,-545,-887,-1033,-952,-654,-209,277,698,973,1030,855,485,13,-457,-823,-1004,-962,-700,-277,208,644,936,1015,863,511,44,-428,-807,-1015,-989,-733,-310,185,640,954,1050,902,557,83,-418,-826,-1053,-1039,-792,-364,142,617,962,1089,967,624,143,-366,-794,-1046,-1053,-824,-411,97,583,934,1073,961,629,152,-362,-794,-1050,-1066,-834,-411,104,604,978,1127,1014,675,190,-353,-828,-1120,-1159,-939,-513,25,558,982,1190,1124,818,341,-220,-730,-1077,-1190,-1041,-667,-154,389,848,1122,1147,913,488,-37,-547,-937,-1123,-1049,-742,-288,218,677,979,1057,906,558,89,-394,-781,-995,-982,0,-350,127,563,865,979,868,563,132,-330,-715,-934,-950,-751,-376,87,531,851,981,900,618,189,-291,-702,-954,-1004,-829,-461,13,485,861,1055,1012,747,312,-196,-669,-1003,-1122,-998,-663,-181,351,812,1097,1147,958,559,36,-496,-930,-1163,-1143,-878,-444,93,614,1000,1172,1105,801,323,-215,-710,-1059,-1178,-1046,-704,-220,312,776,1077,1152,992,633,147,-364,-795,-1055,-1102,-929,-570,-109,364,750,983,1008,830,500,90,-329,-669,-862,-875,-716,-428,-65,297,581,736,744,607,357,51,-251,-489,-622,-633,-525,-323,-71,178,381,510,543,480,334,144,-50,-218,-344,-408,-403,-342,-249,-135,0,0,0,0,0,268,213,119,-14,-169,-323,-448,-516,-507,-420,-260,-46,188,399,546,600,551,398,164,-100,-351,-545,-644,-618,-467,-218,73,352,568,678,655,496,227,-95,-398,-623,-726,-682,-497,-206,131,454,685,763,685,467,147,-208,-523,-734,-788,-670,-404,-55,311,622,801,808,636,325,-60,-434,-725,-862,-815,-589,-233,171,546,812,896,790,523,138,-282,-643,-865,-904,-748,-427,-17,397,732,912,889,673,313,-110,-512,-807,-929,-849,-579,-188,239,614,855,905,764,456,47,-373,-715,-898,-886,-681,-326,97,493,782,902,828,568,189,-229,-601,-838,-887,-741,-435,-38,364,684,851,828,0,275,-125,-498,-759,-846,-742,-478,-105,289,616,807,814,631,309,-93,-473,-738,-838,-751,-492,-113,295,637,836,841,660,324,-96,-498,-788,-903,-816,-545,-144,296,674,904,938,757,400,-44,-483,-818,-964,-897,-631,-222,241,652,922,977,812,467,17,-441,-795,-971,-933,-678,-261,210,637,923,1003,844,499,37,-436,-812,-1005,-970,-712,-294,193,635,935,1030,892,549,77,-413,-809,-1028,-1017,-777,-359,140,608,937,1064,952,626,162,-340,-770,-1026,-1053,-846,-453,35,513,886,1060,989,697,259,-239,-683,-975,-1048,-887,-532,-61,426,817,1022,1006,763,348,-146,-598,-914,-1032,-918,-595,0,0,0,0,0,658,944,1025,875,529,66,-407,-793,-1007,-996,-758,-354,127,585,910,1030,924,604,146,-343,-749,-987,-1002,-796,-407,75,537,877,1020,929,630,185,-311,-734,-985,-1016,-818,-433,56,535,896,1051,979,675,216,-291,-736,-1019,-1076,-890,-500,6,508,896,1083,1024,731,281,-235,-696,-999,-1075,-907,-528,-33,474,869,1061,1018,740,284,-238,-710,-1024,-1101,-930,-548,-29,498,915,1132,1099,812,347,-201,-707,-1060,-1182,-1050,-678,-153,399,870,1153,1178,944,512,-30,-569,-981,-1170,-1108,-808,-331,216,704,1033,1134,992,631,136,-383,-810,-1056,-1068,-839,-432,59,531,884,1032,946,654,220,-261,0,-947,-990,-817,-464,-9,451,800,966,918,665,256,-207,-626,-903,-974,-831,-504,-56,409,782,979,952,715,317,-160,-605,-918,-1037,-924,-598,-142,349,777,1041,1076,875,481,-23,-526,-927,-1138,-1098,-813,-361,166,666,1034,1182,1072,738,243,-303,-785,-1097,-1179,-1014,-634,-119,418,865,1134,1161,940,527,-2,-527,-927,-1138,-1117,-859,-425,92,589,963,1133,1068,793,368,-127,-593,-924,-1063,-990,-720,-313,138,551,843,954,877,631,271,-126,-482,-734,-827,-751,-535,-223,119,418,624,704,643,459,199,-84,-339,-519,-592,-553,-418,-215,14,227,391,481,487,415,289,134,-22,-151,-236,-274,0,0,0,0,0,177,288,376,425,419,352,220,44,-158,-349,-496,-572,-550,-436,-244,-3,250,467,599,621,528,330,66,-212,-463,-628,-667,-570,-361,-80,224,493,667,702,598,366,55,-270,-547,-716,-735,-603,-337,3,337,610,764,757,582,288,-76,-429,-691,-804,-750,-533,-198,187,541,776,847,736,469,96,-306,-645,-844,-869,-706,-387,16,416,730,891,858,646,290,-137,-533,-811,-918,-826,-554,-168,260,635,872,927,778,459,41,-378,-714,-903,-896,-691,-335,97,504,802,922,841,579,197,-232,-609,-849,-905,-765,-458,-55,355,693,879,864,659,317,-93,-486,-768,-876,-791,-536,-164,245,0,814,849,696,387,-12,-403,-697,-836,-790,-567,-207,199,552,779,828,695,399,7,-386,-690,-840,-802,-573,-214,199,571,816,881,741,430,22,-399,-741,-918,-883,-653,-273,173,585,871,965,839,531,99,-367,-749,-955,-949,-736,-355,109,550,862,983,875,567,138,-326,-724,-954,-966,-761,-379,87,540,878,1011,912,602,155,-320,-725,-980,-1010,-805,-417,59,529,887,1043,969,678,229,-273,-711,-993,-1056,-876,-499,-14,474,859,1048,1007,745,316,-190,-651,-963,-1063,-926,-582,-106,387,795,1029,1033,806,400,-97,-569,-913,-1056,-960,-654,-202,292,714,978,1024,841,475,6,-466,-833,0,0
38897,mtk,MTK 7916,2422137698,rx2-tx1,512,0,0,0,-350,-175,41,238,372,429,388,255,78,-104,-267,-370,-381,-308,-180,-9,157,276,333,317,231,93,-60,-193,-274,-290,-238,-134,-13,104,199,246,223,151,62,-33,-125,-182,-184,-130,-54,21,98,143,141,97,22,-58,-109,-125,-109,-65,17,104,165,182,160,91,-12,-129,-229,-274,-249,-174,-40,124,263,349,375,311,169,-15,-217,-386,-474,-464,-359,-168,67,299,479,560,518,362,139,-127,-386,-567,-625,-556,-367,-94,205,464,619,645,534,318,33,-271,-515,-649,-646,-508,-260,44,339,559,662,625,457,182,-128,-408,-592,-659,-589,-386,-103,195,457,628,654,540,313,0,-282,-514,-633,-622,-478,-228,68,345,545,620,564,392,129,-163,-406,-566,-603,-496,-275,-4,264,478,583,552,395,148,-136,-391,-562,-606,-513,-296,-11,285,528,656,627,466,196,-127,-439,-657,-744,-669,-446,-121,234,562,784,840,717,436,52,-341,-660,-851,-890,-741,-423,-13,401,744,941,951,754,408,-11,-432,-774,-959,-956,-772,-419,23,437,771,962,956,772,450,28,-390,-726,-918,-923,-755,-450,-75,304,616,807,836,704,443,109,-227,-503,-679,-715,-618,-407,-132,156,397,556,603,542,390,174,-63,-276,-424,-494,-489,-399,-244,-67,96,230,322,359,339,274,189,94,0,0,0,0,0,-51,3,64,123,181,219,229,208,153,69,-28,-112,-190,-244,-246,-208,-139,-49,47,140,212,239,216,152,63,-41,-133,-198,-227,-215,-159,-65,34,121,181,208,189,127,37,-56,-130,-172,-179,-148,-84,3,87,152,171,153,102,29,-45,-107,-162,-174,-135,-66,11,95,148,164,138,81,-4,-81,-147,-176,-164,-104,-23,84,181,234,240,186,79,-48,-170,-270,-315,-293,-208,-64,101,245,350,391,355,245,76,-112,-286,-420,-465,-405,-265,-77,126,310,435,473,407,267,79,-126,-313,-437,-473,-400,-241,-37,173,348,445,448,355,189,-8,-202,-358,-437,-415,-302,-123,0,246,375,412,353,216,25,-172,-328,-418,-416,-319,-144,60,251,389,446,404,266,71,-138,-326,-450,-467,-369,-191,23,238,407,485,458,339,134,-112,-336,-483,-532,-461,-289,-48,198,409,535,536,420,221,-21,-265,-451,-535,-511,-364,-138,106,329,482,516,431,252,21,-222,-418,-514,-488,-358,-134,128,355,494,534,460,276,27,-242,-456,-575,-566,-436,-203,89,358,546,623,574,387,118,-176,-441,-619,-657,-554,-334,-38,267,514,658,660,526,277,-37,-338,-557,-668,-651,-496,-230,81,370,578,664,611,444,184,-112,-375,-557,-618,-546,-364,-127,137,364,514,548,460,269,0,0,0,0,0,-296,-424,-447,-368,-216,-20,169,320,398,378,279,130,-47,-214,-323,-357,-315,-208,-57,103,234,305,306,240,122,-15,-142,-231,-257,-228,-155,-49,69,160,206,203,155,70,-24,-106,-146,-143,-106,-43,41,105,132,122,77,5,-69,-130,-156,-139,-71,22,125,204,238,211,127,6,-128,-254,-321,-314,-241,-99,82,249,374,426,389,254,63,-158,-353,-486,-517,-442,-268,-25,235,444,566,581,481,261,-24,-314,-530,-629,-602,-460,-214,82,359,573,662,607,432,161,-154,-429,-608,-657,-570,-358,-71,232,491,645,660,532,289,-12,-303,-532,-650,-624,-466,-208,93,375,569,0,580,391,122,-175,-436,-600,-632,-528,-312,-35,250,484,604,595,449,199,-89,-348,-524,-586,-522,-336,-78,199,443,586,583,453,225,-65,-345,-543,-624,-570,-384,-106,215,496,668,701,577,319,-10,-352,-636,-781,-758,-577,-271,104,464,738,864,812,582,239,-172,-564,-844,-940,-863,-612,-221,226,616,888,975,873,600,205,-233,-628,-899,-994,-895,-623,-230,209,603,878,971,874,610,253,-161,-532,-794,-892,-820,-596,-276,91,429,673,785,739,553,280,-38,-340,-547,-645,-625,-494,-281,-22,234,429,539,551,462,301,98,-106,-281,-400,-450,-421,-335,-215,-83,48,152,216,244,0,0,0,0,0,-157,-179,-184,-162,-112,-44,35,114,184,232,244,220,158,70,-33,-125,-200,-240,-229,-180,-102,-5,90,177,233,232,185,113,20,-76,-163,-215,-216,-171,-97,-1,88,152,182,181,132,52,-34,-108,-155,-172,-159,-101,-16,58,126,173,166,119,60,-21,-110,-160,-167,-136,-70,7,85,144,170,151,85,2,-80,-156,-202,-184,-134,-53,65,189,261,274,233,135,0,-142,-266,-345,-351,-287,-162,5,188,343,420,410,330,181,-18,-219,-372,-449,-442,-341,-173,25,227,395,478,458,342,159,-53,-256,-401,-463,-423,-302,-120,89,275,396,437,388,250,55,-144,-311,-421,0,-340,-181,21,216,364,428,392,269,87,-120,-301,-406,-431,-362,-204,-2,197,361,450,432,313,131,-84,-289,-421,-460,-404,-263,-58,179,381,497,507,406,207,-40,-275,-446,-530,-505,-364,-141,101,332,499,551,473,301,63,-189,-391,-509,-517,-408,-202,52,285,452,517,466,309,80,-175,-387,-515,-526,-407,-200,53,299,480,561,524,362,108,-168,-408,-567,-605,-502,-290,-23,263,499,624,611,465,217,-76,-352,-564,-664,-616,-430,-154,155,431,621,682,587,384,103,-217,-484,-644,-680,-574,-343,-55,233,469,620,636,510,284,14,-247,-457,-572,-563,-430,-214,44,274,439,0,0
38898,mtk,MTK 7916,2422226321,rx0-tx0,512,-349,-207,-443,292,151,-7,-180,-335,-457,-549,-604,-600,-530,-427,-273,-103,81,259,423,547,618,643,606,519,379,212,21,-167,-340,-491,-592,-634,-634,-571,-445,-297,-141,37,209,362,482,550,575,551,479,375,242,100,-41,-181,-306,-403,-463,-492,-475,-437,-373,-272,-162,-43,80,198,309,395,456,491,491,447,378,275,140,-6,-156,-308,-435,-529,-583,-579,-539,-452,-314,-159,31,216,377,522,621,655,637,568,433,261,77,-118,-313,-479,-593,-646,-634,-581,-475,-318,-146,34,211,372,491,553,566,539,456,336,185,24,-117,-242,-345,-410,-431,-422,-379,-301,-217,-122,-17,77,154,209,-511,287,288,271,241,194,142,88,26,-38,-92,-149,-195,-233,-264,-277,-262,-236,-203,-142,-64,22,102,185,253,303,334,341,328,280,195,99,-7,-119,-227,-329,-383,-418,-427,-379,-303,-202,-83,47,177,292,383,447,467,450,391,294,167,44,-98,-236,-337,-428,-470,-475,-444,-373,-271,-140,3,153,282,377,440,476,458,411,320,194,64,-77,-207,-317,-397,-439,-442,-402,-338,-244,-123,2,122,233,326,382,401,387,335,258,161,52,-64,-170,-264,-333,-366,-361,-329,-256,-167,-71,48,150,237,301,326,323,282,207,118,10,-97,-193,-253,-281,-272,-216,-138,-40,52,117,512,287,1179,-1044,-1191,158,188,182,140,57,-30,-125,-213,-264,-276,-253,-197,-113,-11,92,180,251,302,313,286,229,151,49,-58,-154,-239,-309,-332,-332,-304,-228,-133,-37,72,185,257,317,357,356,317,256,169,61,-58,-170,-264,-339,-384,-385,-352,-285,-190,-81,38,156,253,339,389,404,388,326,231,113,-8,-127,-235,-318,-376,-392,-368,-310,-228,-131,-29,91,188,254,315,338,338,305,256,183,89,-4,-99,-173,-235,-283,-306,-302,-278,-222,-147,-79,-1,81,153,206,264,291,303,292,246,183,104,23,-67,-160,-229,-278,-320,-332,-317,-271,-199,-113,-16,81,182,276,338,368,372,344,-330,202,98,-11,-130,-246,-337,-393,-416,-407,-362,-286,-183,-60,71,192,292,378,436,446,429,366,267,153,28,-103,-221,-328,-411,-469,-468,-442,-386,-287,-162,-26,115,250,371,451,503,521,497,421,300,162,-1,-164,-314,-453,-553,-594,-592,-532,-427,-285,-107,68,245,405,529,620,646,623,537,405,228,37,-156,-339,-492,-605,-657,-662,-597,-482,-324,-140,47,250,423,546,636,643,597,523,394,224,47,-133,-296,-434,-527,-560,-552,-512,-427,-297,-163,-17,128,254,362,434,471,481,446,380,292,179,63,-67,-184,-287,-374,-430,-463,-461,-417,-345,-246,-116,23,151,286,398,-139,-494,-729,-831,-737,-475,-535,-566,-547,-473,-358,-220,-51,138,299,442,557,617,624,576,479,327,158,-31,-219,-389,-527,-609,-643,-619,-546,-428,-259,-78,104,289,438,534,590,609,562,478,339,183,19,-141,-282,-395,-485,-521,-524,-486,-405,-300,-179,-48,80,193,306,391,441,466,461,426,359,262,155,31,-102,-231,-344,-446,-511,-533,-526,-471,-373,-244,-82,92,258,415,533,608,644,604,517,388,210,16,-172,-357,-515,-609,-654,-649,-587,-466,-298,-106,90,265,427,544,602,613,570,473,329,160,-6,-166,-311,-420,-490,-503,-471,-410,-319,-197,-75,44,159,252,311,353,360,334,285,227,1105,80,7,-59,-121,-178,-213,-242,-256,-250,-234,-202,-162,-115,-54,14,89,147,213,271,299,303,294,267,210,132,36,-52,-148,-246,-323,-371,-388,-371,-329,-248,-147,-48,83,213,322,398,439,449,414,353,256,127,-1,-134,-265,-372,-444,-470,-472,-415,-334,-224,-89,51,185,305,404,463,488,464,385,289,170,33,-105,-236,-350,-422,-459,-463,-416,-331,-215,-82,48,172,273,358,412,418,394,339,251,149,35,-86,-202,-297,-359,-389,-378,-341,-273,-176,-67,47,153,251,310,348,350,304,242,152,49,-56,-159,-237,-295,-318,-295,-236,-143,-45,62,154,211,234,210,151,-687,-807,1145,-658,-318,65,-8,-93,-172,-223,-242,-225,-163,-71,29,125,207,267,293,283,237,169,72,-29,-128,-214,-286,-327,-327,-296,-236,-143,-30,67,174,263,317,342,347,301,227,149,45,-72,-178,-265,-326,-365,-368,-338,-276,-191,-78,41,155,253,329,377,399,377,314,217,98,-24,-143,-258,-339,-384,-395,-371,-310,-228,-118,4,117,221,295,342,366,354,300,240,153,54,-44,-138,-209,-278,-309,-321,-306,-261,-206,-130,-42,42,124,206,252,281,302,290,250,206,142,63,-20,-109,-190,-255,-296,-317,-313,-275,-220,-152,-68,27,127,214,285,331,348,346,316,254,158,57,-51,-157,826,-331,-378,-392,-383,-329,-244,-138,-22,101,220,314,389,431,431,394,320,227,106,-19,-141,-267,-366,-427,-458,-449,-399,-317,-219,-83,52,173,293,394,463,492,487,440,350,231,100,-52,-205,-347,-451,-530,-567,-547,-484,-376,-225,-59,108,283,428,546,609,614,575,483,350,173,-14,-201,-374,-515,-620,-665,-652,-576,-448,-274,-86,110,297,452,574,641,658,617,504,360,187,-12,-180,-348,-497,-588,-614,-597,-524,-411,-260,-93,63,210,353,445,500,515,484,429,336,218,94,-39,-162,-269,-359,-423,-456,-459,-419,-358,-268,-160,-41,91,219,327,418,476,490,471,421,319,-1235,-1131
38899,mtk,MTK 7916,2422226321,rx0-tx1,512,87,760,795,356,167,-40,-244,-438,-602,-725,-787,-797,-729,-602,-428,-216,23,267,494,678,816,896,897,825,686,491,251,-14,-283,-535,-751,-906,-992,-1004,-920,-763,-546,-274,20,316,599,830,994,1081,1078,989,819,581,294,-25,-337,-619,-857,-1022,-1107,-1116,-1031,-863,-625,-344,-32,289,583,842,1039,1149,1169,1100,945,712,421,93,-259,-581,-867,-1081,-1210,-1252,-1180,-1017,-763,-441,-87,278,620,907,1124,1247,1261,1176,993,727,412,60,-305,-626,-907,-1108,-1209,-1213,-1126,-942,-685,-372,-40,295,605,866,1050,1146,1149,1071,895,648,352,36,-278,-570,-809,-985,-1072,-1073,-995,-840,-624,-353,-65,217,-689,741,913,1007,1032,975,843,644,392,110,-164,-440,-684,-868,-986,-1030,-991,-876,-693,-448,-162,135,428,686,891,1033,1086,1047,927,731,474,169,-148,-463,-744,-962,-1103,-1147,-1101,-957,-738,-456,-123,223,557,841,1051,1172,1196,1108,930,667,345,-7,-364,-681,-942,-1112,-1194,-1174,-1034,-811,-513,-173,176,507,783,995,1115,1117,1028,842,591,286,-33,-347,-622,-819,-936,-968,-918,-784,-587,-351,-92,163,398,588,713,780,774,700,569,391,184,-25,-223,-400,-532,-614,-641,-612,-530,-399,-228,-47,132,294,431,523,556,530,452,325,167,-8,-183,-331,-429,-469,-440,-348,-209,-47,105,212,346,523,0,-324,-48,-164,-206,-218,-185,-114,-18,87,183,262,301,300,263,195,106,-3,-110,-209,-285,-328,-347,-321,-261,-187,-87,23,135,235,321,373,393,374,325,251,137,13,-110,-234,-334,-409,-455,-453,-425,-346,-224,-89,55,206,338,444,506,529,503,438,326,169,6,-158,-316,-442,-528,-576,-566,-505,-401,-250,-88,90,256,387,501,562,567,533,448,328,177,13,-152,-299,-417,-497,-539,-528,-476,-389,-275,-136,9,155,289,384,453,483,482,437,361,263,136,1,-130,-254,-352,-424,-460,-463,-434,-360,-258,-149,-24,111,231,338,411,445,453,418,350,255,143,26,-99,-213,-305,-382,-130,-429,-405,-346,-267,-169,-56,62,168,262,331,377,399,382,339,273,191,99,-2,-105,-197,-274,-330,-355,-366,-355,-315,-258,-172,-79,10,109,201,281,336,372,389,382,346,285,201,94,-17,-137,-246,-341,-411,-458,-475,-444,-388,-300,-180,-46,100,241,359,459,525,552,539,476,375,245,87,-71,-235,-387,-504,-584,-614,-603,-543,-434,-290,-127,59,241,394,525,614,655,638,567,454,305,135,-55,-238,-385,-510,-592,-623,-606,-546,-440,-303,-154,15,174,318,432,516,559,559,524,447,355,232,84,-53,-194,-328,-436,-518,-564,-563,-534,-466,-361,-223,-70,99,258,405,531,-519,-583,504,197,-33,-614,-705,-738,-707,-617,-478,-295,-90,136,364,559,715,814,855,825,720,557,349,107,-152,-404,-624,-797,-913,-953,-922,-814,-632,-397,-130,156,443,687,880,1008,1048,1016,894,689,433,136,-179,-477,-744,-944,-1075,-1114,-1054,-923,-718,-451,-157,156,466,734,946,1082,1143,1107,991,796,535,227,-100,-422,-718,-963,-1129,-1218,-1199,-1080,-878,-597,-272,87,436,754,1012,1187,1265,1240,1110,886,593,246,-119,-470,-785,-1028,-1185,-1258,-1214,-1070,-850,-548,-214,131,469,768,1001,1146,1199,1157,1021,805,518,199,-130,-448,-729,-944,-1077,-1121,-1080,-956,-754,-497,-197,108,402,659,867,1002,1049,1019,261,733,496,231,-54,-337,-591,-803,-951,-1017,-1010,-930,-767,-545,-282,6,291,555,782,950,1042,1044,967,809,590,321,12,-294,-582,-825,-1007,-1103,-1110,-1030,-853,-608,-308,17,346,653,903,1090,1178,1166,1054,844,563,238,-115,-456,-756,-997,-1145,-1201,-1149,-991,-744,-434,-98,266,597,870,1069,1163,1156,1044,836,565,237,-105,-423,-706,-920,-1035,-1053,-985,-821,-592,-318,-26,256,509,703,827,875,840,743,580,374,150,-84,-302,-488,-627,-701,-708,-657,-554,-404,-223,-31,160,332,475,563,596,571,498,375,217,44,-134,-293,-421,-497,-517,-476,-373,-224,-52,122,262,355,381,339,246,689,563,0,-506,-598,-97,-27,65,158,228,267,263,224,146,41,-69,-173,-250,-308,-328,-310,-262,-181,-88,18,134,225,302,352,366,345,293,213,108,-11,-131,-237,-337,-402,-425,-413,-365,-281,-178,-48,85,214,345,435,482,495,462,385,269,129,-27,-185,-328,-459,-535,-562,-545,-473,-360,-217,-53,125,288,431,526,573,576,519,424,291,123,-42,-203,-347,-463,-537,-561,-535,-465,-360,-226,-76,86,230,348,440,497,514,492,417,314,195,63,-77,-210,-315,-403,-461,-478,-457,-401,-313,-206,-81,45,173,295,379,436,465,446,395,314,205,88,-41,-170,-280,-361,-410,-432,-427,-380,-313,-220,245,20,140,246,321,381,408,403,367,305,219,125,16,-95,-192,-276,-339,-373,-382,-360,-315,-253,-169,-79,12,106,194,270,328,356,366,358,322,261,180,90,-9,-114,-210,-295,-365,-413,-430,-423,-377,-302,-202,-87,49,183,294,399,472,513,513,467,386,280,147,-4,-163,-310,-433,-526,-580,-586,-558,-474,-349,-196,-30,143,312,458,562,627,646,601,508,381,220,38,-151,-324,-471,-576,-639,-650,-601,-506,-380,-219,-44,131,293,428,521,580,593,556,484,378,252,104,-45,-192,-318,-420,-506,-546,-549,-525,-453,-351,-226,-81,66,214,356,478,558,603,607,561,480,347,267,-10
38900,mtk,MTK 7916,2422226321,rx1-tx0,512,0,-745,-662,-358,-158,52,255,445,609,726,784,779,710,573,394,169,-75,-319,-538,-725,-840,-900,-890,-791,-623,-391,-137,149,425,664,850,966,999,939,793,595,331,31,-271,-543,-776,-940,-1027,-1017,-930,-760,-517,-237,66,359,619,836,975,1020,982,875,691,440,173,-110,-394,-630,-825,-951,-986,-947,-826,-647,-408,-129,149,420,642,811,916,941,884,758,564,326,77,-185,-419,-619,-785,-877,-878,-819,-683,-496,-280,-40,193,415,601,729,788,784,718,598,429,225,9,-195,-390,-553,-647,-706,-709,-645,-540,-387,-208,-12,192,361,501,603,645,647,588,485,348,168,-11,-192,-365,-499,216,-621,-601,-534,-428,-276,-117,63,236,371,470,544,557,527,449,326,193,46,-106,-247,-356,-425,-473,-468,-427,-350,-250,-131,-12,112,213,295,347,384,382,336,276,196,102,9,-81,-166,-227,-274,-300,-298,-272,-231,-185,-122,-51,31,112,170,215,236,261,252,231,202,155,102,36,-34,-109,-167,-203,-249,-282,-277,-248,-193,-117,-28,47,124,198,250,272,292,266,220,153,62,-23,-109,-169,-229,-272,-277,-261,-227,-170,-90,-16,67,138,183,219,228,206,183,136,76,13,-58,-112,-149,-177,-196,-184,-150,-99,-48,2,61,115,142,153,146,114,73,20,-34,-74,-88,-109,-439,0,928,985,111,181,232,243,206,134,27,-85,-193,-270,-311,-310,-267,-185,-86,25,140,233,293,332,326,276,206,119,18,-89,-177,-244,-288,-306,-296,-247,-181,-102,-13,66,138,207,245,265,262,246,202,142,87,14,-49,-120,-172,-217,-252,-264,-253,-230,-195,-137,-54,29,116,209,257,304,323,316,268,209,135,30,-68,-159,-252,-313,-341,-349,-320,-259,-180,-97,2,109,198,277,324,334,325,304,239,161,71,-32,-127,-204,-266,-314,-333,-315,-282,-231,-142,-57,39,140,208,268,307,314,306,265,205,126,45,-51,-129,-189,-251,-286,-284,-265,-230,-177,-109,-32,41,116,181,-584,246,249,239,205,156,110,40,-23,-89,-152,-187,-217,-225,-218,-193,-157,-121,-62,-7,42,85,126,158,176,183,177,159,140,102,61,23,-23,-62,-97,-126,-152,-168,-175,-167,-167,-154,-133,-102,-48,-7,44,109,164,214,264,282,287,277,238,175,84,-21,-127,-238,-337,-415,-454,-460,-419,-337,-229,-86,72,226,373,485,561,589,569,489,368,213,26,-162,-337,-489,-596,-653,-657,-610,-497,-334,-161,50,247,420,562,657,692,667,598,473,303,109,-102,-298,-463,-587,-666,-694,-656,-567,-428,-262,-83,115,306,458,585,651,669,637,559,438,280,99,-88,-268,-434,-575,-241,237,0,-16,-355,628,718,741,703,609,462,274,55,-168,-388,-577,-730,-828,-854,-808,-691,-512,-283,-37,232,486,708,857,944,954,875,720,499,230,-66,-357,-614,-822,-971,-1028,-987,-872,-682,-425,-127,175,455,710,893,1008,1031,969,825,612,339,43,-239,-505,-745,-902,-987,-995,-912,-761,-551,-287,-7,276,530,733,890,954,956,869,707,498,241,-36,-304,-539,-736,-851,-901,-885,-783,-641,-431,-177,79,317,541,699,810,843,810,718,561,360,134,-90,-311,-502,-647,-735,-755,-723,-633,-486,-307,-121,88,283,449,581,659,694,658,566,442,280,101,-85,-274,-427,-552,-618,-632,-600,-517,-376,757,-45,131,288,434,528,577,586,533,433,309,158,-12,-166,-316,-422,-485,-517,-498,-442,-342,-227,-95,46,177,285,367,412,426,409,352,273,173,63,-55,-159,-241,-301,-343,-345,-328,-282,-215,-151,-69,19,100,165,209,246,260,264,239,200,152,101,36,-44,-98,-159,-197,-225,-245,-245,-234,-198,-150,-97,-12,76,145,214,261,273,270,255,222,152,77,-17,-117,-186,-246,-280,-292,-266,-224,-168,-84,2,77,147,213,249,256,247,200,149,87,7,-61,-117,-171,-196,-212,-201,-166,-123,-78,-14,50,103,146,164,174,165,122,72,21,-38,-89,-120,-137,-123,-90,-45,743,610,0,-336,139,165,121,37,-66,-165,-246,-286,-285,-239,-149,-43,71,181,265,312,326,297,230,149,49,-71,-169,-240,-292,-315,-307,-260,-194,-111,-16,89,171,230,266,277,266,247,194,123,48,-26,-93,-159,-200,-234,-252,-250,-228,-184,-136,-73,-1,74,140,207,263,294,296,298,247,183,102,10,-90,-186,-247,-312,-341,-330,-306,-247,-157,-58,46,152,238,291,331,345,329,288,221,120,17,-69,-161,-244,-297,-332,-339,-310,-257,-191,-106,-6,82,162,245,303,322,325,289,236,179,88,1,-92,-175,-240,-281,-308,-302,-266,-222,-164,-81,6,82,156,216,259,275,265,246,197,-674,73,1,-67,-136,-178,-212,-235,-236,-219,-180,-134,-86,-29,30,85,136,173,198,202,192,166,135,94,48,8,-39,-77,-112,-143,-159,-168,-171,-164,-137,-112,-81,-46,-10,22,60,104,134,173,198,206,218,206,178,141,89,5,-61,-147,-228,-302,-353,-371,-364,-332,-259,-155,-32,102,242,361,457,518,532,503,427,298,141,-30,-207,-369,-498,-590,-632,-619,-555,-439,-269,-83,112,302,470,584,667,696,653,559,412,224,21,-176,-364,-527,-642,-699,-695,-633,-521,-371,-190,7,207,385,533,625,672,677,605,502,348,168,-14,-205,-371,-513,-615,-669,-672,-619,-527,-377,-952,-955
38901,mtk,MTK 7916,2422226321,rx1-tx1,512,0,0,0,-731,-479,-115,271,602,797,798,605,278,-114,-488,-743,-816,-703,-428,-56,321,624,780,741,521,188,-188,-507,-691,-713,-564,-279,76,410,638,700,586,335,5,-328,-582,-689,-628,-413,-90,258,540,688,665,482,178,-173,-485,-676,-708,-566,-285,66,401,645,735,647,409,73,-283,-570,-717,-700,-528,-230,127,447,644,699,606,362,24,-301,-542,-658,-624,-438,-164,144,412,570,592,478,259,-20,-282,-473,-546,-487,-318,-86,148,345,460,465,357,173,-47,-243,-374,-419,-362,-228,-52,131,281,358,342,248,111,-44,-185,-274,-292,-245,-153,-30,93,182,218,200,144,64,-27,0,-144,-146,-113,-56,4,43,64,69,52,17,-15,-33,-39,-28,-4,23,46,56,38,7,-30,-71,-92,-92,-72,-22,40,89,130,142,118,67,-6,-84,-152,-189,-179,-123,-44,42,128,191,216,196,130,33,-76,-167,-225,-235,-201,-120,-15,96,183,228,229,194,115,14,-95,-180,-220,-224,-190,-122,-32,59,139,191,206,184,137,67,-6,-78,-138,-175,-180,-157,-113,-53,24,95,146,178,184,160,113,47,-33,-115,-176,-209,-210,-172,-105,-20,70,153,221,251,232,171,75,-31,-132,-212,-260,-265,-226,-152,-51,59,158,229,263,258,220,154,72,-6,-74,-124,-154,0,0,0,0,0,-51,-43,-29,-2,33,64,87,94,81,48,6,-41,-81,-109,-121,-108,-60,0,65,121,154,150,111,48,-26,-97,-160,-187,-171,-112,-29,58,141,190,199,162,82,-22,-120,-185,-207,-187,-124,-25,81,171,221,209,133,26,-84,-180,-247,-247,-174,-54,86,211,286,301,243,115,-57,-217,-338,-387,-345,-218,-29,173,345,444,438,335,155,-80,-305,-460,-520,-459,-280,-29,231,442,561,548,402,177,-96,-367,-556,-618,-544,-339,-59,235,473,608,605,466,223,-69,-350,-546,-614,-543,-351,-71,215,441,560,547,407,177,-91,-334,-493,-528,-433,-225,33,267,436,497,431,0,9,-232,-426,-509,-454,-283,-34,233,443,542,508,343,85,-201,-446,-592,-595,-442,-179,131,424,619,665,550,293,-39,-376,-628,-732,-646,-407,-72,295,602,768,746,543,207,-195,-552,-781,-825,-677,-356,57,462,762,878,787,519,118,-325,-690,-898,-903,-687,-291,176,582,858,933,785,447,14,-438,-793,-952,-874,-595,-177,273,658,885,904,707,346,-95,-502,-777,-869,-749,-456,-48,365,676,817,764,519,149,-244,-569,-745,-734,-548,-227,146,485,697,733,586,292,-75,-425,-667,-747,-641,-375,-15,348,627,754,694,469,126,-250,-565,-751,-751,-565,-236,141,488,725,780,641,0,0,0,0,0,-340,-649,-807,-767,-544,-197,194,549,772,808,660,357,-33,-410,-693,-804,-722,-480,-120,266,577,742,730,551,238,-129,-457,-665,-706,-577,-310,25,365,611,697,610,371,44,-295,-564,-690,-635,-438,-125,224,511,679,687,520,226,-119,-440,-666,-728,-609,-341,1,347,612,732,680,472,145,-219,-518,-693,-711,-570,-296,42,364,599,691,618,407,100,-222,-483,-629,-627,-481,-229,65,337,524,583,496,300,45,-210,-410,-511,-485,-342,-133,97,296,418,444,369,202,5,-188,-336,-399,-359,-241,-84,84,229,312,320,253,142,7,-128,-223,-262,-242,-155,-48,48,129,179,184,0,65,0,-59,-100,-108,-87,-44,1,40,54,45,21,-5,-24,-38,-37,-20,8,43,68,72,54,11,-38,-85,-111,-117,-92,-42,18,80,134,159,142,90,15,-72,-147,-187,-198,-162,-81,10,99,178,223,217,166,76,-37,-137,-206,-235,-221,-161,-66,41,138,207,235,217,154,62,-29,-115,-182,-211,-207,-168,-94,-3,74,139,181,192,171,119,55,-12,-81,-145,-175,-177,-158,-116,-53,24,98,152,183,193,170,111,29,-54,-131,-194,-223,-212,-170,-102,-8,99,191,248,258,228,159,60,-52,-149,-223,-267,-267,-223,-153,-56,43,127,190,227,227,193,144,86,0,0,0,0,0,-17,-40,-59,-70,-70,-55,-25,17,61,92,102,97,76,32,-20,-72,-114,-131,-120,-82,-18,52,112,154,162,138,84,-1,-88,-151,-189,-184,-133,-50,43,130,188,206,178,107,1,-100,-174,-212,-196,-128,-26,86,184,233,218,148,35,-94,-206,-271,-269,-202,-85,70,228,329,348,286,154,-27,-211,-346,-413,-390,-275,-84,134,330,455,478,389,208,-30,-266,-459,-553,-513,-352,-104,166,406,561,592,485,268,-17,-300,-518,-626,-582,-406,-144,148,417,588,622,519,298,5,-282,-500,-600,-557,-382,-125,154,394,538,549,425,205,-60,-305,-472,-518,-428,-232,10,245,0,492,433,255,10,-240,-434,-521,-475,-303,-51,220,446,566,549,389,124,-176,-444,-605,-624,-487,-227,96,403,623,694,594,349,9,-337,-613,-750,-698,-472,-135,240,572,773,793,610,277,-124,-513,-783,-861,-739,-442,-28,399,732,897,855,603,196,-257,-656,-891,-915,-726,-364,89,514,817,937,843,543,105,-352,-718,-917,-895,-662,-273,180,582,837,886,727,398,-27,-431,-721,-847,-769,-498,-111,295,612,777,747,536,193,-193,-521,-722,-740,-569,-256,103,435,672,739,604,329,-30,-387,-653,-752,-666,-416,-64,306,608,760,725,512,175,-200,-528,-742,-770,-601,-294,77,429,0,0
38902,mtk,MTK 7916,2422226321,rx2-tx0,512,0,0,0,323,751,991,985,742,313,-196,-659,-956,-1011,-818,-431,66,549,891,1008,875,522,34,-459,-836,-1001,-919,-601,-132,361,766,979,943,666,228,-273,-712,-964,-966,-729,-306,196,654,946,997,796,395,-111,-591,-930,-1035,-877,-491,16,518,890,1041,929,587,86,-435,-843,-1038,-966,-648,-165,354,787,1019,994,712,247,-281,-750,-1025,-1041,-793,-338,209,712,1033,1096,887,455,-99,-638,-1026,-1163,-1008,-600,-45,518,957,1169,1097,745,210,-375,-872,-1147,-1143,-870,-388,193,729,1080,1166,965,532,-21,-566,-972,-1133,-1021,-661,-143,401,842,1070,1040,747,274,-253,-713,-993,-1022,-801,-386,116,0,914,999,832,463,-19,-492,-845,-984,-875,-546,-80,407,791,980,917,624,173,-323,-739,-979,-977,-723,-284,224,682,982,1037,838,433,-91,-605,-975,-1113,-978,-600,-79,469,916,1141,1094,789,289,-290,-802,-1127,-1181,-964,-516,57,626,1047,1215,1101,722,169,-417,-900,-1179,-1182,-906,-419,162,707,1085,1203,1034,629,84,-477,-928,-1167,-1131,-833,-350,201,699,1035,1132,966,589,93,-413,-816,-1030,-1012,-770,-366,110,534,829,929,821,537,145,-269,-599,-779,-781,-618,-325,27,353,585,681,627,436,164,-129,-379,-540,-582,-503,-331,-101,139,337,461,492,434,309,146,-22,-164,-256,-289,0,0,0,0,0,-127,-19,112,252,373,443,448,374,222,24,-187,-378,-510,-545,-476,-313,-78,189,418,560,582,487,286,14,-267,-493,-614,-601,-451,-198,103,390,588,656,575,355,48,-274,-535,-676,-661,-490,-196,144,450,659,712,595,331,-13,-357,-622,-744,-685,-453,-109,267,586,769,769,584,250,-153,-523,-774,-843,-711,-401,7,413,727,872,813,555,162,-275,-652,-871,-877,-677,-316,128,553,835,920,782,455,19,-424,-770,-932,-868,-598,-183,272,663,895,913,712,339,-118,-548,-842,-934,-802,-476,-39,405,752,917,854,588,180,-263,-643,-870,-883,-676,-310,125,533,811,879,729,411,0,-429,-736,-854,-762,-486,-91,324,660,819,775,537,157,-266,-613,-804,-790,-578,-214,205,578,806,831,645,295,-140,-542,-811,-875,-715,-373,73,506,815,922,798,476,31,-430,-795,-957,-877,-579,-139,338,734,952,931,677,254,-242,-674,-932,-961,-751,-346,155,617,923,990,809,424,-69,-551,-894,-1015,-884,-520,-21,484,862,1027,943,625,137,-394,-821,-1042,-1010,-726,-254,282,746,1028,1058,826,382,-153,-651,-991,-1081,-903,-508,17,541,928,1084,975,618,117,-409,-838,-1058,-1012,-719,-249,285,748,1023,1043,802,365,-154,-632,-954,-1044,-870,-482,22,511,883,1031,916,577,99,-399,0,0,0,0,0,-968,-693,-249,255,697,971,1002,780,361,-142,-605,-921,-1014,-859,-484,14,506,866,1011,903,566,93,-402,-796,-991,-932,-641,-189,316,737,972,960,704,273,-233,-680,-957,-987,-772,-357,155,629,937,1018,844,450,-64,-560,-909,-1033,-905,-545,-44,473,868,1042,952,623,128,-394,-812,-1025,-979,-685,-213,320,770,1023,1018,754,292,-252,-728,-1023,-1068,-841,-395,163,676,1024,1127,944,521,-35,-580,-990,-1163,-1052,-674,-126,452,925,1168,1126,813,303,-290,-802,-1121,-1170,-932,-466,110,655,1032,1158,1001,601,62,-484,-909,-1110,-1042,-714,-218,321,774,1036,1038,782,343,-180,-653,-954,-1012,0,-420,73,543,874,986,849,499,29,-447,-813,-975,-894,-583,-122,365,766,976,942,674,237,-274,-713,-975,-1002,-782,-353,167,645,975,1069,903,514,-13,-546,-946,-1129,-1040,-694,-178,381,864,1147,1152,878,400,-175,-721,-1096,-1215,-1045,-622,-61,517,977,1207,1147,819,297,-295,-817,-1142,-1201,-973,-517,52,607,1021,1192,1091,734,210,-351,-826,-1112,-1143,-913,-480,52,560,933,1093,1002,691,237,-256,-681,-938,-983,-808,-461,-23,398,714,856,809,587,248,-135,-472,-688,-741,-634,-392,-79,239,485,617,611,482,257,-10,-265,-452,-538,-510,-394,-210,0,192,333,407,407,342,236,112,0,0,0,0,0,-277,-338,-353,-310,-207,-57,127,308,444,511,490,372,181,-54,-288,-475,-568,-548,-413,-188,85,346,532,607,554,378,111,-183,-443,-609,-637,-513,-276,27,329,567,673,623,423,125,-207,-496,-677,-688,-539,-267,71,406,644,731,642,395,46,-317,-617,-771,-733,-519,-186,210,562,777,807,644,328,-74,-469,-758,-863,-758,-473,-79,341,688,875,852,616,226,-213,-599,-852,-902,-731,-382,59,492,811,930,827,528,104,-347,-715,-915,-896,-658,-258,203,609,875,928,758,407,-38,-476,-804,-930,-834,-541,-117,337,703,896,876,643,250,-203,-595,-847,-894,-718,-364,69,477,767,0,758,454,39,-375,-696,-849,-785,-518,-125,291,632,814,784,555,186,-228,-591,-803,-807,-607,-251,177,564,807,845,676,329,-109,-526,-813,-897,-759,-426,27,472,803,940,843,532,85,-390,-776,-961,-908,-632,-193,292,705,943,952,715,293,-199,-641,-926,-983,-779,-378,113,579,908,1010,846,472,-24,-516,-880,-1022,-914,-572,-81,437,841,1038,976,671,193,-337,-778,-1036,-1041,-776,-315,221,700,1009,1072,867,446,-87,-601,-962,-1083,-937,-559,-46,479,886,1074,991,665,177,-354,-798,-1049,-1036,-769,-316,212,687,991,1049,846,433,-85,-577,-921,-1037,-898,-537,-41,460,844,1011,927,0,0
38903,mtk,MTK 7916,2422226321,rx2-tx1,512,0,0,0,-117,-356,-507,-532,-433,-227,26,265,432,490,437,277,60,-161,-335,-422,-415,-309,-137,68,241,354,370,301,165,-3,-158,-254,-289,-260,-179,-52,86,183,221,203,145,61,-33,-107,-138,-123,-85,-38,16,55,62,48,19,-18,-43,-31,-5,32,82,119,111,70,-12,-105,-184,-228,-218,-144,-26,110,250,339,355,283,126,-73,-263,-402,-447,-399,-254,-33,206,413,520,515,394,178,-95,-346,-523,-575,-490,-290,-14,272,490,606,581,399,118,-179,-444,-607,-618,-489,-252,63,373,591,667,584,356,37,-291,-545,-671,-652,-468,-164,173,465,652,684,560,300,-44,-377,-616,0,-633,-409,-88,263,552,701,680,498,205,-139,-456,-667,-708,-570,-301,33,367,611,701,620,390,53,-292,-566,-706,-671,-460,-138,229,535,720,737,564,244,-144,-498,-733,-813,-696,-391,22,431,750,884,821,563,164,-288,-688,-938,-965,-761,-391,77,550,903,1048,951,631,166,-342,-769,-1033,-1059,-855,-447,67,578,943,1103,1014,706,245,-279,-743,-1032,-1090,-913,-539,-57,440,835,1046,1025,784,383,-86,-524,-836,-965,-881,-612,-226,184,551,782,839,721,457,100,-259,-544,-705,-717,-576,-323,-23,267,489,608,603,479,269,17,-221,-395,-490,-496,-424,-286,-118,43,172,252,284,0,0,0,0,0,-3,-74,-143,-209,-254,-259,-220,-148,-44,70,173,250,285,271,209,105,-22,-140,-223,-276,-274,-212,-109,16,141,229,268,250,178,75,-39,-152,-234,-255,-215,-133,-36,67,162,220,216,166,83,-18,-110,-170,-195,-179,-126,-51,32,104,135,139,115,59,-12,-57,-88,-102,-84,-46,-14,9,27,26,8,-1,-7,-16,-13,28,66,95,104,87,38,-31,-103,-166,-201,-191,-130,-37,72,175,255,290,257,163,20,-138,-266,-344,-347,-265,-129,34,201,334,396,357,236,70,-108,-273,-379,-396,-322,-180,15,202,342,401,369,244,62,-128,-281,-371,-373,-281,-124,62,235,0,375,316,185,-8,-207,-351,-399,-362,-239,-48,162,326,413,395,283,103,-110,-300,-417,-431,-331,-148,64,266,420,459,376,205,-17,-242,-412,-489,-452,-294,-52,206,408,519,512,380,146,-125,-366,-519,-543,-436,-227,33,292,482,549,479,296,34,-248,-461,-546,-505,-336,-73,207,427,545,539,392,129,-170,-432,-594,-603,-470,-215,101,403,613,675,574,330,0,-338,-604,-729,-680,-472,-154,207,522,726,760,600,296,-77,-430,-690,-789,-703,-444,-90,282,593,773,776,599,280,-106,-457,-702,-788,-698,-444,-94,263,560,726,727,561,273,-70,-393,-613,-684,-594,-368,-68,240,0,0,0,0,0,540,418,197,-72,-318,-473,-512,-436,-260,-21,217,383,455,423,300,100,-117,-294,-391,-399,-320,-161,28,198,311,336,279,167,33,-109,-218,-256,-235,-165,-64,48,139,178,174,129,53,-26,-83,-104,-92,-53,-3,26,37,32,9,-30,-62,-69,-36,13,67,123,162,155,94,-3,-122,-220,-284,-285,-217,-82,91,259,373,401,323,167,-31,-239,-412,-501,-475,-328,-102,149,375,522,553,452,235,-42,-308,-510,-593,-529,-341,-73,219,466,606,598,444,184,-126,-410,-601,-654,-536,-290,21,328,571,675,619,412,100,-238,-515,-670,-673,-514,-224,113,420,636,703,596,347,0,-329,-581,-699,-656,-456,-150,200,510,688,692,527,255,-80,-407,-634,-703,-601,-351,-8,339,597,700,637,416,93,-262,-560,-726,-709,-508,-184,182,517,735,764,621,318,-89,-485,-761,-858,-762,-478,-73,368,728,920,893,672,280,-196,-635,-928,-1005,-865,-528,-52,455,853,1059,1028,761,308,-216,-680,-989,-1094,-946,-577,-80,439,850,1073,1064,819,387,-122,-604,-957,-1097,-987,-677,-229,258,679,943,1007,851,514,72,-366,-703,-876,-866,-676,-353,37,399,667,786,728,522,222,-108,-410,-608,-672,-600,-411,-150,122,361,524,576,523,374,172,-40,-224,-354,-414,-403,-333,-225,-103,0,0,0,0,0,194,196,171,114,34,-61,-153,-226,-269,-276,-236,-141,-21,94,192,264,282,248,165,50,-74,-184,-258,-278,-237,-141,-24,90,195,256,259,201,98,-11,-118,-198,-237,-226,-164,-67,40,136,199,210,174,111,21,-72,-141,-162,-159,-125,-69,7,75,118,127,110,64,16,-24,-52,-55,-40,-29,-8,14,4,-18,-37,-54,-57,-50,-26,22,81,122,140,127,87,13,-99,-195,-243,-237,-183,-80,42,158,258,316,294,208,76,-87,-241,-339,-364,-313,-193,-20,166,309,377,374,291,134,-57,-234,-353,-398,-348,-210,-31,152,306,378,361,271,115,-82,-261,-367,-381,-303,0,34,215,342,388,345,207,10,-181,-329,-405,-382,-252,-60,139,313,420,417,305,124,-92,-287,-411,-445,-364,-180,39,252,407,465,410,252,21,-220,-417,-506,-467,-319,-96,161,381,520,525,406,196,-66,-327,-487,-537,-467,-277,-5,253,450,539,493,315,59,-215,-436,-548,-516,-356,-98,179,431,574,575,419,164,-139,-417,-603,-643,-525,-267,62,379,612,704,627,397,68,-278,-564,-728,-728,-541,-223,153,494,724,783,662,377,2,-364,-648,-785,-748,-540,-198,192,530,741,782,651,373,1,-368,-640,-765,-720,-513,-193,169,478,674,709,578,323,7,-298,-535,-636,-577,0,0
38904,mtk,MTK 7916,2422268350,rx0-tx0,512,-349,-207,-443,516,458,361,222,65,-106,-279,-409,-513,-582,-590,-540,-438,-298,-120,76,254,415,545,613,625,584,479,328,145,-54,-232,-395,-522,-591,-598,-561,-460,-326,-170,1,172,314,427,496,520,501,435,352,235,100,-33,-156,-266,-357,-404,-424,-418,-385,-321,-229,-140,-37,85,198,288,374,420,445,449,411,328,219,92,-68,-223,-362,-482,-554,-581,-556,-483,-355,-185,5,202,379,527,622,665,639,550,402,218,19,-187,-384,-537,-629,-661,-630,-537,-386,-208,-15,177,356,481,560,582,546,450,323,180,14,-148,-273,-375,-433,-448,-425,-356,-271,-159,-48,52,148,223,269,288,-511,279,230,178,121,50,-10,-63,-119,-150,-183,-218,-229,-223,-200,-175,-136,-83,-24,40,112,177,230,268,281,278,250,204,140,46,-50,-145,-242,-312,-356,-356,-342,-296,-212,-104,10,124,235,330,394,417,410,356,262,150,26,-96,-216,-321,-389,-437,-432,-379,-304,-198,-70,61,189,303,385,424,426,399,324,223,100,-30,-163,-279,-358,-405,-414,-387,-325,-233,-115,3,120,224,307,366,378,356,309,228,127,22,-81,-179,-268,-331,-360,-344,-289,-221,-133,-20,86,182,259,305,317,299,258,182,90,-21,-123,-207,-263,-287,-279,-232,-154,-55,45,132,195,222,203,159,512,287,1179,-1044,-1191,-180,-206,-193,-135,-48,56,160,244,291,296,259,182,80,-29,-145,-240,-308,-349,-338,-286,-204,-99,24,149,253,328,363,369,339,266,156,39,-98,-221,-309,-377,-406,-394,-332,-246,-134,-8,118,246,336,390,419,409,360,261,148,9,-129,-256,-363,-419,-454,-432,-360,-266,-144,2,144,274,368,425,440,411,341,241,117,-15,-133,-242,-333,-386,-395,-375,-318,-242,-149,-25,84,180,264,330,359,356,321,264,182,93,-9,-107,-204,-276,-324,-350,-341,-301,-246,-165,-69,40,138,222,297,338,357,352,294,231,142,20,-89,-196,-289,-359,-403,-398,-362,-298,-189,-76,52,-330,286,371,435,446,421,346,242,117,-16,-149,-273,-375,-442,-470,-455,-394,-291,-173,-30,111,230,342,422,464,473,435,352,247,118,-34,-170,-289,-393,-469,-496,-481,-424,-339,-220,-74,83,237,372,480,540,559,518,443,321,163,-7,-184,-352,-489,-579,-614,-592,-524,-398,-232,-50,141,327,484,599,652,636,572,454,294,95,-109,-301,-465,-586,-641,-650,-593,-476,-319,-128,66,252,408,531,596,601,550,457,318,152,-20,-175,-311,-429,-499,-520,-500,-431,-341,-213,-78,56,177,286,371,416,434,422,380,308,209,96,-29,-146,-258,-352,-416,-449,-454,-411,-333,-230,-99,37,-139,-494,-729,-831,-737,-137,-283,-419,-516,-561,-561,-495,-387,-255,-89,98,276,431,544,613,614,560,465,315,126,-64,-254,-417,-534,-610,-621,-574,-478,-333,-155,24,199,363,474,546,571,532,447,334,190,43,-119,-249,-353,-432,-463,-456,-422,-362,-267,-154,-41,73,180,279,345,394,426,428,387,325,241,129,19,-113,-249,-365,-445,-504,-525,-488,-416,-300,-145,26,203,372,511,598,633,604,523,389,212,6,-206,-393,-537,-624,-662,-640,-549,-393,-209,-14,184,373,514,602,626,601,504,360,191,3,-176,-331,-436,-505,-529,-488,-405,-301,-160,-23,115,223,302,359,366,351,314,245,166,86,1105,-79,-148,-193,-234,-254,-242,-226,-193,-152,-121,-68,-6,52,101,146,192,224,240,243,225,187,135,70,-5,-81,-163,-229,-290,-329,-327,-307,-252,-171,-69,30,131,238,325,382,393,370,322,239,130,10,-111,-239,-335,-397,-424,-412,-370,-283,-180,-55,86,212,312,391,429,427,393,320,210,83,-43,-175,-291,-374,-423,-431,-402,-328,-228,-114,13,139,247,335,386,402,377,320,239,130,10,-100,-204,-291,-346,-366,-357,-310,-234,-133,-25,87,183,259,320,342,321,273,197,104,1,-94,-186,-257,-299,-311,-282,-220,-131,-29,73,164,232,262,252,205,130,37,-50,-106,-687,-807,1145,-658,-318,-65,14,110,194,249,261,228,154,53,-60,-171,-259,-311,-323,-296,-229,-141,-31,92,198,283,341,368,342,281,182,68,-55,-185,-293,-363,-391,-388,-330,-249,-145,-20,116,234,322,387,412,402,350,251,138,11,-125,-251,-346,-407,-439,-418,-364,-259,-140,-11,143,265,362,434,455,428,361,254,130,-15,-150,-271,-361,-417,-420,-392,-330,-243,-119,3,115,217,290,355,377,353,307,244,159,57,-50,-157,-246,-306,-338,-345,-323,-280,-207,-128,-31,74,169,244,307,342,349,323,277,201,98,-7,-124,-221,-290,-361,-384,-369,-333,-262,-167,-46,77,182,283,358,403,424,826,319,228,107,-27,-159,-282,-372,-438,-458,-435,-371,-272,-150,-15,128,264,368,440,476,448,407,324,202,67,-79,-213,-325,-406,-468,-486,-448,-379,-292,-164,-22,121,258,372,461,510,521,480,400,274,120,-50,-217,-363,-486,-563,-586,-566,-491,-358,-194,-8,176,345,490,585,629,618,551,429,261,68,-129,-313,-468,-590,-651,-648,-586,-475,-311,-118,74,274,440,559,624,629,575,468,317,136,-49,-219,-372,-492,-557,-560,-517,-442,-330,-185,-31,122,252,362,434,463,453,414,351,253,137,15,-107,-216,-303,-375,-416,-427,-409,-357,-272,-163,-46,78,210,318,412,467,476,-1235,-1131
38905,mtk,MTK 7916,2422268350,rx0-tx1,512,87,760,795,665,593,476,310,104,-107,-329,-527,-672,-772,-807,-765,-655,-490,-275,-35,218,458,669,815,896,898,818,666,453,201,-71,-345,-597,-797,-930,-988,-957,-839,-646,-389,-106,197,487,733,911,1018,1039,973,815,587,311,7,-289,-576,-799,-964,-1053,-1051,-963,-790,-565,-284,28,341,625,860,1027,1105,1100,1000,806,542,223,-106,-440,-736,-970,-1135,-1196,-1146,-1005,-770,-453,-106,258,601,883,1089,1199,1205,1104,900,626,308,-47,-399,-706,-947,-1111,-1169,-1133,-1003,-778,-492,-175,170,491,761,968,1096,1117,1045,886,652,360,43,-265,-559,-792,-962,-1055,-1050,-952,-778,-541,-261,35,327,594,-689,947,1013,991,889,711,473,197,-100,-387,-631,-833,-961,-1013,-977,-857,-661,-410,-126,178,467,725,917,1030,1050,985,834,608,329,9,-305,-595,-846,-1019,-1110,-1098,-980,-776,-503,-187,158,490,778,995,1126,1158,1077,896,633,311,-40,-391,-704,-957,-1113,-1169,-1115,-956,-707,-391,-38,313,632,894,1055,1119,1077,927,694,399,71,-255,-552,-792,-941,-1003,-962,-827,-622,-368,-90,185,435,640,763,814,790,692,538,336,116,-99,-308,-478,-599,-665,-659,-595,-481,-326,-146,50,232,386,498,558,561,508,406,268,95,-89,-253,-391,-477,-503,-467,-368,-220,-50,123,265,353,378,327,226,346,523,0,-324,-48,163,205,217,188,117,22,-84,-183,-255,-297,-294,-251,-179,-79,29,137,228,294,332,332,302,236,142,36,-79,-187,-281,-344,-377,-373,-328,-263,-157,-36,87,209,316,396,440,440,401,324,209,67,-81,-222,-355,-454,-513,-515,-472,-390,-261,-101,79,242,385,495,561,571,523,423,281,111,-65,-235,-379,-493,-554,-572,-529,-439,-310,-149,25,186,329,446,508,528,507,440,332,199,51,-105,-245,-363,-446,-491,-489,-449,-367,-260,-131,1,140,265,369,441,465,451,411,322,209,88,-49,-177,-290,-370,-421,-439,-422,-363,-270,-164,-44,81,194,289,358,398,408,377,313,-130,132,22,-93,-191,-279,-338,-370,-377,-346,-291,-216,-120,-27,75,168,241,301,335,341,323,281,221,144,57,-24,-111,-187,-258,-312,-341,-346,-325,-283,-219,-134,-39,62,164,252,328,382,414,406,368,304,203,86,-37,-167,-288,-389,-462,-497,-489,-442,-359,-238,-90,63,215,358,476,546,572,553,483,370,225,59,-111,-282,-422,-543,-609,-613,-578,-480,-343,-176,4,184,350,484,574,616,609,543,427,286,117,-59,-228,-369,-473,-544,-568,-537,-471,-370,-240,-100,49,189,308,402,468,499,499,463,388,286,167,34,-103,-239,-356,-451,-521,-556,-539,-482,-385,-255,-104,73,-519,-583,504,197,-33,-173,-361,-524,-653,-726,-739,-691,-565,-393,-188,49,290,499,673,790,847,836,746,585,362,114,-154,-406,-633,-809,-918,-950,-898,-763,-552,-299,-14,278,550,776,933,1017,1010,912,731,486,206,-99,-397,-661,-870,-1005,-1053,-1014,-888,-683,-435,-140,164,461,715,911,1042,1086,1035,900,685,408,99,-223,-539,-808,-1016,-1130,-1154,-1085,-915,-670,-362,-2,350,673,946,1127,1207,1189,1059,836,544,202,-156,-503,-805,-1022,-1158,-1199,-1123,-952,-703,-396,-58,279,595,861,1041,1135,1134,1023,833,579,269,-61,-374,-655,-882,-1032,-1081,-1049,-924,-720,-465,-163,150,446,693,886,1000,1032,976,834,261,364,76,-213,-488,-722,-891,-990,-1007,-929,-778,-569,-303,-18,276,551,779,936,1019,1016,929,758,515,226,-84,-383,-661,-878,-1024,-1079,-1033,-911,-699,-417,-104,237,548,813,1007,1117,1126,1030,839,568,249,-101,-441,-742,-974,-1122,-1166,-1101,-934,-680,-359,-4,346,668,923,1090,1157,1111,962,714,402,61,-287,-601,-851,-1014,-1080,-1031,-897,-668,-385,-78,232,502,716,854,908,875,761,577,345,101,-146,-370,-553,-675,-728,-719,-647,-513,-341,-141,65,254,415,533,600,608,553,448,303,131,-54,-227,-374,-480,-537,-525,-463,-346,-189,-11,167,320,421,458,426,331,190,31,-120,-219,689,563,0,-506,-598,103,35,-58,-150,-225,-261,-262,-218,-136,-36,81,180,259,303,314,289,231,151,50,-59,-164,-257,-318,-350,-350,-311,-240,-140,-31,89,197,296,372,404,404,366,293,184,51,-89,-217,-339,-429,-478,-475,-435,-354,-234,-89,77,229,370,480,546,550,497,402,269,106,-73,-241,-392,-503,-565,-575,-526,-429,-293,-133,42,214,363,476,543,556,515,441,317,164,10,-146,-293,-408,-481,-516,-502,-448,-355,-236,-92,55,197,316,404,463,476,457,393,299,179,39,-95,-223,-338,-405,-446,-450,-414,-343,-243,-133,-6,124,244,335,393,425,417,371,297,199,89,-29,-148,-245,245,-371,-391,-375,-331,-262,-172,-72,33,133,221,294,338,356,347,310,250,177,88,-7,-99,-183,-257,-311,-333,-336,-315,-278,-219,-138,-51,40,126,207,282,336,368,374,350,295,217,124,17,-103,-212,-318,-400,-443,-457,-436,-377,-285,-168,-25,119,261,384,485,534,538,502,425,305,159,-6,-173,-332,-458,-545,-588,-592,-538,-439,-301,-121,54,230,393,520,596,622,597,518,393,233,59,-122,-294,-433,-530,-589,-593,-545,-450,-328,-183,-15,143,279,395,478,520,527,483,409,314,188,58,-76,-208,-324,-418,-480,-510,-508,-463,-383,-274,-147,1,156,301,432,530,590,601,267,-10
38906,mtk,MTK 7916,2422268350,rx1-tx0,512,0,-745,-662,-620,-523,-392,-223,-28,174,368,534,660,727,731,673,548,376,168,-69,-302,-517,-688,-793,-828,-791,-684,-508,-278,-14,245,484,692,831,906,888,779,609,371,98,-187,-445,-675,-844,-924,-931,-851,-690,-469,-202,80,361,599,775,886,923,872,745,553,309,47,-219,-458,-660,-816,-882,-873,-787,-622,-410,-170,90,343,559,716,818,848,796,670,490,270,30,-204,-419,-602,-721,-772,-758,-672,-533,-351,-139,78,287,472,597,663,689,660,553,399,227,40,-149,-317,-459,-555,-604,-599,-545,-443,-314,-158,18,185,331,455,525,556,545,478,374,248,97,-69,-227,-359,-453,-504,216,-486,-406,-286,-145,2,157,299,403,464,481,457,394,299,182,44,-107,-229,-336,-399,-418,-409,-362,-291,-191,-75,35,141,231,305,347,350,311,258,202,123,30,-58,-131,-199,-247,-263,-256,-241,-208,-157,-93,-32,40,98,150,186,206,210,205,197,178,128,72,11,-57,-114,-171,-220,-249,-257,-244,-217,-152,-72,14,101,166,236,270,294,272,223,167,82,-9,-90,-168,-237,-269,-271,-255,-210,-144,-75,8,78,151,209,234,232,211,165,114,52,-20,-87,-138,-178,-205,-202,-183,-137,-82,-25,36,93,139,163,175,156,113,63,12,-45,-98,-126,-130,-119,-82,-35,-109,-439,0,928,985,-76,-134,-175,-185,-158,-99,-20,72,155,208,232,228,193,132,49,-37,-115,-182,-226,-246,-236,-191,-134,-67,13,81,152,200,229,225,206,165,106,46,-15,-74,-135,-172,-195,-204,-193,-173,-133,-88,-40,22,77,128,176,202,214,212,196,155,99,41,-30,-110,-174,-230,-270,-280,-259,-223,-159,-67,17,113,193,254,290,311,302,251,182,99,14,-88,-175,-241,-296,-320,-306,-272,-215,-130,-44,44,143,226,283,314,316,277,225,158,71,-17,-104,-187,-260,-303,-301,-285,-245,-181,-93,-5,76,160,220,258,271,263,231,181,116,42,-32,-107,-162,-205,-224,-230,-213,-584,-117,-73,-15,41,82,123,162,184,186,173,152,111,80,36,-15,-53,-80,-106,-128,-150,-163,-154,-131,-112,-90,-47,-3,42,84,107,134,173,187,178,164,140,107,63,8,-49,-100,-147,-191,-223,-249,-253,-224,-200,-150,-71,12,92,187,277,337,368,380,344,275,184,66,-72,-204,-324,-427,-488,-513,-480,-402,-294,-144,23,192,350,479,558,591,575,500,373,209,17,-166,-336,-499,-603,-650,-642,-578,-451,-275,-78,123,307,469,589,643,658,606,490,341,167,-32,-232,-399,-527,-614,-637,-616,-540,-416,-263,-80,110,276,418,533,598,615,581,500,371,215,46,-136,-241,237,0,-16,-355,233,400,541,640,682,669,597,469,294,88,-132,-345,-532,-668,-766,-791,-742,-625,-443,-222,25,277,505,695,825,874,841,740,565,334,75,-215,-471,-688,-848,-924,-914,-819,-656,-423,-151,130,403,640,816,914,937,864,712,505,258,-11,-283,-527,-728,-856,-904,-873,-764,-597,-375,-105,155,407,619,760,843,857,786,646,451,221,-33,-276,-493,-659,-769,-807,-773,-676,-520,-310,-87,146,364,536,662,728,729,665,544,366,180,-7,-218,-402,-537,-621,-655,-629,-549,-427,-271,-93,85,249,385,488,562,586,550,471,348,197,43,-120,-279,-402,-491,-540,-541,-488,-391,-264,-116,757,193,331,427,483,507,489,418,304,164,18,-129,-261,-365,-436,-466,-443,-381,-301,-180,-56,69,187,273,343,372,374,343,286,200,94,-13,-109,-175,-237,-289,-305,-291,-258,-207,-138,-55,10,76,134,183,210,227,227,209,173,129,75,19,-30,-81,-145,-195,-219,-236,-230,-216,-184,-128,-56,25,95,165,228,260,274,253,221,160,85,-2,-105,-172,-238,-274,-278,-255,-225,-163,-77,4,90,168,219,249,251,232,200,139,65,-5,-82,-146,-184,-212,-215,-194,-158,-110,-42,31,90,142,169,182,179,153,107,55,-6,-70,-119,-147,-158,-149,-111,-57,-5,43,83,99,743,610,0,-336,139,-132,-98,-33,45,124,182,217,214,173,102,19,-63,-141,-200,-239,-238,-217,-165,-93,-10,75,149,197,236,241,225,178,117,44,-22,-89,-152,-194,-212,-210,-197,-165,-113,-64,-2,54,101,144,179,201,214,193,170,131,69,14,-56,-116,-177,-215,-238,-257,-236,-190,-133,-57,30,114,180,247,280,295,284,242,174,91,3,-101,-186,-254,-298,-318,-306,-253,-193,-116,-11,83,170,241,286,308,315,291,225,143,55,-45,-132,-209,-272,-307,-306,-289,-248,-179,-81,16,102,181,244,279,285,278,243,178,98,18,-62,-133,-188,-232,-247,-248,-227,-182,-128,-60,-1,74,-674,156,182,199,191,170,147,105,52,2,-42,-91,-121,-141,-158,-161,-151,-140,-116,-80,-48,-4,43,77,105,136,155,165,159,136,107,90,57,3,-41,-78,-121,-149,-180,-197,-199,-188,-167,-126,-75,-10,67,132,185,251,292,303,305,277,215,126,26,-94,-210,-307,-381,-438,-453,-420,-348,-237,-101,44,205,345,465,542,562,537,458,334,174,0,-182,-349,-486,-588,-630,-609,-542,-414,-243,-52,134,321,486,604,658,653,590,476,308,121,-71,-269,-432,-547,-629,-656,-615,-516,-376,-202,-15,165,339,479,581,632,614,546,445,307,138,-41,-210,-371,-494,-579,-620,-611,-952,-955
38907,mtk,MTK 7916,2422268350,rx1-tx1,512,0,0,0,-299,74,424,682,796,730,495,146,-235,-563,-767,-796,-651,-368,-5,361,637,765,722,520,203,-153,-470,-675,-727,-608,-346,-12,320,570,686,638,444,146,-192,-478,-649,-669,-534,-266,61,374,595,686,616,394,80,-252,-527,-685,-682,-521,-243,93,417,643,722,638,413,99,-237,-523,-690,-704,-557,-286,40,359,593,697,640,447,159,-156,-439,-617,-655,-551,-321,-27,258,479,591,565,425,193,-82,-331,-490,-540,-469,-301,-68,170,364,471,471,372,200,-14,-222,-372,-433,-389,-265,-94,96,256,342,360,309,186,21,-133,-240,-297,-289,-219,-113,8,124,206,237,212,141,0,-38,-118,-162,-161,-126,-61,9,61,92,99,77,38,-1,-37,-63,-72,-52,-16,26,54,61,49,20,-19,-52,-81,-92,-70,-40,8,66,108,128,120,81,12,-57,-115,-158,-175,-155,-94,-6,78,142,188,195,159,89,-1,-90,-164,-206,-214,-174,-99,-15,80,170,224,231,198,124,39,-55,-142,-204,-223,-208,-157,-79,7,93,165,206,212,183,124,49,-32,-119,-184,-218,-208,-170,-114,-36,58,139,195,222,214,179,115,22,-78,-166,-228,-245,-221,-171,-93,2,103,187,240,264,242,171,76,-19,-114,-193,-247,-262,-237,-180,-105,-20,62,127,170,186,179,154,0,0,0,0,0,17,-2,-24,-46,-63,-72,-64,-47,-20,20,60,85,98,96,72,29,-22,-77,-116,-136,-126,-91,-35,38,104,145,152,131,77,12,-63,-133,-179,-182,-149,-91,-8,91,165,184,175,131,39,-63,-139,-192,-203,-158,-71,34,138,213,237,204,120,-3,-132,-234,-291,-286,-217,-85,76,225,338,385,331,203,35,-149,-312,-413,-434,-356,-181,38,250,418,493,464,335,124,-113,-334,-495,-546,-472,-305,-65,198,420,553,567,458,256,0,-268,-482,-585,-563,-427,-202,82,344,515,564,500,332,92,-176,-396,-517,-522,-411,-209,40,266,423,482,429,273,51,-182,-362,-451,0,-311,-105,127,338,469,489,385,182,-71,-307,-478,-541,-478,-295,-28,246,464,592,583,429,176,-128,-415,-612,-671,-575,-343,-26,301,567,704,686,508,207,-149,-478,-709,-771,-663,-401,-36,347,650,817,794,587,249,-146,-517,-782,-863,-754,-472,-75,342,681,868,858,651,297,-128,-522,-796,-900,-797,-515,-117,300,650,858,866,682,341,-72,-463,-741,-858,-778,-523,-151,247,583,768,778,611,306,-71,-419,-667,-747,-658,-415,-75,285,561,704,683,504,201,-148,-457,-659,-702,-577,-316,22,356,604,711,659,448,129,-219,-519,-700,-720,-571,-292,56,397,647,751,682,456,123,0,0,0,0,0,-721,-788,-670,-394,-32,334,630,789,771,577,260,-116,-469,-714,-795,-700,-449,-108,250,548,730,734,570,281,-72,-402,-621,-691,-617,-397,-80,255,527,669,648,481,197,-134,-429,-625,-680,-571,-330,-13,317,571,691,653,463,166,-166,-462,-654,-703,-589,-333,-2,331,584,706,679,493,192,-149,-449,-656,-715,-613,-369,-56,259,521,668,661,503,242,-60,-349,-555,-633,-565,-381,-125,161,407,552,562,451,255,5,-245,-435,-517,-485,-347,-134,100,295,428,455,389,236,39,-156,-311,-391,-386,-301,-154,20,183,301,343,310,206,72,-62,-178,-254,-266,-219,-131,-18,82,153,0,186,138,59,-19,-81,-119,-130,-100,-51,1,47,73,82,67,27,-15,-44,-61,-54,-30,4,48,72,73,57,32,-13,-57,-94,-105,-96,-55,3,62,116,150,147,107,48,-15,-82,-147,-185,-169,-124,-53,37,123,179,214,202,142,51,-47,-132,-186,-221,-205,-146,-68,25,116,189,230,220,167,98,14,-83,-167,-212,-220,-192,-138,-66,19,104,172,207,211,180,115,31,-52,-128,-186,-216,-213,-180,-113,-28,66,150,208,233,224,180,102,5,-94,-177,-238,-259,-234,-174,-86,19,117,193,245,260,236,174,89,-7,-96,-170,-220,-236,-223,-183,-126,-57,6,56,0,0,0,0,0,41,51,49,38,21,-4,-36,-64,-80,-84,-74,-44,1,45,83,105,115,102,53,-6,-60,-107,-141,-147,-113,-56,12,83,145,172,163,117,48,-35,-115,-169,-186,-163,-105,-17,75,149,194,191,136,53,-46,-141,-204,-216,-174,-85,24,133,223,268,246,162,42,-98,-236,-325,-340,-276,-150,23,197,328,396,385,280,100,-105,-288,-416,-462,-406,-259,-47,190,389,501,500,401,222,-22,-272,-463,-556,-528,-389,-159,104,350,521,580,515,339,88,-176,-406,-555,-580,-476,-267,-6,251,452,549,516,370,149,-103,-322,-471,-508,-427,-240,-13,212,383,467,436,296,82,0,-351,-461,-456,-342,-141,101,324,475,516,428,227,-30,-288,-486,-576,-528,-356,-95,194,452,610,624,504,264,-49,-355,-589,-692,-633,-428,-120,222,521,712,733,583,294,-62,-411,-673,-794,-732,-496,-135,253,591,803,842,685,362,-39,-435,-738,-880,-816,-569,-193,229,602,844,896,738,417,4,-416,-737,-887,-845,-606,-234,184,556,807,873,746,439,41,-355,-665,-817,-779,-567,-226,156,498,721,771,642,366,6,-345,-606,-729,-679,-462,-136,219,517,683,688,530,256,-87,-407,-631,-705,-614,-378,-57,282,564,715,694,509,204,-149,-464,-685,-746,-631,-371,-28,323,605,750,0,0
38908,mtk,MTK 7916,2422268350,rx2-tx0,512,0,0,0,877,1005,890,561,104,-380,-781,-994,-970,-723,-306,181,628,926,1000,842,489,12,-463,-824,-989,-917,-625,-185,300,705,945,957,737,339,-137,-578,-887,-980,-835,-486,-15,457,821,988,916,623,180,-315,-733,-975,-982,-758,-354,141,604,925,1013,864,509,24,-469,-841,-1007,-934,-635,-176,331,755,992,994,753,329,-183,-652,-966,-1050,-871,-480,24,526,910,1086,1001,671,177,-362,-820,-1092,-1111,-863,-413,141,663,1030,1158,1022,644,110,-445,-891,-1143,-1125,-844,-365,194,696,1047,1156,993,604,81,-462,-891,-1109,-1067,-778,-322,200,678,994,1058,883,508,20,-467,-841,-1014,-940,-646,0,273,683,927,950,743,357,-106,-545,-851,-951,-823,-499,-50,400,758,942,904,644,228,-253,-672,-930,-972,-786,-404,72,544,891,1027,934,621,149,-364,-804,-1067,-1080,-840,-408,116,627,1006,1158,1036,686,182,-379,-854,-1136,-1164,-930,-489,63,601,1006,1180,1101,776,267,-295,-793,-1111,-1178,-980,-568,-27,511,933,1149,1111,833,376,-162,-665,-1019,-1141,-1016,-680,-207,303,743,1026,1074,893,530,74,-384,-746,-942,-935,-732,-382,35,424,705,825,768,559,246,-108,-427,-638,-707,-629,-429,-145,151,402,558,599,516,340,109,-130,-337,-470,-507,-455,-330,-161,21,180,292,344,339,288,0,0,0,0,0,-114,-225,-318,-381,-395,-344,-231,-71,117,302,442,512,491,381,195,-36,-270,-451,-545,-542,-424,-212,48,297,491,585,562,419,186,-99,-371,-560,-628,-569,-377,-102,200,462,633,654,532,287,-21,-331,-570,-684,-639,-446,-150,190,492,683,723,598,334,-16,-364,-636,-770,-729,-511,-176,210,555,775,817,686,396,7,-392,-704,-857,-817,-593,-230,193,573,822,888,750,435,20,-397,-733,-905,-868,-627,-249,188,581,847,924,790,467,41,-394,-742,-913,-874,-642,-265,174,574,847,921,783,470,49,-382,-722,-893,-858,-628,-257,173,560,810,877,746,435,24,-387,-704,-853,-800,0,-197,214,568,789,817,651,331,-65,-448,-719,-818,-717,-444,-64,332,647,806,768,540,184,-220,-578,-803,-831,-650,-316,96,496,781,882,773,475,55,-382,-728,-908,-874,-631,-235,224,633,894,939,767,410,-51,-500,-830,-962,-867,-561,-119,354,738,948,938,699,282,-201,-638,-923,-987,-811,-440,39,508,862,1012,920,608,145,-356,-777,-1014,-1007,-761,-342,169,643,964,1056,903,527,25,-478,-869,-1057,-1000,-709,-245,276,726,1009,1054,843,440,-66,-554,-907,-1044,-940,-616,-142,359,779,1013,1006,761,340,-161,-623,-933,-1024,-869,-513,-33,452,825,999,941,663,232,-253,-681,-947,0,0,0,0,0,-481,-6,472,837,1004,936,646,207,-288,-712,-961,-988,-782,-393,88,548,881,999,880,552,99,-379,-769,-972,-940,-684,-259,224,651,922,972,783,414,-58,-517,-855,-985,-873,-554,-103,380,777,979,948,688,261,-233,-673,-954,-1008,-814,-421,76,550,889,1022,913,574,94,-403,-808,-1008,-967,-700,-261,248,695,978,1016,811,410,-97,-587,-943,-1070,-937,-582,-82,448,875,1098,1059,763,285,-253,-748,-1074,-1149,-951,-529,19,562,981,1169,1091,758,254,-305,-795,-1101,-1152,-929,-495,46,577,974,1138,1033,697,204,-331,-783,-1053,-1075,-844,-419,99,577,911,1036,918,581,120,-369,-763,0,-947,-701,-292,187,616,888,948,782,431,-28,-469,-803,-945,-861,-566,-137,327,716,939,945,715,314,-167,-606,-910,-1004,-861,-509,-29,468,853,1048,1006,730,274,-255,-727,-1039,-1123,-948,-557,-32,508,941,1159,1116,823,333,-222,-734,-1085,-1188,-1023,-631,-95,461,913,1164,1148,884,424,-134,-660,-1034,-1181,-1072,-717,-207,338,809,1096,1142,947,542,20,-495,-892,-1092,-1059,-805,-381,113,566,889,1020,929,645,238,-204,-586,-829,-893,-768,-488,-118,261,571,743,754,611,350,28,-286,-523,-645,-629,-483,-250,21,275,461,548,529,410,225,12,-191,-346,-431,-440,-382,-273,-136,-3,102,0,0,0,0,0,274,238,159,39,-107,-262,-388,-459,-458,-383,-238,-40,175,366,499,544,482,324,96,-155,-379,-532,-578,-505,-324,-76,193,428,578,606,494,276,-4,-287,-517,-637,-618,-458,-192,117,403,606,681,597,376,66,-266,-541,-690,-680,-523,-239,105,431,663,749,666,425,80,-296,-613,-788,-782,-601,-289,98,478,752,853,760,494,114,-297,-647,-852,-860,-676,-331,87,489,784,905,816,537,133,-308,-672,-886,-900,-711,-363,72,487,791,919,837,561,155,-281,-651,-884,-906,-719,-373,62,481,785,912,831,559,161,-272,-645,-860,-880,-696,-353,68,472,767,871,774,506,117,-301,0,-830,-817,-609,-267,134,503,755,826,692,391,0,-384,-679,-809,-744,-493,-117,288,622,810,803,602,254,-162,-545,-795,-859,-715,-393,24,440,754,892,826,554,140,-311,-691,-910,-912,-702,-324,136,573,866,954,823,495,38,-428,-791,-969,-915,-638,-204,279,696,946,967,754,363,-119,-578,-897,-1003,-870,-529,-57,434,824,1017,966,682,233,-273,-717,-993,-1039,-836,-435,74,567,925,1060,953,623,143,-372,-798,-1035,-1027,-779,-347,165,641,965,1056,896,525,34,-461,-845,-1032,-977,-693,-240,268,705,974,1018,822,432,-60,-533,-883,-1022,-913,-593,-135,353,755,979,972,730,313,0,0
38909,mtk,MTK 7916,2422268350,rx2-tx1,512,0,0,0,-419,-523,-500,-369,-157,82,294,436,476,412,261,50,-163,-326,-420,-419,-320,-154,39,215,334,367,321,212,59,-94,-219,-292,-288,-212,-100,13,119,197,220,186,116,29,-50,-113,-148,-145,-103,-45,9,48,59,57,35,8,-10,-11,-1,26,54,72,71,45,-8,-82,-145,-176,-169,-124,-39,63,179,267,301,266,166,11,-155,-291,-369,-379,-309,-154,44,234,384,457,422,294,100,-131,-333,-468,-499,-410,-238,-15,222,419,517,498,372,157,-99,-334,-489,-532,-451,-285,-41,229,448,552,535,402,171,-101,-343,-506,-563,-493,-302,-35,236,454,572,561,421,181,-98,0,-526,-582,-505,-314,-48,229,451,570,564,423,186,-95,-358,-530,-576,-504,-310,-31,256,480,585,554,400,151,-146,-407,-568,-601,-495,-263,42,338,553,643,584,390,103,-213,-488,-671,-705,-573,-303,46,390,657,780,735,515,182,-200,-542,-776,-841,-727,-444,-67,332,666,858,861,678,350,-57,-453,-750,-897,-844,-603,-235,175,554,805,884,787,527,147,-263,-618,-831,-871,-737,-451,-73,304,606,776,796,650,371,30,-306,-570,-709,-697,-550,-299,2,294,516,624,598,456,239,-20,-270,-449,-531,-520,-408,-221,-6,192,351,439,444,374,254,106,-47,-172,-248,-284,-278,-225,0,0,0,0,0,110,158,184,189,168,116,48,-36,-121,-189,-227,-230,-192,-128,-43,58,143,201,225,212,152,60,-41,-133,-198,-227,-205,-143,-60,42,134,192,209,190,125,39,-57,-131,-179,-188,-161,-102,-28,58,138,183,165,115,59,-9,-79,-120,-134,-129,-90,-34,23,71,96,89,67,32,-14,-36,-40,-38,-25,5,27,38,23,0,-24,-52,-85,-102,-82,-22,44,108,154,172,148,92,12,-90,-183,-238,-244,-210,-122,9,139,241,300,296,228,116,-30,-174,-281,-337,-325,-231,-86,76,221,319,349,311,198,32,-133,-265,-344,-351,-268,-126,37,190,305,346,307,197,34,0,-273,-344,-336,-255,-116,64,230,341,372,317,185,7,-173,-317,-389,-374,-273,-103,96,265,380,416,353,204,2,-201,-359,-434,-400,-274,-91,119,316,440,455,365,188,-38,-253,-409,-474,-435,-297,-85,150,349,465,472,373,188,-43,-272,-434,-485,-415,-260,-43,203,391,483,459,323,101,-147,-368,-495,-508,-403,-199,66,319,499,582,525,332,53,-239,-484,-617,-618,-473,-216,90,380,597,682,608,401,103,-226,-510,-686,-706,-570,-306,35,364,612,733,692,489,193,-147,-462,-676,-737,-634,-395,-75,257,535,683,686,544,289,-26,-326,-547,-649,-604,-433,-170,119,374,538,0,0,0,0,0,329,96,-148,-357,-484,-491,-383,-207,8,222,385,457,419,293,106,-104,-285,-382,-398,-332,-192,-20,148,274,339,318,225,85,-57,-172,-245,-260,-216,-132,-20,84,151,177,164,114,46,-27,-78,-102,-91,-63,-29,-3,20,22,12,-12,-36,-45,-25,5,55,103,129,121,91,16,-82,-170,-230,-241,-193,-95,42,180,285,335,315,229,76,-105,-271,-385,-428,-369,-226,-23,192,373,470,469,362,175,-62,-282,-439,-508,-463,-306,-83,162,377,507,522,419,216,-42,-282,-459,-541,-499,-337,-91,166,385,531,551,441,231,-34,-296,-490,-573,-533,-367,-113,169,413,559,579,0,254,-21,-287,-487,-582,-540,-365,-114,159,401,559,583,466,244,-35,-299,-486,-571,-530,-362,-94,195,437,571,574,444,204,-87,-364,-562,-631,-552,-335,-29,279,526,657,645,486,205,-139,-459,-682,-758,-657,-400,-62,302,612,793,801,627,305,-82,-450,-727,-860,-805,-569,-212,200,569,813,885,768,486,91,-323,-661,-862,-877,-703,-389,13,412,717,878,856,643,306,-93,-468,-739,-852,-795,-570,-239,132,462,684,763,692,486,181,-153,-435,-614,-667,-592,-398,-130,154,392,540,576,500,331,114,-123,-333,-465,-495,-443,-320,-151,44,212,329,381,369,306,211,101,-3,-93,0,0,0,0,0,-109,-69,-16,50,118,177,217,221,196,140,57,-38,-127,-195,-231,-229,-182,-103,-6,95,179,221,220,180,106,8,-91,-172,-220,-224,-181,-98,-4,91,163,198,197,150,72,-19,-101,-157,-181,-169,-122,-46,36,103,142,152,129,77,9,-51,-90,-110,-108,-79,-31,17,50,65,67,53,24,-6,-29,-33,-20,6,33,56,50,33,0,-45,-91,-118,-128,-113,-54,37,114,180,216,215,154,57,-66,-164,-243,-278,-261,-180,-54,84,213,303,329,277,168,26,-124,-253,-331,-336,-268,-137,22,178,293,350,324,228,89,-79,-226,-324,-351,-295,-165,1,164,290,348,0,216,67,-94,-240,-339,-360,-292,-153,21,195,329,384,347,235,64,-124,-283,-379,-391,-309,-143,52,230,366,422,370,231,44,-158,-333,-436,-428,-323,-142,78,284,428,473,397,238,24,-205,-388,-472,-456,-339,-136,101,305,442,481,403,226,-9,-234,-411,-483,-432,-275,-57,178,373,484,481,351,136,-114,-351,-513,-557,-466,-256,18,293,507,609,572,402,135,-172,-440,-612,-647,-541,-312,-5,316,565,691,668,495,200,-141,-451,-659,-725,-635,-403,-78,261,547,713,722,572,299,-35,-360,-608,-721,-675,-480,-196,132,430,628,682,588,369,82,-220,-465,-601,-603,-475,-245,0,0
38910,mtk,MTK 7916,2422315171,rx0-tx0,512,-349,-207,-443,-520,-534,-492,-397,-256,-87,97,280,432,553,616,599,526,392,212,11,-205,-393,-538,-629,-648,-602,-490,-313,-106,104,317,482,589,635,609,521,374,194,-15,-208,-362,-476,-544,-550,-504,-407,-271,-123,39,182,310,396,441,450,412,342,247,141,25,-86,-186,-286,-343,-374,-388,-371,-330,-257,-153,-30,94,231,350,445,496,506,460,373,230,55,-127,-302,-451,-560,-607,-594,-507,-362,-179,26,242,426,567,655,655,587,461,265,52,-166,-370,-537,-631,-651,-602,-490,-323,-118,97,292,435,538,571,539,453,320,157,-13,-168,-306,-393,-433,-437,-389,-302,-185,-65,57,162,-511,287,309,299,259,198,124,55,-15,-82,-133,-174,-198,-213,-204,-178,-150,-113,-66,-15,38,95,141,175,211,226,223,198,146,94,21,-59,-141,-214,-262,-286,-288,-265,-201,-114,-10,89,177,260,324,345,330,285,208,103,-4,-111,-224,-299,-351,-364,-331,-269,-192,-79,41,147,251,323,360,371,331,256,150,41,-80,-194,-284,-350,-370,-356,-303,-224,-111,3,123,232,309,358,360,322,258,170,55,-63,-163,-252,-311,-334,-322,-268,-196,-97,12,112,208,268,304,307,265,196,97,-5,-98,-178,-242,-275,-272,-230,-164,-70,30,126,196,235,234,195,130,40,-50,-112,512,287,1179,-1044,-1191,209,205,153,59,-65,-183,-273,-316,-312,-260,-158,-26,118,234,322,371,361,314,217,83,-56,-194,-307,-380,-415,-386,-317,-210,-73,74,227,343,421,448,427,353,233,84,-69,-214,-341,-426,-469,-462,-390,-284,-144,20,179,322,432,491,492,447,346,197,34,-143,-304,-428,-503,-524,-485,-389,-247,-83,86,250,384,463,497,476,396,287,145,-20,-165,-299,-392,-438,-447,-416,-325,-210,-81,54,191,294,364,415,413,375,292,185,67,-68,-194,-303,-374,-413,-412,-363,-277,-173,-47,84,209,307,384,414,405,362,277,164,20,-112,-236,-346,-415,-449,-429,-364,-269,-136,20,-330,291,396,470,488,444,362,240,90,-61,-222,-360,-441,-492,-491,-429,-338,-196,-40,116,280,394,471,501,473,401,296,153,0,-156,-293,-409,-483,-507,-487,-406,-301,-162,1,168,324,447,524,550,522,440,314,155,-27,-214,-382,-509,-582,-602,-566,-456,-299,-111,90,288,453,583,647,623,552,422,226,21,-181,-371,-530,-633,-663,-622,-524,-359,-157,65,274,450,572,631,632,562,432,254,57,-140,-325,-467,-553,-578,-543,-456,-326,-166,11,173,307,416,475,485,453,381,277,143,5,-127,-244,-347,-407,-438,-429,-381,-303,-190,-58,73,195,310,404,453,463,424,346,230,-139,-494,-729,-831,-737,-114,65,237,389,503,564,575,517,407,252,53,-148,-335,-492,-590,-637,-611,-507,-355,-163,50,251,435,575,639,646,578,432,251,43,-168,-350,-494,-584,-612,-562,-463,-325,-154,33,207,353,450,498,496,450,366,248,117,-22,-155,-258,-333,-381,-400,-384,-350,-283,-183,-90,24,133,237,326,405,435,436,399,321,204,67,-91,-247,-382,-502,-554,-553,-491,-378,-214,-26,185,376,524,613,650,611,501,340,124,-110,-320,-506,-629,-668,-644,-552,-393,-193,25,233,413,547,617,613,530,400,233,37,-151,-317,-434,-499,-504,-466,-373,-243,-104,36,167,282,350,379,367,308,1105,148,51,-43,-127,-187,-228,-244,-246,-222,-181,-131,-79,-26,34,82,124,166,191,200,203,185,145,105,58,-2,-63,-132,-188,-227,-260,-257,-237,-181,-112,-28,60,155,239,298,325,313,278,215,117,6,-103,-210,-294,-341,-351,-338,-280,-192,-88,24,137,232,313,368,371,339,277,172,63,-61,-180,-276,-340,-366,-370,-326,-250,-141,-15,102,209,295,348,363,346,284,198,88,-32,-144,-235,-310,-348,-336,-294,-226,-128,-21,89,187,262,313,321,296,239,151,56,-49,-150,-233,-284,-296,-271,-222,-149,-51,51,144,213,256,261,231,159,69,-32,-114,-174,-203,-184,-129,-687,-807,1145,-658,-318,2,-98,-195,-260,-274,-232,-145,-26,98,218,308,351,337,273,173,39,-99,-218,-323,-380,-392,-356,-268,-147,0,153,273,370,420,429,379,278,143,-5,-157,-291,-394,-447,-447,-407,-316,-185,-38,129,272,385,463,487,454,374,250,93,-71,-232,-381,-473,-516,-500,-429,-309,-153,21,197,348,459,516,514,456,342,193,29,-146,-289,-392,-459,-470,-440,-364,-245,-97,35,180,298,377,424,429,392,302,199,67,-71,-198,-309,-371,-411,-410,-367,-286,-179,-54,75,202,305,373,411,407,356,278,167,33,-97,-217,-321,-394,-429,-411,-366,-274,-155,-21,128,251,360,439,463,826,363,262,124,-36,-187,-314,-424,-482,-494,-455,-344,-209,-63,99,248,375,465,493,486,419,304,170,12,-146,-285,-397,-477,-503,-475,-404,-300,-153,-5,159,303,414,494,526,502,430,314,158,-8,-181,-343,-468,-550,-576,-547,-455,-317,-143,45,248,419,545,616,623,568,446,277,65,-144,-328,-499,-610,-649,-628,-538,-391,-195,18,218,404,555,636,655,595,472,303,107,-100,-295,-457,-569,-613,-598,-519,-376,-204,-15,171,329,450,522,538,494,417,296,141,-14,-160,-277,-376,-437,-456,-435,-374,-278,-158,-38,93,212,316,396,433,435,403,333,218,84,-61,-201,-327,-432,-1235,-1131
38911,mtk,MTK 7916,2422315171,rx0-tx1,512,87,760,795,-643,-719,-731,-659,-529,-335,-105,150,397,609,763,851,851,762,600,368,93,-196,-475,-706,-875,-959,-948,-839,-643,-374,-69,244,547,797,967,1043,1016,884,666,368,34,-305,-611,-865,-1033,-1096,-1051,-904,-660,-360,-25,321,627,878,1050,1110,1062,930,702,400,70,-277,-607,-876,-1062,-1152,-1140,-1008,-778,-472,-111,258,612,917,1130,1232,1209,1081,831,493,107,-298,-675,-985,-1196,-1287,-1244,-1080,-799,-441,-44,349,718,1007,1196,1261,1202,1021,746,397,11,-374,-720,-988,-1157,-1213,-1148,-976,-698,-363,5,370,705,962,1121,1167,1095,922,662,336,-19,-371,-675,-910,-1065,-1119,-1056,-887,-636,-689,10,346,642,879,1029,1082,1032,877,639,345,8,-328,-629,-878,-1035,-1096,-1055,-904,-665,-358,-10,346,661,913,1082,1148,1094,931,671,346,-22,-397,-732,-994,-1164,-1207,-1133,-939,-648,-280,108,499,841,1091,1238,1249,1133,890,550,161,-250,-629,-946,-1170,-1260,-1222,-1054,-767,-399,11,415,774,1045,1206,1227,1109,878,551,167,-227,-582,-871,-1060,-1120,-1058,-885,-621,-292,49,377,650,838,936,923,810,630,387,116,-159,-410,-598,-725,-775,-724,-614,-440,-228,3,231,423,567,644,649,582,450,271,69,-144,-331,-476,-565,-579,-518,-388,-209,-1,206,371,468,489,424,286,108,-72,-204,346,523,0,-324,-48,-189,-228,-210,-145,-38,81,195,283,317,303,249,148,28,-95,-206,-289,-344,-349,-307,-237,-137,-10,114,225,318,375,389,359,285,181,58,-80,-210,-326,-406,-448,-441,-381,-275,-142,17,169,312,427,495,514,477,384,242,70,-110,-283,-429,-531,-578,-549,-474,-338,-160,25,217,393,515,583,593,533,412,258,73,-128,-304,-443,-542,-578,-551,-475,-349,-187,-6,163,321,446,522,542,508,422,290,146,-17,-178,-325,-427,-488,-505,-471,-398,-279,-136,19,176,310,415,471,489,455,373,252,108,-37,-179,-303,-400,-451,-457,-420,-340,-236,-105,39,166,273,364,417,421,391,-130,223,108,-12,-136,-240,-325,-380,-395,-366,-310,-226,-126,-23,90,193,271,327,357,353,315,255,177,77,-22,-119,-206,-274,-320,-340,-339,-305,-243,-170,-76,30,135,236,315,378,407,405,364,283,175,53,-89,-219,-340,-435,-489,-495,-459,-378,-251,-94,75,239,388,503,571,580,534,430,289,110,-80,-264,-429,-549,-618,-629,-577,-459,-298,-111,92,286,449,576,639,641,577,447,288,100,-102,-290,-452,-559,-610,-601,-536,-418,-266,-101,80,247,384,485,539,537,500,413,290,154,10,-137,-274,-384,-460,-504,-507,-468,-390,-276,-138,17,182,326,458,550,600,588,523,413,-519,-583,504,197,-33,-301,-91,140,360,548,696,781,793,719,571,360,107,-169,-430,-655,-822,-907,-901,-800,-620,-376,-86,221,511,755,926,1001,983,866,650,371,47,-287,-590,-844,-1013,-1080,-1037,-894,-663,-356,-17,323,633,878,1035,1102,1052,904,675,374,30,-303,-610,-877,-1050,-1127,-1109,-972,-741,-439,-95,263,608,889,1094,1189,1173,1048,813,493,111,-274,-639,-957,-1168,-1268,-1238,-1082,-819,-471,-73,333,707,1004,1201,1269,1221,1053,770,420,29,-367,-722,-1002,-1180,-1239,-1180,-1003,-728,-385,-2,371,717,979,1138,1188,1123,949,674,343,-23,-380,-695,-939,-1090,-1132,-1066,-893,-644,-333,14,359,660,893,261,1090,1033,877,638,336,6,-330,-630,-868,-1027,-1091,-1039,-890,-654,-350,-18,324,638,888,1058,1126,1077,918,671,355,-4,-370,-696,-956,-1121,-1180,-1117,-934,-661,-316,66,443,778,1041,1192,1224,1140,921,612,234,-173,-561,-897,-1131,-1247,-1233,-1091,-839,-488,-86,322,705,1010,1201,1263,1189,985,676,294,-124,-509,-839,-1075,-1186,-1155,-1001,-748,-413,-44,317,633,873,1005,1026,941,750,493,192,-123,-398,-623,-777,-840,-817,-704,-523,-306,-51,196,410,580,679,705,649,535,365,160,-58,-272,-445,-564,-614,-589,-496,-353,-161,47,248,411,515,552,501,369,191,-10,-200,-338,-402,-378,-282,689,563,0,-506,-598,-73,23,130,219,274,278,231,135,11,-108,-219,-303,-336,-324,-270,-183,-74,57,172,264,338,370,352,296,206,86,-42,-167,-278,-359,-405,-407,-364,-283,-163,-24,125,264,373,448,480,454,385,264,111,-57,-222,-373,-483,-541,-543,-484,-368,-211,-22,168,339,484,564,584,552,449,294,117,-79,-270,-422,-533,-594,-583,-506,-381,-222,-32,151,316,453,538,563,529,448,317,162,-11,-176,-329,-437,-503,-527,-493,-410,-281,-137,23,175,315,420,480,498,465,387,265,124,-29,-179,-310,-412,-465,-474,-435,-357,-242,-108,31,173,290,381,435,444,401,332,234,102,-29,-155,245,-345,-392,-405,-381,-320,-232,-122,3,117,215,298,345,369,359,309,237,151,52,-54,-154,-240,-300,-338,-340,-323,-274,-204,-119,-27,67,167,249,308,355,365,349,298,224,128,17,-100,-224,-326,-400,-447,-450,-411,-332,-216,-72,77,222,360,466,530,540,500,410,276,107,-75,-254,-410,-524,-599,-611,-561,-453,-297,-111,84,280,446,565,633,642,578,462,299,103,-96,-299,-460,-570,-634,-627,-564,-445,-277,-87,106,283,429,521,575,573,515,413,275,114,-45,-196,-335,-432,-493,-517,-496,-435,-333,-212,-73,77,220,345,451,520,549,523,454,345,200,28,-158,-328,-483,267,-10
38912,mtk,MTK 7916,2422315171,rx1-tx0,512,0,-745,-662,685,696,652,536,357,139,-87,-324,-533,-699,-794,-802,-740,-600,-390,-133,150,420,653,821,911,904,800,609,345,42,-269,-561,-798,-953,-1005,-950,-799,-556,-255,83,408,695,907,1023,1032,933,731,461,141,-199,-517,-782,-961,-1045,-1011,-872,-659,-375,-40,287,579,809,958,1008,959,804,574,292,-20,-334,-608,-815,-942,-963,-890,-729,-500,-219,83,369,616,796,891,890,809,646,407,143,-136,-396,-614,-762,-822,-801,-709,-552,-340,-89,165,379,554,686,739,716,622,469,281,70,-159,-351,-513,-617,-670,-649,-571,-431,-251,-50,140,322,474,585,626,601,523,393,223,29,-158,216,-478,-561,-587,-555,-479,-346,-169,19,188,344,461,525,537,493,405,260,100,-62,-211,-344,-434,-476,-475,-414,-318,-199,-61,76,210,302,363,401,389,332,257,162,48,-71,-164,-245,-311,-321,-331,-303,-221,-147,-61,22,118,181,231,269,289,277,243,198,122,36,-46,-136,-211,-276,-320,-322,-289,-233,-142,-35,60,162,248,323,353,340,294,201,103,-8,-139,-243,-302,-332,-338,-299,-230,-150,-31,80,171,252,299,318,294,239,167,63,-42,-131,-208,-265,-280,-267,-226,-152,-70,26,117,177,222,240,228,189,124,39,-56,-132,-188,-215,-199,-156,-86,-7,69,117,127,-109,-439,0,928,985,130,167,167,132,66,-27,-118,-193,-234,-236,-201,-132,-43,51,144,215,252,257,222,165,89,-11,-97,-170,-230,-253,-248,-213,-158,-80,7,78,150,203,239,238,201,168,114,48,-19,-83,-142,-197,-225,-222,-206,-180,-134,-73,5,84,151,214,258,265,250,219,159,76,-19,-124,-205,-266,-306,-317,-280,-213,-135,-30,79,175,255,311,337,319,257,184,93,-17,-121,-220,-287,-324,-325,-293,-227,-146,-51,64,158,235,294,320,317,274,205,115,10,-80,-174,-244,-291,-316,-289,-231,-160,-76,24,112,191,252,281,276,247,181,112,36,-45,-122,-184,-216,-231,-223,-186,-584,-63,-13,44,96,133,150,159,150,132,97,59,25,-13,-42,-74,-90,-100,-105,-94,-95,-89,-65,-50,-26,-4,13,33,48,65,96,101,110,123,113,91,63,24,-14,-60,-118,-156,-188,-203,-206,-196,-166,-102,-21,65,148,237,296,342,347,309,233,130,16,-112,-249,-360,-431,-471,-462,-389,-282,-126,52,220,375,496,564,577,524,408,251,71,-137,-333,-494,-607,-650,-621,-534,-383,-193,15,225,412,556,650,673,623,509,330,124,-97,-299,-462,-599,-667,-667,-596,-461,-277,-72,130,327,487,591,651,633,558,435,265,71,-132,-320,-469,-587,-644,-635,-572,-450,-280,-241,237,0,-16,-355,126,-82,-295,-489,-643,-724,-749,-700,-574,-382,-137,117,361,586,754,848,853,769,606,369,92,-200,-485,-722,-892,-965,-935,-812,-593,-305,14,336,631,864,1006,1040,955,777,517,203,-135,-472,-749,-948,-1045,-1029,-905,-693,-409,-82,257,558,795,967,1029,987,847,624,333,10,-318,-602,-819,-950,-995,-932,-770,-534,-241,72,367,621,811,920,927,849,692,456,178,-111,-380,-615,-783,-856,-847,-756,-589,-365,-108,148,382,582,724,785,761,657,512,310,74,-159,-370,-538,-643,-699,-673,-583,-449,-265,-62,149,339,496,600,636,611,533,408,241,47,-144,-315,-462,-564,-602,-579,757,-369,-197,-11,170,334,468,548,560,527,447,303,133,-37,-201,-349,-456,-507,-507,-457,-368,-229,-79,77,220,327,408,440,430,367,274,175,52,-79,-190,-269,-331,-364,-351,-303,-242,-145,-50,32,140,216,260,286,295,271,220,163,100,14,-72,-145,-210,-270,-289,-294,-273,-221,-151,-55,50,150,236,307,331,322,295,228,136,17,-93,-205,-283,-323,-347,-331,-263,-174,-71,47,153,230,294,333,315,270,192,97,-4,-108,-188,-258,-303,-292,-260,-201,-120,-24,66,154,217,255,265,228,171,102,15,-71,-146,-204,-237,-228,-181,-117,-29,51,121,168,180,157,99,29,743,610,0,-336,139,81,13,-66,-139,-194,-215,-191,-130,-43,50,143,216,250,249,212,146,60,-37,-130,-201,-247,-261,-229,-187,-117,-34,50,129,192,238,242,227,194,133,59,-33,-96,-148,-196,-218,-219,-204,-174,-121,-47,23,78,141,192,224,238,216,186,143,66,-17,-89,-165,-242,-285,-308,-282,-222,-155,-64,40,149,239,302,337,321,276,207,122,16,-104,-199,-265,-317,-331,-313,-258,-171,-69,35,138,225,285,326,325,286,229,144,43,-67,-171,-246,-302,-319,-309,-267,-190,-103,-4,103,185,249,293,294,267,218,144,54,-41,-126,-191,-230,-250,-246,-216,-152,-84,-16,55,120,-674,196,201,196,160,113,57,9,-29,-64,-99,-117,-130,-122,-100,-87,-62,-46,-17,7,21,51,67,77,83,83,82,84,73,76,55,26,9,-27,-70,-102,-128,-147,-154,-171,-150,-106,-54,4,61,115,180,238,269,269,257,207,128,27,-93,-197,-288,-350,-390,-404,-361,-266,-142,4,167,313,433,514,532,492,405,266,96,-93,-277,-435,-540,-603,-609,-538,-408,-228,-17,192,386,539,633,662,623,524,357,160,-64,-273,-458,-596,-672,-675,-600,-480,-311,-101,117,326,495,610,658,650,577,443,268,69,-137,-321,-478,-591,-644,-636,-559,-438,-279,-79,115,301,467,586,-952,-955
38913,mtk,MTK 7916,2422315171,rx1-tx1,512,0,0,0,-74,-420,-682,-809,-770,-568,-242,137,486,733,828,755,526,192,-184,-523,-747,-811,-711,-462,-119,243,550,735,764,626,351,4,-334,-598,-731,-702,-531,-237,115,435,655,729,656,435,113,-238,-532,-710,-734,-606,-346,-12,332,602,735,726,559,267,-86,-415,-663,-768,-714,-510,-206,148,477,700,765,677,453,138,-211,-507,-697,-739,-628,-394,-82,251,517,666,677,554,322,18,-285,-508,-625,-610,-469,-238,34,301,496,583,546,401,170,-95,-328,-479,-532,-472,-317,-105,118,314,444,480,415,266,66,-131,-296,-399,-410,-341,-206,-31,140,267,341,342,268,145,1,-132,-227,0,-249,-182,-75,40,131,186,198,161,94,10,-69,-135,-168,-153,-93,-25,42,106,143,143,108,42,-35,-108,-151,-159,-128,-68,18,94,159,190,174,115,32,-65,-154,-210,-231,-206,-131,-27,83,181,241,261,228,145,35,-91,-200,-272,-290,-260,-177,-56,78,187,268,300,277,204,96,-30,-150,-247,-308,-304,-244,-154,-38,83,188,257,284,260,199,110,3,-104,-189,-249,-267,-231,-164,-86,3,96,169,219,233,213,161,92,10,-71,-143,-192,-219,-210,-174,-117,-36,47,120,172,203,212,189,138,73,0,-71,-132,-181,-204,-201,-177,-134,-85,-32,24,72,103,121,0,0,0,0,0,-45,-50,-47,-35,-10,17,33,54,71,75,65,42,5,-31,-66,-97,-104,-91,-63,-21,33,84,121,133,118,77,21,-43,-100,-139,-157,-141,-94,-26,40,106,157,172,149,88,4,-70,-123,-157,-161,-124,-57,20,96,158,191,167,100,8,-97,-180,-218,-223,-182,-94,31,166,275,318,302,226,97,-58,-214,-339,-388,-358,-260,-103,83,263,395,448,416,296,106,-110,-306,-448,-507,-465,-331,-121,125,347,495,545,490,337,112,-135,-360,-516,-567,-504,-348,-119,133,359,514,555,486,321,95,-151,-363,-491,-516,-440,-266,-36,188,365,468,467,362,172,-54,-264,-415,0,-401,-257,-54,173,366,472,473,365,178,-52,-282,-467,-552,-509,-350,-108,155,402,571,618,527,322,43,-251,-498,-645,-661,-541,-288,39,364,608,722,691,516,228,-120,-456,-706,-801,-724,-492,-155,225,562,786,843,725,455,88,-314,-649,-848,-871,-713,-405,-13,396,724,895,873,672,333,-76,-479,-778,-914,-852,-612,-248,157,538,798,892,809,551,175,-231,-578,-797,-844,-715,-437,-67,306,601,771,769,594,292,-66,-403,-649,-755,-691,-475,-157,186,485,681,730,614,365,33,-305,-582,-724,-705,-535,-247,96,419,655,753,677,452,136,-206,-508,-711,-758,-636,-380,-51,298,0,0,0,0,0,802,694,433,86,-283,-594,-790,-821,-676,-390,-30,337,633,799,804,634,337,-27,-382,-655,-790,-753,-559,-245,115,446,677,755,667,446,126,-226,-527,-706,-729,-592,-334,3,338,603,733,703,521,236,-105,-429,-661,-750,-675,-459,-143,212,520,713,765,654,398,57,-295,-586,-753,-763,-612,-340,7,351,610,742,722,555,273,-63,-382,-610,-713,-679,-493,-203,114,403,602,669,596,400,125,-155,-411,-576,-616,-522,-327,-71,191,412,539,552,455,260,20,-215,-403,-496,-485,-383,-199,21,221,368,440,414,306,139,-46,-214,-330,-375,-340,-241,-101,54,190,280,304,267,173,0,-69,-169,-232,-229,-175,-96,0,96,155,181,166,101,18,-54,-117,-155,-147,-95,-23,55,113,147,143,107,47,-30,-111,-166,-185,-157,-91,-3,87,165,205,201,161,85,-21,-126,-203,-244,-241,-180,-78,36,149,234,270,261,212,110,-25,-156,-250,-301,-294,-239,-139,-8,120,221,282,302,269,185,63,-62,-177,-256,-294,-277,-221,-127,-16,95,196,260,280,256,193,100,-7,-116,-188,-235,-250,-221,-157,-81,2,89,165,208,226,214,165,89,14,-62,-134,-188,-211,-206,-178,-128,-55,25,100,162,201,213,198,160,104,38,-29,-89,-140,-170,-179,-169,-143,-106,-63,0,0,0,0,0,12,-3,-25,-46,-56,-62,-56,-39,-10,23,48,70,84,88,70,31,-10,-53,-94,-117,-113,-86,-45,11,65,111,136,137,108,57,-12,-77,-124,-153,-157,-126,-63,12,87,144,173,158,112,40,-35,-111,-161,-170,-137,-77,5,94,169,206,193,134,46,-68,-173,-249,-279,-246,-154,-23,124,250,337,354,299,174,20,-156,-311,-406,-409,-341,-205,-13,195,360,465,479,393,211,-13,-242,-420,-523,-522,-418,-227,10,249,439,550,553,444,243,-12,-264,-460,-560,-550,-427,-227,16,255,440,533,516,395,189,-52,-272,-431,-496,-454,-318,-115,108,308,437,461,376,210,0,-218,-376,-461,-443,-321,-118,119,330,466,516,445,262,8,-240,-443,-567,-571,-440,-211,68,338,551,652,608,434,168,-147,-436,-636,-703,-627,-407,-81,266,552,723,754,623,356,14,-348,-643,-801,-796,-624,-310,75,444,725,861,813,586,238,-163,-532,-794,-893,-808,-549,-167,246,614,850,911,777,480,84,-328,-670,-875,-900,-738,-413,-5,387,696,858,835,646,323,-76,-447,-706,-817,-750,-519,-187,180,515,719,768,650,394,64,-283,-575,-729,-717,-544,-254,88,402,634,732,668,449,134,-204,-504,-696,-732,-610,-357,-18,319,588,738,728,560,273,-76,-420,-668,-769,-709,0,0
38914,mtk,MTK 7916,2422315171,rx2-tx0,512,0,0,0,-1027,-818,-426,60,537,895,1051,977,692,256,-230,-672,-968,-1051,-906,-560,-91,395,790,1008,1002,781,381,-103,-560,-896,-1029,-924,-619,-178,308,727,980,1010,809,432,-44,-512,-869,-1028,-958,-671,-236,256,698,984,1046,872,504,26,-459,-849,-1046,-1010,-752,-315,196,662,971,1065,922,570,86,-422,-834,-1052,-1034,-786,-359,160,648,989,1107,979,635,142,-396,-853,-1115,-1135,-908,-476,73,611,1020,1211,1133,811,316,-257,-781,-1134,-1240,-1082,-692,-154,420,905,1187,1220,992,553,-7,-560,-992,-1204,-1155,-863,-396,155,667,1030,1170,1050,709,222,-303,-759,-1046,-1102,-915,-530,-41,447,828,0,993,746,332,-151,-592,-897,-1006,-887,-568,-126,341,732,964,973,765,384,-85,-538,-875,-1023,-940,-644,-203,291,723,1002,1066,897,524,27,-483,-897,-1128,-1120,-857,-409,126,652,1046,1220,1135,815,316,-251,-776,-1142,-1274,-1133,-753,-217,366,882,1214,1291,1106,697,134,-458,-953,-1246,-1279,-1052,-609,-39,540,1000,1257,1262,1003,537,-25,-570,-1004,-1242,-1227,-960,-508,31,558,969,1181,1157,912,489,-19,-497,-865,-1060,-1040,-815,-447,-9,410,736,906,901,720,406,30,-330,-604,-756,-759,-614,-364,-56,250,499,635,647,549,366,124,-133,-348,-489,-542,-510,-405,-248,-70,94,220,296,323,0,0,0,0,0,-169,-85,31,171,305,413,471,467,388,242,50,-162,-358,-495,-558,-527,-398,-191,52,296,491,594,589,474,262,-6,-275,-494,-621,-622,-501,-283,0,289,521,651,649,511,269,-31,-328,-569,-693,-666,-500,-232,93,409,636,730,670,463,149,-196,-503,-720,-779,-667,-411,-63,307,618,805,824,665,363,-21,-407,-713,-876,-848,-643,-302,107,501,794,918,848,599,224,-208,-599,-859,-936,-826,-538,-130,306,678,909,946,786,454,21,-408,-755,-945,-935,-723,-361,80,495,805,952,898,645,256,-183,-584,-858,-954,-844,-550,-141,290,656,877,913,756,437,23,-393,-715,-882,-858,0,-292,114,493,768,874,779,512,131,-272,-610,-808,-827,-660,-346,48,436,723,847,783,541,168,-247,-607,-834,-865,-707,-392,16,428,751,911,863,620,239,-198,-599,-870,-957,-832,-518,-82,374,750,957,957,745,365,-96,-537,-863,-1001,-910,-613,-185,283,698,958,1002,821,455,-17,-492,-858,-1033,-974,-698,-265,230,680,974,1062,917,562,79,-422,-835,-1065,-1061,-820,-393,117,600,956,1106,1010,695,226,-291,-742,-1036,-1104,-930,-548,-43,465,866,1074,1050,794,368,-136,-607,-949,-1084,-981,-659,-195,311,744,1011,1060,874,495,12,-466,-846,-1041,-1001,-741,-320,172,624,940,1044,916,0,0,0,0,0,-221,-662,-966,-1052,-909,-571,-110,381,791,1022,1025,807,413,-73,-544,-893,-1039,-960,-670,-230,256,682,960,1023,854,503,40,-438,-814,-1009,-977,-730,-310,177,624,931,1028,891,555,97,-387,-788,-1014,-1011,-778,-367,125,587,921,1053,952,632,169,-336,-765,-1022,-1047,-838,-443,56,540,905,1069,990,684,224,-292,-747,-1036,-1086,-894,-499,16,534,931,1125,1073,775,302,-241,-737,-1081,-1190,-1031,-642,-108,448,910,1180,1202,956,500,-66,-614,-1032,-1232,-1168,-853,-352,218,745,1113,1238,1099,726,198,-365,-838,-1135,-1186,-981,-570,-44,483,901,1117,1092,828,389,-127,-601,-939,-1067,-960,-646,0,299,718,972,1004,818,449,-21,-482,-827,-985,-926,-663,-249,223,648,934,1012,856,514,62,-414,-806,-1024,-1013,-778,-363,131,608,963,1108,1013,697,221,-313,-786,-1098,-1179,-1010,-621,-88,469,930,1198,1217,982,541,-25,-592,-1036,-1266,-1238,-947,-456,130,681,1099,1293,1214,882,372,-219,-760,-1147,-1299,-1182,-820,-298,281,803,1163,1279,1135,769,253,-305,-801,-1134,-1239,-1096,-744,-251,278,746,1052,1141,1008,683,240,-232,-641,-915,-1003,-894,-616,-232,176,531,772,851,763,533,213,-134,-435,-639,-718,-658,-479,-222,65,323,509,599,584,468,282,67,-146,-318,-430,-464,-427,-342,-228,-99,0,0,0,0,0,-255,-337,-378,-369,-301,-186,-28,150,323,457,529,513,416,243,20,-213,-416,-552,-585,-509,-345,-112,152,388,554,619,562,394,140,-144,-404,-588,-661,-599,-408,-132,173,442,626,678,593,389,97,-225,-500,-670,-708,-594,-348,-25,307,579,727,730,574,283,-71,-415,-679,-806,-758,-545,-214,167,521,772,863,771,510,138,-266,-618,-840,-892,-753,-453,-50,362,700,899,908,719,377,-50,-464,-786,-944,-906,-673,-301,137,552,850,962,873,600,196,-250,-645,-902,-965,-826,-515,-100,343,713,926,936,751,412,-16,-438,-765,-925,-885,-658,-293,132,528,806,907,819,554,164,-257,0,-839,-873,-721,-405,-3,389,691,841,808,593,241,-162,-525,-772,-843,-721,-435,-51,348,670,842,830,629,280,-132,-517,-794,-892,-788,-509,-113,317,686,905,925,737,386,-60,-500,-827,-972,-898,-636,-234,225,642,923,995,842,499,41,-425,-792,-987,-964,-722,-318,157,604,920,1029,901,571,118,-363,-772,-1015,-1027,-811,-414,81,556,917,1076,993,693,242,-272,-728,-1022,-1098,-936,-555,-52,454,863,1087,1072,819,386,-128,-614,-963,-1108,-1007,-686,-214,301,745,1028,1086,902,525,34,-461,-854,-1062,-1030,-771,-348,150,616,941,1059,947,618,157,-329,-743,-1006,-1037,-836,-459,19,492,0,0
38915,mtk,MTK 7916,2422315171,rx2-tx1,512,0,0,0,603,578,429,194,-76,-326,-501,-571,-525,-371,-143,107,330,475,514,447,291,75,-146,-335,-451,-463,-382,-221,-23,166,313,391,382,292,150,-10,-156,-264,-309,-285,-204,-91,31,142,212,223,193,125,32,-60,-116,-137,-127,-89,-30,26,56,55,35,-1,-38,-64,-64,-42,7,76,133,164,155,101,16,-80,-178,-255,-281,-243,-147,-11,142,282,375,394,322,183,6,-185,-346,-448,-464,-369,-195,12,226,399,492,484,377,186,-45,-274,-447,-527,-498,-353,-135,107,333,497,550,482,317,83,-179,-402,-531,-553,-459,-265,-12,249,457,562,550,422,205,-61,-317,-503,-585,0,-396,-151,131,377,532,580,509,323,67,-209,-439,-577,-586,-467,-252,21,286,492,591,568,418,171,-112,-371,-551,-612,-539,-352,-75,230,487,637,648,516,280,-23,-342,-595,-717,-688,-520,-231,116,445,697,811,745,525,198,-182,-532,-776,-866,-782,-549,-197,209,572,825,912,813,549,182,-230,-603,-844,-919,-813,-542,-157,243,595,840,917,809,544,174,-233,-592,-827,-901,-803,-557,-202,185,518,745,837,765,546,236,-109,-427,-647,-740,-695,-518,-251,46,324,529,627,607,480,270,15,-231,-420,-527,-540,-464,-315,-118,86,259,382,439,425,355,239,99,-31,-137,-207,-239,0,0,0,0,0,65,21,-34,-96,-155,-205,-228,-221,-182,-117,-27,61,146,210,241,234,188,111,13,-87,-174,-229,-241,-202,-132,-43,47,140,207,223,196,149,72,-23,-113,-172,-193,-179,-135,-61,19,92,150,166,147,109,48,-22,-81,-116,-130,-122,-87,-23,37,73,93,96,82,47,4,-35,-61,-65,-46,-15,18,39,48,31,10,-20,-56,-84,-82,-59,-13,36,95,143,167,152,104,37,-53,-156,-230,-252,-224,-157,-46,82,193,280,314,282,195,65,-90,-221,-308,-336,-303,-208,-69,88,230,323,353,314,211,59,-102,-242,-340,-366,-313,-197,-40,133,274,351,353,277,144,0,-199,-322,-373,-351,-249,-92,87,258,376,406,349,220,42,-150,-320,-417,-427,-346,-195,9,214,371,454,435,322,138,-86,-292,-428,-482,-439,-296,-84,146,341,475,512,430,252,24,-210,-407,-521,-515,-403,-205,39,274,446,524,481,329,107,-130,-337,-484,-517,-424,-235,12,256,437,526,501,358,140,-124,-375,-537,-588,-516,-321,-40,248,493,642,656,523,276,-38,-351,-587,-697,-672,-505,-220,109,427,663,763,707,496,184,-166,-481,-702,-781,-701,-468,-133,222,535,742,794,683,438,108,-242,-545,-735,-774,-662,-416,-86,247,524,700,727,602,361,54,-261,-510,-649,-654,0,0,0,0,0,-85,185,417,560,586,486,287,32,-224,-426,-531,-528,-416,-218,23,250,415,487,457,338,157,-54,-247,-377,-429,-390,-269,-96,88,234,317,340,302,191,40,-111,-214,-265,-268,-215,-114,-3,97,166,184,155,105,40,-23,-60,-79,-73,-45,-10,28,49,39,2,-45,-85,-106,-102,-62,8,92,172,220,228,180,81,-48,-178,-292,-346,-329,-244,-108,73,253,378,434,409,292,105,-103,-295,-443,-499,-440,-285,-89,139,352,491,517,433,260,34,-206,-400,-520,-531,-426,-227,21,259,444,544,526,393,177,-78,-325,-498,-563,-511,-353,-111,163,395,537,576,498,303,43,0,-446,-569,-574,-459,-241,28,295,495,591,560,408,166,-110,-362,-538,-599,-527,-346,-86,196,430,582,613,485,255,-23,-312,-528,-632,-608,-446,-178,129,416,621,694,619,400,91,-246,-539,-722,-758,-640,-383,-42,325,639,815,826,676,382,2,-387,-707,-884,-877,-696,-375,21,413,732,905,881,696,368,-37,-437,-736,-897,-881,-686,-357,44,433,742,907,893,704,377,-15,-392,-693,-860,-855,-687,-397,-40,314,600,761,779,649,399,81,-228,-489,-654,-690,-588,-382,-118,158,390,541,589,533,381,173,-55,-264,-417,-491,-484,-401,-263,-92,84,227,317,357,347,293,209,110,0,0,0,0,0,137,170,185,178,141,78,2,-74,-150,-211,-239,-234,-193,-120,-26,73,160,222,241,224,172,92,-14,-111,-183,-220,-225,-185,-108,-13,78,152,194,204,177,111,27,-54,-127,-171,-178,-144,-89,-16,56,106,136,146,122,64,0,-56,-90,-118,-116,-80,-36,2,35,57,68,59,38,8,-28,-41,-36,-23,2,34,49,50,42,11,-45,-89,-121,-126,-105,-54,18,100,163,200,206,172,87,-24,-137,-224,-276,-279,-225,-122,11,145,256,323,331,269,147,-9,-159,-278,-349,-347,-276,-150,6,160,287,362,356,269,127,-39,-200,-312,-363,-343,-242,-87,76,223,330,0,319,200,32,-147,-287,-371,-377,-299,-151,32,211,354,426,400,286,109,-92,-274,-402,-452,-404,-269,-67,151,332,442,463,383,219,-4,-224,-392,-488,-482,-362,-170,63,288,451,521,481,330,110,-130,-349,-497,-529,-443,-268,-39,207,406,511,502,386,178,-70,-307,-472,-533,-470,-307,-63,201,415,535,542,429,211,-60,-324,-520,-613,-580,-409,-144,153,436,634,689,600,389,91,-233,-513,-691,-724,-605,-360,-34,309,594,753,761,613,333,-18,-363,-631,-777,-769,-596,-296,57,398,656,784,755,567,268,-77,-406,-658,-763,-714,-523,-232,100,405,627,707,644,460,185,-135,0,0
38916,mtk,MTK 7916,2422353914,rx0-tx0,512,-349,-207,-443,412,497,541,534,462,349,187,8,-180,-370,-506,-598,-638,-595,-482,-328,-131,82,305,489,618,680,659,578,432,243,13,-216,-417,-572,-663,-677,-621,-496,-316,-107,109,302,454,556,605,577,499,362,195,31,-134,-274,-384,-455,-470,-449,-392,-312,-202,-72,44,163,259,336,389,413,407,376,294,203,97,-39,-177,-295,-407,-476,-511,-498,-430,-320,-156,23,206,390,532,618,642,595,479,308,105,-118,-328,-510,-633,-696,-665,-574,-410,-201,29,252,452,594,667,669,597,455,264,44,-170,-355,-498,-578,-596,-549,-443,-289,-112,64,225,345,429,469,460,401,305,181,45,-511,-201,-273,-321,-344,-330,-282,-220,-142,-58,33,103,163,215,240,256,241,217,171,117,57,-13,-74,-140,-184,-228,-255,-258,-243,-195,-136,-59,26,116,200,268,315,336,306,256,176,78,-35,-140,-245,-327,-366,-376,-336,-277,-183,-53,68,186,292,363,399,397,343,259,152,35,-94,-209,-299,-377,-401,-386,-332,-244,-120,11,139,258,346,396,405,365,292,187,60,-66,-185,-289,-363,-386,-368,-319,-231,-123,-1,114,221,302,335,349,313,245,158,55,-68,-177,-252,-301,-319,-293,-238,-165,-66,38,141,222,265,280,258,199,116,12,-89,-171,-217,-227,-200,-141,-59,24,512,287,1179,-1044,-1191,-169,-225,-232,-187,-102,18,140,240,309,327,288,200,86,-41,-173,-278,-344,-364,-341,-268,-161,-29,102,227,330,388,397,361,279,154,23,-118,-250,-341,-394,-409,-383,-299,-179,-43,95,223,337,414,435,410,341,236,110,-28,-182,-314,-408,-464,-458,-410,-306,-173,-11,156,296,394,466,475,431,334,200,53,-99,-246,-357,-434,-447,-414,-340,-235,-118,15,150,273,352,398,405,376,298,185,74,-56,-180,-274,-343,-383,-384,-352,-265,-159,-44,79,190,285,351,374,374,331,250,148,29,-89,-205,-298,-354,-384,-372,-315,-241,-129,3,127,240,327,393,406,380,323,231,-330,-33,-178,-303,-387,-441,-443,-394,-312,-188,-49,104,242,351,433,468,450,375,266,137,-10,-163,-288,-391,-455,-460,-428,-348,-242,-108,39,185,311,401,452,470,434,350,240,106,-54,-200,-335,-445,-501,-519,-479,-384,-251,-83,84,255,404,510,572,564,495,382,228,42,-158,-342,-489,-583,-617,-591,-509,-352,-163,46,259,425,555,633,631,559,438,253,52,-151,-338,-490,-585,-614,-582,-482,-335,-150,42,224,386,497,548,540,483,376,240,84,-76,-223,-335,-418,-470,-465,-417,-326,-209,-90,50,178,282,367,418,427,409,354,257,135,-2,-128,-256,-362,-433,-468,-454,-401,-139,-494,-729,-831,-737,346,197,37,-144,-307,-452,-553,-589,-578,-491,-342,-172,33,248,421,555,634,652,598,463,285,60,-155,-364,-532,-651,-700,-659,-548,-377,-165,57,269,452,577,642,630,557,426,254,56,-143,-312,-442,-518,-540,-511,-439,-331,-192,-48,92,217,315,392,422,418,389,322,238,134,18,-89,-208,-316,-380,-439,-459,-428,-371,-274,-134,13,179,330,465,556,576,558,466,313,134,-71,-271,-452,-586,-666,-671,-602,-457,-265,-44,181,388,564,672,699,647,524,337,124,-100,-318,-488,-608,-653,-620,-527,-372,-185,13,204,365,482,540,537,470,364,233,81,-74,-215,-324,-394,-420,1105,-333,-247,-153,-47,60,149,213,263,285,279,248,208,146,82,6,-63,-120,-166,-197,-225,-238,-229,-201,-157,-106,-32,40,121,191,242,281,292,280,239,173,86,-28,-140,-224,-295,-342,-356,-337,-287,-184,-66,54,172,261,351,390,383,349,273,163,47,-84,-206,-296,-365,-401,-390,-337,-254,-147,-15,111,232,331,391,405,383,321,221,96,-42,-170,-276,-355,-396,-386,-345,-269,-159,-29,92,207,298,356,373,345,291,191,84,-27,-150,-239,-303,-340,-334,-280,-203,-109,-5,104,192,261,298,295,259,185,95,-3,-104,-189,-244,-264,-242,-182,-97,-5,84,151,181,165,-687,-807,1145,-658,-318,-112,-37,74,177,258,293,267,197,89,-45,-176,-276,-336,-350,-316,-230,-116,10,141,258,340,381,368,314,219,90,-47,-177,-301,-375,-406,-396,-332,-232,-109,28,175,302,381,417,406,357,268,135,-5,-144,-271,-370,-428,-446,-420,-329,-215,-73,88,235,364,449,484,459,376,258,115,-52,-204,-333,-420,-461,-456,-391,-285,-148,-2,144,271,361,408,419,390,311,205,92,-35,-158,-279,-348,-389,-396,-353,-275,-175,-63,51,171,272,339,378,366,324,253,151,43,-72,-192,-287,-353,-382,-372,-325,-242,-138,-26,106,217,307,375,396,378,320,231,110,-32,-157,-269,-364,826,-429,-394,-314,-205,-75,73,208,325,408,452,447,382,292,164,22,-133,-272,-373,-444,-466,-430,-358,-257,-117,38,183,306,392,442,456,426,349,242,111,-36,-188,-311,-410,-481,-499,-458,-376,-248,-102,58,223,367,478,537,544,501,392,243,68,-119,-293,-436,-544,-591,-578,-494,-360,-184,13,201,384,527,604,636,582,464,299,99,-116,-303,-470,-593,-640,-625,-537,-391,-202,-1,195,372,501,579,590,543,441,283,102,-78,-247,-381,-465,-510,-497,-439,-338,-215,-74,76,210,320,390,431,438,398,331,235,107,-21,-145,-261,-352,-420,-442,-430,-383,-285,-164,-21,123,262,-1235,-1131
38917,mtk,MTK 7916,2422353914,rx0-tx1,512,87,760,795,369,539,664,729,719,642,491,287,55,-200,-441,-646,-792,-864,-847,-741,-558,-317,-38,256,529,751,905,964,933,810,598,323,6,-303,-600,-840,-990,-1051,-996,-847,-615,-315,24,365,663,900,1048,1091,1024,863,611,312,-24,-363,-659,-891,-1045,-1100,-1055,-909,-673,-376,-37,305,629,897,1079,1161,1134,1001,762,450,87,-293,-652,-949,-1154,-1251,-1226,-1071,-803,-460,-66,339,714,1017,1216,1292,1235,1054,769,410,11,-393,-744,-1030,-1203,-1256,-1194,-1002,-710,-363,17,404,741,1009,1162,1202,1132,948,675,332,-36,-404,-720,-964,-1113,-1146,-1071,-901,-630,-309,38,375,674,914,1057,1098,1031,-689,618,316,-12,-346,-643,-871,-1020,-1073,-1016,-863,-638,-345,-11,317,619,867,1031,1099,1053,914,680,370,31,-324,-646,-909,-1083,-1150,-1104,-946,-690,-365,9,377,717,989,1163,1213,1140,956,669,306,-94,-482,-829,-1088,-1235,-1258,-1149,-911,-583,-190,229,622,949,1178,1278,1246,1081,794,414,-1,-406,-774,-1047,-1206,-1235,-1115,-882,-564,-179,216,577,863,1046,1112,1051,873,619,292,-56,-365,-633,-824,-915,-905,-795,-617,-382,-116,155,391,582,703,745,707,593,425,220,-5,-225,-411,-550,-623,-621,-553,-425,-253,-50,153,334,478,550,552,480,341,157,-49,-241,-382,-450,-430,-339,-190,-23,346,523,0,-324,-48,150,213,233,201,124,14,-109,-214,-287,-318,-297,-236,-139,-20,100,208,289,335,342,311,242,136,13,-111,-226,-316,-363,-381,-352,-284,-192,-65,64,193,312,393,423,424,383,286,151,7,-148,-289,-401,-477,-498,-473,-390,-267,-108,69,243,398,513,565,555,483,355,196,15,-174,-344,-475,-552,-569,-529,-438,-288,-114,73,244,395,505,556,553,493,372,225,64,-108,-274,-402,-482,-524,-510,-435,-331,-188,-35,124,267,385,465,501,484,417,315,185,35,-123,-262,-370,-449,-482,-463,-403,-300,-168,-23,122,252,360,430,450,434,370,269,142,13,-120,-238,-329,-388,-407,-130,-339,-255,-148,-24,93,204,288,343,375,366,321,257,162,63,-47,-146,-225,-289,-325,-340,-318,-268,-199,-123,-35,59,140,212,272,312,318,309,278,215,140,47,-56,-151,-243,-324,-380,-400,-389,-335,-255,-149,-13,128,261,373,460,500,494,443,337,194,33,-140,-305,-435,-525,-576,-571,-500,-376,-223,-39,155,328,478,580,626,611,534,405,229,32,-165,-348,-497,-601,-638,-610,-526,-382,-212,-17,171,341,480,568,591,564,486,360,205,36,-127,-278,-405,-484,-518,-511,-461,-365,-246,-111,32,166,287,385,453,488,490,446,363,245,107,-42,-198,-354,-467,-554,-591,-569,-519,-583,504,197,-33,585,446,267,53,-177,-402,-597,-729,-798,-790,-697,-530,-312,-47,228,483,694,841,913,896,780,584,322,23,-277,-561,-795,-955,-1012,-972,-840,-607,-321,3,339,636,877,1033,1084,1021,863,615,306,-40,-374,-672,-902,-1044,-1098,-1038,-876,-635,-336,-4,334,643,892,1060,1125,1088,950,714,415,71,-286,-627,-916,-1115,-1215,-1190,-1043,-787,-465,-86,309,684,986,1186,1281,1242,1078,803,440,37,-370,-738,-1028,-1218,-1284,-1217,-1029,-745,-384,0,391,750,1022,1183,1239,1165,977,694,343,-27,-399,-729,-985,-1141,-1185,-1111,-921,-655,-319,41,385,701,943,1082,1121,1046,879,625,310,-29,-367,261,-891,-1029,-1075,-1023,-864,-631,-336,-9,325,620,859,1022,1078,1027,889,660,365,30,-312,-621,-887,-1054,-1119,-1078,-932,-691,-375,-15,345,676,937,1120,1187,1130,960,687,337,-47,-429,-774,-1038,-1203,-1242,-1153,-943,-630,-251,152,546,885,1127,1262,1259,1117,865,513,103,-307,-697,-1011,-1213,-1279,-1206,-999,-690,-307,111,510,834,1064,1178,1157,1009,753,421,50,-315,-621,-855,-1001,-1014,-920,-744,-481,-186,121,395,611,763,830,801,690,519,293,52,-190,-400,-563,-658,-684,-632,-515,-349,-143,70,268,430,544,592,567,475,323,130,-75,-268,-421,-507,-518,-442,-298,-113,75,228,329,339,689,563,0,-506,-598,130,55,-51,-153,-238,-283,-277,-218,-124,-2,119,225,302,332,319,262,175,62,-56,-167,-265,-336,-362,-348,-294,-203,-96,24,154,259,346,395,398,368,292,171,39,-97,-239,-361,-436,-468,-454,-386,-275,-128,32,197,343,453,520,531,484,384,234,56,-128,-302,-438,-531,-571,-549,-464,-327,-156,36,216,379,498,562,567,509,407,253,79,-95,-267,-402,-492,-542,-537,-471,-350,-209,-47,127,272,393,476,510,494,428,324,191,40,-122,-261,-373,-453,-490,-473,-402,-303,-175,-27,119,255,367,441,465,443,380,282,155,14,-120,-251,-353,-414,-431,-413,-352,-263,-146,-20,245,217,307,375,398,382,333,250,156,48,-70,-175,-259,-321,-346,-348,-312,-254,-178,-86,10,108,185,249,290,317,313,284,234,170,78,-15,-99,-182,-255,-306,-346,-348,-324,-274,-199,-96,18,140,253,343,416,451,442,387,295,170,21,-131,-279,-408,-491,-538,-535,-475,-363,-215,-46,143,321,460,559,609,592,522,399,231,39,-162,-341,-488,-592,-633,-613,-533,-396,-222,-18,178,358,502,592,622,587,501,376,207,19,-156,-321,-446,-525,-555,-533,-470,-360,-220,-74,79,226,348,434,485,495,467,401,304,182,44,-107,-246,-366,-459,-516,-536,-513,-432,-313,-170,2,177,267,-10
38918,mtk,MTK 7916,2422353914,rx1-tx0,512,0,-745,-662,-531,-686,-774,-786,-714,-568,-365,-130,135,410,638,817,914,917,830,645,394,98,-217,-538,-801,-971,-1055,-1033,-891,-662,-356,-1,363,691,956,1116,1164,1075,885,593,231,-160,-539,-854,-1081,-1194,-1188,-1056,-800,-476,-96,298,656,932,1117,1201,1155,978,713,378,2,-371,-705,-964,-1131,-1178,-1105,-916,-641,-291,90,435,739,968,1094,1114,1014,805,522,181,-161,-483,-755,-945,-1035,-1025,-904,-703,-431,-115,197,482,725,878,946,917,797,606,352,67,-218,-474,-684,-805,-856,-830,-717,-522,-287,-51,198,422,603,732,777,738,637,479,275,43,-194,-406,-568,-668,-717,-695,-590,-424,-226,216,198,394,559,658,689,643,519,379,178,-48,-245,-417,-547,-619,-632,-566,-446,-290,-99,80,257,408,498,542,536,472,361,216,54,-103,-236,-344,-434,-472,-450,-408,-314,-196,-73,67,183,296,369,397,398,351,281,196,86,-16,-125,-215,-284,-339,-365,-359,-312,-245,-156,-41,86,201,298,358,392,388,336,257,154,25,-118,-239,-338,-402,-427,-408,-343,-223,-91,49,182,292,375,411,401,344,236,119,-5,-125,-239,-315,-362,-363,-322,-257,-159,-44,73,182,265,321,324,287,237,148,36,-64,-156,-244,-289,-290,-252,-189,-104,10,103,184,239,248,208,132,39,-50,-118,-109,-439,0,928,985,-110,-180,-212,-199,-149,-57,52,151,235,278,274,223,142,36,-80,-179,-241,-292,-306,-267,-189,-99,10,114,201,275,298,286,251,177,83,-15,-107,-188,-244,-267,-260,-241,-191,-120,-49,29,98,167,229,253,242,227,200,143,64,-2,-90,-166,-229,-279,-307,-295,-245,-186,-102,22,126,214,294,346,346,323,254,157,44,-88,-190,-286,-357,-383,-361,-307,-221,-113,3,127,236,310,370,377,332,264,173,66,-53,-166,-257,-323,-352,-348,-314,-237,-139,-32,86,185,276,335,344,324,278,193,90,-19,-117,-213,-279,-307,-311,-274,-211,-125,-35,59,137,209,249,248,239,-584,146,76,-1,-73,-124,-155,-175,-180,-151,-126,-88,-36,8,45,74,88,99,98,82,62,53,39,22,11,13,6,5,1,-13,-18,-27,-54,-71,-91,-112,-118,-108,-85,-70,-24,26,84,141,193,239,245,234,196,133,38,-67,-172,-264,-342,-393,-405,-364,-270,-148,3,160,312,445,525,545,508,420,270,96,-110,-309,-467,-591,-653,-640,-555,-408,-205,15,231,439,603,706,731,678,547,366,154,-93,-322,-530,-680,-742,-748,-659,-505,-297,-58,186,405,570,701,746,713,604,437,244,19,-203,-399,-563,-666,-701,-676,-581,-437,-240,-37,168,370,537,649,704,687,604,-241,237,0,-16,-355,-536,-349,-117,127,376,591,745,834,851,776,621,395,113,-185,-466,-712,-890,-983,-991,-878,-660,-375,-56,297,617,876,1052,1117,1061,898,632,295,-80,-457,-778,-1031,-1175,-1194,-1078,-846,-528,-162,227,600,905,1114,1212,1178,1015,753,429,49,-338,-678,-942,-1124,-1184,-1122,-930,-659,-324,46,411,731,973,1127,1149,1058,863,577,235,-119,-468,-756,-971,-1075,-1068,-950,-747,-465,-147,181,494,744,921,995,969,863,659,388,90,-209,-474,-699,-847,-899,-864,-741,-551,-309,-55,204,450,647,755,799,777,667,508,286,30,-205,-421,-595,-711,-761,-720,-607,-441,-249,-37,195,408,574,670,757,661,567,411,206,-14,-246,-419,-559,-656,-657,-594,-483,-324,-140,62,253,408,528,583,580,527,395,241,77,-96,-262,-391,-480,-516,-494,-434,-342,-211,-53,95,212,324,393,433,421,369,295,185,72,-49,-164,-246,-321,-361,-367,-349,-283,-209,-120,-19,88,198,283,349,382,377,337,255,145,33,-95,-206,-302,-378,-426,-413,-355,-257,-128,4,140,267,362,414,423,381,298,189,55,-82,-216,-324,-378,-395,-369,-304,-208,-90,35,154,248,317,348,340,291,213,108,-14,-111,-199,-279,-307,-292,-260,-190,-81,25,127,205,264,276,243,186,93,-14,-111,-178,-202,-185,-129,743,610,0,-336,139,-137,-85,7,98,187,247,256,221,144,34,-81,-184,-256,-293,-283,-228,-156,-68,50,167,241,288,303,271,223,133,32,-61,-154,-233,-276,-285,-267,-221,-144,-54,37,113,189,227,246,239,221,181,129,50,-18,-84,-158,-227,-254,-265,-257,-222,-165,-100,-3,103,185,251,322,341,315,266,180,66,-52,-161,-265,-332,-382,-365,-317,-240,-130,-7,112,218,306,360,380,357,289,202,91,-38,-155,-245,-309,-346,-355,-322,-253,-149,-41,68,177,265,327,351,337,292,225,119,2,-106,-210,-284,-327,-325,-299,-246,-157,-61,44,135,213,254,275,272,240,187,91,5,-71,-674,-175,-206,-222,-205,-166,-113,-61,-2,53,94,134,147,136,116,86,54,29,0,-29,-33,-47,-47,-54,-50,-47,-48,-38,-43,-47,-53,-61,-60,-45,-39,-13,26,66,98,137,166,172,169,135,100,32,-48,-117,-198,-268,-319,-328,-301,-235,-145,-20,116,251,359,435,477,462,397,283,124,-52,-231,-399,-522,-600,-612,-538,-421,-255,-53,169,373,547,661,693,660,557,390,181,-52,-284,-487,-623,-713,-727,-660,-532,-328,-103,139,373,556,686,741,718,614,466,270,36,-197,-411,-574,-679,-718,-683,-590,-435,-237,-18,195,389,547,655,692,676,592,445,251,42,-171,-371,-952,-955
38919,mtk,MTK 7916,2422353914,rx1-tx1,512,0,0,0,504,783,889,812,566,190,-230,-595,-842,-914,-795,-515,-126,289,643,854,892,739,429,31,-363,-679,-845,-831,-640,-313,82,453,717,823,749,511,168,-220,-558,-767,-803,-666,-391,-24,357,662,829,803,603,284,-98,-468,-736,-843,-772,-531,-178,217,571,801,853,729,458,84,-306,-627,-823,-839,-677,-383,-3,378,673,819,791,599,283,-84,-428,-675,-780,-717,-506,-195,154,464,667,722,626,397,93,-223,-485,-643,-659,-532,-295,-2,281,499,608,591,447,214,-56,-312,-493,-566,-521,-368,-146,99,316,460,502,442,293,91,-129,-313,-418,-432,-354,-203,-11,169,302,361,347,0,99,-50,-188,-280,-296,-247,-157,-27,107,205,257,255,186,70,-60,-173,-237,-243,-199,-108,15,133,220,259,237,158,42,-87,-202,-273,-290,-240,-129,6,142,263,334,322,237,110,-46,-198,-309,-363,-351,-262,-119,49,208,332,393,369,274,126,-46,-216,-344,-399,-379,-298,-157,3,175,312,383,380,320,201,44,-115,-242,-327,-356,-323,-223,-91,34,154,252,298,294,246,158,51,-55,-140,-204,-239,-231,-185,-113,-38,39,106,159,182,182,157,122,68,7,-45,-90,-130,-158,-162,-143,-107,-65,-17,38,90,130,161,171,162,134,92,38,-9,-54,-91,-118,-128,-120,0,0,0,0,0,69,76,72,53,25,-6,-42,-73,-92,-94,-83,-53,-8,35,70,100,112,104,71,15,-45,-100,-136,-145,-124,-77,-15,54,114,156,161,137,82,14,-67,-138,-179,-181,-148,-81,-4,82,150,182,172,125,44,-48,-122,-165,-173,-136,-70,22,116,181,212,198,131,34,-81,-191,-271,-293,-249,-141,1,146,274,355,354,283,151,-24,-207,-357,-438,-426,-328,-163,45,253,409,486,470,348,153,-80,-308,-478,-554,-516,-374,-158,89,330,510,587,545,391,159,-97,-340,-515,-580,-525,-363,-127,131,356,505,557,481,310,78,-170,-372,-484,-495,-402,-216,18,246,412,488,0,296,88,-140,-344,-478,-499,-405,-220,27,279,476,568,537,380,131,-157,-417,-597,-662,-579,-368,-70,247,520,686,704,570,308,-23,-359,-627,-767,-735,-546,-245,119,476,733,834,760,525,170,-243,-604,-841,-904,-782,-490,-89,339,699,912,932,757,419,-5,-434,-785,-969,-939,-718,-346,108,535,851,996,927,652,249,-199,-614,-899,-985,-869,-566,-146,294,667,893,931,773,448,33,-374,-695,-870,-854,-648,-308,97,477,742,836,757,514,157,-235,-569,-772,-806,-663,-368,4,374,668,817,783,571,241,-139,-491,-739,-824,-728,-473,-120,266,601,809,833,677,380,0,-385,-689,0,0,0,0,0,-709,-405,-17,378,706,881,873,689,353,-64,-458,-758,-902,-859,-638,-286,129,513,781,883,798,544,177,-223,-566,-788,-837,-702,-414,-43,338,642,799,780,600,283,-101,-460,-721,-826,-746,-507,-151,231,572,792,841,698,409,30,-355,-662,-834,-824,-639,-313,83,460,732,860,808,578,233,-152,-517,-769,-848,-745,-492,-148,226,555,768,805,671,411,66,-283,-570,-729,-726,-565,-303,20,339,577,685,652,476,199,-111,-392,-577,-638,-567,-374,-106,171,412,567,589,489,300,49,-207,-415,-527,-525,-408,-221,5,225,388,460,442,333,146,-58,-236,-354,-398,-355,-236,-71,100,0,314,319,259,140,-13,-145,-238,-282,-254,-165,-44,79,185,242,244,188,80,-45,-156,-228,-251,-214,-128,-15,109,215,272,264,194,83,-49,-184,-281,-310,-273,-182,-43,105,232,321,345,300,188,28,-138,-272,-363,-388,-327,-193,-26,137,286,384,407,357,235,59,-116,-272,-380,-412,-362,-258,-100,73,229,338,384,361,274,146,2,-143,-258,-321,-333,-283,-182,-61,54,162,242,270,259,208,130,44,-45,-126,-179,-206,-197,-165,-115,-51,14,72,121,155,164,149,123,92,46,-12,-72,-121,-150,-166,-164,-142,-102,-53,4,63,112,146,160,160,143,115,78,34,-15,0,0,0,0,0,-9,13,40,65,84,93,83,61,28,-12,-58,-98,-116,-106,-80,-40,12,65,109,132,127,95,43,-22,-88,-140,-161,-148,-111,-52,22,95,147,177,174,134,55,-37,-114,-166,-187,-163,-108,-29,50,122,163,171,140,58,-41,-121,-171,-191,-174,-113,-12,102,201,260,252,185,76,-55,-189,-290,-334,-307,-217,-71,97,254,367,403,358,238,56,-146,-323,-440,-470,-404,-251,-44,176,371,489,517,440,263,32,-199,-399,-532,-560,-466,-272,-28,223,434,558,571,474,275,20,-240,-450,-557,-549,-434,-228,29,273,450,530,504,369,153,-88,-300,-441,-486,-420,-258,-44,0,385,480,472,357,149,-100,-330,-491,-549,-479,-299,-49,220,451,592,600,473,236,-58,-340,-563,-679,-646,-464,-183,149,457,674,746,669,451,118,-256,-567,-764,-807,-674,-388,-12,367,687,862,850,670,346,-75,-484,-780,-913,-863,-630,-262,171,575,860,964,862,570,164,-277,-676,-931,-985,-828,-500,-64,383,754,963,972,779,428,-20,-459,-795,-957,-909,-685,-324,103,515,805,913,819,561,183,-229,-589,-817,-859,-710,-413,-30,361,661,809,779,584,269,-112,-470,-721,-813,-726,-475,-121,258,591,787,802,648,361,-12,-384,-677,-823,-792,-588,-247,144,506,752,841,759,518,0,0
38920,mtk,MTK 7916,2422353914,rx2-tx0,512,0,0,0,746,336,-151,-606,-930,-1048,-938,-624,-169,329,745,997,1031,840,463,-13,-486,-845,-1016,-964,-701,-277,212,647,932,1011,868,527,67,-405,-790,-999,-985,-751,-339,145,598,916,1030,909,580,122,-360,-776,-1019,-1025,-796,-388,106,580,927,1067,966,648,188,-315,-752,-1016,-1045,-848,-459,38,524,895,1064,987,689,236,-280,-742,-1034,-1089,-897,-508,1,522,927,1132,1088,795,321,-230,-737,-1085,-1199,-1049,-665,-133,429,899,1178,1207,970,527,-33,-589,-1021,-1226,-1168,-862,-372,194,714,1080,1214,1088,724,206,-345,-813,-1103,-1154,-956,-558,-51,466,878,1092,1059,793,363,-139,-602,-921,-1037,0,-613,-161,319,714,951,976,781,413,-46,-495,-832,-978,-909,-634,-213,264,685,948,1000,832,480,13,-462,-842,-1045,-1015,-751,-321,187,667,1006,1129,1010,670,177,-367,-836,-1137,-1205,-1014,-594,-48,513,977,1241,1239,979,517,-59,-634,-1079,-1291,-1238,-932,-428,163,720,1130,1309,1216,872,344,-252,-795,-1178,-1310,-1177,-813,-283,303,820,1173,1286,1132,759,234,-332,-815,-1130,-1223,-1071,-712,-222,296,738,1022,1106,975,654,220,-235,-626,-885,-964,-851,-577,-207,186,524,750,818,724,497,193,-136,-423,-618,-689,-627,-459,-214,57,300,479,568,558,459,297,103,-88,-249,-353,-388,-373,-312,0,0,0,0,0,59,-52,-169,-288,-387,-441,-437,-368,-232,-47,157,343,482,538,511,393,200,-39,-271,-458,-568,-576,-469,-266,-10,251,469,596,602,495,289,19,-259,-489,-630,-636,-513,-279,16,312,539,665,649,493,232,-78,-381,-608,-705,-652,-455,-161,178,480,683,747,653,409,72,-289,-596,-780,-799,-647,-356,16,393,692,841,823,634,307,-95,-486,-772,-897,-831,-588,-219,198,580,837,916,803,524,123,-309,-671,-894,-928,-767,-446,-21,408,751,937,922,710,351,-85,-504,-808,-942,-882,-635,-249,190,585,854,939,823,535,137,-289,-655,-874,-898,-734,-419,-15,396,717,875,843,628,0,-139,-506,-762,-855,-752,-481,-109,286,615,805,814,634,316,-68,-447,-724,-831,-754,-507,-141,260,607,823,848,679,358,-53,-458,-762,-899,-837,-584,-195,246,635,881,936,790,462,26,-416,-774,-965,-940,-702,-310,148,580,890,1002,887,570,125,-350,-747,-982,-1000,-792,-405,80,546,888,1039,961,657,207,-293,-731,-1013,-1069,-890,-508,-10,492,885,1082,1046,780,336,-185,-666,-1001,-1120,-995,-649,-160,364,808,1071,1102,896,493,-21,-533,-921,-1105,-1045,-759,-313,202,671,988,1091,958,605,125,-376,-792,-1033,-1042,-825,-424,67,540,889,1042,961,677,241,-252,-684,-961,-1032,-869,-519,0,0,0,0,0,725,987,1037,858,491,12,-472,-846,-1038,-1003,-745,-319,163,612,932,1039,916,592,138,-347,-755,-990,-1002,-795,-410,63,523,866,1012,931,637,201,-287,-704,-961,-1007,-826,-459,11,483,853,1040,984,698,262,-233,-683,-979,-1053,-897,-536,-48,452,846,1052,1017,758,328,-174,-635,-960,-1069,-928,-575,-98,402,815,1051,1043,796,370,-147,-637,-984,-1113,-996,-653,-152,383,840,1124,1161,925,490,-50,-590,-1008,-1208,-1145,-831,-333,240,762,1119,1238,1087,702,171,-400,-886,-1179,-1212,-986,-555,-11,530,955,1174,1140,856,397,-144,-649,-1008,-1139,-1028,-696,-221,299,740,1014,1064,879,501,29,0,-818,-1001,-952,-697,-293,182,613,900,988,853,528,77,-390,-766,-976,-968,-739,-339,135,578,901,1027,920,604,153,-336,-762,-1031,-1074,-884,-496,15,533,939,1145,1111,844,383,-176,-697,-1077,-1241,-1151,-809,-292,290,822,1186,1295,1133,740,187,-413,-922,-1239,-1304,-1099,-667,-97,501,987,1263,1288,1043,582,11,-564,-1024,-1269,-1262,-999,-539,28,586,1022,1246,1215,943,490,-46,-565,-956,-1157,-1129,-881,-470,19,489,848,1021,993,781,426,1,-404,-718,-874,-857,-677,-375,-20,323,593,730,722,586,346,48,-239,-469,-601,-622,-533,-362,-134,101,302,443,503,481,394,264,117,-20,-134,0,0,0,0,0,298,336,325,267,162,18,-150,-311,-438,-508,-496,-399,-236,-26,199,390,522,562,501,343,117,-134,-363,-529,-600,-550,-389,-148,119,369,555,636,586,411,150,-142,-410,-595,-662,-594,-392,-108,199,470,646,682,579,356,42,-287,-557,-708,-710,-566,-295,50,385,645,776,735,534,212,-160,-506,-751,-839,-747,-504,-143,254,597,820,874,738,444,55,-353,-685,-876,-887,-709,-373,46,451,766,930,891,653,284,-141,-544,-836,-948,-858,-586,-188,258,642,886,949,807,494,81,-347,-707,-917,-924,-736,-395,28,444,761,914,872,644,281,-148,-535,-804,-899,-801,-533,-148,266,621,0,859,695,384,-10,-398,-694,-833,-790,-569,-219,178,533,766,828,700,416,35,-356,-669,-828,-802,-598,-255,151,532,797,878,754,462,64,-355,-706,-901,-896,-692,-333,110,540,853,973,876,586,167,-293,-695,-946,-983,-802,-447,14,470,821,991,945,682,255,-222,-655,-947,-1026,-873,-529,-55,430,825,1044,1024,774,360,-143,-619,-962,-1091,-984,-650,-167,355,793,1058,1099,901,503,-9,-520,-920,-1114,-1058,-777,-331,191,675,1002,1113,986,641,152,-364,-803,-1061,-1081,-868,-469,36,529,901,1074,1012,729,284,-222,-674,-975,-1055,-907,-562,-89,404,801,1023,1019,788,383,-102,-562,-896,0,0
38921,mtk,MTK 7916,2422353914,rx2-tx1,512,0,0,0,-632,-437,-148,168,443,612,648,555,350,72,-208,-448,-588,-601,-490,-275,3,258,442,532,515,393,196,-37,-253,-410,-474,-433,-305,-121,79,248,354,389,343,227,69,-89,-224,-295,-292,-236,-142,-20,97,171,183,164,115,50,-15,-58,-86,-74,-32,11,42,50,26,-19,-70,-124,-151,-127,-72,15,117,206,266,275,219,103,-48,-203,-326,-392,-376,-285,-130,63,263,415,486,461,338,133,-101,-328,-489,-542,-485,-325,-100,152,381,532,575,493,298,38,-222,-433,-565,-581,-458,-246,26,305,518,609,573,416,165,-126,-386,-572,-635,-562,-364,-88,208,464,624,652,542,0,25,-277,-524,-661,-656,-512,-246,64,357,579,669,618,441,160,-169,-459,-647,-688,-592,-367,-54,277,539,687,690,532,253,-70,-380,-633,-755,-701,-488,-161,212,542,757,828,720,450,65,-342,-671,-884,-924,-767,-439,-13,422,771,981,994,794,436,-21,-489,-861,-1049,-1029,-817,-436,33,498,863,1065,1053,819,421,-52,-519,-880,-1077,-1056,-822,-429,52,526,873,1048,1032,812,433,-9,-449,-796,-983,-979,-788,-459,-52,357,678,856,877,732,454,111,-252,-552,-736,-769,-662,-437,-153,152,413,600,663,611,453,227,-36,-271,-442,-536,-544,-466,-321,-141,36,184,292,346,346,304,0,0,0,0,0,-15,54,121,186,232,250,242,204,131,39,-64,-168,-243,-275,-267,-220,-145,-47,67,178,247,268,247,181,89,-18,-125,-203,-241,-236,-187,-103,-11,81,153,199,205,168,103,29,-50,-112,-150,-157,-129,-78,-20,27,71,100,100,75,39,2,-34,-54,-64,-52,-22,6,24,22,18,6,-14,-28,-32,-18,5,42,77,103,111,94,54,-2,-79,-155,-199,-205,-161,-86,12,116,226,302,316,256,146,2,-141,-271,-354,-372,-322,-215,-45,127,283,384,404,347,225,59,-128,-296,-396,-422,-365,-231,-50,138,308,405,413,342,203,14,-176,-325,-403,-394,-301,-133,60,0,365,411,368,248,70,-129,-303,-422,-445,-370,-215,-11,205,381,478,467,356,171,-59,-283,-448,-511,-476,-331,-113,132,350,499,535,460,288,53,-199,-421,-549,-553,-447,-252,18,291,498,600,564,416,178,-105,-362,-531,-589,-524,-336,-78,197,431,563,572,462,238,-51,-327,-525,-612,-564,-389,-110,206,471,636,665,542,295,-19,-344,-611,-741,-704,-533,-248,110,452,710,820,750,510,171,-206,-550,-788,-863,-757,-495,-129,278,635,852,901,768,462,65,-333,-665,-866,-893,-733,-427,-40,358,690,874,873,698,389,7,-369,-667,-838,-826,-642,-329,42,388,646,772,731,536,0,0,0,0,0,-293,-543,-667,-652,-503,-253,41,322,541,636,588,424,173,-108,-357,-514,-575,-515,-344,-104,146,357,485,507,427,263,56,-158,-330,-422,-423,-337,-181,-4,166,290,348,330,250,123,-21,-147,-228,-257,-221,-147,-54,37,107,135,118,83,27,-15,-39,-33,-6,26,46,59,60,29,-34,-115,-176,-211,-203,-141,-29,101,227,314,345,310,198,29,-157,-321,-421,-443,-375,-236,-41,185,389,503,517,427,244,-5,-248,-440,-548,-542,-420,-204,60,308,498,585,544,382,139,-135,-384,-557,-603,-523,-324,-60,219,460,598,613,496,272,-15,-302,-529,-638,-607,-456,-206,93,374,0,668,603,409,135,-172,-448,-624,-672,-579,-354,-47,266,519,665,667,517,250,-66,-359,-594,-696,-645,-448,-157,170,466,669,720,616,373,32,-319,-599,-766,-771,-606,-303,73,451,733,860,823,609,242,-179,-574,-859,-974,-894,-629,-217,254,669,949,1056,953,645,202,-277,-704,-993,-1084,-963,-644,-194,296,721,1006,1084,953,643,202,-292,-719,-1006,-1098,-961,-646,-211,268,689,960,1042,931,648,239,-209,-594,-853,-950,-873,-632,-268,131,481,729,837,783,580,283,-47,-358,-592,-708,-691,-546,-308,-23,247,460,585,612,526,361,157,-55,-254,-396,-466,-463,-391,-284,-153,-24,79,0,0,0,0,0,-181,-195,-182,-142,-84,-3,90,173,235,274,275,229,148,42,-66,-163,-235,-266,-251,-195,-115,-20,89,183,241,257,228,148,46,-58,-144,-201,-228,-206,-143,-56,24,98,157,185,175,128,54,-18,-71,-110,-128,-123,-84,-30,25,58,71,74,62,30,-9,-34,-42,-34,-22,-6,4,6,3,-5,-28,-56,-78,-81,-57,-7,45,88,134,167,151,99,33,-54,-143,-212,-245,-235,-167,-64,61,188,287,338,323,247,111,-57,-218,-335,-390,-378,-284,-138,37,196,326,399,396,306,146,-44,-216,-344,-410,-392,-283,-124,56,227,359,419,381,249,77,-115,-288,-389,-397,0,-203,-21,183,348,423,406,315,150,-61,-263,-407,-464,-431,-298,-87,139,334,464,496,416,245,24,-210,-403,-518,-517,-403,-199,56,296,473,563,529,374,136,-127,-371,-536,-589,-512,-333,-75,199,438,577,590,469,258,-18,-282,-486,-586,-561,-400,-156,129,388,560,603,507,298,23,-270,-500,-619,-605,-448,-181,126,417,632,716,638,416,101,-245,-553,-739,-769,-641,-379,-28,338,641,816,823,656,339,-54,-426,-719,-866,-831,-625,-294,103,483,766,897,837,603,251,-155,-537,-806,-904,-826,-586,-225,189,559,799,870,782,542,184,-209,-540,-755,-812,-697,-443,-120,227,523,0,0
38922,mtk,MTK 7916,2422394571,rx0-tx0,512,-349,802,614,393,448,468,444,381,282,156,9,-145,-297,-415,-504,-553,-546,-484,-378,-232,-65,120,294,443,551,598,602,545,430,273,92,-99,-285,-440,-551,-614,-608,-544,-443,-294,-113,59,237,383,479,536,540,504,415,296,160,13,-126,-249,-345,-403,-437,-431,-392,-329,-243,-150,-44,59,152,242,316,372,404,401,374,324,245,150,31,-107,-227,-341,-441,-496,-512,-487,-408,-295,-150,19,179,341,477,558,596,578,504,374,208,25,-168,-342,-481,-584,-631,-612,-524,-399,-237,-42,144,310,452,540,565,548,482,367,220,58,-97,-246,-365,-443,-477,-459,-413,-328,-212,-93,34,152,-511,311,362,369,340,291,215,137,52,-33,-106,-176,-226,-256,-263,-254,-227,-191,-143,-88,-30,32,100,147,187,229,248,238,226,202,145,85,14,-63,-138,-217,-267,-293,-303,-289,-246,-189,-101,-2,97,188,269,328,354,342,307,256,161,57,-50,-164,-260,-322,-373,-389,-358,-309,-228,-117,-4,109,220,306,376,400,384,339,267,162,39,-81,-197,-296,-360,-389,-385,-343,-272,-177,-56,63,166,259,329,355,352,320,248,153,50,-55,-150,-225,-283,-314,-310,-268,-209,-130,-41,49,136,205,250,271,260,223,160,85,-1,-89,-163,-214,-230,-217,-174,-106,-30,41,101,129,1005,997,1179,646,335,-23,-95,-167,-207,-211,-180,-113,-19,76,160,221,253,250,222,163,79,-13,-107,-188,-244,-275,-274,-240,-176,-98,-3,82,166,235,271,282,271,226,158,77,-7,-90,-162,-227,-261,-278,-271,-235,-170,-92,-20,69,154,225,282,309,316,287,212,122,22,-86,-182,-271,-327,-353,-332,-283,-216,-122,-11,99,201,277,321,337,316,267,180,92,-4,-92,-181,-243,-279,-298,-291,-249,-185,-115,-27,57,142,204,250,273,269,240,187,130,52,-24,-102,-167,-211,-256,-270,-253,-208,-156,-86,-11,61,135,202,243,257,255,236,191,127,52,-27,-111,-186,-241,-277,-279,-264,-230,-330,-98,4,96,176,241,281,293,294,263,201,117,19,-81,-165,-239,-292,-308,-308,-277,-222,-146,-47,52,143,224,283,317,320,306,268,193,103,9,-88,-190,-270,-324,-362,-371,-337,-274,-186,-74,41,157,268,353,406,430,411,354,262,142,4,-146,-280,-389,-471,-497,-473,-420,-315,-173,-19,139,293,419,497,537,524,457,351,213,39,-141,-295,-424,-506,-545,-533,-471,-356,-213,-51,113,266,384,477,509,500,442,336,216,78,-75,-204,-315,-401,-441,-441,-394,-331,-234,-129,-10,101,195,283,341,372,379,348,298,223,133,36,-68,-166,-253,-325,-370,-395,-384,-340,-254,1231,1106,-729,-595,-774,230,110,-27,-168,-299,-405,-482,-515,-502,-436,-332,-202,-43,131,294,430,524,576,579,518,411,251,75,-102,-286,-445,-558,-617,-620,-560,-440,-288,-102,88,265,414,533,584,585,538,432,294,134,-32,-188,-327,-418,-476,-490,-463,-403,-304,-195,-76,44,157,254,324,373,398,390,362,310,236,153,51,-57,-166,-272,-359,-417,-455,-455,-415,-346,-234,-93,54,206,347,456,535,557,537,470,342,185,12,-166,-343,-488,-578,-621,-603,-522,-396,-233,-45,154,331,472,577,615,586,514,395,231,48,-122,-287,-415,-497,-530,-514,-454,-350,-221,-74,65,191,304,377,414,414,380,1105,222,118,4,-92,-179,-245,-285,-309,-303,-279,-232,-166,-94,-24,43,102,158,196,226,238,242,225,182,145,90,18,-45,-100,-167,-221,-253,-271,-273,-254,-211,-142,-61,23,122,203,272,323,339,325,289,227,135,33,-79,-170,-261,-328,-357,-373,-350,-282,-198,-99,27,139,238,328,382,396,382,332,251,147,20,-101,-207,-298,-367,-396,-388,-350,-267,-165,-54,68,183,277,350,380,365,322,255,159,46,-58,-159,-248,-302,-330,-325,-289,-228,-151,-55,49,142,213,266,288,283,248,184,109,25,-64,-141,-202,-239,-254,-232,-186,-110,-27,53,127,178,192,178,133,63,155,-106,1145,-1086,-1212,-164,-156,-108,-27,60,144,213,241,233,191,121,34,-58,-145,-219,-262,-271,-250,-194,-121,-34,61,149,219,268,284,269,233,166,80,-8,-92,-173,-232,-270,-278,-259,-216,-154,-82,-4,81,162,227,259,282,281,248,195,120,30,-64,-172,-257,-306,-336,-324,-286,-220,-125,-20,95,190,266,322,344,327,280,198,102,-1,-98,-194,-266,-306,-315,-301,-260,-187,-109,-21,76,164,219,260,283,276,243,187,119,35,-48,-135,-194,-242,-271,-267,-245,-192,-139,-70,5,84,147,200,246,264,258,235,183,107,29,-44,-122,-186,-238,-260,-269,-252,-210,-149,-70,18,91,165,826,272,287,269,235,174,95,13,-74,-168,-243,-296,-316,-302,-267,-210,-128,-35,59,156,234,288,321,314,292,240,163,67,-24,-111,-202,-282,-324,-343,-339,-306,-235,-149,-52,64,172,260,335,380,393,374,313,216,107,-20,-150,-270,-371,-441,-469,-447,-376,-281,-153,-4,136,276,398,481,520,508,453,336,192,30,-140,-295,-416,-503,-548,-532,-471,-358,-205,-40,131,290,417,499,537,524,456,347,204,50,-99,-245,-358,-431,-477,-473,-416,-344,-226,-96,45,160,259,339,387,405,381,341,269,178,73,-42,-143,-227,-295,-345,-370,-368,-333,-276,-196,-101,8,119,230,321,-301,-612
38923,mtk,MTK 7916,2422394571,rx0-tx1,512,87,-129,67,369,522,637,693,697,647,537,364,162,-65,-292,-499,-676,-804,-853,-832,-736,-577,-361,-104,164,425,657,835,948,975,922,784,574,307,7,-296,-574,-814,-985,-1067,-1059,-956,-779,-523,-213,113,433,706,926,1066,1109,1066,928,720,450,139,-181,-484,-754,-958,-1091,-1138,-1085,-946,-724,-448,-136,200,521,812,1035,1172,1217,1156,995,744,429,80,-294,-645,-937,-1156,-1273,-1277,-1170,-966,-665,-311,63,440,771,1043,1219,1285,1245,1094,851,538,175,-203,-549,-852,-1086,-1216,-1244,-1163,-985,-728,-409,-58,290,614,883,1075,1167,1164,1065,866,601,299,-37,-361,-655,-891,-1042,-1114,-1090,-974,-781,-689,-225,93,399,667,884,1023,1083,1053,927,736,485,181,-132,-436,-700,-905,-1047,-1099,-1055,-920,-710,-434,-124,198,521,799,1009,1140,1165,1089,931,681,360,11,-347,-681,-956,-1147,-1235,-1222,-1095,-865,-547,-198,186,557,870,1112,1253,1282,1188,975,689,339,-54,-437,-781,-1059,-1241,-1298,-1233,-1056,-776,-427,-33,363,708,985,1164,1225,1172,1002,739,408,52,-303,-614,-849,-1009,-1058,-992,-851,-629,-361,-77,216,460,654,784,832,800,702,541,347,123,-104,-307,-480,-603,-662,-657,-596,-478,-319,-131,59,243,400,510,570,566,500,384,220,35,-156,-322,-438,-488,-467,-376,-230,-62,104,223,-616,-483,0,458,615,80,158,227,255,234,173,75,-37,-144,-244,-306,-332,-315,-256,-164,-54,57,170,259,323,361,353,311,236,138,21,-99,-208,-299,-370,-402,-396,-355,-275,-164,-40,90,212,321,412,455,457,426,351,237,93,-58,-218,-351,-453,-525,-541,-504,-418,-288,-137,34,214,367,481,558,586,546,469,338,176,-1,-175,-331,-457,-538,-568,-555,-482,-372,-222,-62,102,256,385,481,528,536,494,412,291,147,-1,-153,-290,-400,-477,-513,-499,-449,-361,-239,-97,52,190,309,412,471,490,465,406,307,183,47,-91,-218,-332,-413,-455,-458,-418,-352,-260,-142,-10,120,230,324,390,421,-130,372,310,218,110,-1,-118,-224,-301,-351,-380,-371,-330,-273,-194,-93,-4,91,178,242,292,321,326,303,261,206,140,63,-16,-89,-157,-219,-271,-303,-318,-307,-276,-235,-172,-92,3,98,193,285,351,401,421,405,354,278,171,37,-103,-243,-362,-452,-506,-525,-503,-434,-319,-173,-7,159,311,445,541,590,589,539,439,304,142,-44,-219,-380,-504,-587,-623,-604,-532,-419,-261,-79,97,272,427,530,596,599,559,475,348,198,33,-131,-275,-389,-470,-516,-521,-482,-407,-309,-197,-66,61,180,288,373,431,463,462,431,369,285,181,50,-80,-202,-327,-432,-507,-548,-552,-500,-440,-159,504,766,776,547,423,259,67,-132,-333,-525,-669,-757,-788,-747,-644,-485,-269,-22,227,466,670,824,908,911,836,683,469,201,-85,-365,-622,-834,-977,-1034,-994,-870,-672,-404,-104,212,509,766,964,1075,1093,1016,854,617,321,5,-314,-608,-848,-1025,-1112,-1103,-1009,-830,-583,-294,28,349,646,892,1061,1153,1150,1056,874,603,284,-62,-413,-733,-992,-1166,-1250,-1230,-1094,-866,-562,-202,180,541,871,1120,1261,1300,1222,1036,770,427,54,-322,-669,-954,-1156,-1264,-1251,-1131,-924,-636,-292,70,425,736,986,1151,1214,1172,1033,807,512,178,-163,-496,-780,-983,-1112,-1150,-1087,-933,-696,-410,-94,228,529,777,261,1070,1089,1008,851,623,346,46,-267,-551,-782,-963,-1063,-1072,-993,-829,-602,-319,-2,317,611,854,1032,1119,1120,1027,828,567,248,-104,-433,-736,-983,-1144,-1205,-1164,-1020,-782,-468,-113,261,617,924,1136,1249,1264,1150,936,638,279,-111,-494,-827,-1078,-1251,-1296,-1222,-1031,-750,-394,4,394,747,1028,1210,1279,1222,1040,767,422,46,-333,-669,-933,-1096,-1153,-1100,-936,-691,-391,-55,262,538,760,891,942,898,765,582,349,94,-157,-379,-559,-682,-739,-722,-643,-510,-336,-132,72,263,428,542,603,606,550,439,290,108,-82,-255,-402,-499,-538,-511,-415,-266,-86,99,260,364,400,361,257,461,607,0,-435,-152,178,146,74,-27,-132,-223,-283,-295,-270,-203,-103,9,124,224,298,335,337,303,230,142,33,-86,-192,-282,-346,-380,-371,-325,-250,-149,-28,93,212,320,393,430,429,384,313,203,63,-74,-213,-337,-437,-493,-503,-471,-379,-264,-112,53,217,363,476,541,567,533,439,309,158,-20,-193,-347,-477,-552,-578,-553,-472,-350,-190,-29,140,293,424,514,555,551,487,391,256,102,-55,-209,-340,-447,-503,-522,-498,-426,-325,-193,-49,99,237,359,447,497,499,454,384,274,139,-1,-137,-265,-374,-441,-474,-467,-423,-338,-227,-97,43,172,282,373,433,450,428,374,291,178,55,245,-176,-274,-350,-393,-401,-384,-330,-245,-155,-50,62,158,240,308,341,346,334,290,228,152,65,-19,-104,-173,-231,-276,-302,-302,-287,-256,-213,-146,-80,-1,81,154,227,291,339,361,355,329,271,188,87,-37,-157,-267,-357,-436,-475,-475,-433,-350,-236,-101,46,198,344,460,538,573,552,492,385,242,75,-98,-265,-413,-527,-602,-624,-583,-494,-361,-201,-22,162,331,471,575,618,611,561,449,303,137,-42,-202,-351,-464,-538,-571,-551,-484,-380,-253,-113,35,178,300,393,452,481,474,433,369,278,173,58,-65,-182,-287,-375,-449,-494,-489,-462,-402,-302,-180,-40,117,277,-442,-605
38924,mtk,MTK 7916,2422394571,rx1-tx0,512,0,6,351,-487,-601,-665,-667,-625,-514,-361,-176,36,253,456,620,733,797,783,689,540,341,97,-158,-408,-632,-799,-893,-924,-855,-712,-502,-233,64,356,621,838,979,1026,975,836,623,343,28,-285,-573,-816,-993,-1068,-1045,-922,-730,-459,-148,166,474,735,928,1042,1060,981,815,568,271,-35,-340,-622,-845,-987,-1033,-994,-875,-658,-401,-101,206,474,706,879,969,960,872,705,478,220,-51,-330,-556,-730,-847,-877,-842,-732,-553,-327,-95,143,368,561,706,776,779,722,598,428,231,11,-202,-396,-544,-640,-698,-694,-628,-507,-338,-150,44,234,388,527,624,661,634,558,438,272,85,-101,216,-428,-549,-616,-612,-578,-486,-341,-184,-6,177,336,464,540,571,549,483,381,235,74,-91,-240,-363,-446,-502,-504,-469,-392,-275,-149,-7,137,260,353,420,440,428,390,314,203,86,-25,-142,-245,-317,-357,-376,-362,-319,-247,-170,-74,33,114,213,275,314,326,328,312,252,171,86,-15,-114,-212,-302,-352,-365,-359,-332,-272,-171,-51,68,181,280,350,381,377,341,271,175,53,-49,-152,-259,-323,-349,-353,-318,-246,-163,-66,47,150,228,279,311,312,281,209,123,42,-49,-147,-206,-244,-271,-257,-226,-161,-78,11,99,170,220,240,223,175,107,13,-72,-127,-161,-159,-705,-606,0,396,-135,-14,-78,-139,-176,-186,-154,-91,-12,63,141,206,226,224,199,133,55,-31,-115,-179,-219,-241,-242,-214,-150,-77,11,84,149,203,236,242,217,175,114,35,-30,-89,-136,-185,-204,-196,-187,-161,-117,-64,-16,37,84,130,170,189,199,197,178,134,92,38,-30,-96,-163,-213,-238,-257,-241,-209,-154,-77,3,89,170,230,273,286,273,237,182,100,19,-64,-151,-223,-276,-295,-283,-247,-197,-124,-47,34,123,190,252,278,282,266,210,153,87,-2,-82,-162,-229,-262,-281,-277,-242,-180,-96,-16,70,142,197,243,258,255,230,179,113,43,-24,-98,-163,-206,-227,-216,-584,-143,-101,-41,12,73,125,146,161,158,153,127,89,49,5,-38,-60,-82,-106,-96,-86,-74,-55,-31,-1,14,17,25,14,0,-1,-3,-7,-13,-16,-15,17,46,65,101,115,113,110,85,46,-6,-66,-120,-166,-219,-250,-254,-233,-174,-92,-9,93,188,287,363,391,397,360,269,157,20,-126,-275,-390,-476,-524,-504,-444,-353,-213,-45,133,298,437,542,595,593,524,406,268,84,-116,-296,-453,-573,-627,-637,-591,-475,-327,-138,61,240,407,539,616,630,591,505,372,211,31,-149,-315,-461,-551,-598,-595,-548,-450,-319,-165,11,179,333,463,554,593,590,540,459,982,1048,0,-699,-609,-423,-271,-83,103,294,469,603,690,728,696,598,448,255,36,-208,-434,-622,-766,-844,-844,-777,-633,-417,-169,107,381,622,816,939,973,915,773,562,285,-19,-330,-611,-839,-999,-1052,-1011,-880,-678,-405,-87,236,531,781,970,1055,1055,958,772,518,220,-103,-414,-684,-903,-1026,-1055,-998,-852,-628,-343,-34,269,556,783,936,1015,987,874,693,456,164,-132,-404,-644,-813,-902,-930,-864,-719,-528,-283,-22,224,456,647,773,824,813,724,584,386,161,-67,-280,-474,-616,-711,-741,-704,-610,-460,-293,-100,105,304,473,597,662,676,622,527,400,229,39,-153,-325,-477,-586,-635,-628,757,-458,-318,-134,44,214,389,511,581,603,564,483,363,209,39,-137,-288,-416,-503,-542,-533,-480,-385,-268,-125,38,184,315,401,454,480,457,390,300,179,44,-77,-196,-302,-371,-400,-407,-384,-326,-237,-135,-28,89,187,261,302,347,345,334,293,208,117,31,-54,-153,-246,-299,-332,-346,-340,-306,-234,-128,-22,75,178,274,346,381,371,340,273,178,65,-54,-168,-268,-342,-373,-362,-332,-265,-169,-67,38,152,243,298,332,332,294,226,150,55,-44,-140,-222,-265,-287,-297,-255,-179,-110,-22,69,147,215,253,263,230,171,96,10,-73,-142,-197,-215,-187,-135,-68,6,-24,-365,0,981,1064,-139,-131,-92,-30,50,129,184,209,204,174,108,24,-49,-132,-202,-239,-243,-215,-163,-96,-23,55,141,208,244,252,225,185,126,48,-29,-102,-159,-211,-235,-227,-201,-164,-109,-39,18,69,121,165,183,191,186,170,143,99,42,-4,-53,-114,-163,-200,-225,-227,-218,-187,-128,-62,13,92,159,225,263,272,257,215,161,87,4,-85,-165,-234,-276,-287,-283,-248,-188,-116,-29,59,135,201,254,277,280,260,214,149,66,-19,-107,-187,-232,-276,-285,-262,-230,-161,-87,-13,75,151,217,257,279,271,229,171,105,32,-43,-117,-180,-225,-238,-236,-214,-164,-109,-42,33,-674,133,175,190,186,176,135,95,44,-5,-48,-90,-115,-134,-135,-122,-95,-85,-47,-3,13,37,55,62,64,44,34,18,-4,0,9,15,21,30,38,55,72,57,48,27,-14,-46,-86,-126,-159,-185,-182,-165,-139,-84,-6,78,169,242,294,325,324,293,234,130,14,-103,-236,-344,-421,-469,-463,-408,-304,-179,-17,153,296,431,524,568,553,485,381,234,64,-121,-304,-444,-554,-622,-616,-550,-447,-289,-102,80,277,440,562,635,633,584,489,343,163,-30,-205,-371,-502,-588,-622,-593,-530,-413,-260,-93,87,251,398,503,575,596,564,492,382,233,69,-104,-264,-405,-397,141
38925,mtk,MTK 7916,2422394571,rx1-tx1,512,0,0,0,446,723,837,758,502,128,-286,-632,-831,-837,-654,-318,85,468,744,842,747,477,103,-289,-612,-791,-777,-579,-251,138,487,713,767,631,343,-15,-370,-649,-770,-693,-452,-106,271,587,757,743,560,240,-155,-511,-738,-791,-664,-378,5,385,680,814,752,516,157,-242,-580,-785,-809,-645,-336,54,433,703,806,725,474,118,-260,-575,-756,-758,-581,-276,94,430,652,724,630,382,50,-284,-540,-671,-645,-463,-175,144,422,597,639,527,285,-18,-301,-512,-602,-554,-378,-117,165,403,543,554,438,224,-40,-274,-435,-497,-444,-289,-65,162,337,430,423,315,132,-69,-240,-353,-374,0,-161,17,182,292,330,290,167,4,-144,-259,-307,-276,-175,-23,132,252,310,292,196,50,-113,-248,-320,-316,-241,-91,79,230,338,366,299,165,-7,-189,-336,-401,-378,-262,-84,121,298,418,441,374,224,11,-204,-368,-449,-438,-336,-156,60,262,410,472,426,291,106,-101,-290,-419,-454,-392,-260,-80,121,293,398,418,358,225,58,-117,-257,-335,-343,-283,-182,-57,75,186,248,260,223,144,51,-36,-109,-154,-168,-152,-118,-70,-21,29,68,85,87,87,79,56,33,23,3,-23,-48,-71,-86,-95,-96,-82,-57,-17,24,62,101,128,133,122,100,66,25,-10,-36,0,0,0,0,0,86,78,50,8,-42,-87,-119,-135,-131,-96,-38,30,91,138,159,147,106,38,-44,-118,-168,-183,-164,-105,-16,81,161,211,219,179,94,-9,-110,-194,-238,-228,-163,-64,48,145,215,243,212,128,14,-99,-189,-229,-207,-137,-38,67,160,215,208,143,52,-60,-165,-236,-245,-191,-79,56,178,269,297,257,148,-1,-158,-286,-352,-336,-236,-80,102,274,382,404,339,184,-24,-220,-372,-459,-433,-301,-108,119,331,467,500,422,241,-3,-241,-420,-510,-489,-357,-148,89,310,463,515,449,276,39,-205,-400,-495,-474,-348,-148,89,305,443,466,385,216,-16,-235,-384,-440,0,-246,-30,194,371,456,428,289,73,-171,-376,-492,-488,-368,-152,108,360,532,573,479,261,-24,-309,-529,-634,-596,-406,-113,209,489,658,680,540,262,-88,-422,-662,-752,-661,-413,-62,315,625,795,776,574,236,-162,-531,-779,-853,-728,-424,-17,391,716,882,845,604,219,-219,-611,-862,-915,-754,-418,18,451,778,933,873,599,192,-252,-639,-882,-916,-730,-380,48,464,776,899,809,534,137,-288,-641,-836,-833,-633,-290,123,505,760,825,699,404,11,-377,-673,-808,-745,-500,-142,250,585,777,784,605,287,-105,-472,-731,-806,-689,-411,-39,343,650,805,764,546,200,-196,-549,0,0,0,0,0,-704,-420,-32,364,676,836,805,586,231,-183,-556,-792,-855,-710,-404,-14,377,683,826,773,536,181,-208,-546,-757,-783,-617,-305,72,435,685,767,658,394,40,-329,-618,-754,-718,-505,-164,218,549,746,770,609,295,-88,-450,-710,-807,-713,-445,-71,316,631,801,785,583,234,-165,-520,-753,-812,-684,-403,-30,345,642,790,749,536,204,-176,-508,-711,-744,-604,-332,16,357,604,701,639,430,120,-213,-488,-645,-643,-495,-233,80,366,560,624,540,333,52,-239,-465,-579,-558,-408,-167,98,328,487,537,451,265,27,-210,-390,-472,-437,-296,-97,109,286,393,396,301,147,-35,0,-319,-354,-297,-168,0,173,287,317,273,168,14,-141,-254,-305,-279,-183,-37,118,245,307,302,227,84,-91,-244,-331,-341,-268,-132,45,218,344,387,345,223,40,-163,-328,-416,-414,-325,-152,57,255,394,454,411,276,86,-129,-321,-440,-462,-387,-228,-24,188,362,455,453,355,185,-17,-209,-360,-436,-415,-315,-153,30,203,331,389,358,262,126,-26,-167,-266,-309,-288,-216,-111,8,110,182,211,202,162,101,29,-45,-98,-124,-125,-113,-87,-51,-16,10,30,45,60,70,76,79,73,54,26,-1,-32,-68,-100,-117,-121,-109,-83,-45,4,49,86,110,120,114,96,0,0,0,0,0,35,68,95,115,118,100,57,2,-56,-111,-146,-147,-118,-72,-8,67,133,164,163,127,64,-13,-94,-169,-208,-191,-133,-49,48,136,203,226,198,126,24,-85,-184,-235,-231,-180,-96,12,120,198,234,211,135,31,-78,-171,-217,-209,-147,-45,76,171,219,219,163,63,-64,-183,-258,-266,-210,-100,42,185,287,327,292,189,31,-139,-279,-367,-367,-275,-116,73,252,385,432,378,233,35,-182,-361,-464,-467,-361,-171,62,287,452,511,454,303,78,-172,-380,-502,-516,-413,-220,20,259,437,511,472,321,102,-142,-343,-458,-471,-378,-187,44,261,410,453,390,226,8,0,-385,-451,-408,-258,-40,191,376,467,454,328,114,-145,-374,-516,-540,-430,-213,66,343,542,616,541,339,49,-257,-511,-653,-637,-466,-187,149,462,663,708,593,337,-13,-375,-647,-773,-723,-500,-152,237,581,793,821,658,333,-75,-468,-759,-881,-794,-516,-118,311,670,884,885,683,320,-119,-537,-834,-935,-815,-509,-87,349,712,916,901,672,293,-144,-549,-827,-906,-775,-460,-46,373,706,873,826,582,211,-204,-571,-791,-825,-666,-350,60,442,712,809,719,451,75,-313,-622,-791,-760,-546,-210,177,527,749,796,649,347,-39,-413,-690,-809,-739,-489,-121,274,600,793,800,617,0,0
38926,mtk,MTK 7916,2422394571,rx2-tx0,512,0,0,0,778,371,-131,-606,-935,-1037,-892,-535,-51,451,843,1031,969,677,221,-288,-723,-977,-997,-782,-370,131,600,916,1008,857,493,9,-475,-851,-1016,-929,-611,-144,359,773,1002,985,728,285,-227,-685,-979,-1032,-833,-433,83,583,932,1053,923,565,71,-442,-845,-1038,-975,-683,-220,300,749,1010,1017,770,330,-190,-660,-968,-1043,-853,-448,72,578,944,1079,947,583,62,-481,-910,-1120,-1061,-742,-240,323,815,1116,1155,912,447,-125,-664,-1052,-1195,-1057,-664,-113,463,928,1177,1151,851,352,-228,-751,-1093,-1172,-971,-549,-2,538,944,1124,1038,709,214,-327,-779,-1035,-1039,-798,-374,134,611,935,0,865,502,15,-467,-829,-985,-896,-593,-147,337,743,960,945,700,284,-209,-655,-939,-998,-822,-434,64,546,904,1048,937,591,98,-425,-856,-1091,-1061,-778,-307,247,755,1092,1185,992,562,-4,-568,-1021,-1245,-1171,-827,-296,311,856,1209,1284,1063,598,-1,-602,-1073,-1302,-1232,-881,-332,295,847,1210,1298,1090,641,53,-554,-1030,-1271,-1232,-918,-402,196,745,1126,1254,1110,732,196,-376,-849,-1127,-1158,-945,-533,-22,473,846,1032,990,736,341,-109,-522,-808,-903,-806,-544,-182,204,530,728,762,637,387,70,-243,-494,-636,-643,-524,-309,-47,206,406,521,542,466,318,135,-45,-190,-286,-326,0,0,0,0,0,-100,-214,-314,-385,-404,-361,-251,-88,106,294,440,513,492,383,196,-43,-275,-454,-552,-538,-412,-197,64,316,507,593,549,389,140,-146,-405,-574,-619,-524,-313,-27,265,505,636,621,458,187,-128,-414,-611,-669,-573,-343,-28,305,571,700,660,467,155,-194,-509,-711,-752,-612,-332,32,399,680,806,748,515,154,-251,-598,-811,-837,-671,-346,67,464,756,870,785,520,130,-298,-663,-873,-872,-673,-318,115,523,813,917,803,496,77,-354,-707,-899,-880,-654,-271,174,573,841,914,771,444,18,-408,-739,-899,-843,-592,-203,230,612,848,878,699,362,-58,-462,-755,-870,-773,-489,0,329,659,834,809,587,217,-197,-558,-787,-821,-651,-324,88,474,743,833,718,422,20,-394,-713,-858,-794,-528,-127,308,672,876,868,645,263,-193,-611,-883,-938,-770,-416,50,515,855,990,888,574,112,-381,-781,-997,-972,-707,-266,237,681,965,1020,820,416,-86,-571,-923,-1048,-917,-564,-65,453,859,1062,1007,704,226,-310,-774,-1055,-1084,-847,-405,136,651,1010,1128,975,584,58,-483,-914,-1128,-1065,-753,-264,291,778,1074,1110,879,441,-95,-612,-980,-1106,-973,-613,-102,430,857,1070,1025,735,269,-258,-715,-998,-1042,-831,-421,92,575,918,1039,906,556,76,-423,-820,-1016,-963,-679,0,0,0,0,0,670,963,1030,846,458,-37,-526,-885,-1038,-945,-616,-132,375,788,1015,993,731,295,-210,-662,-951,-1011,-824,-435,62,543,889,1015,894,556,79,-421,-818,-1009,-953,-670,-216,294,736,994,1009,778,362,-150,-633,-962,-1050,-882,-505,-3,503,887,1050,956,626,143,-368,-793,-1024,-999,-720,-275,238,695,981,1019,802,380,-138,-629,-967,-1058,-887,-505,7,534,934,1102,1000,655,145,-405,-863,-1126,-1114,-826,-339,231,751,1101,1188,994,561,-6,-571,-1001,-1203,-1117,-759,-227,353,845,1138,1162,914,450,-111,-643,-1024,-1156,-1014,-640,-114,431,866,1085,1047,761,300,-224,-690,-985,-1037,-843,-451,0,537,875,1000,882,548,81,-408,-786,-973,-922,-648,-211,278,701,952,965,745,348,-140,-605,-932,-1022,-868,-505,-11,500,893,1074,1001,680,193,-345,-819,-1103,-1125,-888,-437,131,678,1073,1218,1085,698,141,-455,-955,-1238,-1240,-956,-450,167,746,1154,1304,1164,755,167,-456,-971,-1266,-1279,-1003,-497,116,700,1129,1304,1179,788,227,-386,-905,-1217,-1262,-1035,-579,1,567,1000,1216,1158,852,378,-167,-666,-1000,-1111,-986,-654,-192,290,694,934,965,794,460,44,-362,-673,-828,-797,-606,-299,59,384,608,700,648,465,199,-98,-363,-538,-604,-553,-405,-195,32,235,383,454,445,369,254,122,0,0,0,0,0,287,253,182,65,-89,-249,-387,-467,-475,-403,-253,-51,169,368,504,546,480,312,78,-171,-394,-543,-576,-483,-297,-42,234,458,584,588,460,225,-61,-344,-554,-634,-576,-389,-112,196,462,630,652,522,270,-45,-359,-593,-683,-618,-408,-92,255,543,706,711,547,251,-116,-464,-710,-788,-684,-419,-58,329,648,822,805,602,253,-159,-542,-797,-865,-740,-439,-36,382,714,879,838,600,220,-211,-591,-843,-901,-742,-412,12,439,764,912,844,576,178,-261,-642,-873,-903,-719,-366,68,492,799,910,810,530,121,-316,-671,-869,-865,-655,-291,142,537,803,879,741,427,21,-390,-708,0,-792,-543,-165,255,610,817,822,618,269,-139,-512,-766,-832,-690,-375,26,427,726,849,754,472,73,-350,-693,-866,-828,-583,-188,257,645,883,909,709,327,-134,-565,-871,-972,-839,-495,-30,443,817,1002,936,638,192,-307,-734,-985,-995,-761,-340,160,622,944,1041,875,492,-14,-518,-901,-1063,-968,-635,-146,386,832,1069,1045,776,322,-222,-717,-1040,-1106,-908,-491,44,576,973,1138,1031,677,157,-398,-858,-1109,-1092,-821,-353,203,701,1031,1115,939,537,3,-526,-920,-1091,-1004,-678,-192,342,785,1039,1046,795,350,-171,-644,-966,-1049,-875,-491,2,492,867,1032,937,619,158,-344,-763,0,0
38927,mtk,MTK 7916,2422394571,rx2-tx1,512,0,0,0,-519,-360,-119,150,379,518,535,428,226,-27,-272,-445,-510,-464,-320,-99,139,333,454,465,359,181,-31,-232,-371,-419,-373,-250,-74,114,270,352,355,278,132,-33,-175,-270,-309,-272,-179,-49,76,166,208,207,162,88,-3,-81,-128,-128,-97,-52,-17,11,26,25,4,-11,-19,-19,5,48,87,112,120,89,21,-61,-139,-198,-221,-191,-108,15,141,254,312,308,233,93,-77,-234,-346,-389,-334,-199,-20,168,326,406,398,302,133,-84,-278,-403,-442,-380,-229,-19,199,369,460,446,323,123,-112,-332,-474,-501,-410,-217,32,266,436,516,476,321,93,-153,-380,-519,-527,0,-217,36,286,473,549,489,315,78,-186,-416,-540,-528,-403,-184,76,325,493,550,472,281,25,-238,-445,-548,-515,-360,-121,161,411,559,573,446,203,-95,-370,-576,-649,-563,-344,-44,282,551,698,684,506,211,-131,-471,-712,-797,-708,-449,-75,312,638,839,849,660,330,-71,-464,-759,-887,-821,-573,-195,219,587,829,889,755,449,61,-347,-688,-875,-873,-687,-352,50,428,714,848,803,594,268,-112,-469,-712,-792,-711,-492,-173,175,466,650,701,611,389,97,-199,-443,-589,-608,-506,-309,-58,197,395,506,515,434,280,82,-122,-292,-397,-431,-394,-295,-164,-30,90,178,221,0,0,0,0,0,59,108,146,173,180,162,115,45,-36,-112,-171,-206,-207,-178,-114,-27,62,138,191,209,188,136,60,-30,-119,-179,-198,-175,-121,-54,21,95,151,167,153,110,50,-16,-74,-121,-143,-132,-95,-52,5,51,78,87,84,64,37,9,-28,-51,-49,-51,-54,-45,-37,-30,-6,13,38,57,65,75,82,64,34,-7,-58,-112,-139,-146,-128,-88,-14,86,165,209,218,196,125,18,-108,-215,-276,-281,-241,-147,-15,128,247,312,320,265,138,-23,-176,-296,-351,-337,-249,-110,55,209,323,359,317,209,62,-104,-253,-341,-341,-267,-147,16,182,298,343,312,211,54,-117,0,-349,-336,-250,-105,62,218,333,373,319,186,1,-178,-315,-385,-363,-253,-81,112,284,389,404,326,164,-38,-223,-364,-430,-386,-244,-49,165,344,446,446,337,142,-86,-297,-446,-488,-409,-242,-18,214,399,487,463,326,99,-152,-353,-470,-478,-378,-183,56,290,451,502,431,249,2,-250,-449,-537,-488,-323,-80,188,431,574,575,438,199,-95,-372,-569,-645,-570,-349,-40,272,531,677,670,501,218,-111,-425,-652,-728,-632,-397,-69,281,575,728,714,546,261,-85,-418,-660,-754,-679,-451,-119,233,526,698,720,592,327,-15,-341,-588,-696,-648,-452,-164,147,423,601,628,507,0,0,0,0,0,-216,-438,-556,-538,-400,-175,87,329,485,525,448,273,40,-195,-383,-479,-467,-342,-143,79,280,411,440,368,209,16,-174,-317,-383,-368,-269,-115,62,220,317,332,275,160,23,-113,-217,-264,-247,-173,-75,32,117,164,172,145,83,12,-41,-73,-81,-63,-33,-9,6,6,-12,-43,-63,-72,-52,-9,63,136,176,174,142,62,-48,-156,-239,-278,-251,-159,-28,116,250,337,343,283,153,-27,-209,-346,-404,-371,-257,-79,129,311,421,436,351,181,-37,-245,-400,-462,-413,-270,-64,162,354,464,472,370,174,-65,-290,-455,-509,-438,-272,-41,210,404,514,503,372,153,-106,0,-498,-542,-458,-269,-23,235,442,540,511,367,132,-133,-369,-521,-546,-441,-229,36,286,475,558,504,317,52,-215,-441,-557,-542,-404,-162,131,392,567,610,501,269,-26,-333,-571,-680,-637,-436,-129,226,536,720,737,599,320,-38,-397,-684,-828,-781,-564,-214,190,557,805,882,755,453,66,-339,-683,-878,-879,-684,-337,74,466,770,899,827,582,220,-195,-568,-820,-894,-761,-479,-114,277,607,802,822,669,384,36,-314,-595,-738,-724,-560,-287,34,329,549,657,621,460,219,-61,-316,-497,-570,-525,-386,-183,50,268,419,484,458,357,208,38,-125,-254,-331,-348,-309,-235,-141,0,0,0,0,0,-123,-111,-79,-24,45,112,165,197,201,180,130,55,-33,-116,-176,-209,-205,-161,-89,-3,83,152,195,200,161,100,20,-62,-138,-178,-179,-145,-89,-15,52,109,147,155,129,84,28,-32,-89,-115,-117,-103,-74,-24,25,54,70,78,67,53,30,5,-17,-33,-44,-49,-51,-54,-57,-43,-18,3,36,75,99,118,115,79,22,-46,-105,-155,-192,-175,-125,-57,37,144,221,256,236,178,82,-46,-176,-268,-311,-291,-206,-75,74,215,312,349,308,202,45,-121,-260,-348,-363,-294,-162,-3,159,289,359,336,249,111,-58,-218,-323,-354,-298,-176,-22,136,269,342,332,0,78,-90,-238,-337,-352,-279,-142,38,216,334,372,331,212,41,-143,-305,-398,-392,-289,-125,76,260,387,414,349,203,5,-202,-357,-439,-423,-300,-97,127,318,446,460,365,188,-38,-257,-419,-488,-443,-285,-55,181,370,472,465,346,136,-100,-312,-453,-491,-407,-219,31,282,452,519,460,288,36,-219,-427,-544,-538,-385,-135,154,412,578,610,499,269,-30,-327,-555,-665,-627,-435,-130,202,490,670,701,573,311,-26,-363,-617,-738,-688,-479,-163,188,504,704,745,630,369,21,-331,-600,-742,-718,-530,-222,124,437,653,724,622,388,82,-243,-506,-645,-636,-489,-233,66,343,0,0
38928,mtk,MTK 7916,2422465052,rx0-tx0,512,-349,802,614,225,98,-46,-199,-335,-432,-489,-492,-447,-341,-194,-27,151,327,463,545,571,532,428,267,70,-140,-335,-495,-604,-638,-596,-483,-311,-101,126,332,506,619,657,613,493,322,118,-106,-314,-477,-582,-621,-585,-486,-329,-145,50,237,393,493,543,544,477,368,223,60,-107,-255,-382,-463,-494,-488,-427,-321,-186,-37,123,272,407,497,529,515,436,314,151,-39,-222,-380,-512,-588,-582,-511,-389,-222,-25,184,376,519,598,614,551,425,246,43,-168,-351,-498,-578,-582,-523,-404,-235,-39,149,313,434,500,503,447,341,205,53,-95,-222,-323,-380,-399,-367,-300,-204,-98,22,122,-511,270,302,299,272,225,151,67,-16,-99,-166,-218,-252,-262,-254,-219,-161,-90,-19,63,138,200,247,278,281,250,193,115,25,-78,-184,-265,-333,-360,-342,-291,-206,-96,44,175,291,373,414,407,353,261,121,-31,-176,-308,-404,-441,-435,-387,-274,-137,11,166,298,393,439,441,389,290,159,6,-140,-269,-371,-433,-437,-387,-297,-167,-17,129,264,355,399,414,375,285,164,29,-108,-224,-324,-381,-382,-343,-262,-154,-30,99,207,285,338,343,304,228,132,17,-96,-199,-272,-306,-299,-265,-186,-86,24,130,211,261,276,250,178,82,-17,-118,-196,-231,-217,-163,-84,2,1005,997,1179,646,335,8,61,109,132,124,99,41,-29,-88,-137,-154,-150,-118,-64,-8,55,102,134,148,139,109,63,5,-39,-79,-107,-119,-124,-106,-71,-30,-1,33,58,84,103,102,93,74,53,29,-12,-47,-76,-109,-141,-141,-129,-98,-48,5,70,141,177,203,195,153,86,6,-69,-152,-209,-227,-224,-171,-98,-17,78,151,208,228,208,172,113,31,-53,-123,-181,-206,-200,-170,-118,-52,27,98,156,185,194,178,133,75,14,-64,-118,-159,-183,-171,-143,-106,-48,17,74,115,139,157,154,125,85,39,-4,-61,-104,-132,-147,-141,-126,-95,-50,3,48,94,129,149,151,136,-330,69,22,-32,-79,-120,-153,-167,-159,-128,-94,-29,25,75,121,160,180,178,160,121,71,13,-52,-115,-149,-179,-200,-194,-169,-120,-65,2,76,149,202,237,252,238,197,129,50,-51,-160,-247,-312,-345,-344,-289,-197,-87,43,183,303,393,437,432,373,256,114,-57,-224,-372,-483,-530,-518,-439,-293,-113,80,270,435,550,599,568,470,315,111,-108,-313,-481,-588,-624,-585,-467,-292,-84,126,321,478,583,604,553,432,259,65,-130,-298,-433,-511,-527,-495,-395,-252,-96,77,225,353,429,459,439,375,280,156,7,-129,-246,-338,-396,-420,-394,-327,-239,-118,13,145,260,1231,1106,-729,-595,-774,-382,-445,-465,-435,-348,-221,-70,94,255,399,486,527,516,443,310,143,-49,-239,-410,-538,-601,-591,-513,-376,-190,27,236,423,564,641,637,555,412,212,-7,-233,-428,-559,-634,-636,-552,-415,-231,-21,187,372,502,570,583,533,419,264,99,-86,-254,-388,-481,-522,-510,-447,-344,-199,-42,116,269,388,461,501,493,434,333,183,17,-155,-321,-448,-536,-564,-519,-427,-291,-99,107,294,446,553,599,580,488,329,144,-69,-278,-450,-563,-603,-575,-483,-336,-141,64,254,415,521,558,528,436,298,128,-50,-209,-333,-416,-451,-431,-370,-267,-146,-9,120,228,305,348,352,311,1105,171,69,-25,-111,-189,-248,-271,-271,-250,-206,-150,-75,3,78,150,208,243,266,263,230,176,109,31,-63,-155,-235,-286,-310,-313,-276,-212,-122,6,121,232,319,381,396,357,281,166,34,-106,-230,-342,-417,-436,-405,-325,-201,-53,88,241,364,428,454,424,341,221,73,-80,-226,-344,-422,-451,-421,-348,-234,-88,66,209,326,404,431,411,341,228,101,-39,-181,-294,-366,-396,-382,-325,-236,-102,33,159,263,330,364,348,288,203,89,-37,-154,-244,-303,-328,-312,-253,-164,-56,48,150,242,288,299,261,186,93,-12,-118,-203,-249,-256,-226,-153,-52,46,126,173,178,155,-106,1145,-1086,-1212,105,98,61,5,-52,-104,-145,-147,-127,-79,-17,45,105,139,153,141,110,65,11,-43,-95,-129,-138,-130,-112,-72,-34,15,61,95,104,107,101,79,59,24,-8,-34,-65,-89,-114,-123,-108,-93,-73,-26,28,72,121,152,167,170,130,73,2,-82,-153,-200,-210,-203,-169,-94,-8,78,161,204,227,217,170,107,17,-65,-136,-192,-223,-214,-179,-117,-34,44,115,164,201,203,178,132,64,-5,-77,-136,-166,-183,-172,-135,-93,-29,38,87,128,159,163,144,104,63,12,-49,-91,-128,-141,-149,-144,-112,-70,-20,31,78,114,138,139,133,116,78,35,-22,-65,826,-137,-155,-157,-137,-104,-58,-2,62,103,145,172,169,157,124,76,17,-39,-94,-135,-168,-189,-188,-162,-114,-71,-11,61,126,180,214,228,223,182,122,56,-27,-110,-190,-250,-286,-304,-277,-211,-127,-21,103,223,316,374,399,368,288,172,29,-120,-274,-394,-470,-492,-449,-353,-207,-27,157,332,473,545,560,507,387,222,20,-193,-379,-528,-604,-606,-533,-397,-205,7,222,411,547,607,600,517,374,181,-38,-233,-409,-526,-579,-556,-473,-339,-163,20,197,351,442,494,485,427,327,190,42,-107,-239,-340,-415,-441,-409,-350,-256,-140,-7,129,242,335,401,419,395,324,-301,-612
38929,mtk,MTK 7916,2422465052,rx0-tx1,512,87,-129,67,557,461,318,127,-91,-298,-482,-623,-705,-710,-627,-471,-267,-22,238,479,669,794,829,779,636,414,138,-161,-449,-692,-861,-943,-920,-795,-569,-272,59,389,682,905,1028,1033,918,702,402,57,-309,-630,-898,-1052,-1089,-1013,-819,-536,-192,173,513,806,1005,1096,1083,942,701,388,30,-341,-674,-932,-1094,-1143,-1068,-880,-588,-222,175,541,859,1088,1198,1173,1022,754,395,-9,-409,-774,-1048,-1203,-1217,-1107,-873,-532,-133,275,651,949,1142,1208,1138,941,644,286,-113,-489,-813,-1045,-1155,-1149,-1014,-757,-426,-53,331,671,934,1097,1138,1052,849,556,200,-168,-517,-808,-1008,-1097,-1066,-909,-659,-689,17,366,676,904,1035,1048,955,760,486,159,-194,-519,-790,-981,-1056,-1024,-882,-639,-326,24,375,698,943,1074,1098,997,779,482,120,-262,-619,-908,-1105,-1178,-1111,-911,-609,-234,168,559,890,1119,1221,1170,983,677,301,-112,-516,-863,-1110,-1221,-1188,-1019,-736,-356,62,479,834,1078,1198,1177,1011,728,362,-57,-451,-790,-1031,-1139,-1107,-943,-655,-303,78,439,739,939,1018,967,795,547,244,-77,-385,-630,-782,-842,-791,-651,-445,-194,71,315,515,645,687,649,543,372,158,-62,-270,-436,-547,-583,-548,-440,-279,-85,114,291,427,500,498,418,276,92,-101,-265,-369,-395,-341,-220,-76,-616,-483,0,458,615,-126,-205,-244,-229,-164,-57,68,192,282,323,311,252,155,30,-100,-220,-311,-357,-358,-310,-215,-96,41,177,289,367,406,388,321,215,83,-71,-219,-339,-431,-463,-439,-366,-238,-86,78,254,390,487,529,504,410,269,95,-99,-280,-437,-543,-578,-543,-442,-293,-110,104,305,463,571,603,565,463,299,102,-105,-296,-458,-560,-591,-559,-466,-315,-121,73,260,416,514,556,539,458,326,163,-17,-193,-345,-454,-510,-513,-460,-350,-210,-45,119,268,383,460,490,456,375,253,107,-48,-194,-317,-404,-445,-441,-388,-293,-170,-33,107,242,341,397,423,401,332,228,103,-30,-160,-130,-352,-397,-397,-364,-286,-175,-52,71,193,288,359,390,372,317,234,130,12,-104,-205,-287,-337,-353,-336,-279,-209,-118,-20,85,181,253,306,334,330,309,251,165,64,-41,-156,-266,-347,-404,-419,-393,-327,-220,-85,70,227,357,465,526,524,467,351,189,-7,-190,-366,-510,-595,-619,-568,-450,-285,-78,141,338,507,616,648,616,510,349,147,-69,-274,-455,-578,-640,-624,-536,-392,-210,-3,199,378,510,580,587,529,422,268,94,-87,-253,-379,-469,-507,-493,-432,-331,-199,-52,90,225,334,406,444,441,397,323,216,93,-45,-180,-301,-400,-463,-479,-455,-388,-277,-132,37,-440,-159,504,766,776,-233,-404,-543,-632,-651,-594,-481,-306,-87,154,387,577,705,771,751,639,457,215,-57,-334,-583,-769,-873,-880,-793,-614,-361,-63,254,554,798,950,1000,936,768,503,177,-178,-513,-794,-987,-1075,-1033,-876,-621,-288,67,418,730,959,1078,1084,975,759,453,111,-256,-596,-870,-1048,-1121,-1077,-907,-648,-315,59,428,759,1009,1156,1171,1056,829,506,122,-279,-650,-963,-1164,-1228,-1159,-955,-643,-260,143,528,867,1108,1219,1190,1030,757,407,10,-382,-732,-997,-1158,-1188,-1080,-858,-537,-168,220,588,886,1074,1153,1105,932,659,315,-61,-429,-743,-974,-1099,-1099,-980,-756,-446,-90,276,609,862,261,1078,1014,837,567,239,-114,-445,-731,-936,-1044,-1036,-915,-703,-407,-66,279,603,860,1025,1079,1017,845,567,232,-129,-490,-793,-1014,-1130,-1114,-968,-710,-373,16,411,757,1019,1167,1182,1066,817,474,67,-346,-723,-1014,-1182,-1220,-1113,-875,-531,-125,294,674,983,1172,1218,1128,893,555,156,-266,-651,-951,-1139,-1185,-1079,-856,-527,-138,258,620,897,1052,1080,972,750,439,88,-266,-570,-790,-914,-922,-824,-621,-362,-68,221,464,645,746,753,666,511,294,51,-180,-384,-544,-624,-630,-556,-417,-233,-27,175,355,481,541,524,439,293,109,-90,-269,-401,-464,-446,-347,-196,-21,144,261,298,461,607,0,-435,-152,-160,-94,11,122,221,280,294,246,148,25,-106,-217,-304,-342,-330,-270,-171,-48,84,210,307,363,380,346,265,154,13,-135,-261,-364,-426,-434,-381,-288,-157,2,159,304,417,476,494,443,332,184,2,-182,-349,-471,-542,-548,-489,-369,-198,0,202,374,508,586,597,519,385,202,-7,-210,-389,-526,-595,-595,-524,-392,-207,-7,184,359,495,568,571,514,393,229,47,-143,-314,-442,-519,-538,-498,-401,-263,-100,69,240,375,462,503,485,416,302,159,-5,-163,-300,-403,-461,-469,-426,-335,-210,-68,78,217,330,404,432,424,361,258,135,3,-137,-260,-347,-400,-413,-379,245,-208,-82,46,169,280,357,390,388,342,261,157,30,-97,-210,-294,-350,-372,-351,-298,-216,-114,-3,107,199,265,313,331,322,279,212,137,40,-60,-160,-252,-318,-355,-367,-354,-294,-201,-87,47,177,300,402,463,484,440,352,226,60,-118,-291,-438,-542,-581,-553,-474,-330,-145,61,267,440,564,635,626,548,408,215,3,-208,-404,-548,-636,-645,-587,-457,-282,-73,145,343,497,591,625,585,484,328,144,-54,-235,-387,-497,-549,-543,-476,-368,-226,-63,101,247,362,440,472,458,407,314,197,66,-70,-197,-303,-390,-444,-456,-425,-356,-250,-116,31,176,317,430,503,524,-442,-605
38930,mtk,MTK 7916,2422465052,rx1-tx0,512,0,6,351,-491,-336,-136,89,307,494,633,712,708,623,457,244,5,-253,-493,-674,-786,-821,-757,-593,-372,-100,214,496,734,886,933,884,725,473,159,-176,-500,-771,-959,-1037,-985,-826,-565,-216,144,490,794,1004,1092,1056,891,625,288,-91,-456,-776,-1004,-1124,-1104,-956,-703,-355,34,399,744,995,1124,1125,986,743,405,24,-360,-703,-956,-1089,-1096,-984,-748,-429,-75,290,609,855,1000,1021,927,731,457,142,-185,-495,-732,-878,-923,-871,-726,-489,-216,78,357,585,751,831,807,712,542,304,55,-208,-454,-640,-749,-774,-714,-584,-392,-148,102,340,542,681,743,721,611,442,219,-29,-266,216,-630,-711,-707,-632,-469,-258,-18,217,431,580,672,673,591,454,268,51,-164,-360,-517,-597,-620,-570,-454,-288,-97,97,278,422,529,557,533,449,301,153,-24,-199,-346,-445,-493,-492,-434,-334,-189,-34,122,256,363,424,445,416,343,225,87,-49,-176,-281,-355,-394,-398,-357,-277,-174,-53,81,209,306,372,390,371,322,235,105,-38,-169,-280,-354,-394,-397,-343,-244,-119,17,169,281,359,401,384,325,224,101,-35,-160,-265,-338,-366,-351,-281,-181,-63,64,183,273,324,325,290,219,115,2,-105,-205,-274,-286,-266,-204,-109,-7,96,177,227,231,188,119,34,-58,-111,-705,-606,0,396,-135,42,113,161,183,161,94,3,-88,-176,-236,-244,-209,-141,-57,44,148,219,256,267,221,155,70,-44,-142,-218,-275,-277,-251,-195,-103,-5,96,181,237,269,262,216,154,76,-17,-108,-180,-222,-245,-229,-194,-152,-86,-12,58,129,174,212,234,222,193,144,76,8,-80,-165,-229,-277,-282,-265,-218,-134,-24,83,173,254,304,327,313,246,149,49,-81,-185,-264,-331,-353,-323,-252,-163,-47,76,192,289,342,354,323,259,177,64,-53,-172,-264,-316,-341,-321,-261,-169,-58,55,164,255,310,324,306,240,158,54,-51,-149,-228,-279,-294,-278,-229,-153,-65,27,108,179,-584,252,244,212,157,89,6,-81,-142,-186,-212,-208,-186,-151,-81,-20,35,97,137,163,163,145,124,83,30,-8,-49,-79,-96,-101,-89,-73,-60,-34,-11,-3,7,11,21,29,37,29,32,50,60,72,86,88,85,60,26,-16,-78,-132,-182,-209,-216,-203,-153,-72,19,112,218,302,340,338,310,220,96,-32,-175,-297,-392,-448,-439,-381,-275,-129,28,199,357,464,524,525,452,328,164,-32,-215,-384,-517,-571,-560,-497,-370,-193,5,211,385,517,589,586,518,392,223,34,-167,-344,-487,-573,-594,-555,-452,-294,-99,95,278,432,546,596,579,500,375,206,3,-200,982,1048,0,-699,-609,419,564,654,671,609,480,303,81,-162,-393,-589,-709,-764,-742,-622,-427,-182,89,372,614,781,881,864,748,548,271,-36,-350,-636,-848,-964,-968,-864,-656,-363,-12,336,649,902,1048,1056,960,746,431,67,-309,-656,-917,-1081,-1118,-1021,-812,-508,-139,252,608,899,1085,1132,1060,873,559,195,-195,-559,-860,-1065,-1135,-1073,-884,-596,-234,140,499,801,1000,1078,1037,861,602,272,-79,-410,-690,-886,-973,-957,-828,-603,-321,-17,281,552,746,851,871,784,622,392,116,-160,-403,-615,-742,-795,-773,-658,-467,-226,30,283,493,664,750,746,670,519,308,67,-188,-413,-587,-703,-736,-681,757,-360,-117,123,354,541,657,699,663,549,371,153,-85,-298,-476,-597,-648,-619,-532,-375,-183,24,233,401,523,575,573,501,381,210,19,-153,-324,-436,-498,-527,-479,-385,-248,-97,70,226,353,436,461,446,382,272,142,-3,-145,-277,-373,-422,-423,-384,-308,-201,-73,56,188,286,357,396,392,339,259,149,15,-113,-232,-335,-395,-407,-371,-297,-184,-52,92,227,332,388,413,379,290,184,54,-90,-221,-319,-374,-383,-339,-263,-149,-22,110,230,311,351,350,301,213,105,-23,-139,-241,-299,-304,-280,-226,-126,-15,88,185,246,263,238,176,90,-16,-111,-167,-199,-179,-122,-24,-365,0,981,1064,146,111,51,-30,-121,-190,-220,-210,-162,-70,38,135,206,245,254,214,140,53,-55,-157,-222,-274,-278,-238,-173,-80,22,111,198,255,278,264,208,129,39,-61,-148,-213,-253,-258,-231,-176,-116,-31,55,123,173,214,223,218,192,141,88,12,-68,-137,-199,-228,-243,-247,-214,-157,-69,30,123,207,276,307,292,258,186,95,-10,-127,-234,-297,-337,-338,-281,-209,-112,18,143,244,315,359,353,302,220,109,-11,-130,-229,-309,-352,-355,-317,-226,-117,5,129,229,300,333,331,294,224,118,7,-106,-208,-273,-308,-301,-261,-195,-112,-9,83,174,233,266,265,239,187,-674,30,-52,-133,-196,-234,-249,-222,-176,-118,-45,27,87,142,178,183,178,152,104,55,0,-42,-86,-126,-135,-125,-110,-84,-52,-15,11,30,46,68,65,54,42,28,27,33,30,30,38,31,25,12,-13,-42,-77,-112,-133,-156,-152,-126,-80,-17,52,124,207,261,275,273,232,137,29,-87,-208,-321,-381,-406,-384,-304,-194,-41,114,263,384,454,482,460,365,225,57,-125,-298,-434,-526,-552,-517,-427,-266,-69,126,309,461,556,592,552,446,293,104,-95,-283,-443,-552,-594,-577,-484,-346,-166,29,220,388,521,586,588,535,420,258,61,-142,-324,-465,-574,-612,-578,-397,141
38931,mtk,MTK 7916,2422465052,rx1-tx1,512,0,0,0,-499,-192,152,462,686,781,721,511,206,-134,-446,-672,-763,-708,-517,-220,111,417,635,722,664,472,192,-120,-404,-600,-671,-599,-407,-132,173,434,604,650,554,343,61,-237,-489,-642,-656,-541,-311,-12,293,542,684,680,537,288,-28,-337,-575,-712,-709,-553,-287,32,352,601,737,727,575,304,-35,-357,-597,-727,-721,-570,-308,18,330,562,687,683,547,295,-8,-305,-536,-654,-635,-496,-264,18,298,514,620,602,467,243,-30,-288,-478,-577,-566,-431,-220,23,259,438,524,504,380,190,-25,-227,-381,-459,-438,-329,-157,37,209,338,388,358,253,101,-68,-217,-312,-341,-292,0,-26,124,252,322,314,235,108,-48,-199,-309,-355,-327,-223,-68,106,264,375,414,368,243,62,-138,-315,-434,-470,-423,-287,-96,123,328,476,533,493,354,141,-94,-317,-480,-558,-543,-430,-225,21,266,460,564,573,486,308,73,-167,-376,-519,-570,-515,-385,-180,55,273,434,516,506,414,252,61,-136,-300,-400,-426,-381,-283,-142,11,149,242,296,296,245,159,61,-40,-122,-169,-177,-161,-124,-70,-13,29,45,57,57,43,28,15,14,19,26,40,47,37,18,-3,-36,-76,-104,-120,-127,-111,-69,-19,38,96,150,184,190,172,139,92,26,-35,-86,-122,-144,-150,0,0,0,0,0,-105,-99,-68,-18,44,108,158,194,205,183,129,51,-40,-135,-210,-249,-249,-214,-133,-23,90,193,275,304,279,208,92,-50,-183,-287,-347,-341,-269,-152,-6,145,270,353,375,320,204,55,-110,-258,-357,-383,-335,-233,-85,86,235,339,373,337,226,73,-99,-252,-360,-394,-343,-215,-53,121,286,390,413,360,231,45,-154,-327,-437,-457,-391,-244,-39,175,361,482,512,438,272,55,-179,-389,-531,-570,-490,-311,-73,177,399,547,597,525,351,115,-139,-380,-552,-616,-557,-392,-154,111,353,527,608,568,407,177,-83,-328,-506,-582,-547,-399,-174,78,313,484,554,508,360,0,-116,-337,-488,-542,-485,-318,-80,174,386,525,561,484,297,48,-223,-450,-587,-603,-497,-288,-16,269,504,636,638,517,291,-8,-314,-555,-689,-690,-545,-288,31,355,618,755,741,575,291,-59,-410,-682,-822,-801,-613,-305,63,433,718,855,830,648,338,-45,-430,-737,-899,-876,-680,-354,54,453,761,921,900,702,368,-39,-438,-754,-917,-900,-708,-379,23,418,733,898,885,697,380,-10,-401,-707,-866,-849,-669,-353,25,394,676,824,809,627,320,-50,-405,-672,-808,-782,-597,-296,70,410,667,790,755,564,263,-90,-423,-671,-781,-734,-541,-241,103,428,662,758,705,514,217,0,0,0,0,0,-588,-750,-761,-626,-365,-26,314,580,740,762,632,378,51,-284,-561,-723,-736,-609,-362,-49,267,525,679,686,555,319,23,-278,-519,-640,-625,-480,-238,51,336,552,650,611,443,177,-127,-413,-614,-691,-618,-421,-147,169,460,659,720,634,421,124,-198,-491,-685,-744,-658,-438,-125,205,497,694,749,659,443,141,-178,-466,-658,-724,-645,-435,-145,167,441,626,688,614,416,137,-166,-427,-599,-649,-567,-375,-120,163,405,562,604,530,352,106,-153,-372,-516,-555,-480,-316,-105,130,336,466,493,428,275,75,-133,-305,-413,-431,-359,-217,-40,134,270,347,352,281,146,-20,-170,0,-328,-302,-200,-61,84,218,313,333,278,163,3,-164,-299,-376,-376,-298,-151,32,211,353,435,436,337,169,-36,-234,-394,-487,-493,-392,-221,-3,228,418,532,549,461,283,55,-182,-394,-533,-579,-518,-364,-141,104,327,494,575,555,437,244,4,-230,-414,-516,-539,-470,-323,-117,102,289,422,477,445,344,193,18,-151,-279,-349,-363,-319,-230,-101,32,134,202,234,226,179,109,31,-36,-85,-111,-121,-105,-72,-39,-15,4,14,15,10,1,-2,-2,14,42,67,83,85,74,48,5,-45,-89,-125,-160,-167,-141,-99,-45,16,79,141,182,194,188,165,125,79,27,0,0,0,0,0,-57,-101,-141,-167,-172,-150,-104,-38,36,111,176,224,233,202,134,45,-58,-157,-234,-269,-260,-204,-109,11,135,244,310,323,275,180,53,-91,-227,-327,-369,-344,-253,-115,44,198,313,376,369,291,157,-3,-167,-299,-368,-368,-292,-156,7,175,308,375,361,281,143,-30,-207,-337,-396,-380,-287,-136,49,238,378,442,414,309,142,-64,-266,-415,-486,-461,-340,-152,74,288,448,525,503,379,174,-64,-293,-478,-573,-555,-429,-221,27,279,477,589,588,477,269,6,-254,-464,-587,-599,-497,-300,-43,223,445,570,585,490,297,45,-206,-413,-542,-555,-453,-267,-32,212,419,0,532,425,232,-9,-246,-443,-544,-527,-399,-190,68,313,499,587,548,394,158,-111,-362,-550,-632,-585,-413,-149,149,419,615,688,616,423,139,-182,-473,-669,-735,-654,-440,-127,227,532,731,797,703,460,121,-244,-572,-791,-851,-745,-488,-128,257,590,820,898,791,523,150,-258,-621,-859,-929,-815,-544,-161,258,624,859,931,826,557,178,-232,-601,-854,-935,-828,-563,-187,219,574,816,892,792,542,187,-204,-558,-797,-869,-760,-508,-153,224,556,770,821,713,471,133,-227,-546,-753,-804,-690,-437,-99,255,554,741,780,662,409,79,-264,-559,-740,-770,-643,-388,-64,275,563,730,0,0
38932,mtk,MTK 7916,2422465052,rx2-tx0,512,0,0,0,815,997,978,771,403,-51,-495,-836,-1006,-972,-739,-356,95,521,847,992,938,686,295,-156,-568,-869,-986,-897,-629,-232,219,625,898,985,866,566,148,-307,-693,-940,-994,-839,-503,-65,388,757,978,1004,813,449,-3,-459,-817,-1010,-996,-775,-394,70,513,852,1010,956,706,306,-156,-582,-885,-1002,-909,-626,-204,265,681,949,1024,882,546,92,-388,-791,-1034,-1064,-871,-495,-12,482,887,1118,1120,894,487,-22,-535,-945,-1166,-1156,-915,-494,28,547,958,1175,1156,911,493,-19,-529,-936,-1152,-1138,-900,-479,33,527,910,1117,1092,847,442,-38,-513,-877,-1055,-1025,-790,-394,75,518,849,0,949,705,317,-131,-545,-848,-975,-903,-639,-246,201,611,891,981,872,583,173,-272,-661,-923,-996,-862,-544,-109,354,753,1008,1054,879,526,63,-424,-833,-1079,-1111,-928,-553,-58,456,889,1159,1204,1012,621,101,-444,-908,-1197,-1258,-1077,-688,-159,405,891,1208,1294,1137,764,241,-334,-846,-1193,-1312,-1188,-838,-332,239,760,1143,1306,1224,914,447,-102,-626,-1037,-1250,-1233,-997,-586,-69,441,853,1110,1165,1000,669,237,-224,-635,-915,-1021,-946,-703,-344,56,420,692,834,826,667,401,77,-244,-506,-664,-703,-625,-439,-187,77,318,498,584,576,480,318,126,-62,-230,-356,-416,-413,-362,-278,0,0,0,0,0,37,142,247,345,411,433,395,301,155,-23,-209,-377,-492,-532,-492,-377,-196,23,239,421,537,559,482,324,103,-145,-368,-528,-591,-548,-403,-184,76,326,514,604,586,456,227,-41,-301,-514,-630,-618,-487,-259,28,312,532,653,653,518,276,-23,-326,-573,-710,-701,-552,-292,32,354,614,757,757,606,336,-6,-342,-623,-784,-789,-638,-363,-14,352,647,812,817,668,378,11,-362,-663,-835,-842,-686,-393,-20,363,674,850,860,703,406,22,-373,-692,-865,-875,-719,-419,-29,368,692,877,887,727,422,31,-368,-692,-885,-901,-734,-421,-33,363,691,880,888,723,417,18,-383,0,-877,-876,-708,-392,11,405,714,881,872,686,353,-55,-446,-746,-893,-855,-642,-300,110,500,787,908,846,609,248,-177,-564,-839,-947,-863,-596,-203,240,632,893,980,867,569,153,-294,-694,-950,-1011,-867,-545,-107,351,739,982,1026,850,494,42,-418,-796,-1010,-1019,-819,-446,28,499,869,1061,1037,797,391,-98,-575,-934,-1098,-1041,-777,-350,154,634,986,1134,1057,764,313,-198,-672,-1012,-1151,-1057,-749,-294,218,689,1025,1153,1042,720,256,-248,-699,-1011,-1118,-997,-678,-227,265,704,994,1078,947,626,178,-301,-711,-975,-1042,-892,-562,-118,348,742,977,1010,841,497,59,-392,-761,-972,0,0,0,0,0,-605,-199,259,666,934,1012,889,580,156,-296,-686,-940,-1001,-855,-537,-110,339,720,954,982,804,468,42,-398,-761,-963,-961,-761,-406,35,475,818,986,947,709,325,-123,-546,-862,-1003,-929,-666,-261,196,619,917,1028,922,628,205,-262,-682,-954,-1023,-887,-567,-126,338,723,960,995,819,471,23,-427,-792,-986,-978,-763,-376,98,545,883,1042,980,709,281,-206,-655,-982,-1118,-1019,-703,-240,267,731,1061,1174,1050,721,242,-292,-770,-1096,-1206,-1073,-729,-237,299,767,1085,1193,1062,719,237,-289,-748,-1053,-1152,-1023,-690,-222,282,723,1014,1098,959,636,190,-291,-705,-974,-1036,-889,-566,0,326,710,945,985,820,488,55,-386,-741,-947,-958,-770,-424,12,447,789,969,951,735,362,-89,-520,-850,-1013,-970,-722,-319,146,594,932,1081,1013,740,310,-195,-673,-1023,-1174,-1093,-792,-332,195,694,1066,1239,1167,870,395,-154,-682,-1084,-1278,-1229,-941,-469,86,625,1061,1290,1269,1009,557,-4,-562,-1014,-1274,-1295,-1073,-652,-108,449,921,1220,1293,1127,756,257,-284,-765,-1107,-1236,-1139,-842,-405,90,550,899,1082,1064,855,506,80,-343,-684,-888,-930,-807,-544,-201,159,474,689,774,722,546,284,-17,-298,-511,-629,-640,-541,-360,-137,96,302,448,519,512,436,312,163,11,-113,-199,0,0,0,0,0,-301,-300,-265,-183,-61,83,230,364,460,498,460,357,193,-7,-215,-390,-511,-551,-499,-359,-157,74,301,477,563,554,453,264,20,-230,-441,-572,-600,-514,-329,-80,184,420,579,625,547,363,109,-174,-427,-593,-646,-580,-395,-123,177,450,630,693,626,424,132,-189,-480,-680,-753,-679,-466,-155,184,492,709,797,724,501,179,-182,-507,-737,-822,-752,-532,-202,174,520,761,855,777,546,205,-178,-530,-779,-876,-800,-563,-215,177,537,792,888,810,575,223,-175,-543,-803,-905,-829,-585,-225,174,542,802,906,832,593,232,-171,-538,-809,-913,-834,-590,-233,172,545,807,903,821,0,198,-201,-564,-814,-896,-801,-544,-172,231,586,827,900,785,508,131,-280,-636,-858,-901,-765,-467,-69,339,684,894,917,751,424,8,-410,-751,-946,-943,-745,-390,44,472,812,988,959,732,355,-103,-538,-865,-1018,-965,-715,-317,153,594,909,1036,950,667,242,-232,-661,-961,-1063,-944,-629,-178,312,738,1018,1088,933,588,122,-377,-804,-1070,-1114,-931,-563,-77,426,844,1096,1131,936,546,46,-459,-871,-1116,-1134,-922,-522,-26,470,875,1105,1110,886,487,-1,-489,-879,-1078,-1058,-832,-440,38,504,868,1053,1018,772,375,-92,-542,-879,-1032,-968,-711,-317,143,575,886,1013,937,668,261,0,0
38933,mtk,MTK 7916,2422465052,rx2-tx1,512,0,0,0,-330,-520,-601,-565,-423,-198,59,294,473,558,533,404,201,-36,-264,-439,-522,-506,-383,-198,11,219,390,480,477,383,218,16,-191,-352,-439,-435,-350,-212,-38,143,290,372,377,318,204,59,-93,-215,-289,-305,-265,-180,-70,42,142,203,214,180,127,63,-8,-65,-107,-112,-86,-51,-27,3,18,10,-12,-35,-40,-42,-33,1,54,109,154,166,147,92,9,-88,-173,-227,-246,-230,-163,-46,88,202,283,315,283,199,79,-59,-198,-304,-357,-339,-243,-91,63,207,319,377,357,260,114,-49,-206,-324,-382,-364,-269,-123,58,230,342,393,375,283,124,-61,-232,-359,-416,0,-277,-130,56,236,368,428,402,300,143,-49,-234,-368,-427,-407,-305,-130,72,251,379,435,401,284,108,-95,-284,-416,-452,-404,-273,-76,143,333,466,495,425,272,58,-178,-390,-539,-578,-499,-321,-74,198,445,623,681,596,391,116,-189,-468,-673,-765,-713,-521,-227,110,431,680,807,783,618,334,-15,-365,-645,-811,-834,-708,-459,-118,254,569,781,850,777,576,273,-84,-421,-683,-817,-807,-658,-400,-78,249,529,709,757,683,495,218,-85,-357,-559,-659,-633,-518,-328,-78,179,392,528,574,528,400,216,7,-196,-358,-458,-489,-449,-346,-207,-61,80,201,278,313,305,250,0,0,0,0,0,-23,-67,-114,-158,-186,-200,-198,-168,-115,-43,37,115,176,218,234,219,162,83,-5,-86,-165,-223,-236,-210,-158,-87,2,90,169,217,235,205,149,76,-5,-93,-159,-193,-195,-176,-132,-61,8,67,117,153,154,142,101,42,-15,-63,-105,-126,-126,-107,-81,-49,-10,26,62,97,111,106,105,91,47,-1,-45,-70,-98,-136,-153,-128,-94,-48,11,72,133,181,196,183,141,68,-12,-95,-175,-232,-250,-233,-178,-88,28,131,219,277,292,242,162,56,-69,-196,-275,-300,-276,-211,-107,17,148,247,295,292,232,134,11,-114,-221,-282,-290,-244,-144,-19,107,210,279,0,245,142,6,-129,-240,-308,-306,-241,-138,-2,145,257,315,321,264,141,-6,-149,-273,-347,-349,-287,-152,18,179,303,369,361,288,154,-17,-188,-329,-409,-404,-314,-170,7,192,343,423,424,337,182,-11,-209,-367,-442,-430,-336,-179,14,211,363,433,423,324,150,-57,-256,-403,-471,-434,-308,-117,105,310,462,526,481,332,121,-125,-369,-541,-598,-540,-379,-145,133,395,574,649,604,440,183,-109,-392,-598,-697,-663,-498,-243,62,360,597,716,698,550,302,-9,-324,-574,-716,-732,-605,-368,-57,262,526,687,722,625,415,130,-179,-454,-633,-694,-631,-449,-178,120,378,555,0,0,0,0,0,503,310,61,-200,-422,-556,-583,-492,-308,-78,168,381,507,539,470,313,94,-140,-342,-470,-502,-444,-302,-105,103,285,418,472,432,303,117,-79,-250,-368,-415,-382,-282,-133,39,193,301,346,329,249,128,-7,-134,-223,-262,-253,-199,-116,-22,69,133,160,154,119,66,12,-32,-49,-49,-34,-14,4,12,7,-13,-43,-68,-96,-103,-83,-38,33,112,175,210,207,157,71,-27,-129,-221,-274,-283,-234,-125,7,136,249,321,331,280,166,17,-132,-262,-344,-355,-308,-198,-39,126,266,359,373,315,198,32,-147,-291,-376,-395,-338,-200,-21,156,301,395,413,348,207,27,0,-307,-416,-433,-362,-224,-44,153,320,416,428,368,235,41,-157,-317,-411,-424,-348,-208,-24,170,336,429,429,348,195,-5,-219,-380,-466,-459,-365,-178,53,273,441,526,513,393,185,-66,-319,-524,-625,-600,-469,-246,46,339,573,701,703,574,332,23,-306,-586,-755,-781,-674,-442,-113,245,548,751,826,757,537,220,-129,-464,-719,-850,-828,-658,-363,-3,355,641,816,855,736,485,156,-187,-492,-710,-804,-754,-580,-316,1,312,554,693,710,600,396,143,-137,-388,-559,-622,-589,-463,-262,-23,206,393,505,532,481,366,199,16,-159,-301,-397,-427,-403,-335,-231,-118,-16,76,0,0,0,0,0,141,144,130,99,50,-11,-78,-145,-199,-223,-226,-196,-144,-73,13,98,166,212,233,220,170,92,-2,-95,-167,-212,-224,-210,-167,-88,8,92,162,202,209,188,137,59,-26,-91,-141,-174,-183,-160,-121,-56,12,73,112,141,150,130,91,45,-2,-46,-82,-103,-112,-113,-87,-48,-22,5,45,80,107,120,123,111,73,19,-25,-75,-121,-148,-162,-154,-123,-68,2,87,152,198,227,229,179,88,-15,-113,-209,-268,-279,-247,-168,-62,46,156,248,302,297,232,131,9,-120,-227,-293,-306,-266,-182,-67,62,175,263,293,260,175,72,-50,-167,-254,-293,-274,-198,-79,0,171,258,297,278,192,65,-73,-198,-286,-311,-289,-206,-70,76,211,308,341,311,210,67,-89,-224,-322,-358,-329,-222,-76,87,244,360,399,352,238,80,-101,-267,-386,-424,-383,-270,-97,100,281,407,449,398,266,76,-116,-283,-402,-441,-387,-253,-59,139,304,425,460,388,229,25,-188,-370,-482,-494,-400,-228,5,246,434,545,554,448,247,-10,-265,-477,-605,-616,-505,-294,-23,263,509,651,668,560,345,62,-233,-496,-665,-706,-613,-403,-115,197,478,675,744,666,464,182,-136,-430,-641,-740,-699,-518,-243,67,370,601,708,684,537,289,-2,-287,-518,-643,-653,-539,-320,0,0
38934,mtk,MTK 7916,2422502049,rx0-tx0,512,-349,802,614,43,188,320,422,493,513,479,404,295,151,-22,-189,-343,-470,-552,-581,-559,-482,-342,-165,24,212,388,522,617,644,596,497,341,145,-61,-267,-436,-567,-637,-635,-578,-462,-287,-96,104,291,435,538,590,586,519,405,263,95,-75,-228,-355,-458,-512,-506,-473,-398,-287,-155,-19,123,253,362,443,490,486,450,375,256,120,-29,-185,-329,-456,-538,-564,-541,-468,-344,-179,3,197,372,507,596,621,582,489,339,145,-59,-248,-421,-554,-615,-618,-554,-419,-253,-70,131,298,433,519,547,517,434,310,159,-2,-149,-272,-369,-422,-422,-385,-314,-217,-107,3,103,179,249,297,-511,283,239,186,120,51,-14,-82,-133,-177,-196,-205,-209,-195,-176,-141,-95,-46,14,72,130,180,232,257,258,252,210,149,78,-21,-126,-217,-301,-361,-378,-360,-310,-213,-87,40,184,309,402,467,474,427,337,201,50,-117,-266,-388,-481,-513,-500,-430,-305,-147,12,174,319,436,505,518,470,383,250,97,-71,-234,-354,-438,-479,-468,-410,-305,-172,-28,116,243,348,412,427,400,335,247,128,0,-127,-238,-315,-365,-380,-340,-276,-180,-68,39,148,233,299,327,324,277,205,119,19,-87,-179,-255,-298,-300,-273,-208,-116,-10,97,183,249,273,245,185,97,-2,-92,-150,1005,997,1179,646,335,-27,-57,-89,-98,-89,-61,-14,30,75,104,113,111,86,49,5,-39,-72,-97,-101,-98,-72,-45,-4,31,53,69,71,68,45,35,14,-6,-17,-22,-23,-29,-21,-12,-17,-17,-13,-34,-37,-36,-28,5,25,48,67,86,94,85,57,21,-18,-68,-111,-133,-138,-113,-79,-28,34,89,140,162,161,144,104,38,-33,-92,-139,-166,-173,-159,-119,-72,5,75,126,165,188,188,159,107,37,-29,-91,-146,-177,-192,-188,-152,-107,-44,21,82,136,167,191,187,159,115,63,0,-57,-117,-153,-175,-187,-170,-140,-90,-44,7,70,121,159,168,182,173,136,86,29,-330,-87,-135,-168,-182,-182,-165,-133,-89,-35,24,77,119,152,177,178,166,141,102,54,-4,-51,-94,-140,-170,-183,-189,-172,-144,-103,-49,-1,53,119,169,210,234,245,234,201,142,62,-28,-120,-219,-301,-351,-374,-363,-294,-209,-98,47,181,309,415,476,496,462,373,232,61,-117,-294,-440,-556,-617,-607,-527,-388,-195,23,229,423,578,667,688,627,498,315,89,-137,-352,-534,-659,-716,-684,-576,-413,-210,20,245,431,567,645,649,588,475,308,124,-71,-258,-406,-510,-570,-562,-492,-392,-261,-101,55,203,330,420,466,479,448,378,273,144,7,-130,-249,-358,-430,-460,1231,1106,-729,-595,-774,480,448,377,270,132,-31,-182,-320,-435,-525,-553,-522,-451,-329,-169,9,187,356,501,587,611,579,486,342,167,-42,-241,-415,-555,-630,-643,-589,-473,-314,-116,85,276,445,564,618,612,536,419,269,96,-89,-263,-397,-501,-552,-542,-489,-394,-269,-112,38,174,305,405,470,494,482,418,328,212,73,-78,-216,-347,-446,-502,-526,-498,-425,-309,-157,13,180,337,472,563,597,573,485,350,176,-19,-218,-398,-536,-615,-627,-577,-472,-303,-105,88,282,445,544,597,572,484,358,194,21,-149,-299,-411,-482,-493,-450,-374,-264,-121,8,132,236,313,352,353,318,266,202,111,1105,-68,-135,-187,-226,-242,-238,-219,-185,-141,-89,-40,16,67,117,160,192,215,222,218,196,158,105,26,-42,-123,-199,-261,-308,-335,-319,-271,-201,-94,30,149,261,361,417,438,418,336,226,85,-78,-229,-356,-445,-488,-488,-425,-324,-181,-21,139,294,424,495,511,484,406,285,128,-38,-199,-337,-439,-494,-504,-446,-345,-215,-61,96,239,356,430,460,437,375,277,150,12,-128,-244,-334,-388,-400,-373,-307,-210,-102,24,140,231,310,342,348,312,247,155,46,-64,-168,-241,-296,-318,-301,-250,-174,-72,30,129,214,271,295,272,213,126,16,-87,-167,-217,-225,-187,-116,155,-106,1145,-1086,-1212,-76,-68,-38,6,47,88,109,109,93,50,6,-40,-79,-104,-115,-104,-83,-44,-5,32,65,84,91,74,55,27,7,-20,-33,-34,-45,-43,-36,-25,-19,-6,6,-4,-9,0,1,1,19,26,50,60,56,51,32,11,-24,-63,-93,-110,-118,-109,-69,-15,42,90,123,148,154,138,94,32,-32,-85,-136,-168,-164,-139,-99,-41,19,83,134,166,183,169,137,93,29,-44,-110,-165,-190,-189,-174,-134,-76,-9,65,129,166,188,190,180,141,92,28,-43,-102,-149,-181,-191,-180,-151,-97,-44,16,76,123,160,174,188,172,136,88,38,-11,-82,-133,-166,-183,826,-168,-132,-85,-31,22,76,125,167,184,186,166,134,95,32,-25,-72,-117,-149,-175,-177,-165,-147,-117,-66,-17,31,74,114,156,186,194,197,176,139,97,36,-33,-115,-188,-251,-294,-306,-296,-255,-175,-78,29,157,268,350,415,436,405,338,226,83,-78,-238,-380,-488,-540,-546,-492,-383,-237,-42,167,360,521,626,650,612,518,354,151,-73,-299,-486,-630,-704,-694,-617,-466,-270,-39,199,409,569,669,700,646,525,359,155,-59,-257,-432,-555,-609,-607,-540,-425,-279,-101,86,241,366,465,515,508,461,376,256,117,-23,-165,-288,-388,-444,-468,-444,-392,-303,-179,-42,-301,-612
38935,mtk,MTK 7916,2422502049,rx0-tx1,512,87,-129,67,-354,-194,-11,185,367,529,645,698,693,614,485,292,69,-173,-412,-600,-743,-824,-825,-748,-590,-374,-116,164,434,674,853,946,953,865,693,440,140,-175,-487,-749,-944,-1051,-1054,-951,-753,-482,-155,185,514,792,996,1103,1100,991,794,523,195,-146,-487,-775,-988,-1107,-1131,-1043,-864,-606,-277,75,423,733,986,1136,1176,1120,945,679,356,-17,-394,-727,-992,-1157,-1208,-1146,-976,-713,-377,-6,364,707,969,1135,1196,1138,979,725,390,34,-326,-659,-914,-1073,-1144,-1101,-956,-720,-417,-78,259,573,828,1008,1087,1061,938,726,454,137,-188,-495,-755,-933,-1036,-1037,-932,-749,-496,-196,119,-689,686,881,992,1018,944,787,552,269,-37,-347,-628,-839,-976,-1025,-985,-846,-630,-347,-31,287,586,829,1003,1077,1056,934,710,425,87,-279,-604,-885,-1090,-1183,-1157,-1010,-757,-429,-51,343,697,992,1181,1249,1191,1002,716,352,-48,-445,-800,-1074,-1232,-1263,-1166,-942,-612,-229,174,561,881,1107,1215,1192,1051,791,460,74,-307,-644,-910,-1072,-1116,-1034,-848,-575,-248,86,410,676,853,932,917,813,624,369,93,-175,-417,-604,-721,-759,-723,-605,-433,-227,-4,209,391,532,610,622,563,449,288,101,-92,-269,-413,-507,-534,-498,-400,-252,-79,103,267,382,439,418,331,197,39,-108,-209,-616,-483,0,458,615,166,235,253,221,139,24,-101,-218,-304,-337,-326,-268,-171,-50,78,202,298,358,383,360,291,193,69,-63,-192,-307,-391,-429,-423,-372,-278,-151,-2,146,287,394,481,504,470,394,273,119,-51,-225,-379,-493,-562,-576,-520,-407,-249,-64,136,329,484,586,626,606,527,380,193,-10,-212,-398,-537,-624,-645,-594,-486,-324,-129,73,265,435,558,625,625,558,433,277,90,-109,-287,-436,-539,-589,-573,-505,-391,-240,-71,107,277,405,496,542,528,459,360,225,71,-88,-238,-358,-446,-485,-473,-428,-344,-219,-83,53,186,304,387,434,441,402,328,222,109,-10,-137,-245,-330,-130,-408,-385,-330,-253,-156,-50,73,178,274,340,370,377,345,284,202,99,-3,-107,-201,-275,-325,-340,-337,-301,-233,-169,-85,9,100,185,254,312,344,347,327,288,221,132,25,-95,-207,-306,-396,-444,-460,-442,-371,-263,-118,38,193,342,474,559,584,560,486,345,168,-25,-228,-408,-553,-642,-665,-627,-524,-370,-174,38,252,432,583,670,690,645,526,359,158,-46,-248,-429,-560,-632,-648,-597,-487,-340,-168,21,207,364,480,549,567,534,451,337,192,37,-111,-245,-351,-435,-475,-471,-436,-360,-267,-161,-39,85,209,312,388,444,464,450,399,312,202,68,-84,-235,-368,-440,-159,504,766,776,500,593,639,622,548,422,244,38,-182,-386,-565,-700,-765,-765,-680,-530,-333,-90,170,422,637,794,881,882,801,641,408,130,-163,-455,-708,-905,-1006,-1013,-917,-723,-461,-149,186,505,775,977,1083,1082,976,773,494,163,-183,-508,-784,-994,-1103,-1109,-1018,-826,-559,-240,107,446,737,974,1116,1154,1084,911,648,310,-41,-396,-728,-979,-1149,-1209,-1146,-974,-705,-362,13,382,716,982,1154,1211,1155,982,712,379,16,-349,-676,-950,-1117,-1170,-1125,-968,-711,-404,-59,292,608,865,1035,1106,1075,946,728,441,108,-225,-536,-792,-973,-1065,-1054,-947,-741,-475,-170,157,463,721,912,1014,1023,261,765,516,230,-83,-382,-645,-851,-973,-1014,-958,-806,-577,-300,0,307,588,821,980,1045,1017,890,678,397,70,-268,-590,-857,-1035,-1132,-1108,-973,-752,-437,-73,303,657,948,1137,1220,1176,1013,752,403,16,-387,-749,-1031,-1212,-1261,-1186,-983,-675,-300,105,499,846,1099,1232,1241,1121,876,544,158,-234,-602,-900,-1104,-1184,-1123,-956,-688,-356,13,368,674,894,1010,1016,919,722,459,160,-141,-419,-644,-792,-845,-818,-705,-520,-293,-48,191,405,559,655,682,634,527,370,172,-38,-234,-395,-510,-567,-563,-491,-367,-204,-18,164,327,438,488,476,391,256,89,-90,-236,-331,-357,-313,-209,461,607,0,-435,-152,138,54,-57,-170,-260,-305,-302,-245,-142,-18,107,223,310,356,358,310,224,112,-16,-148,-263,-344,-398,-399,-365,-286,-171,-35,106,241,348,427,458,447,385,281,141,-27,-184,-326,-442,-516,-535,-501,-406,-265,-96,90,272,431,545,610,605,529,391,215,16,-180,-372,-524,-620,-646,-612,-511,-355,-163,50,253,426,559,626,636,577,459,294,102,-99,-288,-440,-545,-604,-593,-529,-411,-259,-73,113,282,421,516,558,555,486,373,241,76,-97,-251,-381,-472,-515,-512,-451,-354,-223,-68,80,218,345,428,464,460,417,334,222,96,-39,-167,-278,-359,-399,-417,-395,-333,-251,245,-20,98,205,294,354,388,384,342,273,174,70,-38,-151,-244,-316,-355,-359,-337,-284,-215,-123,-29,66,169,235,285,326,334,319,280,224,153,57,-38,-131,-220,-300,-364,-399,-399,-357,-300,-203,-81,49,190,325,431,504,526,501,433,308,144,-34,-207,-379,-520,-601,-632,-600,-502,-355,-163,36,242,424,565,656,681,636,533,376,175,-38,-255,-441,-581,-660,-669,-625,-510,-347,-160,36,236,407,526,596,615,567,467,330,166,-1,-168,-310,-418,-488,-510,-493,-434,-347,-231,-96,39,168,279,361,423,450,447,402,324,234,121,-9,-142,-272,-376,-455,-503,-514,-473,-391,-442,-605
38936,mtk,MTK 7916,2422502049,rx1-tx0,512,0,6,351,223,13,-194,-398,-569,-694,-748,-722,-635,-479,-256,-14,227,466,656,795,847,819,716,531,281,-4,-285,-540,-758,-909,-968,-930,-786,-562,-280,53,370,656,877,1021,1060,991,818,558,241,-103,-451,-745,-965,-1100,-1118,-1024,-828,-548,-211,155,502,802,1028,1158,1164,1040,828,526,172,-211,-572,-871,-1083,-1194,-1174,-1027,-775,-453,-80,295,628,912,1105,1164,1106,941,677,355,4,-350,-665,-893,-1035,-1070,-991,-820,-570,-275,35,339,590,798,910,927,867,716,510,262,-4,-271,-507,-698,-820,-845,-802,-688,-519,-294,-45,214,443,636,762,806,787,686,517,301,48,-216,-446,-619,-734,216,-765,-657,-478,-258,-8,233,451,630,742,771,713,597,416,198,-43,-264,-459,-601,-681,-696,-626,-503,-340,-140,65,261,425,543,601,609,557,455,300,114,-51,-223,-379,-477,-538,-548,-500,-401,-268,-117,44,199,333,426,474,480,443,361,249,127,-12,-153,-266,-354,-408,-426,-401,-333,-253,-148,-33,95,223,316,389,407,399,352,269,173,45,-87,-214,-315,-385,-418,-401,-345,-260,-142,-9,129,242,330,393,408,372,297,189,63,-67,-178,-276,-350,-373,-356,-295,-198,-87,38,152,243,307,333,303,246,161,53,-57,-152,-233,-271,-270,-226,-153,-57,40,120,167,178,152,-705,-606,0,396,-135,-111,-172,-199,-186,-138,-50,50,151,230,274,269,222,143,43,-69,-171,-251,-303,-315,-279,-211,-120,-4,102,193,265,315,326,287,223,123,11,-91,-196,-268,-315,-326,-299,-239,-150,-53,43,137,218,272,298,293,270,209,132,45,-41,-118,-191,-247,-279,-287,-267,-231,-174,-93,10,111,191,258,305,330,325,282,199,103,-10,-120,-232,-329,-371,-386,-359,-294,-207,-90,49,163,271,361,406,403,362,285,181,53,-81,-209,-315,-380,-418,-407,-352,-262,-142,-6,127,240,339,393,410,383,311,215,96,-50,-175,-267,-337,-369,-366,-332,-258,-151,-31,72,169,244,302,330,-584,261,193,111,14,-78,-162,-221,-260,-270,-257,-214,-153,-86,-12,67,133,181,205,208,191,160,111,59,-2,-62,-106,-133,-146,-150,-140,-100,-63,-33,11,50,63,75,67,37,24,17,7,-5,-9,-4,9,32,49,62,77,73,51,24,-25,-71,-115,-165,-203,-207,-197,-142,-69,10,109,193,265,313,333,320,263,162,54,-77,-214,-330,-400,-440,-429,-375,-271,-140,7,156,300,415,490,515,483,403,270,103,-68,-229,-374,-478,-539,-551,-506,-404,-264,-95,75,251,398,500,551,556,510,410,272,107,-66,-233,-384,-494,-569,-586,-543,-456,-316,-153,22,204,376,509,982,1048,0,-699,-609,-641,-691,-674,-592,-444,-251,-21,205,419,610,743,790,777,677,511,286,19,-244,-499,-710,-848,-899,-868,-756,-564,-300,6,313,594,811,969,1016,960,804,566,266,-70,-401,-696,-923,-1060,-1097,-1018,-829,-564,-233,127,473,774,999,1127,1141,1035,829,542,196,-186,-535,-834,-1059,-1173,-1176,-1047,-814,-501,-137,253,613,904,1099,1180,1136,983,743,408,38,-324,-651,-909,-1065,-1118,-1055,-879,-619,-311,34,360,640,844,962,991,924,768,542,258,-27,-311,-558,-738,-848,-882,-835,-707,-519,-277,-17,235,462,653,775,820,787,687,525,297,53,-201,-440,-627,-755,-812,-785,-668,-496,-290,757,208,443,625,742,786,736,631,455,231,-16,-252,-458,-623,-716,-735,-674,-558,-379,-169,63,272,440,573,648,657,590,477,315,130,-66,-251,-408,-529,-577,-578,-539,-425,-273,-113,59,219,358,449,504,512,468,378,249,109,-31,-171,-293,-377,-435,-450,-422,-348,-253,-141,-15,122,230,312,386,414,419,361,274,156,27,-91,-218,-314,-386,-421,-405,-357,-265,-149,-15,120,234,330,390,416,394,328,240,116,-21,-152,-264,-344,-384,-375,-326,-256,-148,-18,106,220,302,347,347,304,230,138,14,-99,-189,-259,-297,-292,-251,-175,-67,39,133,196,228,217,169,97,18,-47,-24,-365,0,981,1064,-136,-75,11,101,185,239,251,213,141,36,-79,-180,-256,-296,-292,-247,-175,-74,41,149,233,296,323,301,251,171,68,-49,-158,-251,-319,-333,-324,-265,-187,-87,26,131,226,290,313,311,276,214,128,33,-54,-139,-212,-260,-288,-284,-259,-210,-136,-57,27,107,176,239,292,317,303,254,179,88,-10,-114,-207,-281,-326,-346,-335,-293,-199,-85,31,154,259,338,391,395,356,305,203,71,-66,-192,-300,-378,-420,-414,-369,-275,-160,-38,99,222,321,392,411,383,332,235,113,-14,-154,-261,-340,-392,-393,-346,-275,-181,-59,57,173,267,326,345,326,286,220,131,22,-674,-168,-233,-285,-305,-289,-243,-177,-95,-13,76,154,204,238,249,234,193,136,70,-4,-71,-126,-160,-178,-178,-159,-127,-84,-46,4,55,93,104,109,111,85,63,40,5,-13,-18,-21,-22,-14,0,12,24,22,13,0,-22,-60,-85,-111,-132,-126,-112,-76,-8,61,132,202,243,278,274,231,157,66,-42,-156,-267,-344,-385,-399,-359,-267,-151,-18,123,258,369,442,472,454,392,276,130,-39,-197,-341,-454,-521,-531,-497,-403,-261,-98,74,241,383,490,540,542,496,392,257,97,-69,-241,-385,-496,-558,-567,-524,-428,-295,-135,50,224,386,515,585,606,573,480,339,-397,141
38937,mtk,MTK 7916,2422502049,rx1-tx1,512,0,0,0,747,568,266,-99,-443,-690,-784,-707,-483,-156,205,518,718,760,634,377,51,-281,-546,-690,-679,-523,-245,76,371,566,633,562,356,70,-227,-463,-599,-596,-441,-183,110,372,550,601,511,308,33,-268,-503,-617,-602,-445,-179,131,410,604,657,566,352,55,-258,-516,-661,-658,-515,-264,53,363,589,690,637,444,162,-162,-451,-629,-665,-563,-349,-59,247,497,625,614,473,230,-59,-326,-517,-590,-527,-351,-107,159,390,534,549,444,249,3,-244,-423,-505,-485,-361,-154,81,289,429,466,408,267,69,-141,-303,-394,-396,-308,-159,25,192,307,349,307,190,38,-118,-237,-282,0,-202,-68,83,215,286,282,210,89,-60,-206,-305,-334,-280,-164,-4,173,315,390,384,286,117,-79,-269,-407,-458,-411,-282,-85,143,339,478,515,440,279,61,-179,-388,-525,-549,-455,-286,-62,190,402,531,560,481,299,59,-183,-388,-510,-531,-449,-292,-66,163,348,463,492,422,278,93,-100,-271,-383,-413,-370,-262,-118,36,172,264,299,279,208,115,17,-76,-141,-168,-166,-138,-93,-44,7,52,68,65,60,54,47,43,44,46,43,30,4,-20,-55,-100,-127,-127,-116,-82,-23,47,113,170,202,201,167,110,35,-53,-135,-199,-232,-235,-209,-154,-89,-23,35,88,0,0,0,0,0,133,115,78,17,-55,-128,-189,-229,-234,-194,-120,-22,88,191,262,292,266,190,72,-70,-204,-303,-344,-322,-239,-99,67,226,342,396,371,269,112,-74,-247,-376,-434,-399,-287,-112,90,275,407,456,414,287,96,-115,-302,-429,-466,-403,-245,-40,179,350,447,445,349,173,-44,-256,-412,-473,-438,-308,-96,137,326,449,481,404,227,-1,-239,-424,-520,-509,-384,-165,97,342,521,589,526,348,89,-196,-438,-584,-612,-517,-308,-20,273,510,637,635,497,252,-46,-336,-561,-661,-614,-441,-182,120,400,593,653,575,373,93,-203,-449,-602,-620,-502,-270,17,290,496,596,564,0,132,-152,-396,-556,-588,-481,-268,14,289,506,615,586,418,151,-158,-431,-614,-661,-559,-328,-18,305,565,706,683,502,208,-132,-452,-677,-751,-658,-419,-73,294,594,777,781,613,307,-71,-449,-728,-856,-790,-544,-184,219,587,833,895,759,456,43,-383,-730,-918,-908,-697,-333,100,517,828,954,870,601,196,-246,-639,-903,-964,-813,-487,-61,377,728,920,912,704,345,-89,-497,-794,-914,-834,-570,-188,228,596,832,876,724,416,17,-385,-694,-844,-809,-601,-259,139,504,759,839,736,470,107,-279,-601,-790,-802,-634,-328,41,405,672,792,741,527,192,-179,-505,-722,-779,-663,0,0,0,0,0,224,532,725,774,653,380,28,-331,-622,-763,-744,-569,-275,76,403,640,738,674,462,158,-173,-460,-639,-672,-548,-308,-8,288,513,615,568,393,126,-163,-414,-573,-598,-482,-247,49,322,527,617,561,370,98,-203,-464,-617,-633,-505,-257,46,348,574,671,621,433,152,-162,-451,-643,-688,-589,-359,-52,267,524,663,655,518,266,-46,-346,-559,-646,-594,-415,-151,148,411,572,605,504,295,31,-241,-463,-565,-544,-414,-195,75,323,484,528,469,316,82,-161,-362,-476,-488,-388,-213,0,203,362,442,411,284,109,-76,-242,-346,-373,-306,-172,-11,143,267,320,289,186,48,0,-224,-290,-281,-206,-77,73,207,290,308,239,114,-39,-185,-310,-366,-333,-217,-51,131,290,397,425,354,198,-1,-213,-393,-481,-474,-371,-187,43,270,438,525,510,381,170,-72,-310,-484,-560,-526,-389,-178,65,298,475,556,527,394,184,-63,-285,-444,-519,-491,-371,-190,22,219,374,458,445,344,180,1,-158,-280,-349,-346,-286,-176,-40,79,174,232,238,205,144,62,-13,-71,-106,-115,-112,-89,-56,-27,-13,2,9,12,22,35,48,64,82,91,82,57,14,-38,-89,-134,-161,-164,-139,-86,-17,61,139,193,220,221,192,128,51,-29,-107,-164,-196,-201,-186,-154,0,0,0,0,0,54,108,156,184,192,168,115,36,-60,-150,-222,-265,-261,-204,-111,10,136,243,306,315,258,152,8,-145,-278,-362,-373,-311,-185,-17,155,307,406,415,345,205,21,-171,-334,-432,-443,-356,-201,-5,197,361,452,447,348,176,-40,-240,-390,-462,-440,-310,-112,108,301,429,467,406,247,36,-186,-371,-473,-467,-363,-168,73,293,445,504,460,304,72,-176,-392,-526,-546,-447,-249,12,274,487,595,576,430,192,-92,-360,-557,-634,-584,-408,-143,159,431,614,669,572,352,68,-232,-489,-641,-651,-521,-283,11,293,516,630,610,453,192,-109,-375,-549,-606,-530,-331,-64,210,0,582,579,442,199,-83,-352,-533,-595,-529,-341,-63,230,475,625,624,480,233,-73,-372,-598,-687,-622,-409,-115,215,509,693,717,583,315,-30,-379,-636,-764,-725,-517,-185,194,535,761,822,706,433,56,-339,-670,-860,-856,-665,-323,90,490,787,915,836,574,191,-244,-627,-880,-942,-797,-480,-54,393,744,933,931,722,349,-95,-512,-823,-951,-870,-605,-210,231,618,866,927,787,470,50,-374,-708,-884,-865,-661,-308,108,492,766,871,774,514,145,-264,-611,-812,-832,-678,-370,18,400,683,823,782,561,217,-161,-502,-740,-807,-697,-428,-67,297,595,771,771,597,299,-66,-417,0,0
38938,mtk,MTK 7916,2422502049,rx2-tx0,512,0,0,0,-364,-764,-993,-1007,-794,-397,91,549,884,1023,930,625,186,-292,-703,-954,-990,-797,-425,38,496,839,988,908,626,199,-275,-686,-938,-973,-789,-416,52,500,840,989,911,620,184,-295,-712,-971,-999,-805,-420,60,526,873,1026,947,646,197,-298,-721,-976,-1008,-813,-431,47,512,863,1004,910,608,168,-315,-727,-966,-978,-761,-362,122,581,912,1036,919,582,105,-401,-824,-1078,-1082,-831,-389,139,646,1021,1173,1062,714,205,-355,-842,-1144,-1201,-989,-555,-10,540,976,1195,1151,859,384,-177,-691,-1047,-1167,-1039,-681,-176,359,806,1066,1091,877,466,-40,-524,-889,-1055,-977,-680,-238,250,0,946,997,820,459,-13,-481,-828,-990,-929,-650,-225,250,669,939,993,824,462,-6,-477,-850,-1030,-974,-701,-265,245,702,1004,1087,928,554,53,-474,-913,-1150,-1134,-873,-416,149,690,1093,1262,1159,797,262,-332,-863,-1217,-1313,-1138,-708,-124,487,1000,1305,1332,1081,595,-24,-636,-1115,-1355,-1321,-1003,-473,152,744,1183,1377,1286,927,390,-230,-803,-1207,-1362,-1243,-867,-326,265,795,1160,1280,1140,782,285,-255,-727,-1041,-1139,-1008,-680,-240,225,630,896,972,855,577,199,-200,-544,-767,-826,-721,-485,-166,170,452,637,697,624,439,187,-84,-328,-501,-573,-555,-453,-288,-100,78,223,313,343,0,0,0,0,0,30,-87,-208,-324,-413,-453,-430,-339,-183,13,216,395,516,547,485,338,129,-114,-340,-502,-576,-541,-393,-172,87,333,516,599,557,400,166,-109,-373,-560,-626,-556,-375,-116,176,439,608,648,550,325,26,-276,-525,-660,-653,-498,-240,80,392,625,723,661,450,141,-205,-525,-735,-780,-652,-386,-32,334,640,813,812,626,310,-82,-459,-740,-865,-797,-556,-189,217,581,826,894,761,460,59,-360,-704,-895,-885,-692,-348,79,493,799,928,856,596,207,-230,-626,-886,-947,-800,-485,-62,375,737,936,932,722,351,-94,-520,-831,-962,-881,-612,-203,247,644,895,952,798,465,33,0,-763,-941,-910,-678,-298,149,568,863,954,833,537,116,-339,-713,-926,-929,-724,-350,108,537,848,969,869,569,139,-324,-713,-950,-974,-775,-395,76,542,889,1027,937,637,188,-309,-738,-1005,-1045,-841,-445,52,539,908,1080,1004,700,235,-290,-758,-1050,-1105,-916,-512,18,542,941,1132,1071,771,287,-271,-768,-1090,-1173,-997,-599,-56,508,953,1184,1154,864,380,-191,-721,-1090,-1222,-1082,-692,-151,414,892,1173,1193,951,498,-60,-603,-1009,-1190,-1106,-783,-285,269,759,1078,1152,971,577,61,-467,-881,-1095,-1066,-795,-345,166,638,966,1074,934,582,102,-389,-790,-1019,-1016,-779,-369,119,576,0,0,0,0,0,966,694,266,-222,-661,-948,-1022,-865,-518,-54,424,802,999,973,729,322,-154,-597,-906,-997,-859,-530,-85,381,761,967,947,705,303,-167,-598,-893,-992,-856,-520,-66,405,783,985,961,710,296,-186,-626,-927,-1025,-887,-542,-79,406,790,1001,988,749,339,-153,-603,-910,-1007,-864,-524,-65,414,789,977,946,688,263,-224,-664,-955,-1015,-838,-467,17,505,883,1067,1006,713,249,-285,-760,-1067,-1142,-958,-553,-28,509,942,1168,1138,852,382,-175,-698,-1072,-1204,-1075,-709,-192,364,841,1129,1168,955,535,-2,-530,-936,-1130,-1079,-797,-337,191,674,993,1086,943,594,109,-393,-794,-1008,-991,0,-355,128,575,885,995,876,553,105,-360,-746,-966,-968,-742,-346,133,584,904,1022,910,588,127,-370,-793,-1036,-1043,-818,-411,102,604,976,1135,1044,719,226,-322,-814,-1139,-1217,-1034,-617,-55,524,995,1260,1259,978,482,-121,-693,-1133,-1336,-1253,-900,-354,273,842,1238,1371,1220,813,235,-403,-956,-1305,-1384,-1178,-724,-119,504,1024,1328,1359,1115,651,56,-555,-1034,-1292,-1296,-1045,-589,-25,532,964,1190,1179,934,507,1,-475,-841,-1033,-1016,-797,-425,9,415,726,886,861,667,351,-20,-362,-617,-743,-726,-572,-314,-10,278,503,626,632,526,341,112,-120,-310,-436,-487,-464,-377,-257,-124,0,0,0,0,0,308,342,325,252,128,-32,-207,-364,-477,-520,-479,-362,-180,45,267,444,546,553,460,275,34,-216,-429,-563,-586,-490,-297,-41,228,457,591,606,495,284,5,-278,-501,-619,-605,-464,-224,75,365,572,664,608,422,142,-178,-466,-649,-696,-587,-346,-23,309,583,736,728,558,267,-93,-449,-709,-815,-745,-516,-172,219,565,791,847,716,434,57,-346,-670,-850,-851,-662,-327,80,477,770,900,837,582,197,-230,-606,-851,-914,-780,-473,-59,378,731,920,909,708,350,-90,-514,-827,-962,-885,-613,-213,237,635,887,946,807,486,58,-385,-743,-942,-933,-718,-342,113,539,837,953,0,579,166,-284,-673,-915,-949,-769,-420,20,458,789,944,888,629,229,-224,-632,-894,-952,-799,-463,-19,434,784,965,925,675,270,-201,-634,-925,-1006,-853,-514,-55,425,817,1023,1001,744,313,-191,-652,-976,-1076,-933,-576,-88,420,842,1072,1060,807,372,-150,-645,-1000,-1132,-1004,-642,-138,401,862,1125,1133,887,442,-108,-645,-1039,-1192,-1079,-729,-218,353,847,1149,1194,976,545,-11,-574,-1000,-1208,-1158,-844,-339,239,758,1107,1211,1049,655,121,-438,-892,-1146,-1144,-891,-439,100,614,991,1138,1025,686,206,-315,-764,-1040,-1082,-877,-475,29,520,891,1056,981,690,248,-251,-693,-976,-1035,-866,0,0
38939,mtk,MTK 7916,2422502049,rx2-tx1,512,0,0,0,35,304,508,611,581,430,192,-86,-351,-534,-590,-522,-352,-109,154,378,518,550,472,293,50,-194,-386,-498,-510,-420,-234,-4,216,376,451,431,328,158,-42,-218,-353,-407,-365,-250,-94,66,207,305,327,283,188,56,-71,-164,-223,-234,-190,-104,-16,56,109,134,125,89,35,-7,-26,-28,-17,2,18,19,10,-21,-53,-93,-117,-116,-86,-29,46,124,184,222,210,146,37,-83,-195,-274,-296,-251,-164,-31,124,248,321,333,280,168,5,-172,-299,-363,-359,-277,-127,46,205,327,380,352,244,80,-97,-257,-369,-393,-327,-201,-24,155,304,383,378,288,135,-47,-214,0,-405,-368,-246,-73,113,271,377,401,324,171,-10,-176,-311,-387,-374,-271,-112,75,244,353,376,315,187,11,-180,-327,-392,-365,-262,-91,113,299,414,442,357,189,-30,-255,-440,-525,-496,-361,-140,128,380,561,622,553,365,99,-211,-494,-694,-736,-633,-399,-83,267,567,762,804,679,411,55,-315,-620,-818,-850,-710,-435,-66,332,653,843,873,736,453,81,-296,-620,-827,-869,-732,-453,-101,263,576,771,810,688,445,135,-200,-486,-677,-733,-649,-441,-157,145,404,584,646,590,427,196,-62,-296,-471,-557,-550,-446,-269,-52,153,314,412,452,421,336,207,69,-53,-141,-199,0,0,0,0,0,-39,9,63,123,178,208,216,204,159,82,-11,-106,-183,-237,-255,-235,-177,-89,14,118,204,256,265,233,157,55,-62,-165,-238,-273,-257,-192,-108,1,115,201,244,248,208,130,36,-61,-154,-212,-233,-211,-154,-78,17,93,162,203,201,160,107,34,-43,-101,-149,-173,-165,-129,-80,-15,48,104,151,170,159,125,72,24,-32,-103,-156,-178,-177,-153,-101,-29,51,120,171,205,214,176,105,10,-86,-170,-225,-247,-218,-160,-61,55,160,234,266,247,191,96,-28,-140,-225,-266,-254,-194,-91,28,142,219,249,238,173,70,-45,-153,-226,-239,-209,-135,-27,91,189,0,231,173,81,-30,-145,-233,-271,-247,-164,-42,94,206,280,295,241,132,-6,-151,-266,-328,-317,-231,-96,58,205,319,364,325,213,51,-126,-283,-377,-387,-312,-173,1,183,336,415,402,296,132,-64,-250,-373,-416,-378,-251,-64,141,311,410,419,329,166,-39,-228,-377,-439,-393,-257,-58,161,357,477,486,385,201,-43,-292,-476,-559,-524,-371,-133,141,393,563,621,544,345,72,-222,-486,-650,-673,-551,-305,6,311,556,696,691,537,267,-66,-381,-613,-728,-698,-516,-222,117,430,659,750,690,488,184,-157,-462,-666,-731,-650,-435,-124,200,471,643,688,590,369,67,-247,0,0,0,0,0,-637,-549,-353,-89,196,437,571,592,496,293,25,-238,-448,-564,-559,-424,-211,37,281,456,530,496,355,136,-102,-307,-447,-485,-428,-285,-89,128,309,416,431,352,201,28,-144,-280,-357,-364,-284,-146,-1,133,241,286,269,195,94,-13,-110,-181,-200,-164,-109,-45,12,56,76,69,42,21,11,0,0,19,51,73,74,47,-1,-63,-123,-169,-179,-147,-85,1,100,200,258,257,199,94,-44,-173,-266,-314,-300,-228,-103,60,214,314,347,308,211,64,-99,-253,-350,-369,-311,-185,-8,162,304,386,381,288,138,-41,-219,-341,-393,-360,-245,-75,108,274,376,397,337,0,23,-164,-311,-388,-387,-303,-143,54,226,338,381,349,244,66,-130,-282,-365,-370,-294,-152,33,215,343,388,349,227,44,-152,-317,-412,-404,-304,-135,80,285,431,485,434,279,51,-206,-425,-551,-577,-476,-249,30,318,552,677,664,505,237,-81,-399,-649,-776,-747,-555,-241,114,452,717,839,796,587,241,-149,-501,-761,-880,-823,-592,-246,143,503,771,881,819,614,290,-94,-456,-725,-850,-809,-611,-295,65,392,641,763,741,586,312,-23,-331,-552,-665,-660,-535,-309,-34,232,449,581,599,503,326,104,-131,-333,-457,-504,-477,-374,-215,-41,120,247,328,355,329,264,182,0,0,0,0,0,-145,-172,-173,-153,-112,-49,30,108,177,230,249,233,177,92,-5,-107,-198,-252,-262,-234,-169,-75,36,138,224,275,263,209,130,21,-98,-190,-248,-267,-237,-170,-77,38,141,212,246,232,181,105,11,-86,-157,-203,-221,-189,-126,-52,32,109,156,170,164,129,74,13,-51,-109,-140,-160,-157,-127,-77,-24,38,103,135,149,155,141,88,31,-38,-108,-166,-190,-186,-162,-111,-31,58,142,210,239,236,180,86,-22,-116,-197,-251,-261,-212,-128,-21,90,194,255,272,235,153,45,-79,-179,-241,-260,-218,-130,-28,81,179,239,248,201,113,-6,-120,-201,-232,-218,-152,0,64,174,239,246,203,113,-12,-134,-230,-283,-274,-202,-81,53,178,271,315,286,193,44,-116,-242,-324,-341,-285,-156,11,170,297,378,368,266,105,-76,-238,-357,-408,-367,-243,-67,126,291,393,417,354,201,-3,-193,-338,-417,-406,-296,-117,81,261,391,430,371,214,14,-195,-372,-462,-443,-324,-126,103,313,470,525,455,279,36,-223,-440,-566,-575,-455,-234,54,331,543,638,608,453,198,-117,-415,-620,-692,-624,-434,-139,197,483,668,726,627,397,88,-245,-539,-720,-746,-613,-357,-35,299,575,729,729,581,311,-17,-339,-596,-717,-688,-528,-260,61,363,584,680,635,0,0
38940,mtk,MTK 7916,2422535423,rx0-tx0,512,-349,802,614,-427,-490,-516,-504,-462,-381,-271,-144,-5,152,296,414,511,579,596,561,489,367,223,63,-117,-286,-437,-547,-618,-644,-617,-533,-405,-248,-82,103,284,426,539,604,618,586,517,407,261,105,-51,-202,-339,-440,-504,-535,-525,-482,-406,-307,-194,-64,59,187,288,369,438,465,474,456,405,329,232,115,-13,-134,-254,-365,-461,-518,-545,-528,-466,-385,-262,-117,44,207,367,496,582,621,609,555,449,308,137,-44,-230,-392,-517,-610,-641,-621,-552,-430,-277,-100,79,240,386,491,547,553,518,440,328,190,52,-86,-201,-292,-368,-398,-395,-371,-317,-240,-142,-51,18,94,159,-511,229,233,228,211,178,139,100,67,36,6,-25,-57,-82,-102,-131,-155,-177,-190,-193,-185,-170,-150,-103,-49,22,103,182,252,310,346,361,349,300,222,112,-16,-145,-259,-352,-439,-490,-484,-451,-371,-253,-112,40,203,344,459,534,558,535,473,371,227,65,-100,-264,-395,-500,-562,-569,-533,-445,-314,-164,-13,145,286,399,487,517,507,451,360,245,107,-24,-151,-266,-346,-398,-422,-409,-366,-292,-200,-91,21,125,203,271,324,351,343,306,249,174,82,-7,-89,-167,-230,-279,-297,-288,-259,-207,-130,-45,43,127,192,246,269,261,221,158,72,-27,-106,-165,-196,-185,1005,997,1179,646,335,-75,-73,-57,-24,15,54,82,104,103,87,58,22,-18,-56,-85,-107,-108,-97,-71,-39,-10,29,63,83,92,96,81,62,31,-1,-33,-57,-67,-78,-74,-59,-41,-14,7,27,43,50,49,28,11,5,-1,-3,1,5,13,21,22,24,18,-7,-21,-47,-69,-77,-84,-77,-64,-32,12,57,89,121,152,140,121,95,53,-1,-54,-103,-140,-176,-182,-171,-152,-108,-52,7,69,117,163,202,210,206,178,133,73,20,-46,-109,-161,-203,-210,-201,-179,-147,-106,-46,12,75,126,172,205,217,209,183,156,110,49,-13,-69,-125,-170,-207,-219,-212,-197,-165,-118,-330,-15,49,113,159,202,218,221,210,180,139,83,24,-35,-92,-138,-174,-195,-202,-208,-195,-172,-132,-80,-41,14,73,119,153,183,207,225,227,217,196,157,99,35,-32,-108,-188,-261,-320,-360,-366,-356,-309,-224,-127,-4,125,243,356,456,514,534,502,426,324,176,5,-163,-338,-476,-581,-652,-665,-612,-514,-366,-176,21,235,427,577,689,742,733,653,525,349,133,-87,-293,-483,-635,-722,-750,-711,-613,-469,-289,-85,122,321,477,596,663,662,622,542,410,246,76,-97,-259,-389,-488,-539,-556,-524,-473,-389,-271,-147,-14,113,240,348,415,466,490,475,429,359,266,1231,1106,-729,-595,-774,-281,-156,-16,118,251,366,459,520,556,543,481,386,269,123,-48,-210,-357,-486,-566,-621,-617,-563,-460,-326,-164,12,199,368,501,590,635,636,571,468,334,173,-3,-173,-321,-447,-535,-570,-574,-535,-453,-338,-206,-66,80,207,321,399,464,488,485,453,379,307,198,82,-33,-154,-262,-351,-426,-480,-499,-490,-447,-370,-261,-128,8,163,293,418,520,578,591,558,484,365,211,37,-135,-303,-453,-565,-630,-648,-612,-516,-384,-217,-29,148,314,458,556,608,598,540,446,311,154,-9,-166,-296,-401,-466,-489,-470,-408,-328,-226,-107,9,112,200,266,306,310,304,279,228,1105,114,53,0,-63,-106,-134,-153,-159,-160,-160,-155,-148,-137,-124,-102,-76,-46,-8,38,86,130,177,223,255,281,285,251,195,124,38,-53,-159,-261,-345,-409,-437,-424,-371,-287,-183,-38,107,242,369,464,525,548,517,431,309,164,0,-161,-305,-432,-527,-565,-563,-510,-414,-290,-128,38,195,346,462,532,553,529,450,353,218,62,-90,-233,-340,-423,-460,-465,-437,-371,-273,-161,-37,85,190,278,339,374,381,352,295,227,143,46,-52,-143,-221,-278,-309,-307,-291,-256,-199,-118,-25,60,136,207,257,283,281,251,199,128,36,-57,-144,-207,-248,-244,-207,-147,-65,22,155,-106,1145,-1086,-1212,5,32,66,90,96,83,59,21,-23,-59,-88,-105,-107,-90,-63,-27,10,43,77,95,102,97,75,46,18,-18,-52,-74,-86,-87,-78,-58,-33,-10,24,45,64,68,64,45,22,3,-12,-26,-22,-16,-15,-2,2,3,3,-10,-21,-25,-43,-48,-53,-56,-31,-3,28,56,80,109,119,109,88,61,14,-46,-84,-124,-159,-172,-166,-140,-106,-51,10,66,118,166,190,192,179,153,124,66,-2,-66,-130,-178,-196,-202,-200,-169,-132,-74,-10,46,99,142,188,209,215,199,169,129,73,10,-51,-105,-148,-193,-213,-217,-199,-173,-135,-86,-22,37,95,143,178,826,216,214,189,154,104,41,-18,-82,-135,-176,-202,-217,-216,-201,-162,-121,-72,-23,32,81,125,170,186,203,210,202,180,146,111,64,9,-46,-100,-155,-205,-247,-267,-284,-282,-256,-200,-130,-37,60,160,272,349,409,447,439,402,337,226,92,-63,-220,-356,-473,-563,-600,-594,-530,-408,-266,-88,109,299,460,599,682,712,683,588,450,268,53,-167,-376,-548,-681,-756,-756,-695,-587,-415,-215,0,220,418,570,677,721,706,633,506,349,160,-27,-199,-363,-494,-581,-612,-605,-547,-451,-323,-178,-28,117,245,367,450,498,509,490,443,353,251,146,18,-111,-229,-327,-413,-301,-612
38941,mtk,MTK 7916,2422535423,rx0-tx1,512,87,-129,67,-174,-324,-461,-571,-638,-665,-647,-571,-457,-306,-116,85,284,471,629,744,801,801,741,627,462,262,31,-215,-441,-640,-806,-919,-951,-911,-805,-631,-410,-159,123,401,643,845,984,1049,1041,943,773,544,276,-13,-305,-577,-815,-983,-1073,-1095,-1037,-899,-705,-447,-159,144,442,704,915,1067,1144,1131,1040,871,637,346,31,-293,-593,-848,-1048,-1159,-1192,-1141,-993,-764,-488,-173,161,479,763,983,1121,1174,1148,1034,837,589,298,-17,-322,-594,-826,-993,-1078,-1090,-1015,-876,-674,-429,-151,132,394,632,825,950,998,991,906,748,556,325,68,-196,-447,-655,-812,-922,-965,-936,-836,-683,-485,-689,10,253,480,682,829,919,944,895,792,635,426,193,-57,-318,-557,-748,-895,-984,-993,-938,-816,-625,-386,-112,177,460,710,914,1051,1117,1092,976,786,532,232,-92,-416,-716,-961,-1143,-1221,-1202,-1084,-879,-606,-268,87,441,753,1001,1178,1251,1218,1098,875,590,257,-106,-451,-760,-1005,-1154,-1205,-1161,-1017,-786,-504,-181,155,475,737,934,1050,1058,987,837,625,371,90,-192,-438,-643,-781,-842,-845,-773,-644,-474,-272,-59,156,336,490,598,654,661,610,512,375,217,48,-126,-284,-415,-510,-550,-544,-492,-396,-271,-116,47,205,341,431,471,456,392,277,127,-29,-165,-265,-308,-291,-616,-483,0,458,615,185,143,59,-46,-159,-250,-307,-320,-292,-232,-135,-27,89,198,287,342,365,354,311,239,149,36,-83,-189,-285,-355,-396,-406,-387,-336,-247,-138,-15,112,235,347,425,474,486,458,386,285,154,4,-145,-290,-406,-508,-562,-565,-526,-436,-304,-153,16,193,351,474,563,616,612,550,448,309,142,-35,-209,-368,-491,-578,-620,-602,-542,-440,-303,-148,23,181,335,470,548,585,583,532,444,319,172,14,-147,-287,-399,-483,-532,-541,-504,-436,-333,-204,-65,77,210,325,416,461,480,463,415,339,232,118,2,-117,-224,-322,-379,-419,-428,-394,-344,-269,-180,-85,25,126,214,-130,342,369,376,352,308,242,164,75,-15,-112,-192,-251,-309,-339,-347,-330,-290,-233,-163,-85,1,74,149,208,258,299,313,312,306,273,222,163,98,20,-62,-145,-228,-295,-350,-395,-409,-392,-353,-283,-191,-82,43,174,294,402,483,530,544,516,439,336,197,30,-130,-294,-438,-550,-623,-655,-625,-548,-429,-275,-93,96,264,432,563,640,676,658,580,466,320,148,-32,-215,-371,-494,-585,-625,-614,-558,-464,-341,-195,-46,107,244,360,451,500,517,494,442,364,269,160,47,-68,-172,-265,-336,-387,-417,-427,-412,-376,-323,-250,-159,-57,55,165,276,372,444,494,514,498,-440,-159,504,766,776,-575,-523,-432,-296,-135,34,218,390,535,654,728,743,705,615,474,291,81,-143,-362,-557,-711,-815,-874,-860,-775,-636,-452,-219,44,300,543,746,894,989,1009,940,801,602,355,73,-222,-504,-745,-929,-1046,-1088,-1045,-929,-738,-487,-211,83,380,640,859,1021,1107,1116,1036,883,667,406,103,-207,-503,-770,-985,-1127,-1180,-1149,-1031,-836,-572,-258,64,390,688,924,1091,1184,1188,1099,924,679,386,70,-247,-552,-803,-987,-1104,-1136,-1083,-955,-757,-502,-217,79,369,627,834,973,1045,1030,951,813,613,362,100,-164,-428,-645,-810,-925,-974,-957,-869,-715,-522,-286,-28,229,464,658,813,261,942,903,811,655,455,227,-31,-285,-509,-704,-851,-934,-965,-919,-802,-630,-419,-163,103,361,611,818,964,1042,1046,971,817,597,328,31,-285,-582,-835,-1029,-1145,-1176,-1116,-960,-730,-431,-87,261,593,870,1091,1217,1248,1173,1002,755,438,81,-276,-612,-893,-1099,-1218,-1231,-1143,-962,-707,-389,-44,299,619,869,1049,1142,1135,1023,828,585,280,-31,-330,-595,-792,-915,-963,-931,-825,-656,-428,-188,53,285,477,627,719,752,720,630,501,337,149,-37,-221,-378,-494,-572,-604,-581,-507,-396,-254,-95,66,225,358,456,511,508,460,362,227,72,-86,-229,-341,-403,-402,-343,-237,-100,26,461,607,0,-435,-152,-115,-196,-253,-275,-251,-182,-83,32,143,245,314,342,338,298,224,125,15,-99,-202,-283,-345,-383,-377,-342,-275,-180,-74,42,154,264,355,413,444,433,392,313,207,81,-57,-198,-323,-421,-500,-529,-516,-457,-359,-234,-73,83,247,395,504,570,603,579,499,375,231,62,-116,-281,-424,-534,-599,-618,-588,-508,-381,-228,-51,121,281,420,523,590,603,569,499,382,234,80,-87,-246,-380,-479,-540,-565,-544,-480,-384,-257,-113,37,180,304,408,477,510,506,460,380,271,153,26,-104,-224,-327,-404,-438,-449,-428,-380,-302,-203,-103,21,128,223,309,361,394,400,369,316,245,156,70,-21,-119,-206,-276,-326,-351,-360,-345,-295,-239,-169,-84,3,94,174,239,286,316,327,319,290,241,184,115,41,-27,-101,-180,-241,-284,-319,-339,-335,-323,-288,-226,-153,-61,48,150,254,343,410,454,475,455,405,324,208,71,-75,-230,-366,-477,-570,-609,-603,-552,-451,-312,-148,28,210,366,504,610,672,667,623,528,382,211,28,-166,-340,-477,-585,-647,-663,-623,-529,-407,-255,-84,90,250,385,488,548,572,556,498,410,293,161,33,-95,-212,-315,-394,-441,-463,-454,-420,-361,-282,-193,-95,6,107,202,290,363,413,442,448,435,391,314,217,103,-24,-159,-442,-605
38942,mtk,MTK 7916,2422535423,rx1-tx0,512,0,6,351,390,544,657,710,709,672,570,423,244,30,-203,-421,-600,-738,-835,-855,-814,-711,-540,-337,-96,168,416,643,816,939,990,952,846,682,437,151,-145,-427,-685,-886,-1023,-1082,-1059,-947,-751,-501,-207,106,411,680,900,1063,1141,1131,1026,833,579,293,-26,-345,-644,-901,-1076,-1167,-1178,-1094,-918,-673,-372,-26,309,622,887,1080,1170,1189,1113,942,709,397,66,-271,-574,-827,-1021,-1126,-1137,-1055,-893,-667,-400,-96,204,473,708,876,968,997,955,843,652,422,187,-74,-319,-522,-697,-817,-873,-864,-794,-660,-485,-284,-63,169,375,563,719,807,834,805,711,564,376,161,-65,-294,-490,216,-758,-813,-798,-720,-583,-399,-193,32,253,446,609,718,764,744,669,546,373,186,-13,-211,-387,-532,-628,-677,-679,-612,-509,-371,-194,-22,151,315,442,531,591,597,552,472,371,235,77,-69,-212,-343,-442,-505,-517,-500,-441,-355,-258,-130,-4,127,235,320,393,428,429,408,355,278,187,68,-37,-135,-227,-307,-362,-389,-394,-364,-307,-227,-127,-13,95,195,275,345,385,389,366,315,233,132,21,-89,-188,-274,-329,-361,-362,-341,-281,-199,-97,13,118,210,288,334,344,320,275,208,110,4,-81,-177,-253,-283,-289,-260,-215,-141,-48,45,126,188,217,209,171,106,39,-705,-606,0,396,-135,-158,-135,-73,13,108,190,249,279,264,202,118,26,-83,-192,-264,-311,-328,-306,-253,-176,-82,25,135,213,286,347,347,317,253,177,82,-23,-119,-208,-290,-323,-330,-327,-287,-223,-142,-46,52,136,208,266,302,318,301,264,225,152,72,-11,-90,-157,-223,-276,-306,-315,-299,-264,-214,-142,-67,29,121,215,278,327,370,359,319,278,190,93,-2,-106,-219,-298,-362,-402,-400,-372,-318,-241,-142,-14,116,230,316,388,430,426,406,335,238,136,12,-115,-237,-335,-394,-436,-444,-406,-338,-239,-123,4,129,232,328,388,418,418,378,302,203,97,-19,-126,-212,-292,-337,-584,-344,-311,-254,-179,-95,-2,84,174,241,282,298,298,276,226,164,93,11,-65,-137,-177,-217,-240,-233,-211,-172,-128,-68,-9,46,91,120,145,150,146,132,96,62,21,-4,-24,-53,-56,-45,-33,-23,-3,20,39,30,31,8,-19,-43,-86,-114,-145,-164,-158,-145,-104,-51,18,98,165,230,278,286,298,274,211,130,26,-83,-196,-288,-358,-406,-412,-402,-349,-257,-139,-2,127,251,363,438,484,486,462,395,300,169,18,-125,-265,-388,-470,-515,-539,-515,-449,-345,-217,-63,87,233,357,458,536,566,548,494,412,297,156,-1,-155,-305,-436,-531,-594,-607,-580,-523,982,1048,0,-699,-609,560,434,271,82,-107,-306,-497,-639,-745,-800,-787,-708,-572,-400,-180,68,297,526,710,835,916,910,846,709,505,260,-17,-292,-539,-761,-941,-1023,-1030,-965,-816,-597,-330,-34,263,563,811,996,1104,1123,1049,894,683,403,89,-227,-533,-795,-988,-1117,-1163,-1117,-989,-777,-491,-179,157,487,770,987,1142,1202,1160,1035,828,541,221,-109,-444,-734,-971,-1127,-1180,-1140,-1010,-810,-545,-235,87,390,661,870,1006,1067,1028,926,760,526,275,4,-263,-515,-718,-835,-913,-927,-856,-728,-554,-346,-117,120,348,550,701,808,858,830,742,615,439,227,7,-213,-421,-595,-727,-804,-823,-769,-646,757,-286,-67,157,370,558,696,779,800,747,645,488,295,75,-147,-348,-521,-640,-699,-715,-678,-591,-459,-290,-101,96,283,424,551,624,643,620,544,427,296,138,-31,-193,-327,-434,-527,-555,-538,-496,-405,-295,-161,-24,107,240,338,415,456,461,438,388,314,207,80,-34,-146,-240,-319,-381,-415,-406,-376,-319,-243,-152,-52,50,164,257,327,386,405,395,348,275,193,84,-25,-131,-228,-305,-357,-384,-375,-335,-265,-173,-63,43,145,234,297,348,363,338,282,203,101,0,-94,-180,-255,-299,-306,-289,-255,-172,-80,14,104,178,237,259,248,205,137,54,-32,-103,-147,-148,-24,-365,0,981,1064,67,139,196,224,211,158,83,-18,-123,-209,-265,-300,-307,-260,-179,-89,14,118,211,282,329,343,310,255,189,87,-33,-141,-231,-293,-338,-346,-326,-282,-201,-97,-13,78,172,246,301,328,324,287,245,181,95,5,-97,-150,-219,-267,-298,-309,-295,-265,-214,-152,-72,6,93,171,250,303,338,347,328,279,203,129,26,-86,-165,-247,-323,-359,-379,-376,-331,-253,-166,-54,58,165,259,340,402,424,408,355,278,188,60,-61,-177,-285,-363,-420,-447,-432,-376,-284,-186,-74,56,185,291,371,420,438,410,352,271,160,52,-68,-192,-282,-348,-381,-394,-365,-313,-233,-128,-674,61,146,225,292,325,331,314,276,206,128,48,-33,-118,-190,-231,-263,-268,-256,-223,-175,-123,-50,18,79,127,171,196,196,179,146,110,67,21,-19,-63,-95,-109,-106,-88,-80,-58,-28,-5,8,18,23,24,6,-20,-38,-71,-78,-91,-86,-60,-22,27,77,125,175,213,238,236,203,151,64,-12,-94,-193,-279,-336,-370,-368,-340,-277,-196,-78,40,157,280,375,442,461,444,405,329,219,83,-60,-194,-328,-427,-509,-531,-515,-458,-368,-243,-115,34,185,322,429,510,551,536,491,407,310,182,26,-127,-266,-387,-487,-551,-576,-559,-507,-413,-283,-137,32,188,344,-397,141
38943,mtk,MTK 7916,2422535423,rx1-tx1,512,0,0,0,-605,-747,-695,-467,-125,248,559,726,717,526,203,-167,-484,-678,-700,-548,-263,82,400,607,654,533,276,-48,-340,-538,-595,-492,-259,40,325,508,548,447,229,-54,-325,-507,-546,-438,-211,80,348,523,565,456,211,-87,-360,-549,-600,-485,-239,70,364,563,621,523,290,-30,-334,-558,-645,-563,-335,-31,282,528,645,593,395,98,-218,-476,-610,-593,-420,-142,163,421,568,573,434,186,-104,-356,-516,-545,-430,-204,60,302,469,508,415,231,-8,-245,-414,-469,-398,-235,-18,199,358,419,373,233,39,-153,-300,-365,-337,-223,-60,109,246,305,276,172,31,-111,-221,-266,-226,0,9,138,225,249,202,90,-54,-182,-258,-265,-205,-72,87,223,306,318,245,101,-83,-250,-360,-385,-308,-141,57,236,374,436,382,229,23,-190,-374,-468,-444,-321,-121,111,321,453,488,410,235,-6,-237,-410,-486,-448,-308,-113,114,314,433,446,362,209,8,-194,-343,-404,-383,-279,-117,59,204,301,329,285,192,61,-69,-171,-229,-236,-191,-118,-32,48,110,140,139,115,80,42,11,-19,-51,-70,-73,-70,-77,-75,-60,-33,11,63,103,124,133,129,89,20,-61,-132,-186,-206,-192,-138,-50,47,140,214,251,243,190,108,6,-93,-174,-228,-245,-223,-173,-110,-45,0,0,0,0,0,106,147,171,165,127,61,-31,-126,-203,-244,-239,-185,-92,31,158,253,293,273,190,57,-97,-233,-321,-342,-290,-162,9,181,319,389,368,253,79,-116,-291,-402,-419,-333,-167,36,241,392,446,391,246,42,-178,-357,-444,-426,-299,-100,127,326,444,446,337,149,-91,-304,-435,-461,-365,-175,55,267,421,460,384,206,-43,-279,-443,-491,-406,-217,29,271,450,525,466,278,8,-263,-468,-561,-525,-349,-76,216,459,588,575,426,167,-148,-429,-603,-623,-491,-235,81,381,578,636,539,313,-1,-310,-540,-627,-564,-364,-73,244,493,602,563,391,114,-197,-458,-590,-565,-395,0,190,443,585,572,401,130,-178,-448,-608,-603,-433,-152,172,468,647,653,491,198,-155,-473,-672,-703,-552,-255,113,460,691,747,606,304,-75,-440,-707,-797,-678,-381,19,426,723,838,740,448,29,-400,-729,-882,-815,-529,-106,344,719,915,881,622,206,-276,-683,-916,-923,-698,-288,198,629,905,953,767,386,-102,-562,-868,-959,-813,-460,12,477,807,930,827,515,67,-394,-740,-888,-814,-539,-124,319,677,859,820,569,176,-256,-620,-817,-803,-583,-212,207,571,787,802,606,261,-152,-525,-762,-798,-640,-318,85,464,720,791,658,354,-33,-410,-681,-778,-672,-401,-24,350,631,0,0,0,0,0,445,89,-287,-584,-740,-713,-503,-170,204,522,707,704,537,236,-120,-440,-643,-687,-554,-279,54,367,572,623,520,278,-31,-319,-518,-575,-469,-243,45,319,496,546,446,214,-72,-336,-509,-544,-438,-209,83,358,536,575,458,216,-78,-356,-556,-611,-496,-253,45,342,556,631,543,311,2,-310,-550,-653,-585,-364,-58,254,507,630,596,413,122,-193,-452,-592,-579,-422,-170,129,388,543,550,420,193,-88,-343,-496,-520,-421,-219,29,271,442,491,413,231,3,-221,-381,-444,-390,-242,-34,172,327,392,358,233,54,-126,-268,-333,-300,-192,-44,104,222,274,250,149,7,-124,0,-250,-216,-114,24,159,246,260,193,71,-71,-203,-292,-299,-223,-85,88,236,331,350,274,120,-66,-241,-368,-406,-341,-195,5,225,392,463,422,275,70,-162,-360,-471,-469,-368,-174,66,291,440,494,432,272,52,-176,-363,-460,-450,-342,-158,53,239,377,430,386,252,67,-119,-274,-368,-372,-288,-151,-4,138,240,285,262,193,95,-12,-112,-171,-192,-169,-118,-54,4,50,71,83,91,86,67,43,20,-1,-16,-36,-67,-99,-112,-105,-81,-38,22,84,137,172,177,142,75,-6,-95,-173,-224,-230,-194,-119,-19,88,177,241,266,243,184,103,12,-72,-138,-177,-189,0,0,0,0,0,-88,-48,13,85,152,198,214,194,133,33,-81,-181,-252,-275,-237,-144,-12,129,248,312,307,238,115,-51,-209,-321,-364,-325,-206,-30,157,306,396,398,300,126,-78,-275,-398,-421,-356,-210,-6,201,367,451,415,274,65,-155,-334,-432,-429,-322,-122,111,312,429,437,338,155,-70,-284,-424,-454,-367,-192,38,264,421,470,393,202,-41,-269,-440,-507,-438,-246,5,264,461,545,491,305,35,-245,-470,-585,-553,-378,-108,197,458,604,603,459,199,-117,-410,-596,-631,-515,-274,39,340,555,639,559,332,36,-265,-506,-620,-574,-376,-83,227,472,594,568,390,113,-188,-441,0,-568,-404,-129,181,444,594,587,415,131,-190,-465,-622,-620,-461,-175,170,478,666,687,521,220,-141,-470,-682,-726,-581,-276,101,456,702,770,637,338,-49,-438,-719,-820,-707,-410,-1,419,733,864,775,488,67,-377,-726,-897,-842,-566,-147,304,690,908,892,648,240,-234,-659,-915,-938,-724,-328,146,585,881,953,781,415,-60,-513,-839,-945,-808,-476,-29,427,769,912,834,538,105,-344,-701,-872,-816,-548,-152,280,636,827,798,571,194,-239,-603,-803,-798,-597,-240,186,557,779,802,625,283,-128,-497,-738,-796,-653,-340,61,440,703,786,664,378,2,-372,-646,-753,-671,-418,0,0
38944,mtk,MTK 7916,2422535423,rx2-tx0,512,0,0,0,-529,-53,437,819,989,900,573,104,-392,-789,-978,-904,-594,-133,365,762,958,904,608,156,-335,-734,-942,-896,-610,-163,324,726,935,893,609,167,-324,-728,-941,-902,-619,-172,325,741,959,925,646,187,-324,-745,-971,-947,-671,-212,301,728,960,945,679,231,-278,-710,-943,-925,-668,-226,284,712,943,919,645,193,-311,-736,-965,-928,-633,-169,348,781,1007,962,663,177,-367,-828,-1072,-1044,-736,-230,346,843,1121,1115,823,316,-285,-811,-1135,-1168,-908,-421,180,733,1098,1184,970,507,-77,-641,-1037,-1166,-1001,-586,-27,532,953,1124,1000,614,81,-455,-863,-1052,-967,-625,-122,402,812,0,935,620,141,-370,-775,-978,-922,-614,-144,363,780,992,940,636,162,-362,-797,-1026,-985,-685,-200,341,796,1055,1042,747,256,-315,-817,-1116,-1130,-850,-341,260,808,1167,1233,979,477,-153,-755,-1181,-1313,-1110,-634,2,648,1138,1350,1233,810,171,-516,-1068,-1364,-1329,-966,-360,338,951,1332,1385,1106,555,-135,-796,-1260,-1416,-1228,-749,-94,573,1102,1363,1308,941,352,-304,-869,-1229,-1294,-1053,-572,21,593,1010,1181,1077,727,218,-315,-751,-999,-1008,-779,-384,76,503,794,886,766,476,95,-286,-587,-740,-723,-546,-252,85,382,580,654,592,407,152,-118,-344,-490,-535,-483,-356,-190,-20,131,0,0,0,0,0,296,264,186,59,-101,-263,-402,-476,-460,-358,-185,36,258,435,525,508,383,171,-82,-323,-497,-558,-493,-311,-58,215,443,569,557,415,167,-127,-394,-564,-602,-483,-249,53,345,560,634,552,322,16,-301,-549,-664,-612,-393,-76,264,550,709,677,466,135,-237,-562,-751,-754,-566,-224,182,544,775,820,663,335,-96,-508,-792,-876,-744,-425,8,444,770,905,811,515,82,-375,-742,-921,-866,-596,-180,293,695,920,918,679,262,-214,-639,-911,-948,-749,-359,129,583,884,963,801,435,-47,-519,-856,-982,-856,-507,-36,442,811,978,894,579,116,-368,-759,-961,-914,-628,-186,305,0,961,930,667,238,-247,-674,-928,-938,-705,-290,206,649,919,947,727,320,-174,-625,-914,-966,-760,-354,148,607,912,979,783,379,-122,-603,-928,-1005,-818,-412,102,594,941,1044,871,464,-67,-586,-952,-1067,-906,-506,34,570,960,1105,956,550,-2,-552,-962,-1127,-993,-597,-38,535,973,1158,1040,646,81,-502,-957,-1172,-1082,-703,-145,456,947,1189,1119,764,209,-400,-908,-1185,-1158,-829,-282,334,860,1162,1169,873,356,-251,-787,-1125,-1167,-903,-413,171,712,1066,1139,922,466,-108,-640,-1000,-1100,-916,-491,50,569,939,1063,901,508,-10,-523,-894,-1022,-882,-511,-10,487,852,999,885,540,0,0,0,0,0,-840,-985,-882,-552,-75,426,811,978,896,582,113,-383,-776,-970,-905,-606,-148,346,747,948,897,609,152,-338,-728,-929,-896,-625,-173,322,727,937,900,619,173,-320,-731,-950,-918,-632,-178,326,742,966,937,659,196,-317,-737,-967,-949,-680,-229,283,722,961,941,681,234,-271,-700,-941,-924,-650,-202,298,720,950,922,639,180,-327,-751,-980,-947,-648,-171,365,807,1039,1001,700,200,-365,-835,-1095,-1076,-777,-269,313,830,1135,1145,863,368,-229,-779,-1130,-1187,-946,-465,131,691,1071,1179,989,555,-19,-583,-994,-1143,-1002,-609,-62,495,913,1086,975,621,114,-421,-839,-1031,-952,-620,0,373,788,991,924,613,142,-372,-785,-988,-927,-621,-152,361,787,1009,961,659,175,-356,-796,-1032,-1002,-707,-219,333,811,1085,1078,790,288,-300,-819,-1143,-1176,-908,-409,206,783,1168,1269,1045,553,-80,-704,-1165,-1332,-1170,-717,-77,591,1123,1375,1290,883,256,-432,-1023,-1366,-1367,-1032,-451,243,882,1303,1404,1164,644,-27,-688,-1184,-1399,-1279,-857,-238,436,994,1307,1310,1011,472,-162,-737,-1127,-1249,-1074,-664,-108,458,893,1102,1047,759,310,-190,-628,-899,-951,-781,-435,-9,391,691,819,752,517,178,-182,-483,-669,-700,-576,-332,-30,265,485,595,589,469,269,43,-168,-324,-407,-411,-345,0,0,0,0,0,87,208,313,385,402,353,230,45,-160,-342,-469,-512,-454,-297,-79,165,379,519,542,443,245,-11,-273,-478,-572,-531,-368,-114,171,418,567,581,452,211,-83,-366,-564,-620,-521,-290,17,327,557,653,583,363,48,-286,-551,-678,-633,-423,-97,254,555,725,713,509,176,-215,-560,-777,-797,-619,-276,139,525,787,854,703,375,-48,-470,-783,-897,-786,-475,-40,408,758,920,852,562,126,-339,-716,-926,-896,-640,-224,250,666,920,940,717,311,-169,-609,-898,-962,-780,-394,90,549,868,972,832,476,-4,-481,-833,-972,-866,-546,-79,407,789,969,908,616,160,-339,-743,-957,-926,0,-212,279,692,933,934,690,263,-230,-660,-916,-943,-724,-309,187,631,910,951,741,337,-158,-615,-909,-967,-774,-374,132,604,917,992,804,403,-111,-603,-942,-1029,-852,-445,85,596,952,1061,883,478,-56,-580,-961,-1093,-932,-528,17,568,967,1113,967,571,21,-544,-970,-1143,-1016,-618,-57,523,969,1163,1061,681,116,-484,-959,-1186,-1105,-740,-175,439,934,1186,1138,796,239,-375,-886,-1173,-1155,-843,-314,298,834,1146,1168,893,387,-214,-755,-1098,-1155,-917,-447,134,673,1028,1118,921,487,-68,-595,-965,-1082,-913,-504,26,544,915,1042,892,513,5,-499,-871,-1015,-888,-527,-31,467,838,0,0
38945,mtk,MTK 7916,2422535423,rx2-tx1,512,0,0,0,559,300,-26,-345,-572,-652,-573,-360,-59,249,492,613,582,411,146,-159,-416,-565,-572,-437,-204,68,322,489,531,446,260,13,-227,-403,-480,-443,-295,-82,133,310,410,406,305,137,-58,-235,-341,-351,-289,-170,-15,138,238,279,257,174,61,-40,-121,-167,-169,-139,-76,-4,46,66,77,71,52,38,35,36,47,41,18,-21,-66,-97,-128,-141,-112,-46,43,132,209,241,213,130,2,-130,-238,-291,-279,-195,-56,102,234,318,343,273,119,-57,-218,-324,-360,-306,-178,2,177,322,385,350,222,45,-143,-300,-393,-378,-272,-103,106,288,384,393,303,125,-76,-252,-372,0,-319,-162,35,226,344,374,316,186,-2,-188,-318,-355,-303,-178,1,174,300,346,301,172,0,-173,-304,-351,-298,-153,36,211,338,380,319,160,-48,-257,-408,-453,-379,-205,30,274,469,556,499,291,7,-294,-531,-645,-611,-427,-129,214,522,720,747,585,274,-101,-462,-733,-836,-737,-456,-74,328,662,850,832,621,257,-164,-555,-827,-905,-771,-467,-54,374,716,887,851,626,270,-136,-510,-771,-852,-732,-452,-79,296,604,763,746,570,275,-77,-399,-621,-694,-611,-399,-115,181,436,590,599,484,286,30,-227,-423,-520,-513,-406,-236,-30,161,306,386,398,340,238,124,14,0,0,0,0,0,-144,-154,-134,-89,-24,60,136,196,230,221,179,104,7,-96,-184,-237,-246,-216,-140,-26,87,188,256,263,223,136,20,-99,-190,-241,-247,-214,-127,-6,111,201,249,240,185,95,-16,-119,-192,-235,-234,-175,-84,13,100,172,213,202,138,70,-4,-91,-160,-183,-181,-144,-77,5,77,132,164,167,141,92,22,-52,-122,-172,-197,-173,-114,-39,39,120,193,227,210,155,65,-50,-150,-226,-263,-246,-173,-63,60,168,248,281,256,169,40,-100,-222,-288,-291,-235,-130,11,147,249,293,265,181,60,-73,-187,-262,-266,-206,-103,28,149,224,245,202,109,-14,-138,-220,0,-186,-94,28,149,231,257,215,112,-25,-160,-260,-295,-249,-139,8,160,279,331,295,184,26,-133,-277,-358,-335,-223,-62,130,294,389,380,272,93,-105,-285,-397,-414,-321,-151,59,258,397,437,369,201,-16,-232,-391,-445,-380,-221,-12,197,360,438,390,234,15,-217,-393,-463,-405,-248,-16,230,426,506,450,278,19,-250,-459,-558,-525,-347,-77,218,477,621,603,433,160,-165,-461,-649,-673,-536,-258,89,413,645,734,631,369,24,-337,-624,-759,-703,-483,-146,236,559,742,748,575,261,-112,-454,-693,-772,-657,-383,-17,346,619,737,684,470,144,-217,-523,-691,-690,-525,0,0,0,0,0,398,601,657,559,322,19,-288,-525,-628,-573,-383,-99,204,455,584,568,418,176,-109,-368,-529,-553,-443,-228,28,269,450,516,446,276,44,-189,-366,-454,-427,-305,-113,102,281,376,379,296,157,-13,-174,-281,-314,-272,-163,-30,89,184,229,206,145,71,-7,-78,-119,-127,-101,-61,-34,-8,17,24,13,21,41,59,82,96,91,61,10,-59,-130,-180,-195,-158,-80,27,136,223,264,240,159,37,-115,-240,-309,-306,-226,-80,78,222,320,346,280,139,-39,-208,-332,-373,-327,-205,-30,165,314,384,368,258,78,-119,-289,-389,-383,-274,-109,75,252,374,387,302,138,0,-231,-346,-377,-316,-172,16,203,334,372,325,189,2,-176,-301,-348,-303,-176,-4,170,305,344,289,155,-24,-205,-331,-369,-304,-155,46,249,382,411,346,183,-55,-282,-443,-505,-435,-241,23,298,507,597,551,361,61,-266,-542,-680,-664,-510,-212,162,501,741,798,665,379,-8,-412,-716,-852,-797,-554,-167,255,615,842,887,717,381,-41,-460,-775,-906,-824,-554,-156,269,624,827,854,689,370,-35,-419,-700,-814,-747,-507,-171,185,500,697,721,594,346,25,-291,-531,-644,-619,-460,-206,80,332,500,569,520,361,135,-95,-294,-430,-478,-435,-320,-165,0,143,242,288,285,0,0,0,0,0,-10,-64,-119,-167,-199,-202,-171,-113,-29,63,150,218,247,229,166,78,-29,-137,-224,-263,-247,-181,-84,35,148,226,262,245,175,76,-35,-149,-228,-255,-237,-165,-54,67,167,229,246,224,152,49,-58,-148,-209,-219,-191,-121,-29,59,124,177,192,169,105,26,-46,-116,-175,-189,-166,-118,-47,29,91,146,180,170,135,73,-8,-85,-153,-200,-210,-180,-107,-13,90,174,231,236,201,128,26,-100,-209,-267,-274,-224,-118,8,137,237,288,280,207,83,-51,-175,-265,-291,-257,-162,-26,113,215,274,268,200,79,-56,-172,-246,-260,-201,-95,26,137,219,245,201,93,0,-133,-219,-247,-200,-105,23,150,253,280,230,121,-25,-169,-265,-302,-271,-170,-8,159,284,338,315,205,40,-145,-287,-361,-341,-238,-73,116,287,388,396,301,121,-90,-277,-401,-434,-357,-181,38,244,389,436,367,205,-3,-208,-367,-426,-380,-231,-15,207,382,447,397,229,3,-227,-402,-478,-427,-266,-28,240,449,536,481,307,54,-227,-470,-601,-576,-409,-124,201,480,634,637,489,207,-128,-437,-657,-712,-588,-322,33,387,645,746,667,421,74,-289,-587,-753,-734,-532,-209,169,511,726,767,628,338,-35,-404,-671,-766,-677,-433,-91,278,568,721,694,509,198,-153,-460,0,0
38946,mtk,MTK 7916,2422650333,rx0-tx0,512,-349,802,614,604,621,577,470,308,120,-88,-286,-455,-593,-667,-677,-610,-485,-316,-109,114,329,513,647,709,699,612,468,275,45,-185,-394,-559,-664,-694,-665,-549,-384,-190,18,226,400,534,602,618,570,465,322,150,-18,-182,-328,-430,-494,-502,-476,-407,-303,-188,-58,68,193,304,373,425,453,438,393,312,203,76,-63,-203,-332,-439,-517,-538,-511,-442,-318,-143,40,228,409,547,627,639,581,466,302,96,-123,-326,-491,-603,-661,-644,-554,-397,-202,5,209,390,528,590,600,537,420,269,89,-92,-260,-382,-455,-484,-460,-391,-287,-170,-28,105,204,280,328,339,317,265,196,112,-511,-47,-124,-170,-199,-217,-205,-187,-157,-122,-78,-37,7,44,73,106,130,153,169,176,174,161,119,78,31,-36,-104,-174,-245,-281,-297,-291,-250,-175,-75,41,167,281,362,411,424,385,297,178,49,-108,-251,-372,-458,-492,-473,-406,-291,-145,29,195,342,468,533,541,485,384,242,65,-111,-283,-428,-516,-564,-540,-448,-307,-143,44,224,373,478,524,507,445,327,177,19,-146,-286,-386,-438,-448,-412,-334,-214,-76,49,178,275,334,363,349,297,216,119,15,-92,-185,-253,-290,-305,-278,-219,-139,-46,47,138,211,244,256,234,181,104,7,-85,-161,-205,-205,-170,-105,1005,997,1179,646,335,-64,-55,-16,31,73,105,121,108,73,26,-34,-86,-116,-138,-144,-118,-78,-18,50,100,146,172,171,148,97,37,-29,-93,-148,-182,-189,-174,-127,-63,2,75,134,175,192,187,157,103,38,-32,-95,-138,-165,-170,-155,-132,-85,-33,10,61,103,125,135,140,125,94,62,33,-6,-51,-90,-116,-127,-131,-125,-109,-85,-42,-5,32,73,106,133,142,149,134,110,69,15,-26,-71,-121,-146,-171,-181,-167,-138,-85,-28,41,94,141,183,200,202,182,139,83,23,-50,-113,-157,-207,-222,-213,-201,-161,-103,-34,44,123,180,232,266,261,235,194,126,42,-45,-138,-330,-292,-326,-327,-290,-229,-138,-23,90,193,285,349,372,366,319,222,111,-7,-131,-243,-328,-381,-404,-382,-312,-217,-107,8,128,238,322,389,407,386,340,261,156,38,-90,-214,-326,-415,-467,-471,-426,-353,-232,-84,85,250,389,513,570,581,535,418,273,79,-135,-333,-508,-627,-694,-677,-599,-458,-248,-17,211,428,608,723,765,718,595,411,188,-68,-316,-518,-681,-773,-773,-698,-542,-334,-100,147,386,573,702,754,721,626,466,257,31,-193,-396,-550,-648,-677,-651,-549,-406,-224,-14,180,362,512,597,628,606,526,398,231,40,-155,-318,-456,-560,-601,-591,-531,-413,-248,1231,1106,-729,-595,-774,109,-84,-276,-440,-566,-636,-649,-590,-481,-316,-111,105,312,478,612,686,693,622,487,299,75,-155,-370,-545,-667,-717,-691,-594,-440,-235,-13,208,410,553,642,669,622,509,353,165,-26,-215,-375,-489,-550,-554,-517,-431,-308,-163,-14,130,265,359,420,445,439,407,331,232,128,5,-123,-238,-344,-423,-468,-478,-451,-377,-272,-128,42,199,353,492,581,599,573,473,320,128,-82,-282,-454,-585,-653,-650,-577,-440,-260,-49,167,371,524,615,639,597,495,330,141,-55,-247,-393,-499,-547,-542,-470,-347,-197,-39,114,240,330,394,417,385,322,238,135,21,-84,-167,-230,-270,1105,-260,-225,-165,-116,-49,10,59,100,130,149,160,161,152,141,122,93,61,19,-24,-72,-124,-168,-193,-223,-239,-225,-194,-132,-53,27,122,219,300,347,364,339,275,178,64,-68,-211,-335,-411,-461,-462,-398,-297,-159,2,160,304,420,493,515,477,398,272,104,-73,-243,-383,-494,-551,-540,-480,-353,-197,-22,169,335,454,526,545,492,389,242,68,-105,-264,-393,-468,-492,-469,-387,-262,-117,24,168,283,368,400,393,352,261,153,40,-78,-184,-264,-313,-331,-311,-257,-173,-83,18,116,195,249,275,272,243,172,86,-4,-102,-179,-231,-246,-218,-162,-77,9,87,138,155,-106,1145,-1086,-1212,37,72,95,97,78,43,-6,-60,-100,-132,-135,-105,-65,-20,36,90,130,160,156,126,85,21,-43,-101,-147,-171,-174,-155,-111,-47,21,88,150,182,195,182,142,81,13,-53,-115,-158,-182,-181,-156,-114,-60,1,50,100,142,150,150,135,103,70,33,-11,-55,-96,-114,-127,-135,-125,-103,-73,-35,4,41,77,106,124,128,131,119,94,54,17,-27,-76,-112,-147,-158,-158,-158,-124,-78,-38,26,79,134,173,194,195,173,143,90,24,-31,-95,-149,-187,-216,-219,-188,-154,-102,-23,39,111,174,216,240,249,225,180,119,33,-56,-133,-203,-261,-288,-288,-271,826,-138,-44,61,166,253,318,348,340,303,233,127,12,-102,-220,-309,-363,-384,-368,-313,-219,-108,14,147,252,334,387,402,377,317,231,126,-5,-122,-229,-328,-395,-430,-426,-379,-304,-195,-62,91,231,354,456,514,529,483,398,260,81,-98,-290,-446,-561,-638,-636,-571,-445,-267,-51,176,380,557,679,724,706,615,447,226,-23,-271,-487,-651,-755,-783,-712,-576,-384,-136,119,363,566,702,768,762,669,506,294,47,-188,-400,-576,-688,-724,-693,-589,-429,-228,-16,199,389,527,625,651,618,538,398,216,29,-161,-339,-475,-576,-619,-595,-514,-406,-246,-65,117,291,444,545,-301,-612
38947,mtk,MTK 7916,2422650333,rx0-tx1,512,87,-129,67,522,630,675,657,574,433,241,26,-204,-430,-610,-732,-789,-772,-677,-518,-297,-47,220,467,671,817,888,869,770,592,346,62,-230,-509,-742,-901,-977,-965,-851,-649,-385,-72,250,543,797,973,1047,1027,901,692,412,86,-245,-552,-807,-985,-1074,-1066,-953,-738,-463,-146,193,512,786,995,1118,1126,1033,839,554,220,-142,-499,-810,-1041,-1178,-1196,-1099,-886,-589,-227,160,531,852,1086,1207,1216,1094,870,562,197,-188,-546,-849,-1056,-1163,-1158,-1038,-818,-519,-183,170,509,789,999,1104,1094,986,781,502,175,-150,-465,-737,-922,-1022,-1022,-930,-741,-483,-189,118,415,667,851,948,952,870,-689,475,205,-79,-354,-588,-766,-874,-898,-842,-700,-504,-264,5,273,510,698,833,883,850,747,568,336,76,-199,-459,-681,-839,-921,-910,-809,-639,-399,-118,179,465,715,901,995,983,882,676,408,92,-233,-542,-793,-964,-1039,-1011,-880,-651,-359,-23,307,609,858,1008,1051,993,824,569,255,-89,-413,-693,-908,-1011,-1007,-893,-688,-418,-103,215,498,730,874,913,850,712,504,241,-32,-299,-522,-671,-751,-753,-677,-530,-333,-114,103,309,473,583,630,607,522,381,209,27,-157,-322,-445,-516,-530,-486,-384,-244,-80,101,257,385,459,469,416,302,148,-22,-180,-298,-358,-349,-272,-149,-616,-483,0,458,615,202,179,102,-5,-128,-232,-299,-316,-288,-209,-101,26,157,266,341,371,350,287,193,76,-49,-176,-288,-363,-401,-395,-345,-256,-135,-1,140,273,381,448,471,443,366,250,105,-66,-230,-380,-495,-554,-553,-493,-382,-223,-32,165,356,509,605,643,602,494,334,130,-90,-296,-472,-603,-669,-656,-575,-431,-244,-36,179,366,521,620,652,615,517,365,178,-21,-216,-385,-520,-595,-610,-565,-459,-320,-146,40,215,372,494,557,565,522,431,291,140,-30,-199,-339,-447,-520,-536,-496,-411,-294,-141,15,172,310,417,484,504,474,400,290,146,-3,-151,-282,-382,-451,-481,-459,-389,-130,-166,-30,111,241,347,425,450,439,390,303,188,59,-73,-202,-306,-381,-420,-417,-378,-310,-216,-106,17,131,228,309,360,380,363,325,267,184,84,-23,-123,-220,-305,-366,-398,-392,-365,-301,-207,-93,32,163,283,380,448,485,474,424,322,188,30,-136,-287,-429,-531,-575,-566,-502,-389,-238,-60,129,309,451,562,617,612,547,422,256,68,-126,-314,-469,-575,-630,-620,-549,-426,-266,-67,122,294,443,537,588,577,509,398,257,92,-76,-224,-356,-448,-502,-506,-469,-389,-289,-166,-30,101,231,333,409,458,470,447,388,296,175,41,-103,-241,-369,-470,-529,-547,-517,-426,-440,-159,504,766,776,388,209,8,-196,-395,-561,-681,-738,-729,-639,-471,-267,-30,215,442,637,774,840,827,721,545,313,48,-229,-484,-706,-865,-934,-917,-814,-621,-368,-79,227,524,768,943,1029,1008,886,681,390,71,-251,-560,-812,-990,-1072,-1043,-922,-710,-429,-114,212,533,798,987,1092,1088,979,784,517,189,-162,-500,-799,-1020,-1144,-1163,-1067,-867,-586,-236,140,511,835,1073,1209,1213,1102,882,572,209,-176,-545,-849,-1077,-1197,-1187,-1067,-841,-536,-188,183,535,819,1026,1125,1125,1009,796,508,171,-172,-491,-766,-963,-1057,-1048,-956,-758,-491,-186,135,439,699,887,984,992,905,723,477,190,-104,-386,261,-813,-912,-925,-852,-699,-485,-227,47,315,546,719,841,879,838,715,533,302,37,-230,-477,-685,-828,-896,-883,-782,-607,-375,-99,193,465,697,866,953,954,857,677,419,109,-201,-500,-758,-933,-1022,-1003,-880,-667,-389,-65,265,572,823,991,1056,1008,865,623,311,-24,-359,-656,-882,-1014,-1037,-947,-771,-503,-183,150,462,717,894,973,940,810,596,326,20,-264,-513,-712,-825,-843,-777,-621,-409,-171,77,314,501,629,683,672,591,446,265,68,-132,-313,-456,-542,-569,-542,-454,-317,-151,28,203,350,448,500,487,416,296,137,-35,-203,-336,-415,-426,-369,-255,-108,47,179,252,461,607,0,-435,-152,-52,-154,-232,-271,-259,-194,-90,34,160,264,326,348,318,245,136,7,-123,-237,-322,-372,-380,-346,-266,-157,-33,102,223,330,402,432,415,350,245,114,-32,-186,-320,-429,-498,-510,-466,-375,-240,-72,112,288,441,553,606,591,512,367,183,-23,-239,-422,-563,-650,-660,-600,-476,-297,-80,142,343,511,619,665,634,540,393,205,2,-201,-385,-530,-620,-640,-595,-493,-343,-156,35,224,381,502,576,586,540,448,308,139,-40,-205,-361,-467,-531,-549,-508,-416,-296,-142,27,188,323,433,499,520,489,410,290,143,-12,-161,-292,-401,-473,-493,-469,-399,-292,-164,-15,136,268,245,436,465,452,394,306,180,42,-92,-221,-328,-401,-437,-433,-390,-308,-203,-78,52,169,272,351,396,408,372,315,234,134,27,-81,-181,-267,-333,-371,-376,-356,-312,-237,-144,-33,78,189,293,374,427,443,422,357,260,145,4,-141,-284,-408,-490,-536,-521,-462,-365,-216,-48,132,303,449,552,602,602,534,412,259,69,-125,-313,-472,-582,-630,-622,-552,-426,-264,-75,123,306,458,572,622,599,532,413,260,85,-101,-271,-404,-499,-549,-540,-487,-395,-267,-123,29,169,291,383,449,473,463,413,327,223,102,-27,-157,-277,-384,-457,-495,-494,-457,-376,-256,-104,58,223,376,-442,-605
38948,mtk,MTK 7916,2422650333,rx1-tx0,512,0,6,351,-616,-662,-643,-560,-420,-230,-8,222,434,600,714,773,746,646,473,254,-5,-276,-517,-709,-841,-886,-835,-704,-502,-240,60,352,616,829,954,976,902,742,495,191,-130,-447,-724,-919,-1040,-1047,-941,-747,-464,-141,196,517,796,995,1090,1073,960,748,454,117,-238,-579,-853,-1038,-1135,-1115,-982,-737,-433,-87,284,617,904,1093,1157,1110,953,706,367,-6,-369,-699,-950,-1098,-1136,-1058,-876,-606,-280,65,414,709,927,1047,1046,963,785,513,208,-110,-411,-666,-846,-956,-962,-873,-700,-460,-193,95,375,615,798,892,899,823,672,448,177,-109,-379,-605,-773,-867,-867,-788,-629,-410,-150,216,393,616,771,844,831,736,570,339,74,-185,-420,-619,-749,-800,-766,-656,-480,-256,-20,225,441,604,698,723,685,570,397,197,-18,-238,-421,-568,-647,-658,-609,-502,-349,-164,29,217,391,517,593,605,552,449,292,115,-62,-223,-372,-475,-534,-526,-474,-385,-239,-93,57,200,321,425,470,468,427,344,228,101,-45,-174,-291,-378,-420,-421,-387,-307,-221,-97,42,169,285,349,397,397,344,270,173,55,-65,-182,-283,-349,-374,-355,-304,-213,-106,6,130,224,297,339,339,292,203,114,1,-114,-194,-259,-295,-285,-241,-167,-68,31,135,206,242,244,195,114,28,-59,-128,-705,-606,0,396,-135,-173,-153,-99,-5,95,181,248,272,248,174,74,-38,-149,-242,-296,-318,-286,-218,-127,-9,108,212,294,338,338,295,223,116,-3,-127,-231,-298,-344,-351,-318,-232,-129,-20,98,192,273,321,322,313,260,176,100,-1,-103,-186,-253,-302,-329,-317,-269,-206,-114,-11,104,202,279,334,351,340,291,218,120,-13,-130,-231,-321,-379,-396,-369,-299,-212,-102,28,158,264,333,380,392,358,289,180,75,-58,-188,-284,-355,-394,-395,-358,-287,-178,-55,77,201,293,368,400,391,343,261,156,28,-97,-210,-306,-360,-379,-371,-323,-232,-132,-18,107,205,274,332,368,351,302,215,-584,8,-102,-193,-279,-323,-349,-341,-299,-224,-124,-14,100,203,284,341,352,339,287,197,95,-12,-121,-217,-279,-313,-310,-276,-223,-147,-56,40,130,192,240,243,232,208,156,98,21,-41,-87,-120,-140,-132,-117,-89,-66,-42,-19,-16,-11,-15,-13,-16,-8,13,38,64,96,137,157,171,166,131,77,17,-56,-136,-218,-276,-291,-287,-267,-203,-107,0,107,213,305,375,398,388,344,246,120,-17,-155,-284,-387,-454,-468,-435,-358,-248,-110,53,205,341,435,496,508,475,378,250,98,-64,-222,-363,-462,-533,-545,-500,-415,-277,-115,49,225,367,477,554,566,527,443,318,982,1048,0,-699,-609,-208,-9,200,390,555,664,715,693,601,442,243,0,-246,-469,-649,-774,-829,-795,-673,-488,-250,35,317,569,767,896,937,874,730,503,215,-97,-398,-672,-875,-997,-1017,-934,-754,-485,-173,171,493,767,970,1069,1061,950,748,460,128,-210,-533,-814,-1016,-1114,-1099,-976,-739,-448,-104,261,604,875,1053,1147,1116,972,729,401,37,-328,-665,-932,-1111,-1157,-1096,-930,-653,-317,47,400,709,936,1072,1100,1021,824,555,229,-101,-404,-688,-892,-1000,-1013,-921,-736,-482,-194,115,407,655,827,918,918,833,683,457,189,-99,-369,-602,-777,-873,-884,-808,-652,-435,-169,118,379,608,766,855,757,769,603,378,119,-154,-407,-620,-770,-827,-800,-694,-519,-288,-38,211,438,617,726,761,720,608,434,218,-2,-230,-432,-580,-663,-693,-651,-540,-382,-177,34,227,406,539,615,625,587,475,327,146,-47,-222,-383,-505,-559,-561,-513,-416,-280,-119,59,211,363,456,493,492,441,358,239,89,-50,-193,-317,-403,-447,-445,-396,-327,-217,-90,44,179,278,353,408,410,380,298,197,84,-54,-174,-266,-340,-382,-379,-338,-255,-141,-20,96,204,286,337,361,336,262,167,55,-58,-169,-249,-294,-320,-287,-229,-156,-52,60,156,230,267,271,234,157,64,-37,-129,-184,-200,-183,-128,-24,-365,0,981,1064,33,110,188,227,214,165,84,-23,-137,-232,-284,-296,-264,-187,-89,31,146,239,303,334,314,260,170,57,-65,-171,-262,-322,-341,-322,-258,-180,-70,47,171,272,318,346,331,274,201,92,-5,-101,-205,-260,-299,-325,-307,-259,-192,-100,-3,101,181,254,314,342,345,291,215,112,-3,-107,-209,-295,-363,-386,-359,-312,-233,-115,17,142,245,327,384,408,372,287,195,84,-47,-167,-281,-346,-386,-407,-362,-287,-184,-63,65,182,292,364,397,394,346,265,166,37,-86,-201,-297,-359,-390,-375,-327,-244,-129,-19,92,205,292,343,375,359,299,221,129,10,-103,-206,-282,-674,-370,-343,-296,-219,-121,-19,96,198,279,329,347,333,285,211,111,-1,-103,-207,-280,-319,-337,-325,-262,-176,-78,27,117,202,257,291,291,252,189,110,23,-44,-111,-162,-194,-200,-180,-146,-105,-59,-5,32,54,55,57,50,46,46,42,45,50,69,88,98,97,87,58,16,-24,-88,-150,-196,-226,-237,-224,-187,-106,-15,75,173,261,323,350,339,303,226,122,-6,-126,-253,-355,-420,-447,-428,-358,-247,-109,39,186,315,420,489,499,456,367,245,102,-56,-214,-351,-448,-513,-517,-479,-387,-262,-115,60,220,362,475,529,553,516,425,300,133,-42,-211,-362,-482,-397,141
38949,mtk,MTK 7916,2422650333,rx1-tx1,512,0,0,0,311,572,710,701,541,264,-67,-377,-609,-706,-652,-461,-180,144,425,606,655,559,349,66,-223,-452,-574,-566,-435,-212,59,313,494,558,483,298,53,-204,-411,-526,-522,-400,-182,82,331,498,558,492,315,62,-201,-422,-555,-569,-447,-229,36,295,497,584,547,396,157,-121,-373,-541,-586,-516,-339,-89,181,407,549,568,468,275,22,-226,-425,-525,-510,-391,-197,35,254,409,466,425,297,112,-89,-260,-370,-405,-346,-212,-47,123,255,317,312,243,119,-11,-137,-230,-262,-231,-154,-48,63,151,190,182,138,63,-26,-99,-147,-152,-114,-45,30,94,134,134,96,35,-34,0,-149,-168,-129,-51,41,123,186,209,182,101,3,-106,-206,-255,-245,-191,-94,27,152,258,308,293,220,93,-56,-191,-291,-334,-308,-223,-93,60,202,305,351,319,222,84,-61,-205,-303,-336,-302,-209,-88,49,180,273,310,277,190,73,-56,-166,-240,-263,-233,-157,-60,38,123,178,198,180,117,37,-32,-85,-110,-115,-101,-60,-20,11,35,45,34,15,-3,-13,-10,0,16,40,64,72,54,16,-23,-67,-111,-138,-136,-98,-48,21,99,166,199,200,165,91,-6,-99,-182,-241,-261,-237,-171,-72,44,151,235,287,296,265,195,97,-8,-102,-178,-227,-239,-226,-190,0,0,0,0,0,131,146,147,128,81,14,-63,-134,-190,-227,-229,-187,-108,-8,95,193,258,278,240,157,36,-93,-206,-284,-315,-279,-184,-56,93,232,323,350,311,203,56,-110,-262,-361,-389,-328,-197,-24,153,302,392,397,321,173,-23,-218,-373,-459,-448,-342,-159,70,282,431,496,468,334,125,-120,-334,-481,-530,-474,-306,-67,180,381,511,533,437,245,1,-246,-444,-546,-529,-397,-183,82,340,522,592,539,371,118,-171,-428,-586,-620,-531,-323,-40,248,481,615,624,509,282,-11,-301,-526,-636,-610,-458,-213,84,362,554,629,567,378,107,-180,-429,-576,-596,-487,-265,12,287,504,0,569,398,135,-158,-423,-596,-642,-539,-310,-10,300,557,695,681,518,235,-109,-437,-675,-763,-693,-470,-137,230,554,763,808,679,401,32,-352,-663,-834,-821,-627,-301,98,487,772,887,808,551,178,-237,-610,-862,-924,-782,-466,-60,367,719,918,915,716,359,-76,-491,-803,-949,-889,-631,-236,207,598,860,945,829,523,107,-327,-688,-899,-913,-729,-395,13,418,733,889,845,621,264,-140,-509,-764,-845,-739,-478,-115,271,591,771,782,618,317,-47,-394,-650,-764,-711,-496,-169,189,499,698,745,626,361,21,-321,-591,-735,-721,-548,-254,91,420,653,746,677,458,141,-201,-497,0,0,0,0,0,-660,-448,-141,193,479,666,713,603,366,54,-260,-516,-663,-667,-524,-274,24,314,534,630,582,408,156,-127,-376,-531,-555,-454,-257,-5,247,441,527,494,344,114,-147,-376,-524,-549,-448,-243,13,266,464,558,532,391,158,-117,-365,-530,-588,-512,-321,-60,217,444,572,579,464,246,-22,-279,-481,-577,-545,-408,-186,76,322,486,547,492,333,111,-129,-332,-460,-490,-422,-264,-51,168,333,414,416,336,178,-17,-187,-307,-362,-342,-244,-94,63,194,265,284,237,146,23,-98,-191,-232,-215,-155,-65,37,125,168,165,125,58,-21,-94,-133,-136,-102,-40,34,98,132,133,0,37,-49,-125,-174,-179,-141,-73,18,123,208,239,217,154,50,-74,-184,-260,-288,-252,-163,-32,111,227,297,317,270,161,19,-135,-262,-338,-340,-273,-155,-11,136,257,328,334,275,160,12,-135,-251,-317,-318,-260,-149,-17,117,231,284,274,214,120,3,-109,-189,-230,-231,-174,-88,-6,68,126,150,147,119,65,5,-42,-73,-76,-63,-52,-28,6,28,22,-3,-21,-35,-38,-26,-4,28,64,93,107,101,63,6,-52,-111,-158,-170,-152,-100,-24,67,142,199,231,223,167,79,-28,-136,-226,-277,-281,-247,-175,-76,30,136,226,281,291,269,213,137,53,-23,-85,0,0,0,0,0,-37,9,60,114,164,196,200,169,109,25,-67,-161,-232,-262,-242,-182,-86,31,148,238,292,288,230,118,-22,-155,-265,-328,-325,-257,-137,14,166,293,359,345,269,134,-43,-208,-336,-394,-364,-256,-95,92,268,395,437,385,251,58,-151,-338,-458,-486,-406,-244,-35,195,391,506,514,415,216,-25,-258,-441,-536,-508,-375,-168,79,317,483,554,503,334,92,-169,-394,-534,-560,-462,-268,-10,262,487,606,595,455,220,-64,-341,-546,-640,-603,-433,-165,132,402,586,641,563,372,103,-195,-454,-603,-624,-518,-303,-22,259,487,604,584,439,198,-91,-354,-540,-605,-528,-336,0,224,463,602,603,464,215,-84,-372,-591,-680,-613,-409,-111,221,508,697,738,611,349,10,-343,-628,-769,-758,-582,-274,103,462,725,831,760,525,166,-230,-575,-807,-871,-742,-435,-34,369,697,884,884,685,329,-100,-499,-792,-929,-861,-603,-216,216,612,872,943,815,509,86,-355,-714,-916,-925,-739,-388,48,471,794,944,886,644,261,-175,-567,-829,-917,-809,-520,-127,286,631,832,857,697,381,-16,-396,-675,-810,-771,-556,-224,147,484,712,778,667,408,67,-286,-577,-736,-725,-557,-272,83,425,659,741,674,459,140,-211,-515,-699,-733,-612,-353,-18,315,578,725,713,532,0,0
38950,mtk,MTK 7916,2422650333,rx2-tx0,512,0,0,0,890,582,146,-326,-721,-956,-981,-788,-413,58,511,850,1000,928,648,217,-260,-673,-936,-996,-824,-463,2,465,816,987,943,679,251,-236,-667,-951,-1013,-851,-495,-30,452,828,1021,979,720,291,-203,-661,-972,-1058,-908,-559,-82,422,829,1046,1021,775,351,-153,-615,-935,-1045,-916,-577,-107,390,790,1007,992,748,323,-177,-638,-956,-1053,-908,-548,-56,452,863,1077,1046,782,343,-190,-688,-1047,-1165,-1023,-648,-134,414,885,1169,1190,946,499,-61,-612,-1027,-1217,-1141,-826,-335,236,750,1102,1213,1058,673,148,-405,-863,-1128,-1148,-918,-487,39,549,932,1105,1032,735,283,-229,-681,-975,-1047,0,-523,-57,418,798,991,956,706,294,-184,-617,-911,-1002,-862,-521,-61,415,805,1010,983,746,337,-161,-629,-959,-1083,-964,-618,-127,393,833,1109,1144,922,493,-51,-604,-1029,-1240,-1190,-877,-368,222,772,1161,1314,1190,810,251,-367,-915,-1269,-1355,-1157,-717,-123,495,1008,1314,1351,1109,623,8,-601,-1079,-1336,-1319,-1033,-531,77,663,1111,1334,1284,971,470,-116,-678,-1095,-1286,-1210,-898,-417,123,633,1003,1164,1091,814,385,-103,-554,-879,-1012,-941,-699,-334,84,465,736,850,795,591,279,-65,-381,-604,-705,-672,-511,-259,20,281,481,587,585,485,313,101,-107,-276,-393,-441,-417,-343,-235,0,0,0,0,0,283,244,168,51,-95,-248,-378,-463,-481,-427,-298,-110,103,305,460,536,518,405,213,-29,-267,-457,-564,-563,-454,-247,18,275,481,599,594,467,238,-43,-320,-530,-637,-611,-457,-201,105,400,605,686,618,412,116,-206,-499,-694,-734,-615,-359,-28,326,623,787,783,612,297,-90,-460,-747,-879,-823,-589,-230,187,566,829,914,811,533,133,-303,-678,-913,-952,-782,-452,-24,415,768,962,950,730,342,-115,-543,-864,-1010,-930,-638,-217,244,659,938,1011,864,530,84,-378,-761,-980,-994,-790,-413,49,500,845,1009,952,691,279,-192,-620,-910,-1011,-894,-571,-130,331,721,956,978,0,421,-30,-473,-815,-972,-910,-655,-252,205,611,881,956,816,492,51,-392,-743,-934,-913,-679,-294,158,578,864,960,841,522,81,-379,-752,-959,-952,-729,-335,134,577,895,1021,907,583,135,-345,-759,-1004,-1018,-801,-409,76,549,904,1055,966,656,195,-317,-759,-1027,-1062,-858,-459,46,548,929,1103,1030,726,248,-290,-760,-1059,-1133,-952,-558,-32,506,928,1140,1112,835,362,-189,-693,-1047,-1174,-1038,-676,-166,384,846,1115,1141,916,491,-39,-554,-947,-1128,-1053,-753,-292,238,713,1015,1085,920,558,73,-427,-826,-1028,-1005,-760,-346,143,591,906,1018,895,571,118,-349,-734,-959,-962,-743,0,0,0,0,0,444,800,983,946,692,280,-193,-622,-922,-1010,-864,-532,-83,393,772,979,963,735,340,-132,-579,-891,-998,-882,-573,-125,356,753,978,988,770,374,-110,-570,-900,-1032,-930,-613,-151,346,762,1010,1040,822,419,-75,-552,-912,-1069,-978,-671,-224,280,730,1003,1043,848,470,-14,-494,-863,-1033,-964,-666,-216,283,715,983,1033,835,434,-65,-551,-912,-1071,-986,-678,-198,332,795,1078,1127,920,501,-36,-574,-986,-1183,-1118,-808,-315,250,758,1112,1226,1069,673,137,-425,-898,-1181,-1206,-961,-511,43,582,996,1187,1120,805,325,-215,-710,-1044,-1143,-987,-624,-128,386,810,1048,1051,819,410,-79,0,-887,-1016,-921,-618,-181,300,706,951,982,787,407,-65,-524,-864,-1003,-920,-635,-193,297,725,998,1043,846,463,-33,-536,-924,-1111,-1061,-770,-298,245,743,1088,1199,1054,684,154,-431,-928,-1226,-1270,-1042,-586,-9,579,1064,1324,1298,1001,493,-129,-725,-1165,-1358,-1275,-930,-383,244,816,1225,1382,1241,849,273,-353,-900,-1260,-1362,-1181,-768,-204,399,918,1245,1317,1123,707,160,-413,-889,-1175,-1225,-1030,-641,-148,360,787,1046,1087,915,566,128,-311,-671,-889,-924,-776,-482,-114,256,560,745,772,648,408,106,-201,-454,-615,-656,-576,-394,-148,99,311,463,531,513,419,271,102,-56,-179,-254,0,0,0,0,0,123,232,327,392,406,362,257,102,-79,-260,-410,-509,-520,-434,-272,-64,162,369,514,564,502,344,116,-138,-372,-535,-594,-533,-363,-123,159,411,579,626,545,347,71,-223,-477,-636,-660,-544,-306,-1,307,555,695,690,523,238,-98,-424,-671,-772,-708,-490,-156,219,553,779,847,730,447,64,-334,-669,-874,-900,-723,-389,27,438,764,924,892,674,302,-143,-553,-855,-977,-880,-595,-185,264,661,921,986,834,504,61,-395,-769,-981,-982,-760,-377,83,524,858,1010,941,669,251,-221,-647,-935,-1019,-888,-563,-118,348,744,978,995,802,436,-27,-475,-822,-990,-945,-693,-284,188,0,901,986,857,540,109,-349,-726,-933,-939,-745,-378,78,508,822,950,867,587,172,-279,-669,-912,-950,-764,-407,38,478,818,970,899,626,216,-254,-673,-936,-988,-826,-468,6,488,849,1018,968,708,277,-220,-673,-976,-1047,-887,-533,-60,440,839,1048,1018,756,323,-187,-659,-992,-1097,-955,-595,-100,424,854,1097,1091,839,393,-138,-640,-1009,-1156,-1041,-697,-194,353,821,1111,1157,948,531,-8,-545,-963,-1161,-1106,-809,-337,208,706,1045,1146,994,628,127,-398,-828,-1077,-1086,-850,-429,75,563,916,1064,974,671,218,-278,-709,-979,-1023,-839,-465,4,470,828,994,936,665,248,-227,-649,0,0
38951,mtk,MTK 7916,2422650333,rx2-tx1,512,0,0,0,-565,-541,-399,-172,76,308,464,520,468,320,106,-128,-337,-472,-494,-413,-250,-38,174,343,441,453,362,195,-5,-189,-331,-404,-390,-294,-139,39,203,321,366,335,232,90,-65,-197,-281,-300,-267,-178,-57,56,151,226,241,206,141,57,-30,-99,-138,-146,-129,-99,-51,-3,23,30,50,56,55,63,72,68,61,53,33,-5,-62,-116,-162,-181,-172,-120,-36,65,163,235,271,249,178,63,-71,-198,-291,-338,-314,-221,-73,94,250,350,381,342,228,65,-115,-272,-377,-411,-354,-218,-37,152,310,402,409,330,186,1,-193,-340,-418,-412,-314,-156,36,222,363,418,386,0,109,-83,-259,-376,-410,-352,-218,-43,138,293,380,381,300,144,-45,-216,-335,-382,-342,-225,-54,128,282,365,361,278,130,-53,-223,-352,-412,-369,-237,-38,173,347,453,467,364,179,-60,-299,-484,-560,-532,-382,-134,150,412,598,661,593,406,120,-208,-492,-686,-755,-667,-433,-114,240,547,757,810,702,455,114,-256,-574,-787,-839,-731,-480,-134,246,580,804,871,760,496,151,-203,-522,-749,-833,-746,-527,-216,134,448,665,755,700,518,253,-62,-351,-558,-654,-634,-504,-279,-9,249,449,562,569,470,304,94,-117,-303,-428,-482,-458,-366,-224,-68,79,200,279,310,292,242,0,0,0,0,0,-104,-104,-83,-40,13,67,121,162,179,172,143,96,30,-39,-109,-165,-191,-183,-140,-81,-7,65,125,166,187,168,111,39,-31,-96,-143,-160,-155,-125,-58,10,60,106,130,133,109,58,4,-41,-84,-107,-106,-94,-58,-8,30,53,69,66,59,38,11,-11,-20,-25,-29,-20,-12,-15,-26,-23,-21,-17,-7,15,34,57,79,93,89,66,18,-48,-109,-152,-168,-163,-133,-67,18,107,188,240,242,194,112,-1,-114,-206,-277,-304,-257,-158,-34,94,211,299,324,286,193,63,-86,-219,-314,-344,-302,-194,-64,77,208,299,319,275,184,49,-100,-223,-288,-290,-233,0,-3,124,227,290,276,191,70,-64,-185,-262,-282,-243,-154,-29,112,230,286,274,216,102,-45,-178,-267,-307,-281,-182,-35,120,250,320,320,259,137,-21,-181,-314,-373,-342,-241,-90,88,255,366,394,334,209,30,-160,-307,-378,-377,-292,-136,51,224,350,390,346,229,50,-150,-308,-394,-393,-305,-146,55,259,404,451,395,252,45,-186,-373,-494,-514,-418,-223,24,277,467,564,544,407,180,-90,-357,-549,-626,-576,-398,-125,166,425,616,682,591,384,103,-214,-494,-665,-700,-604,-382,-78,243,518,678,705,592,361,54,-254,-510,-657,-671,-557,-325,-35,256,474,601,608,0,0,0,0,0,67,-186,-399,-534,-545,-442,-248,-5,232,408,500,500,383,184,-43,-256,-409,-463,-431,-313,-121,87,264,389,427,375,248,78,-106,-268,-364,-382,-319,-195,-29,131,255,321,324,257,141,1,-124,-214,-260,-261,-206,-112,-2,97,167,202,191,141,74,7,-48,-89,-106,-105,-92,-68,-35,-23,-23,-17,7,29,49,77,101,123,126,98,43,-26,-101,-177,-235,-237,-191,-105,1,122,223,292,310,262,145,-2,-148,-274,-350,-362,-291,-156,14,185,319,379,361,283,142,-40,-222,-349,-407,-388,-290,-115,83,257,380,426,384,262,77,-117,-282,-397,-429,-361,-229,-39,165,0,398,391,322,187,-8,-203,-341,-402,-374,-260,-98,85,252,361,390,333,193,13,-165,-306,-369,-352,-255,-92,94,260,365,388,324,174,-24,-217,-366,-435,-409,-291,-96,136,340,478,524,453,267,17,-242,-463,-605,-615,-491,-272,10,318,572,703,689,538,273,-60,-382,-644,-774,-749,-573,-288,65,406,676,823,800,601,296,-71,-426,-706,-850,-826,-638,-336,40,412,692,834,823,651,362,8,-343,-623,-774,-781,-638,-382,-67,249,518,678,703,595,380,114,-165,-411,-580,-624,-557,-402,-177,74,293,445,523,511,418,255,64,-127,-276,-375,-411,-388,-316,-212,-96,10,96,0,0,0,0,0,-39,-82,-117,-146,-160,-158,-129,-75,-12,46,107,160,184,182,155,98,27,-48,-115,-166,-188,-175,-133,-69,12,79,133,175,178,146,92,18,-56,-107,-141,-157,-139,-91,-36,23,79,109,113,101,74,24,-18,-50,-75,-96,-79,-52,-25,3,24,37,53,55,35,16,10,-3,-9,-12,-11,-24,-24,-36,-49,-58,-56,-43,-16,17,53,92,123,131,119,72,3,-71,-142,-193,-207,-191,-139,-49,61,173,251,273,250,182,83,-47,-174,-260,-298,-302,-244,-120,26,160,266,330,329,258,140,-5,-157,-272,-326,-316,-254,-139,7,151,255,308,299,222,96,-41,-168,0,-285,-258,-172,-35,106,213,268,274,215,113,-18,-151,-248,-296,-279,-186,-52,84,206,283,297,248,139,-7,-154,-262,-323,-308,-216,-78,78,227,325,354,308,183,17,-146,-287,-377,-375,-289,-138,40,209,334,390,363,258,86,-103,-261,-363,-394,-330,-189,1,186,326,393,375,265,95,-107,-285,-405,-435,-361,-195,11,223,396,483,462,337,123,-113,-333,-492,-550,-491,-320,-68,199,424,572,596,499,296,21,-268,-501,-633,-640,-509,-261,39,335,562,678,660,508,243,-73,-377,-605,-714,-674,-502,-225,101,400,609,701,655,470,194,-111,-387,-591,-667,-596,-415,-158,138,0,0
38952,mtk,MTK 7916,2422702905,rx0-tx0,512,-349,802,614,245,398,531,627,667,650,572,449,286,90,-113,-312,-483,-609,-692,-713,-665,-564,-414,-218,-12,206,407,559,670,731,721,639,505,333,129,-86,-291,-467,-600,-674,-689,-647,-544,-404,-229,-44,141,310,457,557,605,612,564,469,345,202,50,-113,-257,-371,-468,-510,-523,-505,-449,-365,-246,-120,19,159,285,399,495,544,546,516,447,342,202,31,-149,-304,-445,-556,-615,-624,-574,-470,-330,-148,37,218,389,529,615,648,613,517,387,215,31,-150,-317,-452,-543,-574,-550,-483,-372,-239,-89,58,195,320,397,441,437,391,338,260,151,53,-54,-140,-212,-265,-287,-300,-286,-511,-215,-168,-100,-34,31,95,156,200,241,268,268,254,218,179,129,64,-18,-87,-167,-234,-285,-324,-334,-319,-280,-207,-116,-19,95,206,301,374,420,430,401,331,233,108,-38,-175,-303,-408,-476,-510,-482,-411,-312,-181,-34,126,269,380,462,507,503,455,367,243,98,-49,-189,-319,-418,-476,-499,-471,-407,-299,-178,-40,110,243,356,439,478,465,424,341,224,95,-40,-175,-286,-377,-428,-435,-410,-350,-260,-148,-10,123,227,314,374,396,388,339,255,151,34,-91,-193,-284,-342,-362,-346,-297,-221,-114,-1,103,201,275,315,322,278,199,96,-15,-117,-197,-235,-226,-171,1005,997,1179,646,335,-40,-70,-88,-87,-68,-34,15,61,101,121,122,111,74,32,-15,-60,-100,-135,-143,-134,-107,-69,-23,29,83,121,147,149,139,115,69,20,-31,-80,-119,-131,-143,-133,-104,-72,-43,0,38,64,94,110,104,99,87,56,29,21,-10,-37,-56,-83,-106,-112,-107,-103,-93,-64,-28,13,57,96,123,137,150,142,128,99,58,11,-34,-84,-127,-153,-177,-185,-166,-126,-85,-43,13,69,123,155,184,190,181,162,132,80,16,-44,-96,-144,-177,-207,-216,-205,-164,-127,-78,-9,54,106,167,212,241,246,221,193,139,71,-6,-87,-169,-228,-279,-300,-302,-272,-208,-330,-55,45,143,236,309,351,374,361,306,217,115,0,-117,-228,-318,-385,-413,-413,-376,-296,-187,-67,59,180,288,382,444,458,437,383,295,175,46,-84,-221,-341,-442,-496,-510,-490,-425,-327,-198,-45,123,286,429,544,605,620,583,501,356,185,-14,-221,-406,-568,-671,-721,-709,-624,-498,-304,-92,138,365,555,702,784,797,737,603,408,184,-63,-311,-521,-678,-781,-815,-768,-654,-491,-269,-28,215,426,593,707,758,747,659,517,340,137,-79,-278,-444,-577,-657,-679,-641,-562,-424,-255,-91,89,261,406,526,600,620,591,520,414,271,99,-73,-232,-391,-509,-588,-620,-595,1231,1106,-729,-595,-774,602,504,374,203,14,-180,-363,-513,-630,-689,-687,-631,-511,-351,-163,53,258,436,592,690,725,704,603,453,277,74,-146,-349,-520,-650,-714,-716,-647,-532,-373,-180,16,220,392,528,616,648,632,564,442,288,119,-52,-225,-364,-468,-534,-565,-553,-488,-403,-282,-139,-4,146,266,377,455,504,522,495,439,357,241,94,-57,-203,-342,-461,-552,-597,-579,-516,-420,-277,-101,84,268,424,547,623,635,598,510,368,196,5,-196,-360,-497,-587,-617,-592,-513,-395,-238,-58,113,270,391,472,505,489,445,353,244,116,-24,-131,-221,-297,-341,-356,-348,-312,-266,-189,-109,-32,47,1105,165,218,253,265,261,243,206,158,112,45,-24,-87,-149,-198,-243,-283,-291,-281,-259,-204,-140,-56,36,131,219,301,350,377,383,342,276,182,69,-57,-192,-309,-402,-466,-481,-454,-385,-279,-151,1,157,287,394,471,512,498,435,338,211,66,-86,-228,-352,-449,-496,-501,-466,-391,-275,-153,-5,141,277,392,459,499,481,425,330,209,62,-80,-200,-320,-403,-446,-454,-413,-339,-240,-118,8,137,252,342,400,424,395,338,256,145,25,-94,-208,-299,-356,-385,-367,-316,-240,-135,-20,93,194,277,330,342,321,266,175,68,-46,-159,-237,-283,-286,-253,-181,-83,20,98,155,-106,1145,-1086,-1212,-59,-38,-3,36,73,100,112,104,73,28,-16,-66,-106,-126,-132,-119,-94,-53,1,52,98,131,148,148,127,95,48,-6,-55,-100,-133,-146,-140,-126,-87,-49,-8,45,83,103,122,128,114,90,64,22,-6,-23,-55,-84,-86,-94,-108,-94,-86,-75,-46,-16,11,42,82,117,130,132,129,109,79,41,-2,-48,-84,-121,-148,-160,-159,-145,-109,-69,-28,26,80,122,151,170,182,170,144,111,59,-7,-65,-115,-154,-187,-200,-193,-172,-138,-93,-44,16,82,136,176,217,232,215,186,158,102,44,-39,-104,-162,-215,-254,-275,-270,-232,-172,-102,-21,66,156,229,826,330,338,314,262,177,80,-24,-136,-238,-313,-369,-393,-386,-336,-259,-150,-24,97,219,323,398,434,442,403,337,245,115,-13,-146,-266,-371,-443,-471,-470,-434,-359,-247,-109,24,167,303,423,511,560,562,517,419,284,108,-74,-251,-419,-553,-640,-682,-652,-570,-430,-241,-36,185,381,559,689,755,763,691,554,368,137,-106,-342,-548,-700,-784,-817,-758,-625,-446,-224,22,263,467,641,759,799,766,660,506,306,85,-147,-361,-527,-643,-715,-718,-655,-540,-383,-197,-3,179,350,500,586,633,635,574,478,343,179,4,-169,-324,-451,-553,-600,-595,-563,-484,-348,-194,-19,154,-301,-612
38953,mtk,MTK 7916,2422702905,rx0-tx1,512,87,-129,67,13,188,358,509,614,682,696,644,540,385,189,-25,-246,-456,-630,-751,-813,-807,-741,-604,-415,-185,69,311,539,734,864,925,909,822,660,428,160,-125,-405,-660,-864,-991,-1025,-978,-858,-656,-400,-100,206,497,750,931,1039,1065,1001,853,639,373,78,-230,-516,-760,-937,-1053,-1083,-1025,-888,-673,-398,-99,221,524,785,996,1120,1150,1083,936,698,403,67,-271,-594,-872,-1066,-1171,-1190,-1094,-911,-647,-330,16,355,661,916,1092,1168,1150,1043,839,568,252,-83,-398,-676,-916,-1067,-1124,-1091,-965,-754,-489,-185,133,436,701,912,1033,1069,1022,880,678,416,121,-173,-456,-696,-876,-990,-689,-942,-796,-592,-348,-77,201,462,670,826,916,932,875,742,546,321,74,-180,-427,-637,-793,-887,-915,-870,-743,-567,-342,-85,181,433,651,823,931,945,888,759,566,320,41,-244,-507,-730,-887,-972,-975,-886,-732,-511,-238,50,336,596,797,934,988,950,837,645,403,131,-168,-443,-684,-852,-941,-958,-894,-728,-510,-249,33,312,558,748,865,906,859,733,543,315,55,-198,-420,-599,-726,-783,-763,-676,-527,-334,-126,87,293,466,584,643,645,589,480,336,162,-24,-202,-356,-472,-542,-551,-510,-419,-280,-127,40,205,344,438,480,462,387,259,102,-57,-200,-306,-350,-324,-250,-616,-483,0,458,615,105,194,248,257,224,149,42,-78,-187,-275,-329,-345,-318,-244,-143,-26,99,211,301,368,394,374,329,244,136,14,-127,-250,-348,-424,-452,-442,-397,-314,-192,-47,107,256,383,482,533,547,510,408,272,107,-78,-256,-420,-546,-625,-650,-604,-503,-344,-166,39,247,430,580,673,698,655,558,409,211,-3,-209,-395,-548,-654,-690,-657,-580,-443,-268,-74,127,310,468,575,631,627,576,475,324,162,-14,-185,-333,-458,-540,-577,-566,-504,-400,-269,-119,43,198,328,425,495,524,499,445,354,230,94,-46,-178,-299,-398,-459,-481,-464,-407,-320,-209,-82,40,165,275,358,418,-130,437,389,312,218,106,-12,-132,-246,-335,-395,-425,-425,-386,-321,-226,-115,-7,107,217,301,357,393,389,356,304,236,152,58,-42,-139,-223,-295,-342,-365,-369,-348,-308,-250,-166,-67,43,144,248,330,395,440,449,421,365,272,149,19,-124,-262,-378,-471,-527,-544,-516,-440,-329,-184,-25,145,305,439,536,598,610,568,478,339,175,-1,-179,-347,-480,-578,-624,-616,-562,-455,-310,-148,35,206,360,481,557,592,572,507,404,268,123,-33,-183,-308,-407,-473,-499,-493,-453,-377,-277,-162,-42,76,188,292,373,427,458,455,427,369,283,176,54,-69,-202,-328,-430,-507,-550,-440,-159,504,766,776,634,608,542,424,265,88,-118,-315,-491,-634,-725,-763,-738,-640,-489,-294,-72,157,387,592,746,851,871,824,717,538,306,43,-225,-482,-706,-877,-968,-980,-912,-767,-548,-279,20,309,588,813,972,1047,1035,943,759,511,225,-79,-378,-642,-855,-1002,-1073,-1053,-951,-762,-522,-244,70,368,642,875,1025,1102,1099,995,822,569,258,-70,-391,-689,-944,-1112,-1184,-1149,-1032,-818,-532,-212,137,478,768,1003,1143,1189,1130,982,752,455,123,-218,-541,-812,-1011,-1127,-1147,-1069,-913,-677,-375,-59,261,559,807,985,1087,1090,1002,834,597,305,1,-307,-582,-802,-963,-1035,-1019,-926,-746,-517,-242,261,330,579,771,905,961,942,836,674,458,202,-68,-328,-565,-741,-857,-911,-899,-810,-653,-445,-212,41,300,534,722,861,927,916,829,674,467,207,-73,-339,-582,-782,-915,-969,-941,-835,-657,-424,-154,140,420,664,856,967,992,937,798,585,325,36,-251,-517,-743,-892,-974,-967,-874,-702,-460,-190,86,374,624,803,915,942,881,746,540,292,21,-258,-499,-684,-801,-849,-812,-707,-541,-328,-89,143,355,530,649,707,703,638,510,334,144,-58,-245,-402,-519,-589,-600,-555,-458,-321,-154,23,191,341,448,504,514,467,362,218,57,-109,-260,-374,-427,-415,-348,-230,-81,61,165,461,607,0,-435,-152,172,129,38,-71,-174,-261,-307,-304,-260,-183,-80,38,161,264,332,367,363,313,237,130,0,-119,-233,-328,-389,-422,-411,-351,-268,-155,-20,119,250,366,451,491,489,442,353,224,72,-84,-251,-399,-506,-580,-595,-556,-461,-317,-142,61,257,438,569,648,678,630,530,377,184,-27,-237,-421,-568,-665,-691,-659,-566,-425,-237,-28,167,350,513,619,667,651,579,460,303,117,-68,-248,-412,-525,-584,-607,-573,-495,-375,-221,-56,114,270,397,489,539,546,502,417,307,176,26,-117,-244,-369,-454,-499,-496,-458,-389,-285,-160,-25,107,232,335,411,453,454,429,356,263,153,245,-85,-208,-306,-383,-426,-432,-414,-359,-274,-167,-53,67,184,282,361,404,416,404,351,270,180,75,-38,-141,-224,-297,-344,-368,-371,-342,-297,-227,-142,-54,38,136,220,294,349,385,395,379,338,264,173,60,-66,-184,-299,-403,-467,-494,-489,-439,-357,-242,-103,47,210,354,469,549,579,572,511,403,262,99,-74,-243,-396,-521,-598,-626,-605,-528,-405,-253,-73,110,283,433,537,603,618,576,492,365,213,47,-121,-274,-403,-495,-541,-548,-508,-430,-322,-193,-60,67,194,305,389,437,457,450,417,355,267,161,46,-75,-189,-292,-378,-445,-482,-490,-467,-403,-307,-188,-38,-442,-605
38954,mtk,MTK 7916,2422702905,rx1-tx0,512,0,6,351,-180,-371,-527,-650,-726,-739,-684,-561,-400,-199,27,265,490,676,798,863,852,758,614,401,141,-136,-411,-640,-829,-951,-983,-942,-810,-600,-329,-32,269,565,814,995,1084,1075,975,786,522,228,-106,-440,-735,-952,-1097,-1157,-1109,-962,-737,-436,-102,240,568,853,1057,1172,1188,1109,930,654,333,-12,-371,-694,-958,-1153,-1237,-1200,-1062,-833,-530,-172,185,529,822,1042,1163,1186,1096,915,668,354,15,-327,-625,-858,-1024,-1094,-1074,-954,-772,-518,-224,75,364,619,816,935,976,944,835,656,418,159,-107,-370,-595,-773,-890,-929,-888,-780,-611,-379,-106,155,404,623,795,899,911,854,713,216,284,9,-251,-491,-697,-828,-890,-875,-766,-594,-385,-137,131,373,570,715,805,819,752,623,442,227,9,-215,-413,-565,-674,-720,-706,-638,-501,-345,-152,56,256,414,533,625,649,624,543,420,266,87,-92,-277,-416,-516,-582,-589,-546,-463,-342,-185,-30,128,289,387,468,507,511,473,388,276,149,11,-139,-261,-364,-420,-450,-460,-428,-345,-234,-108,28,147,256,363,402,427,430,375,287,186,59,-70,-195,-297,-360,-404,-406,-363,-292,-201,-77,45,167,272,337,374,372,324,254,151,41,-67,-174,-252,-304,-321,-302,-244,-162,-63,53,156,222,256,251,214,137,44,-32,-705,-606,0,396,-135,-83,-150,-202,-224,-200,-145,-61,50,157,236,288,302,274,215,128,18,-92,-207,-284,-328,-346,-311,-252,-165,-50,71,186,271,328,364,362,312,239,136,14,-92,-186,-283,-333,-351,-347,-315,-238,-142,-49,53,148,221,291,333,343,326,275,214,132,32,-76,-165,-254,-320,-351,-366,-332,-282,-216,-117,6,117,214,305,371,392,394,352,273,178,57,-61,-178,-277,-359,-408,-408,-375,-319,-233,-129,-13,112,222,316,383,405,391,349,284,178,62,-46,-157,-262,-330,-382,-385,-359,-308,-222,-121,-13,92,189,273,324,356,350,313,256,170,80,-14,-111,-194,-256,-283,-297,-584,-263,-217,-153,-67,13,81,157,219,275,299,296,270,217,158,84,1,-77,-152,-222,-268,-275,-274,-249,-201,-138,-57,16,83,159,202,230,242,227,195,150,98,42,-14,-74,-111,-137,-140,-140,-136,-113,-92,-72,-60,-40,-18,-9,-4,15,44,62,76,112,149,168,180,172,155,120,64,2,-75,-155,-222,-275,-309,-322,-312,-267,-191,-95,19,131,232,323,381,419,418,372,298,188,60,-72,-205,-328,-414,-466,-491,-468,-399,-298,-166,-23,118,259,376,465,519,528,489,409,296,162,19,-142,-289,-415,-508,-563,-560,-533,-446,-325,-171,-2,166,328,470,567,618,625,982,1048,0,-699,-609,-673,-593,-468,-307,-108,108,328,515,663,764,805,780,681,506,294,53,-207,-445,-656,-825,-911,-922,-851,-709,-503,-237,53,347,613,837,986,1044,1020,905,703,437,126,-201,-511,-781,-977,-1090,-1125,-1044,-862,-619,-328,8,349,650,908,1090,1176,1160,1047,832,551,217,-134,-470,-773,-1012,-1153,-1212,-1161,-998,-757,-450,-87,276,616,896,1101,1206,1199,1095,887,599,264,-90,-437,-725,-951,-1101,-1147,-1096,-939,-716,-436,-120,204,490,739,925,1019,1021,952,805,587,324,43,-236,-490,-706,-855,-935,-945,-870,-728,-524,-278,-12,257,491,699,855,920,909,824,675,466,207,-67,-330,-566,757,-873,-908,-857,-751,-562,-329,-74,192,441,639,783,862,854,762,612,418,185,-68,-304,-507,-661,-748,-778,-740,-633,-482,-297,-82,129,331,487,604,678,693,640,522,385,213,17,-164,-334,-473,-566,-613,-611,-551,-441,-311,-147,33,197,347,467,535,557,546,474,362,235,89,-58,-205,-337,-429,-480,-497,-461,-399,-302,-189,-64,62,197,311,394,441,449,412,363,264,142,33,-100,-227,-319,-387,-424,-417,-380,-300,-199,-74,62,182,273,348,391,390,355,280,178,69,-58,-168,-257,-327,-348,-340,-297,-217,-117,-5,109,201,262,299,294,246,167,72,-32,-126,-190,-201,-183,-24,-365,0,981,1064,-166,-128,-59,37,133,209,262,280,245,171,74,-40,-148,-230,-297,-320,-315,-263,-175,-82,30,141,235,316,360,356,311,232,136,30,-90,-198,-285,-347,-370,-345,-316,-243,-134,-31,68,171,258,308,337,340,301,245,177,85,-7,-109,-197,-269,-329,-360,-345,-316,-256,-166,-74,38,141,219,302,364,391,367,318,249,142,29,-86,-202,-296,-368,-402,-407,-370,-303,-216,-96,31,153,261,346,396,415,400,344,263,150,25,-89,-191,-286,-363,-390,-383,-359,-292,-208,-106,19,124,230,308,352,365,355,315,245,155,55,-56,-150,-237,-291,-316,-325,-301,-258,-189,-114,-41,-674,138,204,260,290,286,284,256,199,125,32,-51,-127,-190,-242,-282,-294,-276,-243,-182,-101,-26,52,127,188,239,262,255,244,200,136,73,2,-59,-123,-165,-192,-196,-187,-165,-137,-102,-63,-22,26,59,74,76,71,91,91,89,92,103,104,97,96,89,56,14,-31,-83,-138,-183,-217,-243,-257,-240,-191,-118,-35,49,145,236,310,360,375,358,315,233,134,19,-110,-230,-332,-410,-447,-454,-428,-354,-248,-125,17,164,299,399,473,506,496,445,350,231,92,-64,-213,-344,-443,-508,-542,-533,-476,-372,-242,-81,74,228,379,494,575,596,577,517,408,264,100,-86,-397,141
38955,mtk,MTK 7916,2422702905,rx1-tx1,512,0,0,0,790,726,491,144,-235,-558,-753,-777,-613,-301,76,420,663,757,666,418,80,-274,-546,-684,-660,-476,-174,159,445,617,627,487,231,-82,-375,-572,-625,-518,-271,44,343,562,642,565,350,35,-292,-546,-674,-636,-439,-140,191,488,674,703,561,283,-67,-395,-635,-719,-637,-409,-86,254,532,686,679,508,227,-96,-395,-596,-657,-562,-343,-55,238,471,588,560,406,157,-116,-351,-494,-517,-417,-220,21,241,392,443,389,248,53,-140,-292,-371,-356,-255,-95,80,223,296,292,221,108,-34,-159,-235,-240,-189,-89,31,133,187,190,139,55,-40,-132,-183,-166,-103,-17,82,158,0,174,103,-7,-121,-203,-243,-221,-143,-18,123,243,300,292,215,84,-79,-236,-339,-366,-307,-168,15,200,347,417,393,282,106,-103,-293,-415,-446,-381,-227,-19,201,371,458,450,342,152,-64,-267,-415,-467,-412,-267,-65,140,307,412,430,352,197,7,-181,-328,-401,-383,-288,-136,39,188,277,311,280,188,61,-63,-154,-202,-207,-162,-94,-17,56,106,112,90,52,5,-35,-44,-41,-19,16,44,57,55,22,-30,-79,-115,-124,-109,-64,9,90,161,195,191,154,76,-29,-128,-214,-267,-262,-206,-112,13,136,235,299,315,281,200,94,-22,-129,-213,-260,-264,-234,-189,0,0,0,0,0,77,18,-42,-105,-167,-209,-217,-182,-112,-18,91,188,253,268,236,155,37,-99,-211,-288,-311,-271,-162,-16,134,263,341,352,278,137,-37,-203,-328,-389,-364,-255,-81,108,275,386,412,343,183,-14,-208,-357,-437,-408,-274,-78,136,319,433,445,354,169,-59,-278,-429,-484,-429,-266,-28,220,420,524,509,376,147,-123,-363,-529,-564,-467,-263,5,284,502,604,556,377,111,-188,-452,-607,-627,-494,-243,69,359,579,678,610,400,95,-239,-516,-674,-681,-531,-260,73,391,620,700,621,396,77,-253,-519,-663,-650,-483,-212,111,406,598,639,526,287,-15,-315,-536,-619,-549,0,-52,252,500,631,599,413,125,-198,-482,-652,-668,-514,-230,117,445,673,738,626,355,-3,-365,-651,-792,-738,-502,-145,252,595,800,820,647,315,-109,-511,-796,-890,-771,-461,-39,398,746,922,875,621,211,-252,-655,-910,-962,-772,-392,78,534,866,988,876,564,116,-361,-759,-975,-956,-712,-300,184,621,913,989,832,480,13,-450,-812,-984,-919,-631,-203,264,662,900,919,718,345,-102,-519,-807,-902,-778,-468,-50,373,697,850,794,548,173,-241,-593,-800,-811,-623,-285,122,490,735,804,680,390,-1,-388,-679,-804,-734,-492,-127,264,593,775,773,584,256,-130,-481,-718,-785,0,0,0,0,0,-64,320,620,782,761,557,221,-157,-497,-721,-775,-646,-374,-16,344,614,734,675,451,131,-207,-490,-649,-647,-483,-203,115,398,588,628,501,248,-67,-365,-569,-632,-533,-302,12,323,564,663,608,398,88,-255,-536,-681,-662,-492,-208,135,451,654,707,594,349,17,-324,-583,-700,-658,-462,-159,175,464,645,676,547,283,-28,-319,-543,-637,-569,-375,-110,170,403,531,535,409,201,-58,-296,-450,-485,-406,-237,-21,187,340,410,381,251,71,-113,-257,-331,-323,-237,-101,49,182,261,264,205,100,-28,-135,-200,-214,-164,-72,24,114,174,180,126,30,-69,-139,-173,-162,-102,0,101,178,211,192,119,-1,-132,-228,-278,-268,-182,-34,119,246,330,341,270,134,-51,-231,-352,-390,-350,-225,-42,156,321,415,415,327,165,-44,-250,-396,-455,-413,-279,-81,134,323,437,457,372,211,2,-213,-373,-449,-431,-317,-137,69,257,380,423,381,251,75,-107,-260,-349,-350,-286,-170,-24,121,225,263,240,182,95,-6,-93,-149,-163,-133,-78,-20,32,65,69,57,24,-15,-37,-36,-20,18,63,88,90,71,31,-27,-88,-140,-168,-156,-108,-28,71,156,209,232,210,141,31,-86,-191,-262,-293,-276,-210,-98,30,150,245,302,316,276,197,104,10,-71,-123,0,0,0,0,0,121,154,164,148,102,32,-51,-136,-203,-237,-232,-180,-86,30,147,239,289,283,214,97,-46,-187,-293,-338,-310,-219,-71,95,238,343,379,327,199,26,-156,-304,-385,-392,-304,-142,51,232,372,425,372,231,32,-170,-340,-431,-424,-317,-125,101,307,438,466,382,211,-20,-254,-433,-517,-478,-319,-87,170,399,536,547,423,203,-65,-325,-516,-577,-508,-320,-42,247,481,609,595,433,178,-120,-409,-615,-663,-553,-320,-9,308,559,681,651,475,183,-160,-462,-656,-695,-572,-323,-2,327,575,687,646,449,150,-177,-459,-635,-653,-513,-254,59,358,567,637,547,323,22,-283,0,-635,-580,-380,-93,226,491,637,626,460,174,-165,-464,-664,-707,-575,-293,61,409,665,767,681,431,69,-314,-631,-808,-791,-573,-223,181,552,798,855,711,388,-34,-453,-769,-902,-822,-537,-122,325,701,914,909,689,301,-165,-595,-885,-968,-818,-477,-18,452,819,984,920,641,208,-279,-699,-956,-990,-789,-400,81,542,872,995,881,554,103,-365,-749,-950,-925,-685,-276,187,594,861,920,759,418,-19,-445,-746,-869,-786,-508,-104,316,648,827,804,586,228,-182,-543,-764,-802,-650,-333,62,436,708,805,708,441,69,-316,-624,-784,-754,-536,-192,201,543,749,778,626,320,-60,0,0
38956,mtk,MTK 7916,2422702905,rx2-tx0,512,0,0,0,184,-322,-752,-1001,-1002,-755,-323,185,655,967,1042,859,463,-38,-531,-897,-1048,-934,-594,-105,410,823,1035,993,705,242,-284,-734,-1004,-1028,-800,-371,148,626,961,1060,887,498,-14,-527,-909,-1070,-968,-625,-118,413,838,1061,1029,736,266,-267,-729,-1020,-1055,-821,-388,133,626,954,1035,855,463,-40,-533,-893,-1022,-895,-541,-37,474,860,1032,947,617,124,-400,-841,-1079,-1042,-750,-268,293,791,1103,1145,906,444,-130,-675,-1063,-1199,-1047,-640,-79,501,967,1192,1139,816,301,-286,-807,-1135,-1179,-949,-508,60,606,995,1144,1029,665,144,-402,-841,-1067,-1040,-768,-314,218,687,973,1017,816,0,-81,-544,-870,-979,-843,-499,-33,437,792,948,873,575,136,-333,-721,-932,-915,-665,-249,233,661,929,964,763,368,-128,-598,-928,-1033,-882,-512,-14,512,925,1116,1041,719,209,-356,-845,-1141,-1173,-925,-457,125,686,1096,1253,1124,726,153,-462,-977,-1268,-1265,-974,-459,169,760,1179,1328,1169,743,149,-482,-999,-1286,-1279,-991,-483,128,708,1122,1286,1166,788,238,-352,-855,-1170,-1209,-983,-553,-22,500,895,1091,1046,774,344,-142,-568,-857,-959,-844,-554,-161,248,590,786,802,648,365,18,-315,-564,-684,-657,-494,-238,53,318,503,584,553,427,221,-13,-220,-367,-440,-437,-368,-253,-118,0,0,0,0,0,-60,-185,-303,-395,-436,-408,-310,-147,59,268,436,528,530,434,249,10,-235,-443,-563,-564,-447,-235,28,292,501,603,574,418,163,-135,-406,-583,-636,-550,-335,-33,274,525,653,632,465,187,-149,-448,-648,-693,-574,-323,11,350,611,731,681,466,128,-249,-572,-765,-784,-612,-290,114,493,760,858,761,474,68,-356,-697,-878,-862,-640,-260,184,584,854,919,765,434,-1,-444,-787,-941,-874,-595,-170,293,686,922,944,738,352,-117,-560,-871,-977,-851,-528,-71,409,790,984,950,680,255,-232,-664,-945,-997,-810,-434,44,513,856,996,904,595,139,-345,-751,-981,-970,-722,-306,0,629,919,985,817,456,-19,-490,-839,-989,-896,-582,-124,361,753,966,939,681,254,-240,-674,-941,-974,-774,-386,109,580,908,1004,855,501,18,-478,-861,-1037,-956,-635,-155,367,799,1034,1018,754,302,-229,-702,-1012,-1069,-864,-444,90,595,954,1086,952,571,49,-481,-902,-1102,-1022,-687,-187,364,827,1085,1077,801,329,-225,-737,-1068,-1132,-918,-482,74,613,1002,1149,1013,631,92,-473,-925,-1147,-1097,-781,-273,307,804,1096,1124,886,431,-130,-650,-1007,-1122,-968,-580,-51,485,899,1088,1014,693,205,-328,-774,-1028,-1030,-781,-342,176,646,954,1024,835,442,-56,-540,-883,-1010,-890,-548,-75,0,0,0,0,0,1009,972,702,258,-253,-706,-980,-1019,-809,-396,117,593,928,1047,904,531,35,-464,-859,-1047,-971,-650,-172,343,775,1019,1011,754,309,-216,-688,-985,-1049,-851,-434,86,586,942,1069,930,558,49,-471,-885,-1076,-1005,-684,-199,332,784,1038,1038,781,335,-197,-681,-991,-1045,-834,-424,90,574,919,1027,870,491,-9,-508,-872,-1024,-916,-568,-74,443,851,1051,985,672,184,-354,-821,-1092,-1093,-822,-349,222,745,1085,1165,968,531,-35,-598,-1018,-1206,-1099,-728,-190,398,894,1174,1172,894,404,-177,-712,-1070,-1175,-1000,-589,-42,507,922,1112,1038,717,224,-309,-762,-1023,-1032,-792,-364,145,609,0,998,829,455,-22,-488,-832,-964,-856,-541,-88,385,753,935,888,623,193,-291,-702,-937,-946,-714,-304,189,643,937,1002,817,429,-68,-559,-927,-1076,-965,-611,-101,438,884,1134,1118,827,330,-250,-775,-1131,-1229,-1031,-591,-6,583,1047,1271,1206,861,306,-323,-873,-1224,-1307,-1087,-604,13,622,1089,1309,1238,883,321,-302,-852,-1212,-1305,-1103,-653,-58,530,1002,1241,1200,901,416,-160,-686,-1045,-1169,-1042,-689,-197,318,742,993,1017,826,466,22,-410,-735,-880,-833,-616,-277,109,452,676,747,658,432,129,-184,-448,-604,-629,-535,-339,-84,176,380,503,530,463,321,146,-33,-183,-283,-320,0,0,0,0,0,309,297,233,115,-43,-215,-369,-471,-501,-447,-309,-108,122,339,497,564,522,369,136,-134,-374,-538,-594,-525,-339,-73,209,452,602,616,485,248,-46,-338,-562,-658,-599,-399,-112,205,485,656,668,527,258,-75,-397,-630,-718,-632,-391,-51,308,594,752,737,540,198,-187,-541,-773,-826,-680,-380,21,425,735,875,810,557,170,-270,-648,-873,-898,-709,-348,97,519,818,930,822,515,89,-373,-746,-938,-908,-664,-263,206,632,910,970,802,437,-35,-494,-838,-990,-909,-609,-156,329,735,974,984,752,345,-141,-594,-912,-1008,-868,-519,-50,434,809,994,944,668,226,-267,-688,-948,0,-777,-384,106,565,885,995,861,515,48,-426,-798,-975,-914,-626,-184,298,711,952,957,729,317,-178,-634,-929,-999,-824,-446,52,532,884,1022,911,571,86,-421,-825,-1031,-988,-698,-229,298,757,1027,1047,814,381,-150,-645,-979,-1073,-901,-511,13,537,928,1090,986,634,122,-424,-863,-1092,-1050,-748,-252,304,784,1072,1102,862,404,-160,-682,-1035,-1139,-964,-552,-4,546,964,1150,1054,692,170,-390,-861,-1123,-1107,-825,-340,219,722,1057,1137,935,511,-34,-564,-957,-1113,-998,-640,-130,402,835,1060,1024,735,271,-256,-716,-1000,-1031,-810,-388,121,595,923,1021,868,497,3,-483,-851,-1015,0,0
38957,mtk,MTK 7916,2422702905,rx2-tx1,512,0,0,0,-379,-132,142,366,505,533,436,242,-6,-255,-430,-495,-452,-305,-88,149,348,454,460,365,183,-35,-236,-383,-439,-390,-247,-55,139,302,387,382,291,144,-38,-209,-328,-356,-312,-207,-52,109,231,304,307,243,133,3,-116,-197,-228,-221,-164,-82,6,81,134,155,138,109,71,22,-11,-34,-52,-65,-76,-86,-97,-90,-64,-29,16,76,140,187,190,155,93,-2,-114,-212,-265,-274,-231,-124,20,161,265,333,326,236,90,-79,-230,-332,-377,-333,-200,-21,160,317,397,387,285,122,-71,-251,-378,-424,-365,-220,-29,168,331,424,419,309,139,-62,-255,-391,-431,-370,-221,0,185,337,415,395,276,96,-95,-264,-382,-403,-324,-169,23,196,327,379,331,198,21,-155,-297,-353,-329,-224,-53,138,280,356,343,239,70,-118,-286,-390,-395,-298,-114,114,315,441,472,391,206,-42,-293,-486,-572,-521,-346,-87,201,454,621,655,532,285,-28,-361,-622,-745,-700,-496,-177,183,514,739,801,684,423,60,-312,-605,-782,-797,-637,-341,37,412,683,818,778,570,246,-118,-460,-702,-788,-708,-488,-172,169,457,656,710,609,390,101,-205,-446,-590,-616,-520,-318,-63,201,404,519,526,430,262,51,-161,-323,-425,-449,-396,-277,-118,40,175,267,304,292,240,159,0,0,0,0,0,37,88,128,156,166,157,117,53,-17,-86,-147,-193,-211,-182,-123,-40,53,133,180,202,188,135,51,-44,-127,-180,-205,-187,-125,-36,54,136,187,203,168,97,15,-69,-142,-183,-182,-138,-65,22,98,148,168,154,108,38,-46,-117,-160,-165,-128,-71,-11,47,105,123,117,89,42,-8,-44,-71,-82,-69,-40,-16,6,17,22,16,3,-9,-16,-11,11,42,75,85,67,40,2,-62,-126,-159,-160,-124,-63,24,114,185,215,208,157,56,-54,-156,-236,-265,-227,-152,-43,78,195,264,275,226,122,-4,-124,-223,-270,-246,-174,-67,58,180,254,265,215,117,-17,0,-224,-258,-226,-146,-30,102,205,260,245,168,58,-64,-185,-260,-264,-208,-109,21,154,257,287,245,148,18,-127,-251,-306,-272,-177,-42,103,231,308,309,229,91,-66,-209,-313,-343,-279,-148,11,169,289,344,314,202,41,-122,-254,-323,-316,-235,-96,67,220,316,327,249,110,-61,-221,-320,-335,-264,-127,47,223,349,394,330,173,-25,-220,-379,-443,-400,-263,-51,192,389,502,507,383,163,-95,-349,-529,-580,-506,-314,-43,252,491,624,614,461,207,-98,-396,-607,-675,-598,-389,-85,235,506,668,681,543,292,-23,-331,-569,-673,-623,-438,-156,157,421,584,624,520,284,0,0,0,0,0,-419,-548,-544,-419,-195,73,310,465,510,442,276,52,-192,-386,-481,-458,-328,-121,102,294,429,461,380,218,12,-195,-351,-422,-395,-272,-95,89,253,358,375,310,177,12,-150,-274,-337,-321,-225,-84,56,174,254,277,242,162,51,-54,-139,-202,-204,-160,-103,-41,28,82,108,105,94,80,67,44,27,12,-24,-64,-93,-126,-149,-138,-100,-33,56,140,204,231,215,155,55,-73,-193,-278,-310,-276,-171,-24,129,257,339,354,284,146,-33,-208,-334,-387,-355,-240,-72,112,281,395,410,327,178,-17,-217,-365,-423,-395,-276,-87,118,295,410,422,340,177,-30,-237,-379,0,-375,-244,-58,146,318,408,397,301,141,-60,-244,-354,-382,-324,-180,1,180,307,369,337,217,39,-143,-284,-356,-336,-230,-63,131,293,384,373,262,83,-116,-300,-424,-443,-337,-137,98,315,471,521,451,267,6,-267,-485,-598,-583,-436,-182,134,435,637,704,619,399,77,-269,-561,-731,-752,-595,-295,65,412,674,800,751,542,203,-181,-524,-752,-811,-708,-458,-104,268,581,773,804,659,380,30,-319,-602,-743,-721,-567,-298,24,326,555,677,638,467,216,-68,-328,-514,-590,-539,-382,-162,79,291,440,500,462,342,168,-22,-198,-329,-393,-386,-326,-217,-87,25,114,177,0,0,0,0,0,-117,-110,-83,-35,24,89,147,179,185,172,131,54,-29,-99,-156,-197,-202,-159,-89,-3,85,158,197,205,170,95,2,-90,-159,-197,-191,-153,-73,19,104,166,192,171,123,48,-44,-117,-168,-183,-153,-82,-8,61,122,160,155,115,61,-15,-82,-126,-141,-134,-92,-34,35,81,102,97,81,56,11,-28,-43,-51,-46,-29,-8,-1,0,-5,-19,-38,-46,-39,-19,13,59,102,134,124,85,29,-44,-119,-165,-191,-178,-113,-20,86,181,237,245,207,119,-1,-126,-220,-262,-247,-184,-80,49,169,246,276,250,161,30,-98,-193,-250,-266,-211,-95,39,155,230,252,0,138,12,-123,-219,-254,-240,-165,-43,91,200,257,253,190,80,-55,-177,-257,-277,-230,-123,20,155,251,288,256,164,29,-116,-240,-307,-291,-204,-71,84,218,306,328,265,132,-35,-200,-312,-340,-299,-193,-31,139,270,333,317,226,82,-87,-234,-315,-328,-254,-107,64,215,308,317,249,114,-62,-226,-332,-357,-291,-145,49,238,366,410,359,217,8,-210,-391,-487,-465,-329,-98,161,378,521,555,450,236,-34,-307,-516,-613,-571,-393,-120,187,455,617,643,538,307,-3,-319,-564,-684,-649,-468,-189,133,430,625,679,599,381,68,-254,-509,-649,-641,-490,-239,63,346,547,0,0
38958,mtk,MTK 7916,2422741954,rx0-tx0,512,-349,802,614,149,-47,-234,-405,-549,-640,-657,-622,-541,-392,-199,9,231,431,580,679,718,690,588,429,226,-3,-231,-432,-603,-712,-749,-706,-596,-432,-224,6,228,418,578,674,707,674,576,434,238,26,-176,-363,-512,-611,-648,-626,-555,-432,-260,-90,96,258,395,498,562,577,542,462,351,205,45,-114,-271,-387,-487,-559,-575,-550,-467,-347,-191,-23,160,335,482,590,636,633,570,444,279,76,-139,-343,-505,-624,-695,-680,-609,-464,-260,-48,157,351,510,623,670,646,552,401,224,27,-166,-337,-474,-559,-578,-540,-453,-327,-170,-17,130,259,359,413,428,406,351,264,156,57,-54,-511,-224,-271,-300,-305,-293,-267,-215,-144,-70,-2,75,140,194,246,281,289,279,244,186,119,45,-44,-141,-227,-290,-340,-357,-348,-311,-239,-137,-20,105,232,338,419,460,445,390,297,179,30,-126,-270,-390,-464,-491,-470,-419,-312,-177,-15,144,284,395,455,484,467,404,303,169,25,-118,-247,-359,-437,-464,-447,-388,-305,-181,-42,94,218,318,396,427,415,375,300,184,61,-65,-190,-295,-368,-411,-413,-377,-298,-189,-66,60,184,287,366,405,408,364,270,158,27,-99,-226,-335,-384,-388,-358,-289,-194,-69,73,196,297,359,369,323,232,111,-21,-148,-236,-275,-264,-198,1005,997,1179,646,335,100,61,-2,-74,-138,-179,-187,-163,-105,-26,53,123,179,219,219,178,125,56,-19,-101,-172,-215,-238,-230,-182,-116,-43,42,118,184,213,224,206,163,101,33,-36,-96,-139,-170,-178,-170,-155,-120,-64,-16,22,73,105,126,146,154,147,135,106,64,15,-42,-105,-154,-192,-216,-213,-181,-130,-66,7,89,152,205,239,243,218,177,117,39,-39,-114,-175,-226,-248,-241,-204,-152,-88,-21,55,125,184,222,236,217,172,128,70,8,-63,-133,-181,-216,-235,-225,-211,-167,-96,-37,40,118,169,218,249,253,238,197,123,45,-37,-118,-190,-239,-275,-291,-267,-220,-156,-330,47,152,229,299,332,334,306,253,163,55,-51,-169,-257,-335,-389,-382,-340,-280,-182,-61,61,180,288,366,416,417,384,326,227,107,-29,-170,-297,-397,-465,-487,-465,-403,-289,-145,10,168,326,464,551,590,570,490,359,186,-12,-218,-397,-564,-668,-691,-654,-561,-401,-186,42,271,471,646,730,761,707,575,391,154,-88,-334,-555,-701,-785,-790,-708,-561,-358,-108,143,380,587,725,791,776,680,517,304,62,-172,-391,-563,-677,-716,-699,-599,-454,-270,-71,141,327,478,570,621,620,550,434,288,114,-50,-220,-376,-483,-548,-566,-559,-481,-365,-227,-48,128,289,430,535,1231,1106,-729,-595,-774,-604,-627,-595,-508,-369,-177,30,219,409,566,661,693,665,561,406,214,-1,-226,-433,-592,-701,-738,-705,-598,-435,-229,2,227,433,594,698,728,687,581,429,223,14,-204,-390,-542,-641,-675,-642,-569,-429,-253,-61,134,309,464,564,604,599,538,432,297,141,-28,-187,-327,-446,-525,-562,-560,-500,-404,-280,-123,41,209,361,488,572,609,595,521,405,238,54,-139,-329,-490,-608,-675,-671,-598,-460,-294,-78,142,347,524,634,680,666,588,449,264,48,-163,-359,-508,-596,-632,-594,-501,-367,-194,-11,163,306,417,485,498,471,397,290,162,34,-94,-207,-299,-343,-360,-356,1105,-260,-182,-98,-11,67,139,207,252,265,271,263,233,196,138,63,-16,-89,-160,-227,-276,-308,-322,-304,-249,-184,-93,3,110,213,311,376,405,400,354,275,168,30,-115,-248,-362,-439,-481,-471,-418,-318,-176,-14,131,275,392,472,508,479,414,300,165,20,-136,-273,-384,-449,-475,-456,-399,-308,-176,-33,106,234,340,421,452,436,386,306,191,58,-73,-191,-305,-385,-421,-425,-383,-305,-195,-72,57,186,296,371,406,408,364,288,182,57,-72,-204,-307,-373,-403,-389,-341,-243,-116,11,139,249,329,377,373,324,232,107,-38,-170,-270,-325,-332,-284,-188,-74,49,158,155,-106,1145,-1086,-1212,-87,-132,-155,-145,-104,-41,34,114,176,203,198,170,120,48,-47,-127,-181,-218,-228,-208,-153,-80,-4,75,148,190,225,226,192,137,61,-10,-82,-144,-189,-209,-205,-174,-130,-77,-15,31,80,125,148,149,154,138,110,78,39,-9,-50,-93,-129,-158,-173,-181,-162,-127,-77,-11,62,124,175,206,228,214,177,122,52,-25,-100,-170,-220,-245,-244,-221,-178,-111,-23,59,130,175,209,225,225,200,150,83,5,-74,-136,-177,-215,-231,-226,-195,-146,-92,-25,43,104,171,211,228,238,211,171,126,50,-29,-112,-190,-244,-270,-277,-257,-208,-139,-58,41,134,206,263,826,331,292,238,162,58,-49,-151,-247,-323,-354,-366,-330,-262,-179,-63,68,175,277,357,401,403,371,305,203,79,-55,-178,-289,-377,-431,-449,-424,-355,-250,-119,28,169,311,426,500,527,512,451,332,175,-3,-190,-365,-507,-605,-645,-615,-526,-388,-185,27,233,429,597,698,723,677,576,395,171,-60,-306,-517,-678,-774,-783,-727,-583,-379,-143,120,370,578,729,807,788,702,537,322,82,-167,-400,-584,-710,-755,-730,-638,-478,-280,-58,160,364,519,619,668,648,569,433,269,92,-100,-280,-419,-526,-581,-583,-553,-453,-322,-163,-5,162,330,444,539,583,569,507,402,254,-301,-612
38959,mtk,MTK 7916,2422741954,rx0-tx1,512,87,-129,67,374,234,60,-132,-318,-482,-607,-675,-696,-645,-525,-352,-139,91,313,519,683,790,818,772,656,471,240,-22,-287,-535,-738,-876,-924,-900,-793,-591,-340,-41,259,539,781,946,1027,1007,887,690,423,112,-212,-512,-766,-956,-1046,-1052,-954,-770,-523,-221,104,418,698,912,1036,1077,1034,888,654,374,56,-276,-589,-850,-1031,-1127,-1122,-1007,-804,-527,-185,166,498,798,1029,1157,1185,1096,903,624,290,-66,-418,-734,-984,-1142,-1188,-1125,-959,-706,-381,-27,324,644,910,1087,1163,1128,992,763,469,126,-225,-553,-829,-1025,-1119,-1118,-1008,-810,-528,-201,134,457,722,934,1065,1089,995,821,582,-689,-48,-363,-634,-849,-984,-1028,-984,-846,-632,-365,-65,236,512,740,903,985,979,882,703,477,196,-111,-400,-658,-863,-983,-1015,-958,-811,-586,-305,10,328,623,851,1007,1065,1022,888,657,361,36,-301,-609,-863,-1033,-1087,-1048,-903,-672,-375,-42,292,599,839,997,1059,1026,881,649,365,45,-286,-582,-813,-955,-1010,-959,-810,-598,-327,-24,289,555,757,884,915,858,711,502,240,-24,-280,-512,-673,-758,-774,-706,-576,-395,-174,48,263,445,571,637,643,591,476,308,107,-89,-264,-420,-521,-566,-549,-467,-337,-179,0,180,332,444,493,470,386,246,83,-88,-238,-332,-361,-314,-215,-616,-483,0,458,615,-138,-79,14,113,198,256,275,238,163,67,-43,-154,-244,-300,-322,-309,-246,-160,-58,57,168,266,337,365,356,310,234,126,4,-118,-229,-330,-403,-420,-409,-354,-249,-122,22,167,295,413,486,510,482,407,286,125,-55,-227,-391,-521,-590,-597,-541,-433,-279,-89,120,313,478,597,650,632,562,425,232,26,-181,-377,-531,-629,-666,-633,-535,-384,-190,11,215,392,523,617,633,589,492,345,160,-30,-213,-378,-496,-560,-573,-538,-448,-315,-160,12,178,319,433,498,510,479,405,298,161,18,-125,-251,-356,-418,-440,-427,-373,-294,-189,-70,62,179,273,341,381,387,360,-130,222,124,17,-87,-186,-261,-315,-347,-339,-310,-249,-176,-82,22,113,198,261,297,310,299,264,208,142,53,-28,-98,-167,-214,-238,-253,-256,-241,-205,-164,-108,-46,23,96,158,225,272,298,309,291,260,201,107,7,-101,-209,-301,-382,-426,-429,-397,-323,-208,-77,68,210,337,444,506,520,484,405,281,134,-31,-198,-342,-451,-537,-560,-539,-463,-340,-186,-5,166,320,449,528,560,541,469,353,201,47,-116,-265,-383,-459,-496,-492,-433,-345,-241,-105,23,140,251,337,382,404,397,363,309,232,135,29,-82,-185,-277,-356,-401,-431,-429,-385,-313,-209,-84,59,199,334,-440,-159,504,766,776,-459,-564,-625,-625,-569,-457,-294,-101,104,320,502,649,742,758,708,592,411,185,-63,-302,-527,-708,-831,-873,-838,-721,-537,-291,-11,263,537,760,914,988,960,848,649,382,78,-237,-532,-781,-961,-1053,-1039,-928,-735,-463,-154,166,476,733,931,1047,1066,992,828,582,289,-22,-345,-644,-881,-1035,-1109,-1080,-953,-736,-454,-132,215,543,821,1037,1155,1158,1061,870,589,247,-111,-468,-776,-1017,-1154,-1191,-1115,-935,-670,-340,21,373,696,956,1121,1175,1129,978,740,430,82,-272,-597,-869,-1060,-1149,-1130,-1006,-789,-497,-164,181,507,781,986,1093,1102,1009,819,566,251,-93,-417,-684,-898,261,-1068,-989,-827,-597,-317,-12,295,574,795,940,1003,973,858,662,413,124,-178,-463,-697,-872,-981,-997,-920,-769,-536,-248,57,363,635,852,994,1042,1000,856,627,343,16,-308,-615,-861,-1015,-1081,-1048,-908,-683,-374,-36,298,607,856,1021,1082,1044,899,662,369,42,-290,-596,-831,-983,-1044,-999,-854,-626,-343,-32,291,568,783,924,970,910,754,546,278,-9,-292,-536,-721,-822,-840,-785,-647,-440,-205,41,279,473,625,706,713,655,524,350,152,-54,-256,-430,-552,-609,-592,-529,-409,-244,-65,124,294,423,500,525,483,384,242,64,-117,-272,-388,-435,-420,-334,-200,-43,105,204,461,607,0,-435,-152,128,192,223,209,153,66,-44,-157,-240,-288,-305,-273,-205,-106,1,116,222,294,341,344,306,237,139,28,-87,-201,-300,-371,-398,-379,-329,-246,-120,13,141,270,373,440,470,446,378,266,123,-34,-190,-340,-465,-541,-554,-514,-434,-294,-113,84,276,440,560,629,633,561,440,263,57,-150,-336,-514,-624,-665,-646,-557,-408,-219,-7,205,388,538,623,648,612,510,370,179,-28,-221,-385,-520,-594,-607,-565,-466,-321,-151,22,195,351,463,533,546,506,425,303,153,-3,-155,-289,-395,-456,-476,-455,-390,-294,-165,-38,97,210,306,375,410,405,362,293,201,89,-29,-134,245,-301,-346,-366,-351,-307,-234,-151,-49,56,151,232,291,330,332,306,261,187,103,12,-75,-153,-215,-258,-289,-280,-263,-224,-163,-102,-40,32,98,159,201,236,259,267,260,235,192,118,40,-46,-128,-210,-291,-346,-369,-366,-330,-262,-168,-47,82,206,327,416,464,478,443,367,255,108,-48,-201,-350,-464,-530,-554,-518,-430,-312,-159,15,184,342,462,546,575,544,469,343,185,20,-145,-297,-422,-504,-533,-522,-457,-351,-221,-78,75,211,315,398,443,443,419,364,269,159,48,-65,-170,-257,-331,-380,-400,-394,-362,-307,-224,-122,-14,115,233,336,418,472,485,458,391,-442,-605
38960,mtk,MTK 7916,2422741954,rx1-tx0,512,0,6,351,-255,-31,198,403,588,724,793,780,705,558,346,108,-157,-418,-648,-819,-918,-929,-849,-684,-449,-164,158,458,726,934,1039,1060,976,792,528,201,-149,-492,-796,-1025,-1154,-1174,-1068,-864,-574,-220,146,512,841,1089,1221,1238,1137,924,626,259,-129,-516,-848,-1104,-1250,-1282,-1186,-969,-672,-296,104,496,846,1103,1256,1295,1198,985,676,309,-94,-483,-821,-1079,-1226,-1242,-1151,-955,-662,-303,76,434,742,989,1127,1149,1070,880,629,318,-14,-343,-623,-841,-969,-1016,-973,-832,-631,-378,-89,210,467,682,852,930,919,841,686,469,207,-79,-353,-587,-774,-894,-921,-865,-742,-533,-275,13,305,216,766,896,940,893,758,552,286,-12,-299,-552,-758,-875,-908,-854,-714,-509,-264,16,285,515,700,806,822,775,648,461,234,-10,-239,-450,-613,-715,-755,-717,-619,-467,-264,-35,186,375,537,642,688,660,583,459,290,91,-110,-307,-459,-565,-630,-626,-556,-449,-296,-124,62,237,394,513,572,581,551,449,329,179,-14,-178,-333,-454,-528,-564,-539,-455,-333,-188,-22,145,306,436,506,531,512,430,316,166,4,-169,-320,-427,-489,-505,-465,-371,-235,-88,75,231,344,426,466,443,371,257,128,-22,-170,-295,-372,-408,-384,-321,-216,-78,78,201,286,330,310,239,139,18,-87,-705,-606,0,396,-135,175,130,48,-59,-166,-248,-297,-287,-236,-138,-7,120,228,310,352,341,285,192,74,-55,-179,-281,-356,-380,-369,-302,-204,-76,48,170,281,354,393,386,345,251,131,0,-117,-223,-309,-368,-389,-356,-302,-225,-117,-7,98,195,280,336,368,355,307,233,137,25,-87,-188,-288,-359,-395,-401,-352,-273,-173,-46,75,187,285,367,399,404,371,295,187,70,-67,-201,-303,-388,-421,-417,-390,-313,-192,-63,70,176,283,381,430,430,384,291,190,79,-62,-190,-302,-375,-404,-410,-379,-290,-185,-60,76,193,285,348,378,370,321,250,157,46,-51,-149,-241,-290,-319,-315,-279,-584,-155,-78,21,95,174,234,266,278,264,228,182,123,49,-33,-102,-172,-232,-256,-254,-239,-203,-157,-85,-10,60,123,168,211,229,219,201,168,114,37,-16,-68,-128,-144,-159,-169,-169,-152,-120,-88,-55,-29,-2,38,74,104,117,144,165,162,171,157,124,95,48,-16,-91,-164,-224,-275,-306,-310,-275,-206,-133,-42,84,203,300,371,417,413,369,292,184,54,-88,-232,-353,-431,-473,-475,-437,-355,-238,-98,68,214,351,459,526,543,504,415,285,126,-24,-187,-334,-457,-547,-573,-547,-470,-358,-211,-40,124,299,445,548,611,615,569,453,298,121,-67,-257,-431,-567,982,1048,0,-699,-609,680,737,717,642,502,305,70,-181,-407,-618,-770,-847,-862,-783,-626,-404,-139,157,438,686,867,983,1000,915,749,489,187,-137,-465,-756,-979,-1103,-1119,-1023,-836,-557,-221,155,515,823,1063,1189,1204,1104,898,596,228,-147,-523,-842,-1089,-1233,-1257,-1155,-941,-647,-279,111,511,844,1102,1260,1282,1192,981,669,303,-92,-492,-833,-1091,-1245,-1277,-1184,-981,-674,-296,92,456,779,1036,1182,1210,1110,919,639,294,-54,-393,-687,-905,-1041,-1088,-1022,-858,-618,-328,-26,277,544,759,908,987,960,831,659,424,143,-127,-395,-632,-810,-916,-930,-861,-712,-509,-251,38,302,554,762,890,935,889,757,553,288,-5,-298,-560,-767,-902,-940,-879,-740,-532,-267,17,307,557,739,855,878,810,672,475,230,-23,-263,-483,-658,-762,-788,-731,-622,-459,-253,-27,202,401,561,675,715,685,614,467,279,72,-134,-321,-487,-607,-655,-652,-580,-450,-291,-110,91,262,423,544,606,609,563,460,310,139,-26,-199,-349,-453,-550,-574,-538,-456,-324,-173,-4,161,317,432,516,550,518,443,317,163,10,-162,-307,-422,-499,-524,-497,-407,-281,-132,30,195,330,422,470,481,424,324,195,42,-116,-261,-360,-418,-433,-398,-313,-194,-47,101,224,322,379,373,300,203,65,-76,-180,-246,-263,-226,-24,-365,0,981,1064,-82,-172,-232,-244,-207,-128,-16,103,213,299,334,315,252,160,33,-97,-212,-301,-358,-371,-332,-253,-138,-15,116,240,337,385,385,354,276,168,45,-77,-197,-301,-373,-396,-372,-326,-238,-132,-4,118,211,296,352,367,354,308,234,132,15,-105,-208,-293,-351,-380,-366,-327,-263,-158,-44,78,189,282,367,400,387,343,283,190,66,-62,-191,-307,-376,-407,-416,-370,-304,-195,-69,59,182,309,397,435,423,380,310,199,68,-71,-203,-308,-372,-421,-423,-378,-301,-184,-63,62,193,291,361,402,400,350,264,154,38,-86,-187,-262,-327,-353,-337,-309,-241,-158,-66,41,143,-674,256,295,295,269,238,174,105,21,-60,-131,-191,-241,-271,-264,-242,-203,-140,-65,11,82,150,206,241,246,236,206,166,110,31,-41,-99,-150,-194,-205,-193,-192,-156,-113,-77,-26,25,77,102,119,130,128,137,133,120,102,78,63,17,-14,-52,-109,-145,-174,-217,-236,-232,-205,-159,-93,-9,86,184,258,309,355,370,326,256,162,42,-94,-218,-327,-401,-445,-449,-412,-323,-204,-66,80,226,355,442,505,509,471,395,279,127,-44,-213,-353,-470,-528,-549,-528,-449,-335,-178,0,167,328,452,548,586,575,529,408,262,90,-93,-277,-440,-559,-626,-648,-611,-509,-356,-397,141
38961,mtk,MTK 7916,2422741954,rx1-tx1,512,0,0,0,-838,-532,-109,335,707,927,944,746,385,-55,-478,-798,-936,-872,-610,-220,212,588,830,883,734,421,23,-380,-691,-828,-775,-543,-184,210,544,751,781,624,318,-60,-426,-699,-814,-730,-477,-104,293,636,824,827,638,309,-99,-497,-789,-890,-792,-527,-139,298,672,889,901,724,401,-14,-440,-765,-905,-851,-616,-249,163,537,794,878,762,480,104,-288,-609,-787,-788,-619,-320,40,378,621,717,652,441,140,-187,-463,-619,-628,-504,-270,17,284,485,570,515,342,102,-143,-348,-467,-476,-375,-202,10,217,364,414,369,238,52,-135,-273,-338,-328,-233,-81,80,218,298,297,219,0,-69,-208,-299,-307,-229,-94,65,216,322,356,301,168,-8,-192,-339,-410,-381,-265,-86,121,315,444,469,395,238,8,-229,-418,-526,-527,-408,-189,75,320,498,585,542,383,136,-145,-391,-556,-615,-539,-354,-92,189,433,599,634,527,324,64,-207,-435,-575,-592,-489,-294,-47,212,408,516,527,433,252,44,-165,-334,-427,-425,-348,-205,-37,127,249,308,305,248,143,17,-86,-156,-187,-170,-123,-69,-8,39,61,67,51,15,-17,-32,-27,-5,29,67,99,99,70,21,-35,-109,-174,-203,-194,-152,-74,19,115,207,266,284,261,199,107,0,-104,-187,-240,-259,-247,-207,0,0,0,0,0,-89,-141,-176,-185,-164,-122,-53,36,131,203,250,253,210,125,6,-121,-225,-288,-304,-257,-161,-29,114,249,337,356,306,185,23,-142,-289,-383,-404,-340,-201,-17,156,305,402,418,333,181,-12,-194,-340,-409,-388,-281,-117,73,248,362,393,324,183,-2,-190,-333,-401,-380,-270,-84,129,319,436,454,362,193,-24,-250,-421,-504,-470,-321,-94,159,390,533,563,471,275,4,-278,-504,-618,-602,-453,-197,111,395,608,691,617,414,117,-210,-499,-689,-728,-610,-358,-27,310,585,737,722,552,274,-68,-399,-634,-732,-670,-460,-144,191,481,662,696,564,310,-17,-339,-575,-677,0,-423,-128,196,487,662,678,532,262,-72,-407,-656,-756,-681,-450,-102,273,601,796,806,634,321,-75,-466,-754,-881,-809,-554,-166,267,649,882,918,751,409,-26,-463,-806,-980,-926,-658,-247,232,668,956,1029,867,508,39,-447,-844,-1052,-1023,-763,-324,194,662,993,1103,959,599,107,-409,-850,-1096,-1099,-866,-434,108,621,990,1144,1047,713,222,-317,-779,-1065,-1115,-922,-520,2,514,896,1081,1023,735,285,-233,-682,-963,-1035,-881,-520,-48,427,808,1001,957,700,290,-185,-615,-902,-986,-835,-503,-62,394,760,948,921,686,298,-154,-572,-867,-958,-824,-510,-81,368,734,929,916,702,0,0,0,0,0,-450,-791,-948,-893,-645,-262,187,595,871,952,821,507,84,-350,-703,-901,-893,-685,-330,85,482,760,853,762,501,117,-290,-611,-782,-771,-583,-256,142,495,724,795,678,389,11,-372,-671,-822,-783,-557,-197,213,569,804,866,731,417,6,-405,-730,-903,-866,-632,-265,157,552,832,924,808,521,119,-308,-665,-871,-883,-701,-373,33,424,715,840,778,557,213,-168,-498,-706,-762,-648,-389,-50,282,534,660,640,476,208,-97,-362,-547,-603,-510,-306,-55,200,407,520,504,368,155,-75,-280,-415,-446,-369,-218,-28,167,321,379,351,241,79,-94,-233,-317,-307,-225,-86,77,214,0,304,227,93,-72,-217,-304,-320,-258,-129,38,210,338,388,342,218,29,-173,-339,-432,-446,-346,-150,72,280,437,509,466,317,94,-155,-384,-535,-564,-476,-284,-24,244,463,589,587,465,246,-28,-296,-502,-604,-595,-462,-216,64,322,521,617,579,426,195,-76,-326,-503,-580,-533,-384,-162,83,292,436,492,449,325,145,-59,-231,-345,-380,-335,-237,-103,41,156,222,240,209,146,55,-34,-92,-122,-117,-89,-49,-6,21,31,25,2,-30,-48,-56,-41,3,52,101,135,148,129,83,5,-85,-161,-218,-245,-230,-174,-81,29,132,218,277,294,273,219,143,58,-24,-90,0,0,0,0,0,105,81,31,-37,-113,-178,-219,-227,-197,-130,-39,67,170,249,283,267,200,87,-50,-182,-278,-320,-311,-239,-113,46,198,318,378,360,265,108,-73,-238,-364,-411,-369,-258,-101,88,264,379,415,369,241,60,-131,-287,-377,-384,-305,-158,27,210,352,408,362,229,45,-155,-318,-410,-408,-307,-137,72,286,436,477,415,252,25,-207,-400,-530,-534,-404,-180,87,339,525,606,547,359,98,-188,-453,-623,-657,-547,-313,-5,309,564,701,691,524,244,-90,-413,-648,-745,-679,-467,-161,187,494,687,726,610,368,46,-285,-557,-708,-692,-517,-233,91,401,619,693,596,364,52,0,-548,-673,-644,-476,-194,142,455,663,720,610,349,5,-340,-617,-762,-740,-540,-204,185,536,778,850,726,438,40,-378,-721,-900,-884,-664,-292,150,562,861,969,854,541,103,-361,-747,-971,-982,-771,-379,98,564,907,1039,951,647,182,-328,-758,-1025,-1063,-863,-466,45,556,936,1108,1038,742,273,-270,-751,-1056,-1134,-964,-577,-52,474,893,1115,1090,821,373,-153,-639,-982,-1106,-984,-635,-143,368,790,1034,1047,819,414,-82,-549,-884,-1020,-929,-622,-172,310,710,945,974,780,403,-65,-510,-835,-972,-892,-602,-180,283,684,923,949,764,404,-39,-472,-803,-948,-870,-602,-207,238,643,0,0
38962,mtk,MTK 7916,2422741954,rx2-tx0,512,0,0,0,446,827,1029,995,723,281,-223,-672,-969,-1048,-887,-523,-33,467,854,1045,999,715,267,-243,-695,-988,-1052,-876,-497,-1,495,876,1052,991,700,237,-273,-721,-1004,-1050,-847,-448,49,537,907,1071,983,665,186,-330,-767,-1027,-1055,-833,-417,90,573,926,1063,946,614,140,-360,-767,-994,-990,-751,-331,170,621,912,988,832,470,-10,-483,-843,-1006,-926,-623,-172,332,759,1015,1036,811,391,-132,-626,-982,-1120,-1001,-648,-141,406,862,1129,1145,905,460,-97,-632,-1019,-1181,-1087,-750,-240,322,796,1087,1143,945,538,18,-502,-906,-1097,-1036,-750,-304,204,659,956,1028,866,509,47,-417,-780,0,-906,-647,-247,204,601,854,899,732,401,-23,-442,-757,-888,-812,-538,-139,291,652,865,867,666,306,-130,-548,-840,-937,-815,-500,-59,407,793,1004,988,737,309,-195,-666,-1004,-1126,-992,-626,-116,419,877,1151,1174,944,493,-70,-625,-1057,-1266,-1191,-858,-347,242,788,1166,1293,1144,752,198,-404,-915,-1231,-1283,-1063,-625,-58,529,992,1242,1236,972,507,-52,-590,-1002,-1199,-1144,-862,-409,122,618,966,1107,1022,741,323,-147,-569,-863,-964,-867,-604,-231,173,519,742,811,710,474,156,-179,-459,-633,-676,-580,-381,-125,143,376,524,566,504,361,172,-37,-221,-353,-421,-420,-357,-253,-126,0,0,0,0,0,-293,-296,-261,-174,-48,101,256,382,461,474,405,253,53,-155,-344,-484,-536,-487,-342,-132,113,337,496,563,520,366,136,-128,-368,-533,-584,-518,-340,-89,181,418,570,600,497,286,11,-267,-493,-602,-577,-427,-182,116,390,570,626,539,327,33,-281,-529,-664,-652,-488,-202,133,448,663,738,648,414,85,-276,-592,-775,-781,-619,-316,66,436,712,833,770,533,169,-232,-579,-801,-853,-713,-407,-4,400,719,878,844,624,257,-174,-569,-844,-926,-808,-502,-87,353,714,920,924,723,350,-98,-518,-829,-958,-876,-598,-180,274,664,910,951,774,430,-9,-450,-788,-951,-893,-634,0,223,625,884,941,787,451,9,-434,-780,-947,-900,-639,-228,233,633,892,948,784,433,-18,-469,-819,-982,-914,-635,-202,275,694,962,1007,813,434,-48,-523,-880,-1038,-960,-656,-195,310,747,1017,1050,838,431,-76,-563,-926,-1075,-978,-644,-159,362,795,1048,1061,823,391,-129,-629,-989,-1116,-987,-625,-111,429,870,1116,1104,829,361,-184,-696,-1050,-1159,-1008,-627,-94,470,920,1157,1141,862,379,-196,-722,-1080,-1195,-1039,-649,-114,448,904,1157,1148,878,409,-148,-672,-1036,-1164,-1029,-661,-150,391,839,1088,1079,829,394,-130,-616,-954,-1075,-951,-606,-121,384,797,1020,1000,751,335,-164,-618,0,0,0,0,0,-931,-619,-156,340,765,1015,1028,804,397,-102,-578,-923,-1058,-949,-619,-146,353,774,1029,1039,805,386,-115,-597,-938,-1059,-933,-594,-110,396,803,1030,1028,778,345,-165,-638,-964,-1063,-919,-560,-70,440,851,1063,1025,757,313,-209,-679,-987,-1062,-891,-524,-38,461,847,1029,967,676,235,-258,-692,-962,-997,-793,-398,89,552,877,994,873,541,73,-418,-812,-1017,-978,-710,-274,240,709,1010,1081,908,519,-1,-532,-943,-1135,-1079,-781,-302,256,759,1090,1181,1003,604,67,-476,-912,-1150,-1134,-855,-392,151,655,1011,1137,1011,655,163,-361,-791,-1035,-1047,-823,-422,62,524,864,993,893,591,0,-310,-686,-899,-905,-698,-328,114,526,806,889,768,471,59,-368,-705,-871,-836,-609,-231,206,599,852,903,738,398,-40,-481,-822,-974,-899,-615,-179,309,741,1014,1055,854,460,-44,-560,-960,-1156,-1099,-792,-305,263,777,1134,1244,1081,682,132,-454,-938,-1225,-1261,-1024,-559,30,610,1067,1293,1237,929,418,-181,-735,-1131,-1284,-1163,-811,-299,284,805,1143,1240,1087,709,188,-361,-826,-1113,-1161,-969,-588,-106,379,776,1000,1013,821,475,54,-360,-690,-870,-858,-675,-371,-8,341,606,732,709,555,292,-19,-307,-514,-614,-594,-465,-257,-13,218,401,503,507,432,301,138,-30,-169,-256,-290,0,0,0,0,0,-14,-125,-234,-331,-396,-410,-360,-247,-80,104,282,433,512,494,384,208,-9,-236,-424,-530,-536,-443,-257,-14,234,441,558,559,447,244,-13,-273,-479,-587,-567,-424,-186,91,352,537,610,543,365,98,-190,-438,-587,-607,-489,-252,46,335,552,648,595,399,110,-213,-490,-668,-696,-570,-308,32,374,639,765,724,516,183,-189,-523,-750,-820,-706,-435,-62,334,664,840,826,630,292,-111,-498,-774,-880,-788,-521,-135,284,648,874,899,719,385,-44,-472,-789,-932,-871,-615,-216,230,625,888,956,811,484,50,-395,-753,-947,-929,-701,-314,138,558,861,965,844,537,115,-338,-717,0,-926,-717,-345,108,533,839,953,852,554,129,-332,-714,-930,-932,-717,-333,127,564,865,969,858,544,97,-372,-762,-976,-965,-729,-329,154,607,921,1019,894,551,72,-429,-827,-1037,-1010,-749,-312,197,661,978,1070,911,542,53,-457,-863,-1072,-1025,-739,-283,245,718,1025,1099,916,512,-8,-534,-937,-1125,-1048,-729,-234,313,792,1094,1144,929,499,-54,-590,-994,-1183,-1091,-746,-230,334,823,1125,1175,957,514,-48,-595,-1000,-1183,-1101,-766,-260,301,796,1105,1162,959,539,0,-533,-942,-1133,-1066,-755,-273,264,732,1024,1086,899,504,-4,-502,-882,-1051,-977,-679,-225,278,713,984,1024,829,0,0
38963,mtk,MTK 7916,2422741954,rx2-tx1,512,0,0,0,57,-220,-446,-576,-582,-460,-242,23,280,465,550,516,367,143,-105,-323,-474,-522,-450,-279,-55,172,358,463,473,386,216,-5,-210,-363,-441,-430,-324,-157,43,230,354,408,375,271,111,-60,-220,-323,-355,-320,-229,-97,46,170,256,295,277,205,104,-6,-105,-176,-208,-203,-187,-144,-70,6,59,110,156,182,170,148,110,51,-21,-93,-156,-211,-221,-198,-144,-55,56,155,232,292,286,212,103,-27,-171,-275,-343,-339,-255,-121,20,182,314,374,354,270,128,-50,-221,-344,-392,-357,-248,-89,87,256,368,404,352,212,31,-149,-299,-390,-396,-306,-152,21,188,310,366,0,253,98,-84,-246,-342,-360,-307,-178,-18,141,270,334,329,252,98,-73,-216,-307,-329,-263,-141,13,170,287,328,287,183,33,-131,-273,-353,-342,-239,-80,112,281,394,428,353,178,-38,-251,-430,-523,-499,-372,-148,123,398,586,648,578,396,121,-195,-488,-684,-737,-639,-406,-84,252,563,753,793,669,407,54,-307,-615,-801,-816,-668,-388,-24,350,651,824,830,666,386,33,-334,-635,-794,-801,-658,-385,-44,289,556,719,738,613,377,82,-229,-480,-622,-646,-541,-343,-94,167,384,521,555,486,336,138,-79,-279,-414,-475,-453,-352,-210,-53,97,220,295,321,295,233,155,0,0,0,0,0,127,112,91,59,7,-55,-115,-158,-184,-189,-160,-100,-32,48,125,174,196,188,145,75,-10,-90,-155,-197,-202,-162,-100,-19,69,139,184,193,162,99,15,-71,-131,-178,-186,-158,-93,-15,67,128,172,185,156,90,14,-70,-143,-174,-160,-130,-79,7,81,125,146,147,123,75,28,-26,-66,-97,-108,-95,-73,-35,3,21,31,42,34,28,34,46,52,57,58,43,22,-12,-57,-96,-136,-145,-119,-73,-12,59,134,182,192,171,120,42,-49,-146,-213,-233,-199,-133,-44,61,165,236,249,213,142,42,-73,-162,-221,-235,-196,-111,-8,88,163,214,204,141,54,0,-155,-211,-223,-185,-89,28,129,206,244,214,142,36,-78,-183,-253,-264,-209,-106,18,139,241,294,277,194,60,-92,-222,-294,-301,-254,-147,1,153,274,342,324,229,83,-83,-230,-328,-360,-322,-205,-32,140,274,342,344,273,131,-45,-196,-309,-348,-292,-167,-18,142,275,337,313,216,63,-110,-270,-359,-351,-261,-115,79,260,392,439,376,220,15,-206,-390,-493,-488,-378,-175,71,318,505,584,539,373,120,-170,-434,-607,-653,-569,-353,-48,266,526,685,698,562,312,-2,-327,-593,-731,-714,-545,-274,56,370,601,713,685,513,227,-102,-394,-603,-681,-618,-432,-163,141,0,0,0,0,0,601,559,388,149,-121,-366,-530,-573,-493,-300,-49,195,403,521,522,412,211,-32,-254,-425,-508,-475,-350,-151,69,265,419,480,418,274,83,-119,-298,-401,-416,-349,-204,-24,153,300,374,376,309,167,-4,-140,-253,-317,-317,-255,-149,-30,83,185,240,245,217,162,85,-6,-88,-141,-174,-185,-158,-131,-92,-31,32,85,145,193,201,182,137,74,-10,-106,-192,-246,-264,-231,-146,-41,75,192,288,313,268,173,50,-100,-242,-333,-353,-299,-188,-34,128,272,356,362,302,180,9,-161,-298,-381,-386,-302,-152,30,205,345,410,373,271,108,-77,-244,-352,-386,-336,-202,-27,0,287,364,362,280,134,-33,-192,-320,-369,-321,-204,-52,109,244,322,326,250,119,-40,-189,-294,-321,-272,-155,-4,151,266,328,307,206,45,-122,-272,-367,-382,-291,-124,79,269,413,480,432,276,43,-215,-435,-569,-588,-479,-265,17,306,554,688,681,525,260,-66,-398,-645,-768,-738,-548,-233,125,457,711,819,756,540,220,-149,-492,-741,-835,-764,-540,-208,165,506,744,838,772,544,212,-143,-458,-692,-785,-729,-526,-234,95,399,616,697,642,476,225,-67,-324,-518,-604,-576,-447,-233,19,250,417,504,502,414,258,65,-125,-271,-358,-396,-372,-296,-186,-63,51,135,176,0,0,0,0,0,33,69,112,145,162,164,139,92,22,-47,-110,-168,-192,-185,-156,-93,-10,60,122,179,204,179,127,56,-35,-114,-169,-202,-192,-139,-63,28,106,165,198,192,135,63,-21,-99,-149,-168,-168,-127,-58,32,108,156,184,166,107,36,-29,-99,-146,-158,-145,-110,-52,16,75,117,127,113,83,36,-7,-40,-63,-66,-60,-47,-35,-22,-20,-18,-14,-5,3,14,28,57,87,100,97,73,21,-37,-97,-143,-168,-163,-117,-53,19,105,178,212,202,157,82,-8,-110,-192,-236,-237,-191,-99,9,116,205,248,231,170,76,-29,-130,-205,-230,-196,-128,-28,73,158,206,0,163,67,-37,-134,-213,-226,-180,-106,-6,108,198,246,244,182,69,-64,-174,-250,-285,-252,-155,-22,113,224,289,294,218,89,-56,-196,-297,-327,-287,-192,-39,131,262,340,357,290,150,-18,-183,-306,-368,-345,-242,-84,84,235,323,332,275,154,-9,-165,-286,-336,-309,-205,-41,135,276,346,330,227,72,-100,-268,-379,-392,-317,-170,35,244,399,476,443,300,83,-163,-379,-508,-540,-462,-269,-7,257,481,609,603,462,215,-77,-358,-578,-690,-643,-455,-180,128,428,651,728,653,449,148,-195,-488,-675,-734,-642,-410,-97,224,511,681,700,579,348,41,-271,-514,-643,-647,0,0
38964,mtk,MTK 7916,2422781505,rx0-tx0,512,-349,802,614,139,269,387,469,504,495,430,327,182,22,-149,-310,-443,-529,-570,-556,-478,-364,-197,-8,183,353,490,584,616,583,483,335,160,-33,-213,-381,-510,-585,-598,-546,-446,-312,-151,36,221,363,463,527,543,511,416,286,145,-9,-156,-273,-386,-448,-464,-451,-392,-300,-195,-69,48,170,279,350,406,436,419,381,302,194,74,-63,-195,-314,-411,-477,-501,-479,-402,-290,-149,8,176,338,454,549,570,537,458,322,150,-29,-215,-382,-509,-571,-593,-544,-434,-286,-111,85,263,411,505,537,513,454,344,199,34,-128,-255,-360,-422,-439,-411,-330,-235,-124,-6,100,192,250,284,-511,282,229,177,112,50,-12,-76,-121,-150,-165,-175,-176,-170,-153,-131,-96,-64,-23,34,83,138,176,214,240,245,226,190,133,48,-39,-133,-229,-303,-347,-353,-338,-279,-193,-73,63,195,312,392,439,446,387,299,183,36,-115,-251,-372,-439,-465,-451,-383,-262,-131,8,155,287,378,438,454,412,334,228,89,-48,-172,-278,-349,-388,-382,-342,-277,-189,-75,33,137,226,281,319,330,300,253,177,87,-6,-93,-177,-245,-286,-295,-273,-233,-176,-88,1,95,180,242,278,292,269,213,136,40,-54,-147,-226,-264,-278,-260,-202,-118,-17,81,169,219,236,210,148,70,-18,1005,997,1179,646,335,-130,-66,32,130,217,274,274,224,137,28,-88,-200,-284,-323,-319,-273,-187,-83,37,160,261,326,351,333,277,179,68,-50,-166,-258,-323,-349,-330,-286,-194,-91,16,114,207,277,312,321,291,235,165,73,-18,-118,-201,-266,-320,-326,-310,-271,-189,-99,9,121,233,315,361,373,336,276,173,52,-72,-184,-290,-359,-392,-381,-324,-234,-122,-1,120,223,298,358,371,343,278,177,79,-27,-139,-227,-285,-315,-311,-275,-214,-147,-63,36,128,194,245,283,289,260,218,160,89,-4,-93,-166,-232,-268,-285,-284,-241,-174,-87,2,92,178,237,292,311,286,251,186,91,-330,-126,-188,-252,-302,-316,-306,-260,-187,-94,7,117,212,274,314,321,303,257,184,90,-3,-107,-202,-273,-327,-338,-327,-287,-219,-132,-22,92,196,286,350,385,391,345,278,178,45,-84,-223,-338,-424,-477,-464,-407,-324,-191,-34,130,286,421,521,558,538,459,331,169,-23,-212,-383,-515,-594,-611,-571,-472,-309,-113,87,281,443,568,636,630,559,429,245,31,-167,-353,-511,-609,-632,-598,-510,-355,-169,28,221,384,516,572,570,520,420,282,109,-51,-202,-341,-448,-494,-492,-440,-351,-245,-117,16,148,265,338,401,423,412,364,290,189,58,-65,-188,-291,-378,-426,-437,1231,1106,-729,-595,-774,460,402,310,176,20,-143,-293,-417,-500,-537,-522,-459,-346,-196,-30,162,330,466,563,600,574,489,359,185,-8,-205,-385,-515,-594,-616,-568,-474,-327,-147,44,232,383,493,565,582,531,426,291,139,-26,-194,-335,-430,-489,-500,-464,-401,-298,-160,-27,105,234,330,397,439,438,410,333,237,133,10,-113,-225,-331,-403,-444,-454,-425,-358,-257,-125,26,175,315,429,506,539,520,434,314,158,-23,-189,-353,-489,-564,-580,-549,-459,-313,-142,43,235,392,503,566,572,510,394,242,60,-111,-264,-391,-468,-499,-468,-393,-288,-156,-18,118,232,314,362,364,335,278,202,109,1105,-79,-141,-184,-223,-232,-234,-211,-168,-125,-84,-38,-1,40,86,122,148,166,184,188,179,150,117,78,14,-56,-133,-197,-261,-296,-303,-293,-248,-171,-68,36,153,262,346,400,403,371,296,189,67,-82,-227,-333,-424,-464,-452,-396,-298,-164,-18,132,276,378,429,451,433,353,250,123,-30,-168,-282,-367,-417,-411,-377,-300,-205,-82,43,158,250,326,362,356,325,257,182,91,-19,-117,-202,-270,-305,-310,-287,-241,-176,-87,5,94,174,247,285,290,272,224,159,81,-16,-110,-191,-252,-282,-280,-249,-179,-87,3,102,186,240,258,248,197,117,21,-80,-148,-187,-179,155,-106,1145,-1086,-1212,128,200,226,204,142,41,-79,-185,-268,-307,-301,-251,-158,-40,79,194,275,321,332,305,229,128,8,-112,-223,-302,-339,-344,-306,-233,-134,-12,97,201,278,319,328,304,254,168,75,-23,-127,-207,-269,-304,-310,-292,-240,-180,-96,9,101,197,274,319,342,331,278,189,87,-35,-143,-250,-333,-372,-374,-338,-264,-161,-40,84,195,292,350,370,356,293,208,103,-16,-130,-232,-303,-337,-347,-315,-243,-160,-61,39,129,200,254,293,305,271,218,150,70,-25,-111,-174,-226,-270,-284,-273,-232,-170,-89,-10,80,167,237,283,299,294,247,189,112,4,-93,-182,-258,-315,826,-297,-250,-185,-94,8,102,194,267,313,321,306,252,173,85,-15,-110,-200,-273,-316,-328,-318,-264,-197,-99,4,99,192,264,317,349,336,310,244,155,44,-81,-204,-307,-395,-433,-430,-387,-306,-198,-48,116,260,381,474,512,504,442,335,182,5,-167,-333,-464,-548,-581,-547,-466,-328,-150,43,233,409,540,613,623,569,451,286,85,-125,-315,-484,-609,-651,-622,-539,-398,-206,-3,193,374,523,600,620,570,466,315,128,-51,-224,-370,-484,-529,-524,-474,-387,-253,-102,51,197,307,388,436,443,423,348,256,153,22,-105,-222,-310,-387,-425,-424,-389,-316,-219,-97,31,-301,-612
38965,mtk,MTK 7916,2422781505,rx0-tx1,512,87,-129,67,-149,27,212,393,533,634,674,650,565,417,230,12,-216,-429,-617,-739,-788,-773,-686,-528,-311,-67,193,445,657,809,896,899,805,642,409,128,-165,-454,-691,-877,-989,-999,-911,-733,-478,-184,130,441,708,905,1020,1040,969,812,566,281,-37,-357,-639,-867,-1020,-1080,-1036,-906,-692,-425,-100,238,555,816,1017,1121,1130,1033,829,550,225,-133,-492,-795,-1034,-1162,-1195,-1115,-916,-637,-294,74,435,754,994,1146,1193,1129,966,709,383,20,-338,-659,-924,-1105,-1174,-1142,-998,-760,-461,-107,252,584,861,1051,1152,1139,1017,803,512,181,-170,-503,-792,-1000,-1116,-1120,-1017,-824,-552,-236,103,-689,710,927,1047,1076,1001,838,597,308,-16,-333,-612,-839,-991,-1049,-1017,-883,-682,-408,-100,218,513,771,966,1063,1056,962,772,502,191,-147,-472,-765,-987,-1106,-1132,-1036,-829,-553,-222,140,489,796,1019,1140,1151,1046,839,541,188,-171,-517,-812,-1018,-1119,-1109,-990,-769,-481,-139,203,523,786,970,1047,1015,894,683,399,88,-215,-501,-731,-869,-929,-893,-764,-570,-317,-40,230,459,637,754,792,747,624,445,236,1,-212,-401,-553,-638,-655,-607,-506,-357,-168,22,204,367,483,548,557,501,388,243,75,-99,-261,-388,-470,-492,-446,-347,-208,-40,132,274,357,388,348,249,114,-23,-616,-483,0,458,615,94,25,-64,-148,-216,-252,-238,-179,-91,14,117,203,265,291,281,235,154,57,-47,-150,-232,-286,-315,-306,-265,-190,-98,8,116,213,288,330,346,320,272,192,88,-24,-140,-245,-323,-379,-393,-375,-320,-229,-112,40,183,299,396,452,473,438,355,230,80,-79,-240,-377,-486,-539,-528,-472,-358,-213,-43,133,295,425,521,566,541,463,334,179,3,-179,-345,-463,-531,-550,-510,-422,-280,-117,46,210,341,438,496,506,459,366,241,100,-45,-195,-311,-394,-447,-441,-400,-324,-213,-93,47,160,243,324,366,368,342,281,195,105,0,-96,-181,-255,-292,-315,-306,-260,-202,-130,-59,27,105,169,220,252,263,243,203,160,99,38,-28,-92,-143,-184,-207,-214,-198,-163,-128,-85,-41,2,44,83,124,157,172,174,168,162,155,128,89,33,-29,-87,-149,-206,-254,-290,-303,-282,-231,-148,-47,67,184,281,365,419,432,401,330,222,88,-66,-210,-341,-446,-516,-522,-480,-393,-258,-102,66,233,372,482,550,557,505,415,283,119,-54,-221,-365,-470,-532,-545,-501,-412,-283,-128,33,177,312,403,467,480,439,373,276,160,36,-83,-191,-281,-339,-372,-375,-349,-303,-238,-159,-70,25,114,199,279,341,375,392,377,324,255,157,37,-90,-231,-356,-449,-440,-159,504,766,776,578,605,584,502,366,194,-12,-217,-409,-570,-681,-738,-718,-634,-477,-264,-29,207,434,639,774,843,835,740,578,358,97,-185,-451,-677,-850,-947,-955,-861,-689,-453,-163,148,451,713,910,1013,1031,950,770,524,223,-95,-402,-682,-900,-1025,-1068,-1002,-851,-625,-342,-23,297,593,834,1010,1101,1088,972,762,485,160,-180,-511,-805,-1020,-1147,-1173,-1077,-880,-595,-257,99,467,780,1018,1165,1201,1126,941,666,331,-35,-391,-712,-965,-1131,-1190,-1134,-976,-733,-411,-64,291,628,894,1080,1171,1146,1008,778,475,141,-216,-548,-831,-1030,-1135,-1133,-1025,-820,-536,-206,144,470,754,965,1084,1101,261,832,572,267,-64,-386,-664,-880,-1016,-1063,-1000,-850,-630,-350,-34,283,568,799,966,1040,1022,910,721,461,140,-181,-492,-772,-966,-1078,-1092,-1001,-819,-540,-214,130,488,783,1002,1131,1148,1052,856,561,215,-157,-509,-811,-1033,-1139,-1133,-1021,-802,-509,-170,187,527,804,998,1087,1069,949,732,449,116,-208,-507,-768,-925,-986,-958,-835,-624,-354,-61,237,495,697,825,863,815,687,507,278,29,-217,-434,-593,-694,-716,-664,-561,-400,-202,5,202,375,510,582,588,552,451,305,138,-46,-226,-368,-468,-516,-506,-439,-319,-164,10,178,315,410,451,422,326,187,31,-124,-238,-293,-279,461,607,0,-435,-152,-147,-193,-198,-163,-95,2,110,199,259,277,256,199,114,13,-94,-191,-260,-300,-305,-274,-207,-121,-19,86,185,262,311,330,313,267,187,88,-19,-127,-221,-303,-352,-367,-345,-292,-204,-96,30,154,268,356,422,442,406,340,230,99,-53,-209,-343,-449,-505,-514,-468,-372,-234,-59,115,274,403,496,541,535,464,352,198,20,-167,-329,-451,-526,-554,-533,-443,-310,-146,30,196,346,458,515,530,486,392,263,113,-50,-208,-338,-428,-471,-476,-430,-337,-224,-89,55,180,291,363,405,404,358,295,208,91,-22,-129,-220,-280,-320,-332,-310,-264,-193,-112,-27,66,144,202,245,270,270,247,206,156,86,0,-79,-138,-183,-215,-231,-231,-209,-169,-118,-66,-5,60,107,141,168,174,177,163,146,126,90,48,12,-30,-60,-104,-152,-190,-220,-228,-223,-206,-159,-100,-25,70,163,251,321,364,373,339,279,188,72,-65,-201,-317,-412,-471,-485,-445,-369,-253,-101,64,224,371,477,537,545,502,411,283,119,-64,-234,-378,-490,-552,-558,-513,-419,-280,-123,54,212,349,454,509,512,474,391,275,140,-12,-146,-254,-350,-406,-426,-407,-360,-283,-194,-94,14,111,200,270,317,348,358,344,305,243,158,65,-32,-154,-257,-349,-419,-454,-459,-425,-344,-224,-442,-605
38966,mtk,MTK 7916,2422781505,rx1-tx0,512,0,6,351,-96,-304,-493,-643,-728,-740,-687,-572,-394,-170,81,336,555,722,832,861,810,668,463,214,-80,-366,-619,-819,-950,-995,-923,-761,-526,-234,88,417,697,919,1055,1079,994,808,550,229,-115,-450,-758,-990,-1122,-1133,-1043,-851,-557,-227,128,470,781,1009,1127,1149,1063,855,569,236,-124,-476,-777,-1012,-1134,-1144,-1062,-864,-584,-244,121,468,765,980,1109,1113,1011,812,545,224,-117,-440,-723,-921,-1019,-1028,-941,-759,-501,-214,79,363,623,796,896,916,834,692,483,248,-8,-270,-497,-664,-767,-812,-781,-694,-537,-327,-94,145,363,561,703,770,784,726,581,403,173,-71,-307,-523,-683,216,-802,-742,-620,-429,-186,78,325,536,690,777,790,726,580,385,159,-96,-320,-513,-665,-745,-738,-672,-535,-341,-134,89,295,469,598,661,669,610,502,338,145,-55,-247,-422,-545,-604,-613,-564,-472,-336,-163,18,194,353,484,563,577,537,456,325,171,2,-159,-312,-423,-493,-535,-516,-446,-335,-204,-59,110,261,380,455,509,495,438,336,198,64,-92,-243,-362,-444,-482,-472,-421,-319,-183,-28,130,252,358,433,447,422,348,249,127,-25,-169,-291,-383,-413,-403,-356,-275,-155,-22,110,229,305,358,361,318,239,116,-3,-120,-231,-301,-308,-277,-205,-101,13,114,179,198,-705,-606,0,396,-135,-126,-79,6,101,185,246,263,228,157,57,-56,-167,-246,-298,-311,-272,-199,-103,1,122,230,297,330,330,283,198,106,-16,-129,-224,-287,-326,-324,-279,-220,-125,-28,79,172,233,300,319,292,265,198,104,27,-80,-171,-242,-279,-302,-300,-262,-197,-120,-31,57,145,227,280,313,315,289,224,139,48,-55,-162,-231,-288,-337,-339,-310,-245,-158,-65,43,156,242,302,337,342,319,258,174,59,-42,-143,-240,-313,-351,-357,-328,-271,-189,-67,40,143,241,309,347,361,320,250,158,48,-68,-166,-247,-301,-330,-326,-289,-211,-124,-26,69,152,215,256,266,253,227,179,-584,16,-54,-123,-161,-194,-215,-222,-200,-165,-110,-60,-5,61,101,133,168,174,168,160,136,87,39,-7,-46,-82,-126,-133,-143,-145,-125,-103,-63,-28,-9,27,57,78,98,115,108,96,104,87,62,49,36,13,-28,-58,-89,-116,-137,-159,-174,-177,-165,-126,-73,-5,71,133,201,264,291,292,269,203,125,34,-74,-198,-300,-361,-396,-395,-343,-269,-176,-40,83,216,340,426,465,463,417,331,212,75,-79,-224,-366,-454,-511,-522,-463,-377,-243,-92,76,239,372,480,547,565,523,428,287,138,-28,-197,-354,-475,-560,-585,-555,-485,-363,-196,-19,163,345,493,596,652,982,1048,0,-699,-609,-683,-631,-526,-355,-139,93,320,528,682,781,805,750,613,428,191,-70,-339,-578,-762,-884,-920,-861,-718,-496,-231,81,390,657,870,996,1032,961,797,555,246,-102,-442,-731,-955,-1084,-1107,-1027,-840,-561,-225,131,469,777,1002,1127,1148,1056,854,562,222,-129,-487,-796,-1006,-1135,-1156,-1067,-874,-591,-238,116,473,777,1002,1131,1139,1044,847,573,235,-125,-464,-748,-958,-1079,-1086,-990,-801,-530,-219,104,410,687,875,962,963,888,722,487,227,-57,-323,-549,-727,-823,-860,-813,-684,-500,-282,-33,209,427,610,726,785,772,693,560,355,140,-92,-337,-535,-679,-775,-793,-745,-613,-417,757,73,307,517,691,791,810,749,604,408,166,-85,-328,-538,-685,-776,-784,-698,-567,-369,-138,93,309,497,627,699,701,629,505,331,129,-77,-273,-433,-560,-632,-643,-599,-490,-323,-146,39,217,370,496,577,588,546,469,334,172,-8,-174,-322,-441,-519,-543,-523,-454,-328,-190,-31,139,275,388,463,511,511,445,338,214,57,-111,-253,-377,-447,-483,-479,-419,-317,-195,-44,107,249,368,440,473,443,370,280,146,1,-141,-268,-356,-421,-437,-400,-315,-196,-58,78,202,305,375,393,373,305,197,81,-53,-171,-272,-329,-331,-308,-240,-128,-5,111,204,255,260,213,132,22,-24,-365,0,981,1064,111,175,212,200,148,61,-48,-150,-230,-278,-284,-245,-167,-72,45,160,243,297,317,304,240,144,39,-72,-187,-260,-312,-332,-304,-248,-165,-62,52,151,238,296,319,311,259,205,116,-2,-99,-171,-251,-289,-314,-312,-261,-195,-120,-37,65,162,234,282,310,308,285,215,132,45,-49,-146,-237,-295,-326,-333,-296,-227,-159,-59,48,149,242,300,336,351,316,248,176,69,-29,-141,-244,-317,-356,-347,-319,-263,-175,-73,37,147,237,319,358,350,326,255,163,63,-50,-157,-244,-309,-345,-340,-296,-223,-131,-34,66,164,241,283,299,286,243,179,99,14,-60,-127,-189,-674,-242,-241,-212,-161,-112,-49,17,79,130,172,193,204,183,150,120,80,23,-22,-67,-117,-149,-161,-154,-141,-132,-100,-59,-31,19,57,89,114,115,128,133,112,93,65,34,-4,-18,-39,-74,-88,-99,-111,-125,-124,-113,-104,-85,-61,-28,15,66,123,176,211,234,225,207,179,110,20,-75,-173,-263,-313,-349,-359,-328,-252,-157,-44,95,217,312,401,440,434,399,313,188,47,-93,-233,-356,-440,-490,-487,-441,-354,-223,-83,95,252,378,475,520,534,484,392,267,113,-59,-225,-383,-493,-552,-572,-541,-449,-325,-166,17,181,340,484,579,613,596,525,398,242,48,-397,141
38967,mtk,MTK 7916,2422781505,rx1-tx1,512,0,0,0,938,918,699,317,-139,-568,-866,-979,-882,-587,-165,287,677,917,958,791,446,12,-420,-761,-923,-878,-643,-268,157,549,807,869,734,445,51,-346,-660,-820,-785,-566,-218,175,527,751,803,672,382,-2,-386,-684,-824,-775,-546,-184,216,574,801,842,693,389,-8,-415,-720,-859,-816,-601,-240,177,559,802,871,747,470,83,-317,-655,-843,-834,-648,-324,66,434,697,808,737,514,183,-185,-509,-703,-737,-609,-349,-19,300,549,669,640,471,197,-112,-378,-549,-598,-507,-307,-50,213,418,519,502,373,162,-77,-286,-421,-458,-387,-227,-15,185,330,394,366,243,71,-115,-266,-350,0,-251,-94,81,236,340,354,272,126,-55,-223,-348,-392,-347,-212,-20,191,354,436,429,322,132,-100,-307,-455,-509,-446,-271,-43,201,413,544,552,435,233,-20,-282,-494,-598,-573,-426,-184,99,362,556,636,585,411,149,-150,-413,-585,-647,-571,-378,-110,182,432,589,630,553,362,106,-179,-419,-563,-593,-505,-321,-87,141,336,473,511,447,293,97,-105,-276,-377,-399,-354,-240,-97,49,172,245,272,250,182,86,-6,-81,-133,-149,-131,-95,-60,-31,-5,15,24,15,14,21,31,48,72,86,95,91,62,22,-29,-91,-145,-175,-187,-175,-140,-86,-20,45,100,142,169,0,0,0,0,0,-19,35,92,143,175,185,165,118,43,-41,-124,-191,-227,-213,-166,-83,21,134,217,258,256,200,93,-31,-149,-250,-304,-294,-222,-103,35,177,292,347,325,251,132,-28,-191,-310,-360,-341,-261,-122,47,200,305,350,321,215,69,-83,-202,-283,-300,-246,-129,1,137,234,270,238,151,25,-99,-209,-273,-257,-177,-61,75,217,295,294,228,106,-50,-206,-322,-368,-318,-195,-29,151,308,402,409,321,156,-54,-260,-423,-496,-448,-312,-107,131,353,500,541,457,271,30,-214,-419,-542,-546,-427,-215,37,288,474,547,499,348,124,-124,-354,-501,-523,-429,-237,16,256,436,0,489,332,95,-174,-409,-552,-562,-444,-223,58,341,548,631,573,382,94,-227,-504,-673,-702,-570,-305,44,385,642,768,725,517,186,-188,-534,-772,-838,-702,-415,-36,361,692,866,839,631,283,-145,-550,-831,-922,-818,-527,-114,331,712,932,941,743,378,-84,-531,-864,-1004,-917,-626,-196,284,708,974,1029,849,484,5,-481,-864,-1045,-999,-745,-323,175,632,955,1056,915,580,118,-368,-761,-986,-999,-779,-390,81,534,864,996,905,600,170,-291,-685,-931,-965,-780,-415,40,482,808,953,884,619,215,-243,-645,-901,-950,-786,-448,-15,425,774,937,893,656,272,-180,-590,-866,-942,0,0,0,0,0,-178,268,658,916,971,802,455,13,-430,-788,-978,-945,-696,-308,136,552,844,952,839,552,151,-284,-656,-872,-882,-700,-363,44,431,717,838,765,506,142,-248,-581,-782,-801,-622,-294,94,463,724,814,718,461,90,-310,-636,-807,-805,-624,-295,110,491,757,857,765,495,118,-292,-645,-846,-857,-688,-363,49,448,744,865,803,569,215,-188,-540,-775,-832,-704,-431,-67,308,612,764,747,565,265,-88,-415,-638,-710,-630,-417,-115,199,461,615,623,494,260,-23,-291,-484,-565,-515,-349,-115,138,351,470,481,384,201,-21,-226,-372,-421,-363,-218,-32,151,292,364,349,250,91,0,-258,-346,-345,-258,-111,66,239,353,378,311,172,-14,-206,-356,-425,-391,-269,-75,149,341,454,468,377,201,-32,-266,-447,-527,-493,-359,-140,118,363,534,589,522,342,79,-200,-438,-596,-628,-515,-301,-30,259,497,624,620,493,263,-18,-299,-526,-641,-623,-475,-240,49,323,523,610,580,446,221,-44,-285,-462,-549,-528,-398,-199,25,221,373,451,440,336,183,6,-151,-270,-334,-331,-262,-150,-35,70,157,206,209,170,112,51,-6,-51,-71,-74,-64,-49,-38,-29,-25,-33,-38,-38,-32,-7,30,69,108,137,150,138,103,55,-9,-81,-142,-179,-200,-196,-167,-119,-60,0,0,0,0,0,-130,-140,-131,-95,-39,28,98,162,199,205,176,112,21,-76,-163,-222,-245,-220,-144,-33,82,187,261,286,256,165,35,-101,-223,-307,-335,-292,-189,-41,118,254,335,358,313,194,36,-127,-264,-351,-363,-302,-179,-26,130,252,314,310,237,110,-32,-161,-250,-277,-244,-146,-11,114,216,264,240,164,51,-87,-204,-276,-274,-207,-72,81,208,299,328,269,139,-28,-192,-320,-387,-361,-254,-90,104,290,418,452,377,217,9,-211,-394,-498,-502,-389,-190,55,289,462,539,503,363,135,-123,-349,-496,-546,-481,-300,-49,205,417,534,527,394,187,-62,-304,-476,-534,-463,-282,0,199,408,530,526,395,166,-118,-379,-552,-602,-512,-296,-11,290,536,667,646,479,197,-135,-450,-673,-740,-652,-411,-77,290,605,784,780,612,304,-87,-465,-739,-858,-781,-522,-145,260,620,854,900,730,398,-23,-447,-784,-944,-889,-644,-249,209,624,904,987,839,497,55,-405,-782,-995,-980,-740,-331,154,604,925,1047,941,621,163,-328,-750,-1006,-1040,-847,-470,18,500,860,1028,963,693,266,-222,-655,-935,-1006,-847,-502,-48,409,776,965,939,699,301,-163,-585,-874,-971,-844,-529,-87,372,738,932,928,712,333,-121,-545,-843,-951,-852,-560,-142,312,690,907,923,736,385,-60,0,0
38968,mtk,MTK 7916,2422781505,rx2-tx0,512,0,0,0,98,-387,-782,-996,-981,-747,-338,157,613,924,1023,884,541,89,-386,-781,-996,-977,-733,-325,159,603,913,1005,862,518,58,-413,-789,-981,-945,-694,-279,198,629,914,985,823,469,10,-454,-824,-998,-932,-649,-221,262,676,932,977,792,425,-33,-488,-818,-956,-870,-578,-150,304,688,901,893,674,297,-153,-562,-836,-905,-752,-418,27,475,805,940,859,571,126,-355,-755,-990,-1005,-774,-354,157,643,990,1120,994,632,123,-416,-872,-1144,-1163,-918,-464,89,629,1027,1203,1111,778,273,-289,-790,-1111,-1182,-1001,-594,-63,467,890,1108,1084,822,376,-152,-633,-956,-1056,-921,-586,-117,366,0,954,939,714,328,-131,-553,-839,-927,-792,-473,-51,384,725,894,847,602,212,-231,-621,-862,-904,-735,-385,54,497,829,971,888,592,148,-340,-767,-1033,-1064,-854,-446,73,597,992,1183,1120,802,295,-279,-802,-1164,-1274,-1102,-698,-138,464,971,1274,1310,1059,582,-18,-621,-1093,-1338,-1292,-975,-452,161,740,1162,1339,1222,852,309,-287,-820,-1174,-1289,-1140,-757,-220,352,844,1144,1207,1024,635,132,-376,-795,-1041,-1076,-890,-535,-87,360,718,918,925,741,416,27,-345,-629,-768,-751,-592,-321,2,306,529,635,625,493,270,10,-235,-423,-524,-528,-445,-294,-110,81,235,336,374,355,288,0,0,0,0,0,266,304,305,254,155,23,-131,-285,-399,-455,-442,-351,-193,4,205,376,483,502,423,265,57,-171,-366,-490,-522,-450,-279,-47,195,397,510,523,429,238,-2,-240,-429,-529,-506,-370,-152,97,327,482,525,449,273,35,-222,-434,-544,-521,-377,-137,145,409,586,628,530,299,-15,-331,-584,-730,-714,-536,-233,134,482,727,822,743,490,125,-265,-611,-834,-871,-711,-398,6,411,735,897,864,641,266,-167,-563,-838,-932,-825,-534,-113,340,711,926,944,747,388,-66,-506,-838,-985,-916,-641,-224,249,663,934,999,845,495,38,-421,-793,-993,-964,-727,-329,152,591,896,1005,893,0,127,-351,-746,-974,-977,-763,-370,108,559,886,1007,897,580,133,-348,-755,-986,-994,-770,-370,122,582,917,1040,929,602,132,-368,-796,-1052,-1056,-816,-392,125,614,971,1106,985,637,141,-387,-832,-1091,-1100,-854,-410,127,632,994,1139,1014,645,126,-420,-871,-1132,-1123,-848,-385,164,681,1046,1176,1029,632,105,-450,-912,-1172,-1156,-875,-390,186,711,1078,1204,1053,657,108,-466,-933,-1191,-1170,-883,-404,169,709,1089,1218,1071,686,146,-422,-897,-1171,-1174,-904,-440,108,634,1016,1161,1045,695,186,-357,-813,-1076,-1091,-862,-448,69,564,919,1065,956,623,157,-332,-753,-989,-996,-781,-386,100,0,0,0,0,0,1009,938,653,214,-273,-695,-954,-998,-813,-440,32,500,856,1019,942,652,210,-280,-702,-959,-997,-805,-426,46,509,853,995,910,610,170,-308,-715,-964,-973,-762,-379,98,552,875,993,879,558,106,-369,-756,-971,-960,-725,-325,148,582,884,977,842,511,63,-393,-751,-925,-884,-636,-235,226,627,863,891,712,354,-88,-513,-818,-929,-805,-479,-37,422,782,971,934,666,232,-264,-713,-1007,-1076,-895,-498,23,543,947,1144,1087,782,296,-260,-758,-1101,-1198,-1030,-635,-98,459,916,1177,1176,907,448,-103,-626,-1010,-1164,-1062,-728,-234,302,759,1038,1080,883,487,-7,-487,-849,-1009,-937,0,-229,236,644,893,932,749,397,-41,-462,-776,-905,-816,-534,-129,302,671,879,879,674,308,-141,-563,-855,-945,-814,-491,-38,428,804,1002,979,718,288,-220,-692,-1029,-1134,-989,-622,-106,450,920,1192,1208,959,494,-84,-653,-1088,-1300,-1227,-888,-356,253,815,1205,1335,1192,796,220,-407,-936,-1269,-1335,-1118,-673,-81,528,1010,1285,1293,1019,543,-35,-604,-1041,-1249,-1200,-910,-447,102,615,987,1149,1076,790,354,-134,-579,-895,-1016,-930,-663,-274,151,527,773,855,762,521,187,-162,-460,-655,-713,-625,-417,-142,145,390,546,594,530,373,161,-63,-263,-406,-471,-455,-370,-242,-99,34,147,0,0,0,0,0,-68,29,139,254,346,397,396,332,202,34,-146,-317,-443,-490,-449,-331,-148,71,279,432,505,483,364,168,-64,-289,-458,-528,-489,-355,-152,94,322,480,530,468,305,76,-168,-376,-507,-527,-424,-221,27,271,452,527,477,315,72,-197,-434,-566,-572,-449,-214,86,379,597,688,622,410,100,-246,-550,-740,-777,-646,-362,12,389,690,845,818,611,268,-144,-526,-791,-889,-797,-520,-127,297,662,886,912,738,399,-36,-462,-788,-945,-890,-639,-241,206,613,892,975,840,516,78,-375,-754,-970,-974,-754,-366,100,545,869,997,912,620,187,-286,-696,-948,-986,-808,-448,14,475,0,1006,944,668,244,-233,-658,-926,-996,-834,-482,-14,457,819,997,950,681,252,-235,-673,-961,-1031,-866,-494,-11,481,863,1055,998,711,263,-256,-720,-1014,-1088,-915,-523,-7,510,917,1109,1048,752,283,-266,-744,-1053,-1120,-936,-534,-1,535,943,1137,1073,757,261,-291,-785,-1091,-1147,-942,-521,32,569,985,1175,1091,754,242,-327,-827,-1135,-1185,-963,-525,33,591,1017,1209,1121,779,256,-323,-833,-1151,-1209,-993,-550,17,578,1005,1201,1127,804,294,-280,-784,-1105,-1179,-986,-574,-37,501,918,1133,1081,788,323,-205,-690,-1007,-1090,-920,-546,-49,449,835,1027,986,713,283,-211,-658,-949,-1009,0,0
38969,mtk,MTK 7916,2422781505,rx2-tx1,512,0,0,0,-293,-56,190,391,501,510,403,213,-16,-236,-404,-483,-458,-333,-136,77,270,408,456,404,261,69,-130,-293,-393,-413,-340,-199,-20,152,296,370,362,278,149,-6,-157,-269,-327,-315,-236,-113,25,151,236,268,256,206,120,2,-105,-170,-206,-215,-190,-128,-52,13,79,137,168,179,172,144,90,21,-54,-121,-175,-205,-200,-175,-125,-46,53,154,232,272,263,202,94,-27,-158,-269,-329,-338,-274,-131,33,181,305,363,358,287,149,-26,-197,-332,-399,-382,-289,-133,53,228,356,416,384,267,91,-105,-271,-378,-418,-364,-229,-48,139,297,392,401,322,176,-1,-182,-319,0,-362,-259,-100,82,243,346,370,312,193,24,-149,-279,-338,-328,-243,-102,70,215,303,324,274,145,-32,-194,-304,-341,-311,-199,-24,156,305,392,386,294,128,-83,-299,-439,-464,-399,-261,-52,199,417,556,571,458,240,-38,-322,-549,-667,-648,-496,-238,90,405,634,744,715,518,216,-128,-452,-697,-800,-736,-511,-191,178,512,739,807,725,496,165,-207,-535,-752,-812,-714,-489,-175,176,501,711,763,680,476,183,-134,-419,-631,-710,-644,-460,-196,100,350,523,603,567,413,188,-61,-291,-452,-517,-488,-379,-214,-13,181,325,409,423,363,255,127,-10,-128,-213,-257,-263,-228,0,0,0,0,0,-102,-109,-100,-75,-41,7,59,102,134,157,159,126,75,21,-40,-107,-154,-171,-156,-121,-61,10,78,127,158,163,137,77,4,-68,-117,-148,-158,-137,-83,-17,39,97,144,150,131,94,43,-18,-73,-108,-122,-111,-88,-47,-2,46,79,101,99,86,65,26,-20,-53,-72,-89,-90,-76,-57,-48,-21,14,37,59,91,116,109,73,36,-2,-48,-110,-151,-166,-157,-132,-75,5,93,170,217,215,182,119,37,-64,-158,-232,-263,-236,-172,-82,39,159,238,268,257,194,81,-44,-148,-235,-273,-247,-176,-67,67,173,235,248,209,126,22,-86,-184,-232,-224,-163,-64,0,145,219,244,208,120,6,-113,-210,-266,-260,-188,-72,63,187,271,293,253,142,4,-135,-251,-328,-330,-245,-111,47,208,317,351,318,211,59,-110,-268,-368,-382,-323,-186,4,194,333,399,383,299,139,-67,-254,-372,-415,-360,-228,-41,151,309,390,384,296,137,-65,-252,-382,-422,-356,-205,-7,184,345,437,425,309,122,-104,-322,-467,-505,-436,-265,-17,238,435,553,555,428,211,-60,-328,-520,-602,-567,-403,-141,155,424,603,652,574,370,79,-228,-491,-655,-682,-571,-341,-35,278,532,672,679,539,288,-28,-326,-553,-659,-633,-470,-218,67,342,542,618,560,396,161,0,0,0,0,0,-465,-548,-511,-362,-143,97,312,458,502,441,291,78,-154,-338,-445,-456,-372,-208,-10,202,361,430,402,296,140,-40,-216,-347,-390,-352,-249,-93,86,224,318,351,317,211,64,-85,-214,-291,-307,-258,-176,-57,71,173,224,237,219,156,67,-24,-99,-160,-188,-191,-165,-121,-56,8,62,120,160,177,167,141,99,36,-51,-134,-194,-226,-228,-196,-126,-16,98,207,282,308,272,186,58,-86,-227,-330,-368,-327,-218,-58,111,254,358,390,341,216,43,-137,-287,-385,-403,-342,-210,-29,159,316,406,409,320,165,-27,-210,-345,-410,-393,-279,-108,79,245,362,407,349,217,0,-127,-275,-363,-371,-291,-154,13,190,317,362,324,221,62,-107,-245,-321,-331,-254,-111,53,200,313,355,292,162,-2,-169,-306,-365,-335,-217,-52,136,304,418,438,361,192,-38,-272,-448,-529,-496,-359,-134,134,386,566,626,561,370,92,-218,-491,-680,-725,-618,-370,-49,280,553,736,761,621,359,31,-321,-613,-773,-773,-624,-344,-3,361,655,807,787,614,329,-12,-361,-639,-783,-775,-617,-339,-4,320,575,726,726,575,331,34,-271,-506,-630,-638,-524,-307,-49,210,420,545,562,475,303,84,-137,-329,-446,-474,-428,-317,-160,11,171,288,350,356,310,225,128,31,-57,0,0,0,0,0,10,-33,-73,-109,-135,-147,-137,-112,-71,-18,45,104,150,169,162,132,75,8,-54,-109,-157,-174,-143,-94,-36,29,93,137,154,148,117,63,-7,-78,-126,-149,-150,-108,-49,6,59,118,145,134,99,59,10,-41,-82,-99,-113,-107,-63,-17,17,46,68,79,75,66,48,22,-12,-43,-66,-76,-83,-83,-78,-56,-24,11,45,83,108,130,132,104,66,1,-74,-136,-175,-198,-189,-129,-44,36,119,207,252,235,191,108,-1,-110,-202,-262,-272,-230,-145,-33,98,193,249,259,220,128,17,-101,-204,-258,-255,-199,-97,24,127,207,247,228,149,48,-58,-156,-227,0,-178,-89,22,138,224,246,223,158,45,-94,-207,-275,-278,-216,-105,33,163,262,318,295,207,70,-92,-225,-313,-338,-290,-169,-10,158,297,375,373,281,123,-68,-245,-366,-415,-377,-243,-61,130,293,394,411,330,169,-12,-191,-346,-418,-385,-272,-89,115,277,378,405,332,174,-27,-224,-368,-424,-388,-258,-65,147,334,460,470,368,188,-43,-275,-458,-543,-500,-346,-116,148,383,543,590,497,291,29,-245,-478,-619,-620,-486,-253,41,336,558,667,645,480,211,-104,-405,-616,-694,-628,-438,-160,151,438,622,683,599,387,106,-191,-452,-610,-642,-538,-322,-49,223,447,574,0,0
38970,mtk,MTK 7916,2422820273,rx0-tx0,512,-349,802,614,104,213,312,388,448,471,451,404,322,206,72,-67,-211,-331,-422,-494,-520,-513,-456,-351,-229,-86,69,213,340,450,521,546,529,453,356,223,78,-64,-208,-328,-420,-482,-502,-471,-405,-327,-214,-97,28,148,248,322,372,409,398,368,316,247,163,62,-25,-106,-179,-244,-289,-322,-334,-324,-310,-268,-205,-143,-61,27,117,204,288,364,409,428,417,366,283,174,59,-69,-197,-318,-409,-479,-514,-496,-438,-347,-224,-83,68,216,348,448,511,532,505,435,333,196,45,-106,-235,-354,-447,-485,-480,-446,-359,-253,-132,-5,116,222,300,359,380,361,323,257,174,92,11,-511,-138,-189,-220,-229,-226,-209,-175,-131,-91,-55,-18,16,56,68,78,93,101,107,106,113,122,118,116,100,74,42,7,-35,-95,-143,-191,-229,-244,-244,-230,-192,-121,-54,28,133,212,278,324,339,336,299,228,136,34,-75,-178,-267,-336,-376,-382,-357,-306,-215,-112,-4,104,192,270,320,337,334,300,243,162,78,-12,-107,-177,-222,-261,-273,-258,-225,-181,-122,-58,-1,57,108,136,160,181,175,170,158,136,100,60,18,-28,-71,-111,-148,-160,-166,-165,-156,-133,-95,-50,6,57,105,144,176,180,169,150,114,62,5,-53,-105,-144,-168,-166,-135,-90,-34,21,1005,997,1179,646,335,112,28,-80,-176,-263,-308,-309,-264,-180,-75,47,173,276,353,385,374,324,248,131,10,-113,-240,-335,-401,-428,-408,-362,-270,-155,-26,101,224,325,397,432,430,391,311,216,104,-25,-150,-257,-333,-389,-430,-426,-383,-317,-223,-130,-10,115,227,335,417,456,454,419,365,267,150,25,-123,-252,-366,-436,-471,-482,-437,-355,-254,-134,6,136,258,355,417,452,446,413,339,237,121,3,-105,-224,-312,-369,-396,-395,-364,-305,-223,-138,-44,55,150,223,287,327,355,352,318,260,191,109,13,-71,-162,-239,-304,-343,-361,-346,-307,-247,-159,-69,25,126,213,287,339,366,-330,332,277,195,113,24,-93,-190,-263,-331,-357,-354,-341,-297,-235,-158,-57,37,133,218,286,342,361,373,358,304,232,147,60,-37,-155,-247,-328,-388,-419,-431,-402,-339,-253,-138,-13,117,258,376,464,523,540,514,440,328,192,44,-127,-289,-429,-535,-598,-611,-572,-487,-372,-210,-25,166,337,472,587,649,646,600,503,359,193,3,-187,-368,-509,-606,-657,-647,-590,-481,-331,-160,24,206,365,486,571,605,582,510,407,273,123,-43,-186,-313,-406,-466,-487,-474,-427,-340,-236,-125,-5,106,208,289,353,396,406,395,348,283,206,109,13,-85,-186,-266,-338,-376,-394,-381,1231,1106,-729,-595,-774,415,382,316,228,119,-12,-138,-256,-363,-443,-486,-498,-473,-395,-290,-158,-12,137,288,403,482,529,531,496,422,310,166,16,-142,-282,-392,-479,-516,-522,-477,-390,-281,-154,-16,125,246,351,421,451,446,413,353,272,184,71,-43,-136,-224,-284,-332,-349,-345,-332,-302,-246,-176,-105,-20,63,142,220,278,321,355,361,350,314,259,181,80,-18,-139,-253,-350,-415,-453,-469,-442,-369,-269,-155,-16,130,265,388,480,531,536,494,414,286,150,-5,-160,-296,-413,-495,-525,-509,-449,-363,-242,-92,44,180,294,368,417,425,403,348,270,175,58,-47,-140,-218,-273,-299,-310,1105,-244,-184,-116,-46,10,62,108,137,155,163,155,147,124,104,92,73,58,40,21,0,-26,-51,-74,-106,-132,-151,-168,-183,-184,-159,-129,-76,-3,63,136,209,261,290,312,296,245,181,92,-2,-100,-200,-281,-339,-360,-364,-327,-265,-178,-72,39,134,236,314,356,375,352,305,231,128,30,-65,-149,-226,-279,-301,-316,-292,-234,-170,-99,-25,50,112,162,200,213,216,208,175,136,103,55,9,-30,-72,-108,-140,-159,-173,-172,-156,-140,-101,-61,-19,27,69,114,149,173,185,175,150,116,64,4,-48,-99,-144,-171,-182,-169,-139,-91,-36,29,82,121,138,131,155,-106,1145,-1086,-1212,-183,-239,-244,-210,-137,-30,88,202,289,340,361,328,254,150,25,-99,-213,-315,-382,-407,-400,-352,-257,-145,-14,113,236,341,404,433,419,374,290,185,61,-66,-189,-292,-369,-421,-438,-411,-350,-263,-166,-48,81,193,286,359,406,442,430,381,311,197,69,-55,-173,-284,-379,-437,-474,-463,-407,-319,-200,-76,55,202,318,400,460,477,455,398,303,187,60,-67,-185,-294,-372,-418,-423,-406,-360,-271,-177,-70,37,143,238,305,347,367,364,333,280,209,122,33,-66,-155,-231,-285,-333,-346,-343,-318,-256,-179,-92,0,88,177,258,321,353,360,344,295,229,142,38,826,-152,-240,-311,-348,-375,-369,-312,-254,-179,-77,16,118,209,277,333,364,368,347,299,235,151,54,-37,-143,-236,-303,-357,-387,-401,-377,-312,-245,-149,-43,79,194,297,389,459,480,473,433,350,245,108,-41,-195,-337,-456,-540,-577,-575,-512,-413,-283,-122,58,234,387,509,602,640,621,546,432,286,102,-80,-254,-419,-547,-631,-662,-636,-555,-426,-268,-83,104,286,447,556,618,634,596,511,381,221,38,-141,-295,-413,-495,-541,-537,-495,-420,-309,-180,-42,88,214,319,387,427,434,412,371,298,215,112,13,-89,-191,-270,-333,-372,-382,-382,-343,-287,-210,-117,-21,84,-301,-612
38971,mtk,MTK 7916,2422820273,rx0-tx1,512,87,-129,67,-97,53,211,366,494,592,652,674,646,555,421,250,62,-139,-341,-515,-665,-767,-810,-795,-719,-595,-415,-200,29,267,481,662,808,898,919,876,769,595,370,126,-132,-389,-626,-816,-941,-999,-988,-908,-750,-537,-287,-18,250,513,725,887,993,1031,1005,903,734,512,255,-21,-307,-563,-781,-957,-1059,-1094,-1055,-932,-740,-494,-208,95,384,656,890,1051,1145,1139,1053,899,676,397,96,-212,-505,-763,-960,-1089,-1133,-1099,-994,-809,-566,-293,6,299,563,793,959,1063,1095,1050,929,736,486,218,-70,-357,-610,-826,-980,-1058,-1066,-994,-857,-651,-400,-128,157,441,677,865,990,1037,1011,-689,766,549,297,28,-240,-495,-708,-870,-980,-1012,-979,-877,-702,-492,-251,17,284,546,751,910,1011,1034,995,866,687,446,179,-111,-406,-664,-885,-1054,-1128,-1121,-1037,-865,-625,-330,-10,320,623,889,1079,1176,1197,1111,940,693,389,59,-282,-596,-851,-1043,-1148,-1164,-1087,-919,-688,-400,-87,232,527,774,948,1055,1069,992,841,632,373,88,-194,-444,-654,-810,-890,-898,-843,-719,-545,-336,-108,115,322,498,622,699,721,676,585,462,299,115,-66,-230,-380,-495,-564,-588,-558,-491,-383,-247,-97,67,216,335,431,486,490,455,367,246,105,-45,-194,-310,-378,-399,-363,-278,-164,-35,85,-616,-483,0,458,615,-71,1,85,166,224,252,243,198,119,30,-67,-156,-227,-275,-295,-282,-245,-182,-95,-13,78,169,236,279,300,308,278,223,156,77,-12,-102,-177,-244,-300,-333,-334,-312,-273,-206,-126,-41,66,169,257,330,384,406,388,352,285,189,71,-56,-188,-295,-391,-455,-488,-478,-426,-342,-220,-80,68,206,328,431,496,526,509,446,352,223,84,-63,-211,-332,-436,-504,-520,-500,-445,-355,-232,-96,42,173,297,402,459,478,462,416,342,239,124,1,-128,-236,-318,-379,-400,-401,-366,-308,-235,-142,-49,45,130,205,272,305,320,318,298,254,189,107,30,-41,-116,-177,-231,-130,-269,-267,-249,-212,-168,-112,-54,7,66,124,174,202,221,232,223,199,170,132,81,32,-11,-58,-99,-138,-163,-181,-195,-200,-193,-181,-171,-145,-106,-58,-2,53,114,179,237,286,319,327,320,282,222,137,37,-74,-183,-290,-377,-438,-469,-469,-431,-355,-244,-122,23,161,296,421,504,553,555,512,443,336,198,47,-115,-271,-400,-495,-564,-592,-564,-493,-392,-263,-114,45,202,334,442,523,546,541,497,409,301,170,38,-91,-209,-305,-376,-424,-438,-417,-378,-324,-240,-154,-70,26,104,177,245,295,340,367,377,362,335,291,216,131,41,-64,-177,-279,-369,-444,-477,-440,-159,504,766,776,577,596,580,513,401,257,91,-84,-274,-445,-586,-689,-737,-739,-682,-577,-427,-232,-24,197,399,588,739,829,865,835,741,599,410,175,-75,-320,-551,-752,-888,-957,-961,-900,-770,-570,-331,-71,197,454,687,861,976,1019,1000,905,732,522,268,0,-275,-536,-759,-926,-1027,-1061,-1022,-909,-738,-508,-236,43,333,609,841,1012,1111,1122,1063,935,722,461,156,-160,-457,-721,-940,-1082,-1144,-1132,-1033,-863,-624,-344,-40,257,539,784,954,1066,1109,1068,955,769,532,265,-29,-320,-584,-810,-970,-1068,-1097,-1034,-891,-694,-442,-169,114,395,644,847,985,1046,1045,960,806,604,345,67,-210,261,-695,-876,-984,-1025,-1000,-900,-734,-521,-268,1,262,514,727,879,986,1017,981,870,686,477,221,-52,-330,-594,-808,-977,-1074,-1098,-1031,-884,-679,-413,-104,199,504,776,991,1126,1178,1141,1013,807,522,213,-123,-457,-747,-980,-1134,-1201,-1172,-1042,-832,-563,-237,98,426,702,923,1075,1127,1093,969,770,525,239,-68,-347,-595,-788,-927,-986,-960,-856,-692,-474,-223,33,275,497,657,769,817,799,721,585,408,218,11,-192,-362,-500,-603,-644,-632,-577,-485,-350,-198,-31,133,279,402,482,530,527,469,387,273,130,-23,-176,-308,-398,-450,-454,-407,-304,-173,-25,114,226,291,307,269,461,607,0,-435,-152,165,196,194,155,84,-5,-98,-183,-246,-276,-274,-238,-176,-97,-4,85,169,241,284,297,296,258,196,119,41,-46,-141,-214,-268,-309,-319,-303,-266,-211,-141,-50,43,130,214,283,326,358,361,333,279,205,112,-5,-117,-222,-323,-394,-437,-455,-425,-363,-267,-144,-12,133,256,370,456,502,505,467,401,296,165,20,-137,-271,-384,-467,-512,-524,-484,-408,-302,-169,-21,125,260,379,458,499,500,461,396,290,167,35,-96,-217,-323,-394,-433,-442,-421,-359,-282,-179,-71,36,141,225,296,343,366,361,328,280,207,127,42,-47,-130,-198,-251,-284,-291,-293,-270,-231,-182,245,-55,18,87,146,196,232,251,248,236,210,165,113,63,4,-53,-101,-141,-171,-199,-203,-201,-190,-168,-142,-112,-79,-41,6,56,92,129,174,205,230,246,249,242,217,170,112,31,-49,-137,-225,-302,-364,-399,-405,-383,-331,-246,-140,-17,113,246,364,451,504,524,498,449,352,226,84,-72,-221,-355,-471,-545,-578,-577,-524,-430,-307,-168,-3,165,312,436,523,572,577,537,459,356,218,66,-72,-217,-335,-425,-480,-497,-483,-433,-357,-268,-158,-34,79,171,258,322,361,390,387,358,323,265,207,140,61,-22,-108,-181,-265,-337,-384,-419,-432,-413,-364,-297,-199,-77,-442,-605
38972,mtk,MTK 7916,2422820273,rx1-tx0,512,0,6,351,-123,-322,-506,-671,-769,-818,-819,-759,-639,-456,-235,6,254,486,680,840,950,970,924,803,617,384,109,-173,-457,-699,-895,-1026,-1081,-1060,-949,-761,-518,-228,93,408,689,927,1094,1168,1171,1083,895,639,342,7,-335,-645,-903,-1095,-1192,-1226,-1151,-978,-744,-450,-117,215,539,826,1046,1193,1245,1193,1059,849,572,251,-94,-431,-732,-977,-1126,-1208,-1202,-1085,-895,-629,-325,-3,320,623,861,1031,1130,1127,1036,877,654,388,97,-195,-455,-679,-846,-955,-983,-938,-830,-652,-447,-214,35,269,474,649,776,843,857,807,700,549,362,152,-64,-280,-469,-630,-749,-812,-825,-761,-644,-478,-262,216,162,382,559,700,795,822,797,692,532,334,121,-99,-313,-502,-646,-730,-776,-747,-652,-523,-344,-149,42,241,418,549,632,666,665,596,491,357,180,15,-144,-310,-430,-521,-579,-589,-553,-479,-375,-242,-106,39,201,319,398,464,503,504,457,377,288,164,36,-80,-190,-299,-365,-412,-443,-435,-395,-328,-247,-142,-36,74,187,290,376,420,449,424,377,299,191,86,-45,-167,-270,-352,-401,-419,-408,-370,-287,-190,-83,45,153,263,350,391,394,373,324,235,139,34,-81,-186,-272,-325,-353,-343,-301,-233,-137,-28,71,164,249,292,292,261,206,122,24,-72,-148,-190,-201,-705,-606,0,396,-135,139,72,-16,-110,-195,-258,-275,-263,-206,-117,-18,86,188,253,302,329,304,247,172,66,-45,-141,-224,-293,-331,-342,-312,-256,-177,-87,13,96,189,259,296,314,312,277,222,159,82,-3,-92,-160,-227,-278,-297,-297,-288,-245,-185,-135,-57,32,113,194,253,287,324,324,293,243,179,93,5,-97,-179,-261,-303,-332,-353,-327,-278,-214,-133,-46,51,148,229,307,357,369,359,328,270,185,78,-24,-119,-213,-284,-350,-380,-373,-344,-281,-202,-116,-10,100,204,277,328,363,362,332,273,203,111,14,-74,-166,-246,-301,-329,-330,-308,-258,-194,-101,-22,50,134,189,233,-584,263,256,225,168,114,56,-6,-67,-121,-163,-183,-200,-198,-176,-158,-125,-80,-26,8,41,74,111,123,121,126,130,114,74,51,34,11,-10,-31,-30,-29,-42,-44,-45,-53,-63,-65,-70,-78,-84,-85,-76,-76,-49,-25,-2,37,75,129,180,217,229,232,214,185,136,79,-11,-110,-197,-280,-347,-395,-406,-376,-318,-232,-125,1,127,249,369,457,492,505,485,420,318,188,47,-126,-272,-391,-490,-563,-586,-571,-505,-394,-261,-103,78,236,381,498,593,634,635,576,469,345,181,12,-164,-334,-472,-588,-653,-662,-635,-567,-455,-312,-132,50,244,415,548,651,714,718,982,1048,0,-699,-609,-765,-717,-621,-472,-277,-68,160,387,588,745,855,901,878,778,626,438,197,-76,-340,-587,-792,-939,-1018,-1026,-949,-793,-586,-316,-30,273,557,803,994,1116,1146,1073,922,702,423,109,-222,-539,-820,-1022,-1158,-1220,-1172,-1024,-813,-532,-230,94,439,726,972,1149,1233,1219,1106,910,659,351,4,-334,-642,-905,-1103,-1222,-1242,-1160,-999,-749,-456,-134,222,546,820,1023,1137,1174,1132,993,772,512,202,-118,-414,-674,-877,-1015,-1070,-1031,-925,-754,-543,-296,-22,239,485,680,816,901,916,860,751,596,406,190,-37,-262,-469,-629,-756,-822,-824,-774,-665,-520,-327,-115,113,330,511,668,762,757,810,735,592,419,207,-18,-239,-450,-615,-734,-791,-798,-730,-612,-440,-250,-38,183,372,539,656,713,715,674,570,428,257,85,-104,-283,-429,-548,-610,-618,-608,-543,-436,-296,-141,25,180,317,430,504,527,539,501,417,321,203,72,-72,-203,-301,-390,-454,-470,-454,-416,-354,-252,-155,-41,81,201,294,368,399,407,414,385,326,232,125,9,-116,-223,-329,-387,-428,-436,-400,-339,-246,-137,-18,97,213,308,369,414,409,372,315,228,114,-3,-112,-223,-301,-348,-374,-361,-314,-237,-142,-43,70,171,249,302,319,299,267,199,93,-18,-115,-189,-239,-252,-232,-173,-91,-10,-24,-365,0,981,1064,-131,-195,-223,-215,-167,-83,15,116,213,274,299,299,252,172,88,-21,-132,-214,-282,-328,-334,-308,-256,-171,-75,29,129,214,280,325,325,308,272,194,114,23,-68,-153,-212,-254,-294,-314,-297,-254,-205,-129,-52,27,109,185,235,278,312,304,287,252,186,123,37,-68,-150,-222,-283,-320,-332,-330,-293,-239,-147,-67,24,120,199,274,320,351,356,319,273,201,111,19,-70,-166,-257,-335,-370,-373,-359,-315,-243,-158,-40,59,162,252,313,362,388,375,331,257,177,68,-44,-148,-231,-292,-338,-349,-338,-310,-246,-165,-69,25,115,188,256,298,301,296,264,210,147,-674,-11,-67,-130,-176,-212,-226,-231,-217,-182,-144,-94,-44,16,58,99,134,165,164,157,151,137,105,55,28,-1,-33,-63,-81,-77,-85,-90,-88,-81,-64,-60,-43,-29,-24,-24,-19,-10,-10,-1,16,36,60,90,120,139,155,158,162,146,114,61,1,-67,-139,-200,-252,-293,-324,-319,-286,-233,-152,-50,67,177,282,372,437,460,447,408,336,208,79,-55,-196,-328,-437,-508,-555,-550,-494,-408,-294,-146,16,174,332,460,551,619,626,579,499,377,219,43,-134,-306,-439,-554,-629,-652,-644,-571,-467,-324,-148,32,205,368,496,603,669,688,664,566,437,287,101,-98,-397,141
38973,mtk,MTK 7916,2422820273,rx1-tx1,512,0,0,0,917,947,736,337,-150,-609,-916,-986,-808,-432,59,542,877,984,849,505,38,-440,-802,-951,-855,-545,-103,364,725,895,837,567,148,-300,-663,-847,-807,-556,-154,285,638,822,788,544,159,-264,-625,-807,-771,-527,-147,273,624,811,780,541,167,-258,-628,-831,-807,-575,-191,244,618,835,837,626,249,-196,-584,-825,-869,-683,-312,132,533,797,863,704,372,-55,-457,-732,-828,-713,-419,-21,364,654,776,701,439,88,-274,-557,-698,-656,-448,-132,203,481,621,605,434,149,-154,-402,-548,-548,-408,-175,96,332,476,483,363,162,-69,-276,-403,-413,-314,-136,67,245,349,350,254,0,-95,-241,-323,-307,-202,-39,133,265,323,287,177,12,-161,-299,-344,-289,-158,26,212,339,380,315,161,-37,-235,-379,-434,-364,-200,17,236,410,480,422,257,31,-214,-417,-521,-501,-346,-103,168,396,530,546,425,196,-83,-342,-520,-581,-502,-297,-21,259,470,580,554,397,148,-137,-381,-534,-570,-478,-269,-7,246,435,521,489,352,144,-83,-289,-419,-447,-386,-243,-51,134,284,355,338,267,155,12,-122,-214,-251,-235,-181,-101,-9,69,126,150,149,116,76,31,-5,-41,-64,-73,-75,-81,-83,-77,-55,-28,5,45,86,117,131,133,117,79,28,-21,-64,-96,-117,0,0,0,0,0,46,5,-43,-88,-128,-149,-136,-98,-43,27,97,153,175,159,101,21,-70,-143,-189,-187,-143,-67,35,136,206,228,202,128,21,-93,-192,-252,-254,-194,-82,43,159,242,268,232,146,28,-96,-196,-255,-253,-190,-87,29,131,199,211,172,93,1,-76,-132,-152,-129,-72,0,62,97,98,58,0,-49,-77,-83,-61,-8,65,111,133,111,54,-29,-119,-188,-206,-169,-84,39,157,245,277,248,146,-9,-167,-287,-348,-327,-220,-54,134,295,391,391,296,129,-79,-273,-400,-429,-350,-183,28,237,387,444,384,222,9,-199,-367,-433,-380,-229,-19,200,376,450,398,235,0,-238,-407,-482,-430,-252,0,258,461,557,504,305,22,-267,-509,-635,-594,-387,-75,261,542,704,692,482,147,-215,-540,-742,-745,-565,-244,153,524,764,808,646,319,-104,-511,-789,-863,-720,-388,50,481,785,897,783,466,23,-438,-794,-940,-843,-532,-78,408,791,973,901,597,133,-377,-786,-1008,-977,-682,-210,307,750,1010,1016,766,319,-211,-690,-994,-1038,-817,-390,140,629,944,1022,841,445,-61,-545,-893,-1009,-859,-492,6,501,864,993,868,519,40,-448,-815,-966,-864,-542,-86,400,778,955,885,585,128,-357,-749,-953,-909,-626,-179,308,709,930,916,665,237,-249,-665,-911,0,0,0,0,0,-300,191,634,916,967,776,387,-110,-578,-899,-993,-838,-472,14,495,844,973,866,539,72,-406,-770,-937,-861,-565,-136,323,692,875,831,568,151,-292,-641,-831,-803,-553,-155,281,630,806,770,534,151,-276,-628,-808,-777,-543,-154,273,618,809,794,558,167,-261,-631,-842,-834,-603,-215,226,610,838,855,653,280,-161,-568,-828,-867,-696,-350,84,493,768,848,714,399,-10,-411,-702,-808,-706,-432,-60,328,623,749,687,448,105,-242,-521,-675,-642,-444,-150,165,435,589,583,430,173,-124,-374,-511,-514,-395,-172,87,311,431,443,335,146,-78,-267,-374,-382,-285,-110,82,241,0,322,226,67,-110,-250,-314,-293,-185,-13,153,270,318,275,146,-19,-191,-320,-365,-303,-160,39,228,363,405,344,178,-35,-242,-398,-459,-398,-234,-7,233,416,496,458,305,59,-197,-406,-525,-518,-381,-147,120,369,534,572,466,253,-17,-291,-504,-587,-529,-351,-90,199,442,574,573,438,206,-62,-317,-495,-554,-492,-322,-92,154,357,476,480,378,193,-13,-206,-342,-403,-374,-256,-96,63,193,284,307,264,171,56,-55,-145,-187,-191,-162,-114,-45,22,78,104,109,110,93,65,42,24,-3,-32,-58,-82,-97,-104,-102,-83,-52,-9,34,76,116,140,140,119,92,50,0,0,0,0,0,94,117,115,94,55,-5,-66,-119,-156,-157,-124,-66,5,79,142,175,171,118,33,-55,-130,-189,-209,-174,-94,9,117,200,232,216,148,49,-66,-175,-255,-265,-213,-106,19,138,228,264,246,170,50,-72,-165,-224,-239,-196,-110,3,104,161,179,156,94,10,-66,-109,-119,-90,-43,21,72,87,69,25,-28,-80,-113,-105,-52,17,89,151,172,144,71,-34,-140,-220,-249,-212,-121,14,162,275,327,292,186,30,-151,-310,-386,-360,-254,-80,121,296,397,412,328,153,-61,-257,-398,-434,-366,-212,1,215,369,436,389,228,12,-203,-362,-427,-380,-228,-1,229,401,0,411,242,12,-245,-450,-521,-454,-273,-14,276,495,587,540,354,59,-269,-532,-666,-639,-444,-121,241,547,723,718,535,202,-196,-541,-752,-778,-605,-280,129,511,763,827,682,355,-66,-491,-789,-881,-745,-422,12,455,790,920,819,504,50,-420,-790,-960,-874,-561,-102,389,789,984,924,630,179,-335,-778,-1009,-984,-721,-263,261,719,1000,1020,786,354,-174,-661,-977,-1040,-825,-416,89,576,916,1013,853,475,-31,-525,-879,-999,-859,-502,-14,468,822,967,860,527,57,-424,-803,-973,-885,-566,-105,378,762,941,885,599,152,-332,-735,-942,-911,-643,-217,268,687,921,915,676,262,0,0
38974,mtk,MTK 7916,2422820273,rx2-tx0,512,0,0,0,84,-410,-798,-974,-893,-572,-100,399,788,972,893,577,109,-388,-783,-965,-887,-577,-114,376,769,951,885,579,115,-375,-764,-941,-864,-556,-97,391,769,933,853,542,74,-415,-785,-948,-855,-528,-54,435,806,964,861,522,46,-449,-818,-966,-850,-507,-29,452,806,945,820,467,-11,-486,-829,-940,-792,-417,71,541,866,953,771,369,-138,-618,-933,-998,-788,-357,181,691,1028,1088,851,389,-191,-735,-1101,-1191,-960,-469,152,742,1153,1268,1058,579,-64,-681,-1120,-1284,-1134,-680,-55,584,1065,1276,1159,744,149,-474,-976,-1224,-1162,-805,-252,360,867,1140,1117,810,297,-280,-770,-1053,-1059,0,-303,246,711,977,978,719,276,-232,-676,-934,-930,-675,-249,249,681,924,917,658,213,-291,-724,-963,-931,-647,-194,322,766,1013,989,689,201,-351,-833,-1097,-1083,-785,-272,327,862,1182,1196,918,401,-232,-823,-1213,-1300,-1060,-551,101,733,1180,1338,1165,695,50,-608,-1115,-1348,-1248,-836,-222,452,1008,1319,1305,977,408,-263,-861,-1237,-1308,-1069,-580,48,657,1096,1263,1121,720,162,-418,-900,-1147,-1110,-815,-345,201,670,957,1011,834,465,1,-438,-754,-879,-791,-521,-144,245,561,732,720,543,253,-82,-381,-577,-636,-552,-349,-78,191,405,526,537,442,265,54,-144,-291,-372,-381,-324,0,0,0,0,0,-253,-303,-308,-251,-139,11,173,325,428,451,384,238,41,-168,-352,-469,-484,-392,-211,20,251,427,502,467,323,92,-166,-378,-497,-499,-381,-166,87,323,480,512,417,220,-38,-291,-463,-515,-432,-238,27,285,466,526,446,233,-46,-319,-515,-580,-479,-238,77,381,602,684,579,314,-44,-403,-680,-791,-704,-433,-44,363,690,853,803,548,147,-293,-669,-871,-859,-635,-248,215,625,875,902,697,310,-157,-588,-876,-941,-763,-387,91,550,871,971,819,452,-34,-508,-856,-993,-872,-525,-44,449,831,1001,915,592,118,-395,-801,-1000,-945,-652,-185,328,759,987,964,701,252,-269,0,-989,-982,-721,-277,230,682,956,981,746,318,-206,-675,-959,-993,-769,-338,192,667,967,1014,789,350,-182,-665,-976,-1030,-810,-375,162,661,989,1059,847,410,-142,-661,-1006,-1081,-872,-435,122,655,1007,1090,890,453,-109,-643,-1005,-1103,-903,-463,108,649,1018,1114,915,469,-105,-655,-1030,-1127,-925,-479,103,656,1029,1134,944,494,-93,-654,-1041,-1156,-961,-510,75,641,1042,1167,982,535,-57,-633,-1042,-1177,-1008,-569,21,600,1015,1167,1015,598,27,-551,-981,-1145,-1012,-618,-64,506,938,1112,997,628,108,-441,-873,-1066,-979,-634,-127,407,827,1018,930,599,118,-395,-792,-978,-905,-586,-115,0,0,0,0,0,980,885,558,89,-408,-804,-981,-898,-578,-104,391,783,972,897,584,116,-378,-765,-954,-889,-576,-111,381,762,943,870,565,106,-381,-764,-941,-864,-553,-96,390,771,945,854,533,66,-423,-795,-950,-851,-516,-43,443,816,964,853,515,37,-450,-818,-958,-837,-490,-15,462,809,939,807,446,-38,-508,-840,-940,-777,-397,103,580,893,972,781,362,-171,-662,-988,-1046,-825,-376,190,714,1068,1145,908,423,-175,-742,-1129,-1227,-1005,-521,107,718,1144,1279,1081,610,-18,-645,-1113,-1300,-1153,-715,-104,525,1020,1250,1163,786,218,-406,-922,-1184,-1140,-806,-275,314,819,1098,1079,787,305,-249,0,-1008,-1010,-748,-297,233,690,948,953,709,260,-246,-675,-922,-918,-656,-218,276,699,937,921,650,198,-314,-737,-974,-958,-672,-188,347,800,1054,1030,739,238,-339,-840,-1136,-1151,-858,-338,282,839,1193,1248,986,469,-175,-778,-1203,-1328,-1118,-626,30,680,1163,1356,1214,778,143,-527,-1065,-1343,-1280,-901,-305,358,937,1278,1311,1020,483,-171,-767,-1175,-1298,-1099,-642,-52,541,1003,1212,1120,776,263,-301,-782,-1061,-1072,-831,-412,84,544,854,949,816,498,84,-334,-655,-806,-756,-535,-197,170,471,644,676,550,303,-3,-292,-502,-592,-552,-397,-174,75,290,431,486,449,336,181,19,-115,0,0,0,0,0,102,-5,-126,-247,-348,-399,-377,-279,-124,67,252,396,467,441,325,136,-91,-308,-452,-493,-428,-266,-38,205,395,495,480,351,133,-124,-353,-491,-512,-406,-195,64,302,470,521,432,231,-26,-281,-460,-516,-434,-235,27,289,484,546,457,238,-59,-350,-560,-630,-530,-276,65,401,642,729,636,372,3,-383,-689,-827,-757,-496,-100,329,679,861,835,592,197,-248,-643,-884,-892,-671,-283,184,604,870,920,738,355,-124,-568,-867,-956,-794,-419,69,532,857,972,842,491,4,-487,-856,-1003,-895,-558,-76,426,823,1005,931,622,155,-355,-778,-999,-962,-677,-222,298,740,989,982,0,263,-257,-703,-971,-983,-740,-302,214,673,959,991,752,324,-189,-662,-959,-1001,-773,-335,189,671,978,1023,800,364,-171,-666,-985,-1043,-832,-392,157,664,998,1065,858,427,-130,-665,-1013,-1088,-883,-442,126,657,1009,1100,901,463,-110,-652,-1014,-1103,-908,-463,109,648,1014,1116,919,469,-103,-649,-1025,-1127,-927,-479,100,655,1041,1149,952,502,-82,-653,-1046,-1158,-973,-527,63,637,1043,1178,999,555,-34,-611,-1026,-1170,-1004,-577,-4,567,990,1151,1012,607,47,-523,-956,-1135,-1015,-636,-95,473,899,1085,990,637,113,-429,-853,-1048,-962,-623,-119,406,813,998,924,601,117,-391,-792,-973,0,0
38975,mtk,MTK 7916,2422820273,rx2-tx1,512,0,0,0,-305,-28,249,452,540,490,326,86,-171,-386,-502,-487,-346,-130,112,324,455,460,360,175,-55,-263,-393,-425,-353,-201,-4,178,319,381,341,207,47,-115,-250,-318,-295,-213,-93,41,163,240,258,211,125,12,-92,-164,-202,-192,-136,-73,-4,64,110,141,143,123,97,65,24,-33,-92,-137,-163,-173,-150,-90,-9,89,187,252,263,226,124,-14,-160,-275,-340,-334,-240,-89,88,254,376,411,350,204,-2,-213,-377,-455,-427,-292,-89,141,351,467,457,349,162,-73,-294,-452,-492,-409,-228,9,251,433,500,443,269,37,-202,-401,-489,-455,-319,-99,156,371,477,462,334,0,-113,-317,-444,-458,-346,-150,81,283,405,424,344,157,-68,-270,-395,-415,-322,-151,65,273,391,400,308,127,-96,-281,-400,-405,-296,-107,126,345,475,464,327,106,-156,-396,-547,-553,-418,-166,143,424,604,645,523,260,-78,-412,-657,-741,-651,-394,-37,339,633,786,753,529,172,-233,-587,-807,-841,-660,-315,107,503,782,866,757,474,69,-354,-704,-886,-847,-619,-259,164,538,785,859,733,431,46,-344,-638,-779,-749,-545,-217,143,450,653,708,594,343,35,-263,-499,-614,-583,-435,-197,75,315,467,522,469,322,114,-101,-278,-389,-427,-378,-272,-132,18,145,223,255,247,0,0,0,0,0,132,136,119,76,19,-45,-112,-166,-196,-196,-159,-89,-6,91,166,202,196,162,94,2,-87,-163,-206,-199,-150,-70,31,121,181,202,179,113,32,-58,-133,-188,-190,-147,-81,11,103,161,178,165,107,34,-34,-91,-129,-135,-121,-74,-19,30,81,113,100,73,43,7,-22,-47,-70,-83,-68,-55,-49,-27,-2,3,27,64,91,100,102,88,53,-9,-88,-155,-189,-191,-149,-65,42,136,216,257,240,170,55,-81,-208,-281,-291,-248,-149,-1,139,257,319,300,205,76,-75,-215,-301,-312,-254,-138,16,158,257,292,257,152,8,-135,-229,-272,-247,-158,-24,112,222,0,258,153,9,-135,-254,-300,-263,-152,-3,152,270,326,292,175,14,-154,-298,-356,-328,-211,-33,154,309,391,374,257,66,-159,-333,-431,-420,-303,-98,140,338,456,463,355,150,-97,-323,-459,-479,-389,-202,49,289,454,499,414,218,-20,-257,-431,-488,-414,-233,4,247,429,490,424,250,-7,-257,-435,-505,-440,-248,16,284,483,554,487,294,13,-287,-507,-600,-540,-339,-50,259,513,646,611,417,113,-218,-508,-669,-662,-490,-196,149,469,676,710,570,294,-65,-413,-659,-735,-631,-377,-39,312,590,720,677,473,152,-195,-495,-667,-671,-507,-229,99,399,589,633,529,303,0,0,0,0,0,-481,-569,-505,-322,-63,207,419,527,495,345,116,-135,-357,-474,-467,-345,-152,74,278,420,449,352,174,-21,-211,-344,-388,-338,-209,-29,148,286,347,323,217,70,-90,-216,-288,-292,-235,-118,13,129,202,229,204,138,46,-41,-112,-154,-164,-143,-104,-54,-2,56,91,107,120,121,106,72,20,-54,-129,-182,-215,-212,-157,-63,59,177,261,300,280,188,41,-134,-285,-368,-373,-299,-147,44,239,379,434,394,248,34,-178,-354,-462,-452,-326,-120,117,330,467,495,396,202,-51,-282,-442,-493,-424,-247,-2,235,406,489,450,297,64,-181,-374,-478,-469,-334,-110,142,349,0,459,335,137,-88,-300,-432,-444,-338,-151,73,270,393,417,327,151,-60,-259,-387,-410,-317,-125,88,269,386,406,303,109,-112,-322,-443,-437,-320,-116,142,365,486,497,382,148,-144,-409,-570,-593,-458,-206,108,416,637,697,581,314,-31,-378,-654,-778,-696,-451,-99,295,630,813,810,604,243,-172,-548,-798,-853,-716,-403,11,432,738,878,811,544,148,-268,-629,-850,-860,-666,-339,59,438,722,827,750,503,144,-244,-553,-724,-735,-585,-300,39,358,579,667,597,395,125,-161,-397,-540,-563,-459,-264,-28,207,386,474,472,369,198,6,-160,-282,-345,-347,-289,-190,-87,9,0,0,0,0,0,7,47,96,142,174,181,154,97,25,-58,-131,-183,-207,-196,-136,-50,47,133,191,211,181,116,29,-64,-144,-192,-205,-169,-94,-3,83,157,198,188,137,58,-29,-110,-166,-185,-164,-101,-19,65,126,159,154,116,60,-2,-63,-109,-130,-116,-73,-29,17,57,86,95,83,59,34,7,-5,-12,-32,-59,-66,-68,-71,-65,-46,-8,47,93,125,151,151,109,29,-68,-160,-213,-225,-192,-120,-18,111,216,270,266,211,105,-42,-188,-288,-326,-292,-183,-44,100,235,318,316,244,126,-37,-193,-289,-307,-256,-146,-2,147,252,294,265,162,25,-112,-232,-282,-244,-144,0,121,226,277,245,148,4,-142,-254,-309,-286,-172,-2,162,287,338,300,189,19,-161,-299,-367,-339,-225,-47,153,324,411,392,277,85,-146,-339,-449,-446,-328,-117,113,325,462,479,380,185,-60,-297,-453,-492,-407,-222,32,272,442,502,422,229,-16,-257,-435,-491,-422,-245,5,261,440,510,442,245,-21,-279,-471,-540,-473,-277,4,284,495,587,516,307,16,-275,-515,-626,-577,-385,-82,249,511,642,622,435,135,-202,-496,-675,-678,-519,-236,112,439,666,730,607,330,-20,-363,-621,-738,-664,-426,-92,258,541,691,677,492,191,-143,-433,-620,-652,-524,-270,43,339,539,0,0
38976,mtk,MTK 7916,2422851024,rx0-tx0,512,-349,802,614,-411,-364,-270,-143,13,164,294,396,455,463,410,310,174,12,-158,-310,-424,-488,-505,-450,-332,-175,1,170,331,447,504,494,437,315,157,-17,-191,-324,-422,-474,-459,-391,-287,-149,0,156,277,352,394,392,334,255,155,44,-73,-172,-248,-301,-316,-309,-270,-206,-123,-28,57,142,216,271,305,314,282,223,150,52,-49,-160,-260,-340,-389,-386,-342,-258,-137,13,154,293,399,463,453,395,304,158,-12,-180,-332,-449,-503,-497,-428,-303,-136,44,225,362,451,498,473,385,244,80,-86,-240,-365,-433,-450,-394,-308,-189,-36,115,223,308,344,333,288,210,114,6,-86,-511,-220,-241,-239,-195,-149,-76,-9,46,96,121,137,131,110,97,72,47,33,7,-16,-17,-28,-51,-76,-83,-107,-128,-121,-115,-81,-32,28,89,143,198,232,228,197,131,51,-49,-149,-230,-284,-302,-290,-217,-127,-20,95,208,292,335,334,284,206,100,-22,-143,-235,-306,-333,-316,-249,-164,-64,52,155,230,271,281,253,201,124,39,-49,-122,-175,-211,-214,-194,-154,-99,-41,17,68,107,130,147,143,124,100,60,22,-8,-50,-89,-119,-133,-126,-127,-100,-53,-8,36,84,114,131,139,130,97,51,-8,-52,-97,-130,-142,-136,-100,-52,9,60,99,122,114,79,1005,997,1179,646,335,-56,-175,-267,-306,-282,-189,-51,110,253,352,396,372,289,154,-9,-173,-319,-418,-452,-421,-336,-192,-11,161,319,428,484,471,392,264,93,-84,-262,-399,-488,-508,-461,-366,-218,-30,151,298,429,492,488,438,333,192,26,-141,-300,-415,-482,-500,-457,-357,-205,-25,150,309,435,503,518,468,364,207,16,-161,-323,-447,-518,-519,-460,-351,-191,-8,172,317,428,476,476,428,308,153,7,-146,-285,-378,-421,-415,-381,-284,-164,-42,86,203,298,359,376,354,298,205,105,-22,-144,-252,-321,-364,-360,-321,-247,-152,-35,87,199,292,354,368,351,284,185,71,-57,-173,-273,-330,-379,-363,-314,-227,-110,11,136,248,323,371,370,338,263,156,33,-92,-208,-300,-360,-386,-364,-310,-217,-106,15,144,258,343,396,415,382,315,217,60,-94,-235,-366,-456,-492,-481,-414,-279,-107,75,261,425,532,584,564,471,336,148,-75,-292,-475,-604,-660,-626,-516,-344,-133,101,325,509,639,684,644,527,347,110,-138,-366,-542,-655,-688,-631,-502,-314,-70,178,395,558,644,652,589,456,266,35,-179,-371,-512,-570,-576,-513,-381,-217,-23,171,315,425,488,493,434,330,204,51,-98,-236,-328,-395,-419,-397,-331,-229,-117,9,139,243,319,381,391,358,288,181,51,1231,1106,-729,-595,-774,100,228,340,414,443,416,350,236,91,-74,-230,-350,-442,-490,-473,-391,-258,-102,70,242,383,481,507,480,391,250,84,-83,-254,-396,-481,-510,-459,-362,-233,-72,97,239,358,428,446,413,318,207,84,-56,-176,-265,-330,-358,-343,-283,-211,-119,-25,66,159,228,279,295,286,260,207,136,55,-42,-138,-225,-293,-336,-343,-317,-254,-165,-46,86,209,314,398,426,403,342,226,81,-89,-236,-371,-467,-492,-457,-374,-232,-67,110,273,407,490,508,457,344,201,33,-154,-314,-424,-475,-463,-396,-276,-133,36,183,289,379,416,382,306,207,75,-45,-152,-237,-292,-308,-282,1105,-135,-56,35,107,157,195,188,175,138,97,52,2,-29,-54,-76,-81,-85,-95,-81,-68,-73,-68,-55,-38,-26,16,59,97,142,172,183,167,136,82,7,-76,-153,-218,-263,-275,-246,-186,-89,7,122,220,284,323,320,272,180,70,-53,-167,-259,-322,-341,-308,-243,-144,-30,97,198,259,307,306,263,186,92,-7,-92,-171,-221,-243,-240,-197,-143,-77,-1,72,134,165,180,170,147,116,75,32,-15,-58,-92,-122,-129,-131,-122,-98,-62,-18,15,53,102,128,134,132,113,75,32,-16,-68,-110,-143,-146,-133,-105,-54,-3,55,104,131,137,114,80,30,-26,-65,155,-106,1145,-1086,-1212,-238,-201,-103,26,171,292,357,358,282,160,3,-158,-297,-392,-425,-395,-305,-162,14,179,325,429,465,445,363,223,54,-130,-289,-421,-495,-499,-439,-319,-151,37,213,363,468,509,472,398,275,102,-65,-227,-368,-467,-503,-484,-405,-276,-118,49,221,364,470,517,495,421,294,121,-59,-244,-390,-500,-532,-505,-425,-288,-109,82,247,388,479,508,468,377,237,80,-74,-232,-368,-441,-458,-436,-349,-228,-82,50,189,303,361,396,382,330,238,127,6,-111,-223,-307,-353,-367,-337,-267,-171,-60,61,166,259,326,365,351,299,217,102,-14,-135,-244,-321,-371,-373,-330,-257,826,-34,92,210,309,363,369,350,278,187,68,-53,-176,-283,-352,-380,-373,-319,-236,-126,0,122,224,318,365,391,370,299,201,81,-55,-187,-293,-390,-449,-443,-398,-302,-158,1,156,312,441,520,540,500,385,229,36,-170,-361,-510,-605,-619,-554,-425,-245,-29,201,400,553,645,659,591,451,251,12,-235,-443,-605,-690,-684,-594,-435,-217,28,272,472,620,694,665,557,382,165,-63,-278,-467,-595,-633,-595,-496,-325,-132,71,271,423,518,557,513,414,279,119,-55,-214,-333,-415,-449,-431,-366,-267,-150,-18,115,237,324,375,395,365,296,212,94,-35,-159,-264,-342,-382,-301,-612
38977,mtk,MTK 7916,2422851024,rx0-tx1,512,87,-129,67,-592,-587,-527,-401,-227,-20,204,410,573,686,709,659,536,348,105,-150,-397,-599,-749,-809,-781,-671,-476,-225,60,345,593,784,891,904,811,617,344,45,-277,-573,-805,-949,-991,-921,-742,-478,-164,177,505,771,956,1037,997,848,609,301,-46,-383,-677,-904,-1043,-1059,-958,-765,-470,-133,219,558,832,1027,1109,1070,911,650,310,-60,-423,-751,-1005,-1135,-1138,-1015,-779,-443,-69,318,661,935,1099,1137,1051,859,565,211,-162,-512,-796,-1004,-1097,-1070,-921,-686,-369,-16,334,656,895,1037,1071,989,795,515,181,-175,-510,-782,-979,-1069,-1029,-878,-633,-328,21,363,659,884,1012,1035,933,-689,455,124,-209,-526,-784,-956,-1024,-972,-824,-589,-283,52,375,670,891,1019,1038,934,731,451,113,-242,-565,-838,-1020,-1095,-1042,-876,-606,-261,120,503,830,1068,1176,1156,1000,728,372,-43,-465,-826,-1094,-1234,-1226,-1074,-783,-401,24,456,824,1095,1236,1217,1058,779,401,-24,-443,-793,-1046,-1175,-1152,-1001,-727,-369,30,400,722,955,1063,1044,893,643,322,-32,-365,-640,-837,-932,-897,-767,-549,-274,30,311,539,700,764,744,632,447,223,-19,-255,-440,-572,-642,-623,-529,-380,-187,17,219,382,497,547,523,435,285,102,-92,-270,-402,-472,-464,-392,-246,-70,108,256,337,349,282,160,-616,-483,0,458,615,47,136,200,223,200,130,26,-86,-184,-252,-276,-259,-200,-109,4,115,210,276,295,278,233,151,43,-65,-165,-247,-295,-309,-287,-228,-146,-47,64,173,258,302,335,321,259,187,86,-42,-159,-265,-348,-393,-395,-347,-260,-137,10,163,306,410,470,468,415,310,147,-25,-191,-343,-453,-516,-527,-455,-329,-168,23,208,370,490,549,540,466,337,168,-30,-222,-380,-493,-550,-542,-470,-338,-167,23,200,355,471,517,513,453,321,170,0,-168,-303,-411,-467,-463,-409,-304,-190,-38,112,239,336,396,407,371,306,208,81,-47,-159,-262,-336,-367,-351,-303,-233,-129,-17,88,-130,257,307,321,295,245,170,77,-24,-114,-188,-243,-275,-278,-243,-191,-120,-44,31,107,160,205,218,214,189,157,114,60,9,-39,-85,-124,-166,-195,-206,-198,-186,-158,-107,-42,40,126,200,265,305,322,301,246,151,32,-86,-213,-322,-398,-430,-422,-362,-244,-102,54,216,360,468,508,504,443,327,173,-10,-193,-358,-476,-559,-568,-504,-389,-223,-26,163,337,482,554,569,517,412,260,78,-107,-279,-410,-493,-523,-493,-403,-278,-129,31,168,288,375,416,412,369,304,202,87,-26,-126,-219,-296,-341,-364,-350,-315,-250,-161,-61,54,166,269,366,432,454,433,360,241,-440,-159,504,766,776,-79,124,316,486,600,652,636,538,389,181,-64,-297,-509,-672,-759,-757,-673,-511,-291,-24,241,492,693,822,864,803,656,424,145,-161,-460,-711,-875,-944,-916,-779,-554,-263,63,391,680,886,997,1005,895,678,391,50,-293,-600,-843,-1003,-1049,-981,-810,-555,-232,125,462,757,976,1074,1068,940,712,405,46,-323,-660,-930,-1094,-1138,-1055,-866,-564,-199,192,559,866,1068,1148,1106,940,672,327,-53,-418,-741,-984,-1105,-1106,-985,-766,-462,-110,258,583,845,1025,1079,1029,864,594,277,-75,-421,-717,-937,-1056,-1058,-940,-720,-432,-82,276,591,839,998,1050,978,801,542,225,-122,-460,261,-918,-1011,-997,-878,-658,-373,-34,295,594,832,978,1014,945,774,518,208,-136,-462,-740,-944,-1049,-1036,-911,-686,-380,-24,344,678,947,1106,1147,1047,829,509,121,-285,-665,-964,-1156,-1230,-1147,-926,-595,-185,250,661,993,1192,1256,1171,939,602,189,-242,-635,-955,-1163,-1232,-1135,-904,-576,-176,229,605,901,1080,1121,1026,823,520,159,-208,-545,-804,-966,-998,-909,-711,-446,-121,201,481,697,819,841,758,603,373,118,-143,-382,-562,-665,-693,-634,-502,-323,-104,126,317,467,557,581,533,417,257,60,-134,-313,-446,-511,-503,-425,-289,-110,77,248,377,425,402,304,155,-7,-155,-235,461,607,0,-435,-152,168,144,71,-26,-129,-213,-257,-252,-199,-108,3,112,206,269,292,269,211,118,8,-94,-189,-267,-301,-297,-260,-192,-94,12,120,211,274,312,318,282,206,118,15,-110,-211,-286,-351,-365,-340,-281,-181,-57,86,223,335,413,441,416,345,222,67,-99,-253,-395,-488,-508,-478,-384,-241,-75,114,296,425,516,544,501,401,245,61,-129,-300,-438,-526,-554,-510,-405,-255,-75,113,290,431,520,543,502,407,248,76,-93,-260,-392,-473,-510,-470,-379,-254,-96,61,215,333,409,452,423,357,257,132,-10,-138,-251,-341,-388,-387,-345,-274,-164,-39,80,179,265,322,337,324,245,196,108,-3,-100,-185,-252,-290,-297,-267,-214,-145,-63,30,114,179,224,244,244,211,171,117,45,-14,-80,-126,-162,-184,-187,-187,-172,-147,-109,-55,7,62,115,170,218,250,264,245,202,138,51,-49,-158,-255,-340,-375,-379,-345,-261,-142,-5,140,286,398,462,484,449,360,216,49,-125,-297,-430,-523,-549,-520,-427,-288,-112,90,276,428,539,579,554,480,333,146,-46,-230,-383,-500,-550,-539,-465,-339,-188,-16,158,303,406,465,468,426,349,230,99,-37,-150,-252,-334,-372,-372,-340,-291,-210,-120,-21,79,178,271,340,381,388,363,310,222,94,-47,-194,-329,-434,-442,-605
38978,mtk,MTK 7916,2422851024,rx1-tx0,512,0,6,351,847,759,596,358,71,-240,-523,-740,-892,-950,-880,-717,-470,-158,181,505,777,972,1055,1008,843,583,256,-122,-476,-795,-1026,-1135,-1124,-972,-699,-338,69,466,815,1081,1222,1208,1062,794,431,12,-420,-792,-1080,-1254,-1259,-1130,-876,-513,-78,345,753,1066,1257,1308,1199,961,595,175,-268,-686,-1027,-1248,-1325,-1242,-1025,-678,-258,198,627,981,1223,1312,1241,1028,704,296,-138,-552,-897,-1141,-1241,-1215,-1011,-708,-335,83,457,779,1010,1114,1106,959,696,380,18,-336,-625,-845,-976,-1000,-894,-703,-437,-122,177,465,700,846,900,862,726,509,256,-36,-329,-566,-761,-861,-869,-768,-583,-338,-60,216,513,716,830,862,782,607,376,101,-187,-449,-663,-781,-823,-767,-606,-371,-108,177,430,607,735,772,700,565,358,113,-140,-359,-539,-656,-682,-636,-530,-347,-131,64,280,448,553,595,555,478,334,161,-19,-190,-326,-438,-494,-494,-440,-335,-186,-48,104,242,341,408,414,390,324,230,121,-3,-132,-236,-321,-360,-389,-362,-296,-195,-70,55,173,281,355,383,379,327,229,108,-25,-158,-274,-350,-388,-381,-322,-239,-108,24,160,258,337,374,359,292,180,61,-57,-177,-268,-329,-341,-301,-228,-117,-2,112,219,284,315,285,214,105,-14,-126,-215,-258,-249,-193,-106,2,103,-705,-606,0,396,-135,39,-73,-175,-240,-261,-220,-132,-14,108,211,296,311,272,201,90,-36,-154,-251,-309,-325,-298,-224,-120,4,130,230,297,328,309,256,157,64,-37,-148,-244,-285,-297,-285,-228,-152,-64,36,125,197,253,286,283,256,193,117,30,-68,-172,-257,-295,-315,-310,-259,-187,-69,62,166,262,339,375,363,301,207,95,-42,-158,-261,-346,-383,-377,-318,-229,-110,15,145,260,349,395,380,342,251,127,0,-142,-265,-337,-391,-411,-360,-274,-147,-17,111,233,332,389,398,360,283,164,27,-114,-232,-318,-377,-374,-333,-264,-155,-27,97,216,286,335,350,311,232,149,34,-68,-584,-242,-289,-286,-260,-215,-132,-46,43,122,182,227,243,226,188,126,55,-13,-82,-125,-151,-167,-166,-151,-113,-65,-14,34,60,85,92,96,86,60,44,29,18,8,8,13,12,8,1,-19,-31,-56,-82,-98,-125,-126,-114,-90,-35,37,110,178,235,268,267,229,162,47,-64,-184,-290,-375,-422,-404,-337,-233,-87,73,248,392,477,519,499,412,296,121,-88,-276,-446,-559,-600,-581,-490,-334,-151,59,282,471,600,660,647,560,399,204,-37,-270,-475,-614,-692,-693,-606,-464,-257,-19,225,441,603,717,738,674,531,332,106,-153,-377,-569,-713,-757,-738,-636,-448,-214,982,1048,0,-699,-609,-116,-394,-630,-801,-889,-877,-746,-538,-276,46,364,638,850,973,984,877,666,374,26,-324,-644,-897,-1063,-1098,-1006,-791,-477,-106,287,656,957,1141,1191,1104,890,575,178,-243,-631,-958,-1182,-1269,-1195,-982,-664,-252,185,592,941,1188,1290,1241,1059,738,348,-94,-518,-894,-1164,-1294,-1287,-1130,-832,-437,12,443,834,1128,1291,1307,1157,882,499,59,-392,-784,-1090,-1261,-1274,-1145,-894,-529,-115,314,699,972,1145,1177,1073,846,529,162,-220,-580,-846,-1012,-1069,-997,-821,-564,-255,98,429,677,869,941,927,818,603,330,40,-259,-524,-729,-844,-877,-806,-654,-436,-159,139,419,640,787,850,757,712,490,223,-69,-366,-599,-760,-844,-823,-710,-507,-245,24,310,549,712,792,787,667,470,241,-35,-286,-491,-646,-719,-698,-602,-455,-243,-8,205,406,564,620,623,563,419,256,54,-139,-313,-461,-532,-549,-500,-409,-273,-104,71,229,361,433,452,448,380,276,149,10,-118,-233,-321,-378,-401,-366,-303,-203,-100,10,137,249,338,375,373,330,262,160,41,-85,-213,-311,-368,-393,-372,-297,-176,-45,101,210,305,364,378,342,258,158,20,-112,-232,-315,-344,-348,-305,-213,-103,25,140,240,303,319,300,232,134,11,-111,-211,-277,-286,-259,-175,-67,48,143,201,209,167,-24,-365,0,981,1064,-185,-197,-153,-67,47,162,243,281,263,210,110,-22,-140,-239,-305,-317,-283,-205,-100,18,142,243,304,325,298,235,142,22,-95,-212,-277,-298,-301,-278,-197,-102,-9,92,182,247,291,298,265,202,125,47,-48,-135,-215,-265,-286,-286,-254,-183,-96,2,112,214,288,347,347,302,251,151,26,-102,-226,-312,-372,-377,-333,-268,-161,-41,99,220,318,381,393,363,295,195,60,-69,-195,-315,-377,-400,-381,-297,-193,-88,61,203,320,399,413,388,318,214,86,-50,-178,-291,-370,-400,-381,-309,-214,-87,48,161,261,339,361,348,288,193,96,-29,-155,-232,-290,-314,-303,-674,-195,-96,14,101,184,242,256,248,216,169,102,20,-64,-135,-186,-200,-202,-178,-136,-88,-38,19,69,112,136,135,123,95,75,52,14,-23,-45,-53,-49,-48,-44,-33,-28,-32,-37,-50,-64,-71,-77,-49,-27,13,58,102,153,197,209,190,153,83,-5,-105,-194,-284,-335,-343,-325,-256,-150,-9,151,274,386,455,474,431,316,173,6,-182,-345,-475,-565,-570,-507,-393,-218,-22,181,381,527,611,638,588,459,276,54,-172,-390,-554,-659,-697,-647,-524,-331,-117,128,347,531,669,715,690,571,407,193,-60,-300,-513,-655,-745,-746,-651,-502,-275,-25,221,461,651,756,-397,141
38979,mtk,MTK 7916,2422851024,rx1-tx1,512,0,0,0,352,-70,-475,-799,-976,-960,-754,-404,29,456,792,983,983,792,454,29,-395,-741,-942,-963,-789,-476,-62,356,694,886,907,749,439,43,-351,-663,-838,-846,-685,-387,-11,359,652,812,803,638,335,-41,-398,-672,-817,-789,-595,-287,84,449,720,844,796,583,251,-132,-488,-757,-880,-815,-582,-240,153,519,776,884,827,615,281,-114,-488,-763,-891,-850,-643,-315,71,437,713,847,819,631,327,-42,-392,-652,-785,-780,-621,-347,-13,312,569,706,703,565,322,24,-261,-484,-612,-615,-496,-291,-39,219,419,535,539,436,257,41,-176,-357,-450,-446,-356,-203,-13,173,314,381,364,0,121,-42,-194,-292,-327,-289,-192,-52,92,214,293,309,250,128,-19,-162,-268,-317,-303,-230,-94,64,211,319,360,329,229,77,-105,-263,-379,-426,-386,-254,-82,117,297,433,486,440,312,128,-83,-290,-452,-522,-499,-386,-196,31,246,424,531,544,457,286,61,-176,-373,-521,-570,-507,-361,-168,53,268,443,534,519,427,275,84,-127,-313,-441,-487,-454,-338,-184,-13,148,282,365,388,341,255,131,-12,-133,-219,-268,-274,-243,-179,-90,2,77,138,173,180,166,144,100,48,6,-31,-69,-90,-105,-115,-107,-97,-86,-69,-42,-12,16,45,72,97,112,111,106,98,69,0,0,0,0,0,89,76,51,19,-14,-48,-89,-118,-122,-113,-95,-60,-1,61,106,137,143,119,81,33,-29,-92,-142,-168,-164,-128,-65,14,91,147,183,199,177,115,35,-51,-124,-175,-208,-207,-160,-92,-17,65,133,164,181,168,125,60,0,-59,-94,-113,-112,-95,-65,-29,4,19,19,17,9,-5,-5,12,20,35,55,76,84,63,20,-32,-93,-149,-186,-195,-163,-97,1,112,202,258,292,271,183,64,-74,-211,-315,-364,-361,-288,-152,15,186,326,413,419,354,226,54,-130,-293,-401,-435,-388,-261,-86,97,268,399,443,399,279,103,-93,-276,-396,-441,-406,-276,-71,147,0,460,497,432,276,59,-185,-397,-539,-577,-497,-310,-65,204,456,624,663,584,386,106,-205,-483,-667,-729,-655,-453,-156,183,489,702,794,725,521,205,-167,-507,-747,-849,-785,-560,-228,152,513,779,891,825,605,256,-150,-527,-804,-929,-868,-637,-277,144,548,837,968,913,684,311,-131,-560,-878,-1023,-966,-729,-353,100,544,878,1034,994,769,384,-77,-504,-846,-1030,-1010,-778,-398,47,476,825,1008,977,760,396,-40,-472,-804,-978,-953,-742,-384,49,473,791,955,933,731,384,-45,-472,-794,-956,-934,-725,-364,64,474,787,951,927,715,359,-60,-469,-785,-939,-916,-719,-379,36,0,0,0,0,0,896,974,862,576,179,-256,-648,-916,-1003,-898,-620,-222,223,615,888,992,908,648,261,-171,-560,-836,-953,-875,-625,-266,140,515,780,889,811,571,229,-157,-514,-755,-844,-762,-532,-191,193,538,764,827,718,471,131,-242,-573,-781,-821,-700,-429,-74,299,618,812,840,701,417,56,-323,-655,-857,-875,-726,-441,-65,334,669,865,895,754,468,93,-297,-622,-823,-867,-756,-493,-137,241,563,773,829,728,495,169,-181,-486,-695,-764,-682,-468,-179,135,418,612,685,618,439,179,-104,-360,-528,-592,-543,-391,-174,67,285,438,497,449,314,136,-70,-256,-379,-413,-361,-243,-76,107,0,323,340,285,164,17,-129,-245,-305,-294,-216,-86,60,192,283,317,277,171,33,-113,-243,-327,-338,-283,-168,-2,168,301,375,381,306,164,-14,-200,-354,-442,-444,-355,-196,-7,201,384,489,495,413,265,58,-173,-369,-502,-545,-486,-338,-118,121,331,477,553,535,415,220,-5,-239,-427,-536,-557,-489,-335,-123,102,300,440,506,491,392,229,38,-143,-301,-403,-429,-390,-295,-158,-1,144,262,324,334,292,212,107,-1,-97,-176,-222,-225,-195,-152,-100,-35,32,86,122,137,137,122,101,73,48,16,-13,-39,-65,-90,-104,-112,-115,-104,-91,-69,-40,-5,26,49,66,0,0,0,0,0,26,58,87,106,115,105,80,47,7,-47,-97,-125,-133,-125,-92,-44,8,64,119,151,152,127,75,6,-65,-126,-171,-184,-163,-120,-57,26,109,170,198,196,167,104,24,-53,-120,-179,-204,-183,-136,-76,-5,67,124,151,149,128,88,39,-7,-48,-66,-74,-68,-46,-28,-11,-3,-13,-23,-33,-40,-35,-24,8,58,101,128,135,120,83,19,-61,-149,-217,-243,-230,-184,-95,36,156,253,320,334,286,183,31,-123,-261,-368,-410,-359,-260,-113,67,240,364,427,416,325,177,-13,-201,-351,-426,-426,-340,-192,-2,186,341,431,432,333,177,-16,-212,-365,-452,-444,0,-167,55,270,447,531,506,375,172,-73,-321,-518,-617,-599,-463,-219,71,341,566,692,680,540,288,-31,-344,-604,-757,-764,-625,-355,-8,342,633,801,813,661,390,39,-326,-635,-826,-863,-723,-429,-47,346,678,875,902,760,459,61,-355,-697,-909,-947,-807,-494,-72,370,736,960,1004,855,521,84,-355,-733,-982,-1039,-895,-572,-141,315,710,977,1049,917,608,184,-281,-680,-952,-1029,-908,-611,-197,266,658,919,1000,888,597,188,-250,-637,-889,-965,-856,-579,-173,262,640,892,966,846,554,158,-265,-639,-893,-960,-841,-563,-165,271,650,890,963,849,569,169,-268,-646,-889,-955,0,0
38980,mtk,MTK 7916,2422851024,rx2-tx0,512,0,0,0,-959,-926,-703,-327,117,534,843,981,919,665,282,-165,-578,-867,-969,-881,-614,-220,221,615,875,960,842,551,147,-282,-656,-883,-931,-786,-470,-52,369,711,910,923,730,383,-38,-457,-787,-951,-917,-682,-304,129,543,850,976,899,636,238,-208,-617,-891,-977,-861,-563,-139,305,679,913,953,785,448,12,-422,-769,-958,-944,-724,-339,124,568,904,1059,986,692,251,-247,-712,-1039,-1159,-1043,-709,-221,317,808,1141,1253,1115,752,235,-340,-852,-1200,-1314,-1169,-796,-276,309,833,1194,1319,1194,838,322,-261,-785,-1139,-1268,-1161,-831,-337,215,718,1071,1205,1093,770,308,-209,-676,-996,-1104,0,-683,-241,241,664,950,1037,901,587,161,-301,-699,-933,-971,-818,-494,-56,393,754,960,968,768,400,-54,-499,-851,-1028,-997,-755,-346,142,608,961,1129,1080,801,362,-160,-679,-1075,-1250,-1192,-900,-418,143,687,1110,1324,1285,997,511,-82,-657,-1112,-1360,-1351,-1087,-618,-30,568,1064,1351,1382,1164,725,139,-463,-973,-1289,-1370,-1202,-817,-276,304,821,1176,1313,1212,894,421,-118,-631,-1013,-1202,-1170,-925,-524,-52,410,792,1019,1050,890,584,188,-224,-576,-818,-895,-804,-580,-273,70,389,621,727,701,567,342,63,-220,-446,-580,-614,-557,-414,-209,8,206,362,457,483,443,353,237,111,0,0,0,0,0,-145,-236,-313,-361,-371,-335,-249,-113,45,206,345,446,484,449,337,171,-29,-227,-391,-491,-512,-443,-293,-87,132,326,471,529,488,362,173,-56,-275,-443,-532,-515,-398,-207,25,248,422,515,504,388,196,-34,-266,-439,-523,-491,-356,-146,107,349,524,593,539,372,114,-176,-443,-633,-712,-646,-442,-147,186,494,711,806,745,531,205,-159,-504,-761,-867,-804,-586,-256,132,495,767,893,842,623,277,-118,-502,-790,-922,-871,-650,-297,117,511,813,950,903,683,327,-101,-521,-835,-983,-941,-717,-349,89,515,836,991,953,732,365,-72,-497,-824,-990,-965,-742,-373,65,490,813,0,954,729,363,-75,-509,-838,-991,-941,-703,-329,112,537,852,992,929,676,281,-167,-589,-891,-1008,-927,-656,-249,215,638,936,1042,936,633,203,-275,-702,-982,-1059,-925,-604,-150,336,751,1016,1075,914,563,97,-393,-802,-1042,-1073,-886,-507,-27,461,857,1078,1070,848,446,-49,-540,-918,-1108,-1073,-819,-394,115,603,969,1138,1066,772,326,-189,-673,-1020,-1160,-1068,-757,-288,245,726,1062,1183,1062,727,251,-275,-753,-1075,-1181,-1046,-696,-208,316,768,1068,1156,1007,653,174,-338,-779,-1058,-1124,-968,-622,-154,339,753,1011,1068,900,564,116,-358,-752,-984,-1013,-828,-474,-35,405,767,967,960,0,0,0,0,0,120,-314,-691,-926,-975,-826,-507,-79,365,731,944,962,792,464,34,-408,-755,-941,-937,-739,-390,29,443,774,942,908,682,316,-114,-517,-814,-942,-866,-609,-226,202,595,862,948,827,533,129,-309,-681,-912,-958,-801,-479,-56,386,742,945,955,760,404,-35,-465,-797,-962,-928,-696,-303,143,552,844,966,875,588,180,-277,-682,-944,-1005,-856,-519,-59,423,823,1059,1082,877,479,-27,-542,-952,-1179,-1171,-927,-485,64,604,1033,1268,1252,990,529,-35,-592,-1053,-1308,-1299,-1036,-579,-5,566,1019,1271,1282,1044,598,47,-501,-950,-1209,-1224,-996,-581,-64,459,879,1112,1128,923,522,27,0,-832,-1044,-1038,-820,-442,26,479,823,990,947,712,331,-124,-552,-862,-984,-897,-620,-220,235,643,916,1008,885,569,134,-338,-753,-1021,-1080,-921,-573,-97,419,857,1133,1195,1017,641,122,-441,-926,-1230,-1309,-1135,-731,-184,403,914,1261,1367,1214,824,276,-320,-867,-1252,-1403,-1277,-918,-394,208,779,1196,1388,1313,992,493,-93,-655,-1086,-1319,-1310,-1055,-617,-65,493,941,1205,1255,1073,706,221,-297,-744,-1034,-1135,-1035,-759,-355,99,517,825,970,932,732,415,47,-319,-614,-781,-805,-683,-449,-152,163,434,610,670,625,474,255,4,-237,-431,-540,-559,-503,-384,-221,-38,123,242,315,337,0,0,0,0,0,238,199,131,24,-104,-234,-343,-419,-444,-412,-314,-162,21,200,360,470,502,449,324,141,-67,-275,-437,-517,-510,-413,-241,-27,195,386,500,521,452,296,79,-148,-354,-492,-534,-467,-308,-87,145,351,486,520,444,286,64,-186,-401,-529,-547,-449,-253,11,285,509,636,634,503,267,-37,-345,-593,-742,-747,-604,-341,-3,344,641,811,826,684,411,46,-330,-641,-835,-867,-728,-448,-75,320,656,866,905,763,474,85,-319,-666,-889,-941,-800,-496,-98,326,684,920,974,841,537,121,-322,-694,-935,-993,-856,-557,-151,293,679,933,1003,871,568,160,-283,-678,-940,-1006,-870,-566,0,300,682,931,994,859,549,132,-315,-699,-946,-991,-836,-512,-86,361,736,957,983,815,482,40,-412,-781,-995,-1004,-813,-444,12,465,829,1035,1020,793,402,-69,-527,-880,-1053,-1014,-768,-362,124,586,924,1076,1009,735,307,-178,-639,-971,-1100,-995,-690,-242,263,711,1011,1112,979,641,170,-337,-786,-1073,-1141,-970,-595,-99,407,843,1105,1137,941,553,49,-465,-889,-1129,-1142,-927,-522,-6,513,929,1152,1143,907,487,-35,-542,-940,-1152,-1131,-876,-449,67,566,946,1137,1096,838,415,-80,-562,-930,-1102,-1047,-784,-364,117,562,896,1046,975,703,295,-163,-586,-888,-997,-905,-630,-222,221,0,0
38981,mtk,MTK 7916,2422851024,rx2-tx1,512,0,0,0,505,598,570,440,224,-35,-277,-460,-557,-541,-425,-236,-5,226,400,495,495,412,244,32,-177,-342,-441,-459,-386,-245,-68,116,274,367,385,337,231,89,-68,-207,-300,-332,-299,-210,-105,20,137,212,240,238,203,125,32,-45,-111,-159,-167,-156,-126,-83,-51,-20,16,43,65,87,110,136,151,134,99,54,-26,-110,-178,-233,-265,-248,-179,-82,40,172,291,361,364,299,186,39,-136,-295,-409,-456,-415,-290,-114,91,289,429,492,472,363,187,-30,-248,-422,-518,-517,-416,-236,-17,206,392,507,519,437,274,60,-168,-362,-492,-519,-447,-285,-66,157,347,471,500,428,0,81,-143,-331,-452,-487,-423,-276,-78,141,321,426,463,405,252,40,-173,-337,-435,-448,-363,-207,-4,204,365,438,434,338,163,-57,-267,-433,-511,-469,-332,-134,108,344,522,598,548,387,150,-139,-401,-600,-695,-654,-471,-206,113,439,681,786,766,613,323,-34,-392,-677,-851,-872,-726,-427,-67,311,640,868,925,813,561,205,-194,-552,-810,-933,-899,-700,-376,16,405,720,892,907,776,517,168,-202,-531,-760,-858,-805,-620,-330,-2,315,559,708,737,638,427,160,-120,-366,-542,-625,-601,-477,-288,-66,163,357,480,519,481,382,234,70,-89,-225,-314,-355,-349,-300,-223,-128,0,0,0,0,0,119,148,170,174,162,130,72,1,-70,-143,-198,-221,-219,-188,-126,-48,43,127,195,234,245,203,124,34,-51,-137,-197,-218,-207,-166,-96,0,97,176,216,219,190,136,57,-35,-113,-173,-202,-195,-153,-91,-22,51,113,157,172,155,111,57,-2,-58,-102,-121,-101,-75,-62,-48,-15,8,14,25,32,35,49,59,60,73,83,69,44,11,-33,-86,-141,-179,-184,-160,-103,-21,63,145,215,264,270,228,143,19,-114,-232,-314,-339,-298,-216,-89,50,187,296,347,334,285,177,20,-133,-257,-333,-352,-296,-188,-56,85,207,302,328,282,187,67,-76,-206,-289,-306,0,-170,-39,104,234,310,314,248,132,-15,-162,-276,-342,-337,-261,-130,30,195,329,402,398,306,153,-35,-224,-377,-461,-442,-339,-176,33,248,417,499,485,374,201,-15,-245,-434,-542,-546,-433,-239,-1,240,429,548,558,455,269,23,-230,-426,-534,-540,-440,-249,-1,247,443,546,536,423,222,-35,-294,-483,-570,-553,-421,-186,79,338,533,622,594,447,195,-99,-377,-584,-672,-639,-473,-211,90,381,608,712,684,527,257,-65,-379,-612,-736,-728,-570,-312,4,328,597,749,768,635,387,74,-255,-537,-715,-757,-656,-439,-155,164,452,652,724,657,464,196,-99,-379,-580,-662,0,0,0,0,0,-335,-73,196,415,550,588,513,348,112,-146,-363,-501,-541,-482,-333,-123,102,296,434,497,451,328,152,-51,-240,-375,-439,-413,-320,-174,8,178,297,355,345,281,165,19,-108,-207,-273,-288,-244,-160,-56,43,127,179,191,173,145,108,44,-15,-66,-103,-122,-120,-116,-114,-103,-83,-45,-6,40,89,142,182,206,199,146,71,-30,-134,-231,-306,-323,-287,-200,-72,84,230,347,403,388,307,159,-30,-215,-360,-451,-463,-389,-244,-49,158,345,463,503,446,304,99,-131,-331,-463,-510,-469,-340,-142,88,304,462,529,496,362,165,-58,-269,-428,-510,-493,-366,-174,42,251,0,491,474,362,185,-22,-223,-388,-467,-446,-335,-157,48,236,375,446,423,310,131,-76,-268,-388,-433,-404,-272,-71,135,311,436,472,396,236,26,-208,-409,-521,-538,-451,-254,7,268,494,625,637,530,308,16,-288,-551,-717,-749,-641,-404,-80,264,565,778,846,761,535,208,-169,-515,-767,-886,-861,-658,-319,61,430,736,908,920,764,467,91,-303,-648,-882,-944,-846,-594,-265,116,482,755,887,872,707,420,68,-285,-577,-764,-810,-722,-511,-224,83,369,581,688,676,545,341,94,-162,-378,-520,-578,-543,-424,-239,-36,152,311,417,453,427,357,246,108,-18,-117,-184,-229,0,0,0,0,0,-79,-49,-5,48,107,161,195,209,200,168,112,31,-56,-132,-191,-222,-227,-194,-130,-47,44,127,197,236,235,186,114,25,-70,-154,-206,-223,-208,-159,-83,8,100,175,215,217,183,117,29,-55,-124,-175,-198,-182,-135,-72,-4,63,119,149,152,130,85,45,7,-35,-69,-87,-78,-67,-43,-34,-25,-17,-12,-14,-8,7,21,56,96,121,122,115,79,18,-53,-115,-181,-234,-244,-201,-129,-24,94,198,271,305,289,227,127,-9,-156,-269,-340,-349,-306,-203,-69,71,209,312,347,321,253,124,-33,-173,-275,-326,-322,-254,-129,8,138,243,291,286,227,113,-28,0,-256,-299,-278,-196,-72,67,201,299,328,289,198,60,-102,-252,-354,-381,-326,-215,-56,126,286,390,428,380,240,57,-131,-315,-451,-495,-429,-288,-85,143,348,491,543,480,323,97,-131,-344,-498,-553,-508,-361,-124,123,335,497,565,511,354,132,-112,-340,-496,-548,-493,-332,-103,145,366,517,556,486,320,82,-186,-409,-557,-601,-508,-312,-57,219,463,609,638,544,334,52,-245,-499,-661,-696,-593,-379,-82,235,512,692,740,646,427,122,-214,-501,-691,-764,-695,-490,-189,141,449,672,778,739,550,255,-72,-385,-624,-737,-718,-574,-327,-23,285,539,679,684,574,356,73,0,0
38982,mtk,MTK 7916,2422978637,rx0-tx0,512,-349,0,78,31,161,275,366,426,435,403,337,232,94,-55,-192,-333,-433,-477,-489,-444,-352,-213,-55,112,269,395,475,512,504,425,300,157,-6,-160,-308,-429,-490,-503,-463,-380,-261,-122,39,188,301,389,447,446,397,333,235,114,-19,-138,-238,-318,-371,-387,-371,-325,-253,-160,-49,54,155,250,327,380,397,377,328,249,149,28,-94,-220,-340,-430,-472,-473,-424,-334,-207,-49,119,280,421,518,551,531,461,335,186,0,-192,-353,-478,-556,-579,-528,-428,-271,-84,99,279,421,511,544,518,440,321,160,-13,-172,-308,-401,-456,-460,-409,-322,-207,-77,67,184,266,320,338,327,-511,213,125,38,-50,-120,-174,-212,-219,-216,-193,-160,-119,-64,-18,32,57,86,114,123,133,141,162,150,124,101,54,4,-48,-106,-163,-221,-253,-260,-249,-205,-129,-39,52,158,253,322,360,353,312,242,133,-2,-127,-249,-348,-403,-413,-386,-310,-200,-73,69,207,328,398,424,406,339,246,119,-15,-150,-265,-341,-382,-395,-355,-281,-182,-56,69,171,254,310,335,320,272,205,110,25,-65,-149,-211,-261,-275,-257,-226,-170,-92,-21,63,134,193,231,246,230,192,134,61,-14,-91,-152,-198,-220,-208,-175,-124,-57,12,84,140,176,179,162,116,53,-5,-63,-104,-119,-287,-183,1179,-1069,-1139,-211,-221,-187,-108,5,122,232,297,319,287,209,102,-20,-148,-252,-324,-352,-324,-263,-167,-50,78,192,282,334,341,321,269,171,65,-52,-168,-254,-315,-340,-323,-268,-193,-100,-13,73,167,229,271,300,304,282,228,139,47,-52,-146,-240,-313,-350,-362,-341,-268,-164,-31,104,221,325,400,431,407,336,234,114,-36,-182,-306,-390,-430,-435,-380,-287,-169,-39,101,235,330,384,399,378,334,245,121,6,-116,-229,-296,-343,-365,-344,-297,-211,-106,-5,105,190,268,324,342,336,290,217,129,18,-91,-186,-269,-336,-365,-349,-302,-225,-117,-22,87,203,291,349,360,358,-330,227,124,1,-110,-211,-301,-356,-375,-349,-290,-218,-110,1,125,223,308,370,381,372,320,224,123,7,-117,-233,-330,-396,-419,-414,-363,-276,-161,-15,129,265,383,471,500,480,410,306,154,-24,-197,-359,-486,-557,-575,-535,-433,-275,-88,108,303,474,584,628,614,532,389,201,-17,-225,-419,-571,-659,-673,-609,-476,-303,-86,143,343,515,635,680,648,534,372,168,-57,-267,-438,-569,-637,-626,-547,-410,-238,-49,155,326,458,533,549,507,407,280,129,-35,-183,-310,-404,-437,-426,-398,-325,-222,-101,20,130,228,308,356,369,363,308,230,147,43,-70,-180,-274,-342,-368,-715,-857,-729,582,568,408,385,321,224,96,-43,-174,-297,-401,-464,-471,-436,-358,-226,-82,73,231,364,457,497,500,444,336,188,32,-139,-297,-409,-487,-512,-483,-416,-289,-129,36,191,318,404,465,475,428,345,238,106,-50,-176,-276,-365,-411,-415,-379,-320,-234,-127,-8,101,200,285,353,381,370,332,275,194,96,-17,-129,-232,-317,-379,-411,-411,-378,-303,-183,-45,99,244,360,452,503,500,447,341,193,19,-146,-310,-445,-535,-574,-538,-441,-306,-144,48,230,387,511,563,563,496,374,214,38,-140,-300,-423,-499,-513,-478,-390,-266,-118,46,186,296,373,409,401,344,260,155,42,-64,1105,-232,-273,-284,-272,-231,-181,-111,-44,17,75,118,158,168,172,160,141,134,99,64,40,12,-22,-76,-112,-146,-183,-197,-196,-188,-156,-104,-29,46,125,212,278,310,317,297,233,141,20,-102,-207,-304,-377,-403,-378,-321,-219,-84,50,180,301,384,427,424,377,281,155,26,-122,-244,-346,-407,-419,-391,-314,-207,-94,33,160,258,332,368,355,309,235,136,35,-70,-163,-238,-280,-290,-283,-240,-182,-102,-15,64,137,203,239,252,244,207,156,82,1,-81,-145,-193,-221,-225,-207,-165,-109,-31,46,115,169,195,202,178,134,70,4,-64,-122,-147,-147,-129,-84,-32,546,587,1145,-555,-394,-37,58,157,241,277,267,202,94,-28,-153,-255,-318,-340,-311,-235,-126,5,129,230,307,349,352,303,219,103,-14,-127,-231,-305,-336,-346,-302,-226,-132,-21,83,177,249,290,304,300,255,188,114,34,-58,-154,-241,-297,-322,-328,-304,-254,-160,-54,56,177,286,371,411,397,349,266,142,1,-149,-273,-362,-420,-436,-401,-321,-208,-75,74,215,319,387,421,418,358,255,136,6,-108,-218,-314,-358,-371,-357,-293,-200,-107,3,109,202,286,329,347,328,280,214,118,16,-90,-191,-262,-320,-351,-340,-296,-228,-128,-19,93,190,282,338,358,357,304,218,103,-1,-103,826,-290,-346,-362,-334,-289,-210,-108,8,132,225,309,362,378,358,299,225,114,-2,-117,-233,-319,-375,-405,-388,-335,-251,-139,-19,113,240,342,425,462,448,390,297,161,1,-157,-304,-436,-521,-546,-513,-428,-289,-117,68,261,426,551,613,607,544,411,234,38,-168,-366,-524,-628,-663,-622,-516,-351,-148,74,283,466,599,670,661,574,438,241,17,-212,-414,-558,-648,-660,-593,-476,-306,-104,115,311,467,554,595,571,480,345,176,-8,-182,-329,-424,-487,-489,-441,-356,-239,-89,34,161,275,348,390,389,362,308,227,122,15,-97,-206,-277,-332,-363,-359,-321,-260,-170,-69,-935,-811
38983,mtk,MTK 7916,2422978637,rx0-tx1,512,87,-161,-175,-231,-37,170,370,535,657,718,706,622,475,275,45,-194,-428,-615,-758,-827,-809,-718,-552,-329,-68,199,455,673,831,910,903,805,635,393,107,-188,-485,-730,-915,-1012,-1000,-914,-718,-451,-142,192,511,772,961,1062,1066,959,762,498,173,-163,-480,-761,-974,-1088,-1108,-1013,-820,-572,-262,90,427,726,958,1106,1148,1088,917,664,340,-24,-376,-706,-959,-1130,-1195,-1138,-985,-733,-399,-31,340,671,947,1123,1188,1152,1005,759,442,79,-290,-629,-899,-1099,-1184,-1156,-1020,-782,-482,-131,237,584,870,1062,1167,1149,1030,811,515,166,-200,-544,-827,-1036,-1140,-1132,-1016,-798,-511,-174,174,500,-689,988,1094,1089,992,801,532,218,-124,-445,-721,-930,-1049,-1075,-1004,-829,-577,-285,46,369,660,899,1054,1109,1060,908,670,366,18,-333,-662,-934,-1107,-1184,-1148,-990,-734,-396,-21,368,728,1009,1205,1264,1200,1010,716,348,-69,-472,-828,-1097,-1250,-1276,-1170,-935,-604,-211,195,580,899,1119,1227,1201,1053,794,462,84,-310,-652,-919,-1086,-1135,-1058,-874,-603,-284,56,385,667,868,969,969,863,671,418,126,-165,-420,-628,-768,-809,-772,-658,-473,-258,-14,219,417,565,652,664,604,482,309,109,-97,-284,-438,-540,-569,-528,-426,-273,-97,97,268,396,465,450,370,234,63,-92,-215,-276,-74,-106,0,-203,-344,179,195,155,80,-20,-129,-221,-274,-287,-256,-179,-76,33,148,244,300,322,299,247,160,44,-65,-174,-267,-321,-344,-327,-278,-203,-93,22,134,241,321,369,379,354,287,182,63,-67,-190,-304,-389,-432,-428,-386,-302,-179,-25,129,266,383,474,507,486,412,286,139,-28,-193,-342,-462,-532,-538,-490,-386,-247,-76,105,273,403,503,543,516,447,336,180,7,-170,-317,-436,-516,-528,-490,-405,-270,-118,44,199,329,423,466,465,416,322,198,59,-83,-213,-316,-377,-402,-387,-335,-261,-158,-35,73,163,242,302,319,303,258,203,131,50,-35,-108,-168,-213,-235,-235,-211,-130,-132,-75,-12,49,103,139,166,183,183,170,138,98,56,10,-36,-79,-112,-133,-142,-137,-132,-123,-97,-73,-47,-14,14,38,61,90,119,139,158,162,163,147,114,66,1,-70,-145,-208,-263,-303,-306,-276,-220,-136,-31,80,189,294,383,413,413,380,289,169,26,-126,-265,-382,-463,-505,-490,-426,-314,-175,-13,153,302,431,519,544,519,445,328,174,-6,-173,-326,-447,-513,-536,-499,-414,-298,-152,-1,149,281,377,434,451,435,374,285,181,58,-59,-166,-253,-322,-362,-372,-368,-327,-269,-183,-87,10,117,216,307,379,428,439,412,347,254,127,-22,-183,-328,-441,335,209,504,-85,-43,602,651,649,574,436,255,34,-194,-404,-585,-715,-775,-765,-675,-511,-306,-52,199,441,646,792,861,854,765,595,362,87,-199,-470,-697,-870,-956,-960,-864,-678,-428,-122,187,488,755,934,1031,1042,936,733,468,148,-186,-508,-771,-972,-1081,-1079,-984,-796,-529,-211,126,461,740,950,1093,1127,1047,874,621,306,-45,-392,-709,-957,-1125,-1175,-1119,-955,-695,-376,-10,352,679,954,1135,1199,1150,989,742,413,55,-307,-653,-925,-1113,-1194,-1161,-1010,-773,-461,-101,264,605,882,1075,1174,1157,1028,793,493,149,-213,-552,-841,-1050,-1159,-1147,-1024,-805,-512,-168,189,530,815,1014,1122,1118,1010,261,528,192,-153,-472,-752,-958,-1076,-1088,-990,-805,-546,-248,75,398,689,904,1037,1083,1017,864,626,327,-5,-337,-649,-899,-1072,-1144,-1098,-953,-702,-381,-30,347,690,966,1155,1229,1185,1012,733,372,-28,-424,-783,-1059,-1238,-1281,-1190,-979,-665,-282,126,528,871,1122,1255,1255,1121,869,531,151,-247,-618,-913,-1106,-1191,-1135,-972,-709,-376,-2,362,676,907,1037,1056,964,775,507,198,-121,-414,-649,-817,-891,-866,-753,-572,-327,-61,190,421,592,701,733,679,563,393,189,-34,-242,-417,-543,-605,-597,-526,-392,-217,-20,171,335,454,514,507,426,286,107,-79,-235,-347,-385,-349,-257,-130,-165,-160,0,288,117,27,-65,-158,-221,-252,-231,-166,-67,46,159,250,300,308,280,204,108,-5,-116,-215,-293,-330,-324,-294,-216,-118,-10,105,204,293,349,354,332,277,188,76,-49,-165,-274,-353,-399,-406,-374,-299,-186,-52,93,225,342,431,469,459,403,306,165,-2,-162,-314,-432,-500,-521,-484,-394,-267,-103,73,239,386,486,543,540,465,359,213,41,-129,-287,-422,-513,-540,-512,-429,-311,-154,21,180,324,433,492,504,456,362,233,87,-66,-211,-330,-403,-434,-426,-375,-286,-169,-43,83,188,274,338,357,333,293,231,139,35,-62,-140,-202,-253,-272,-266,-235,-191,-134,-66,7,73,245,169,199,211,200,170,130,87,36,-13,-61,-106,-136,-156,-164,-154,-135,-108,-73,-36,5,36,69,93,106,118,130,124,120,114,103,77,51,16,-27,-72,-122,-165,-204,-232,-238,-214,-164,-105,-20,76,167,254,324,364,368,331,269,158,28,-95,-233,-356,-432,-474,-459,-403,-307,-171,-21,144,291,411,493,533,509,436,320,165,0,-166,-318,-445,-524,-547,-514,-437,-314,-162,7,172,310,417,482,493,464,387,281,153,17,-117,-239,-325,-386,-414,-400,-359,-297,-213,-111,-11,90,186,264,334,367,384,370,327,265,172,63,-62,-190,-305,-403,-478,-515,-500,-427,-308,115,279
38984,mtk,MTK 7916,2422978637,rx1-tx0,512,0,-687,-160,6,-248,-490,-694,-823,-877,-839,-724,-536,-286,5,286,556,782,926,981,941,808,582,302,-16,-348,-649,-882,-1033,-1079,-1025,-858,-595,-274,78,436,754,996,1141,1174,1083,876,594,237,-156,-520,-844,-1087,-1199,-1201,-1095,-878,-560,-189,216,589,895,1124,1240,1228,1083,849,515,137,-247,-620,-938,-1150,-1254,-1220,-1062,-791,-461,-81,314,668,961,1150,1216,1170,991,713,385,6,-372,-697,-953,-1107,-1134,-1058,-864,-616,-295,48,384,659,871,989,1004,915,745,524,234,-67,-334,-574,-745,-851,-875,-812,-664,-468,-239,7,251,467,637,763,813,761,658,495,273,44,-193,-420,-609,-738,-793,216,-667,-500,-282,-45,223,448,626,742,778,751,629,445,209,-49,-279,-489,-644,-723,-738,-673,-535,-350,-134,95,295,472,606,663,639,560,441,276,74,-114,-280,-418,-521,-560,-532,-471,-356,-216,-68,105,248,360,438,474,452,389,312,193,73,-62,-179,-284,-344,-379,-389,-355,-298,-212,-111,9,112,201,287,324,357,354,313,247,148,38,-68,-165,-259,-333,-355,-368,-329,-256,-159,-42,86,202,297,341,360,352,288,215,109,-28,-147,-247,-320,-367,-353,-302,-225,-118,-3,111,214,278,322,322,280,206,103,-20,-127,-213,-270,-288,-258,-193,-98,9,101,170,201,194,142,-442,-865,0,475,366,-141,-172,-168,-123,-47,54,142,209,241,230,187,116,22,-85,-172,-233,-274,-260,-229,-159,-63,27,129,212,259,275,261,217,137,54,-45,-132,-206,-250,-260,-241,-199,-142,-66,15,79,147,202,217,218,201,165,118,45,-1,-55,-122,-163,-190,-201,-188,-154,-110,-61,-15,43,109,163,185,200,191,171,134,81,21,-45,-110,-160,-196,-207,-205,-185,-151,-106,-30,26,81,147,195,213,210,197,149,91,33,-34,-95,-148,-189,-210,-212,-181,-152,-97,-33,34,90,137,175,189,187,163,134,78,14,-36,-85,-131,-147,-154,-142,-122,-95,-54,-7,33,65,93,114,114,-584,112,85,64,41,17,-12,-43,-63,-84,-91,-92,-93,-90,-74,-47,-28,-3,15,43,65,75,81,78,84,86,60,43,26,4,-21,-51,-70,-95,-110,-116,-133,-131,-123,-78,-37,-3,46,98,151,193,214,226,224,193,142,72,-28,-122,-219,-301,-353,-367,-352,-292,-198,-84,67,196,322,422,479,485,437,350,219,56,-127,-296,-447,-541,-582,-583,-506,-383,-206,-22,179,367,518,621,651,632,535,383,194,-19,-223,-419,-575,-678,-711,-660,-548,-382,-172,54,274,475,611,700,723,672,552,380,175,-52,-276,-475,-629,-712,-738,-708,-592,-417,-193,44,284,489,652,753,-85,205,0,-706,-977,-822,-785,-694,-515,-284,-15,261,519,732,885,935,892,777,567,298,-10,-319,-608,-831,-970,-1032,-988,-831,-594,-291,39,386,700,942,1087,1130,1063,875,604,262,-116,-490,-802,-1038,-1180,-1193,-1087,-887,-575,-204,173,542,866,1096,1219,1220,1087,856,537,160,-241,-602,-910,-1136,-1233,-1218,-1089,-836,-505,-123,279,649,950,1143,1230,1186,1031,768,423,38,-355,-703,-958,-1125,-1185,-1114,-931,-664,-323,32,378,682,907,1053,1077,990,805,558,256,-62,-365,-614,-807,-928,-923,-844,-693,-480,-236,32,294,524,683,786,822,771,652,487,277,26,-224,-442,-629,-740,-778,-750,-660,-493,-282,-40,757,431,616,727,784,767,652,482,250,9,-236,-462,-636,-752,-763,-704,-584,-391,-175,60,290,484,621,696,686,611,487,313,100,-111,-298,-445,-569,-614,-593,-523,-412,-247,-60,112,269,400,480,519,505,424,318,193,46,-98,-210,-318,-391,-425,-419,-368,-293,-188,-93,27,143,237,302,341,345,324,296,214,122,23,-89,-177,-264,-333,-356,-351,-312,-251,-142,-37,71,189,283,346,375,362,317,226,115,10,-120,-224,-297,-356,-359,-327,-258,-172,-47,77,177,267,321,342,320,253,166,63,-56,-162,-243,-292,-302,-272,-209,-114,-4,107,189,244,251,215,145,55,-37,-108,846,438,0,43,304,-68,4,91,164,214,222,187,122,24,-81,-171,-238,-269,-259,-202,-131,-35,62,147,233,267,279,257,187,98,-2,-92,-180,-234,-265,-268,-231,-178,-93,-5,75,147,204,236,232,212,188,126,52,-16,-80,-130,-177,-197,-192,-193,-161,-117,-68,-13,58,118,160,185,194,199,177,125,70,11,-45,-101,-139,-174,-197,-200,-184,-139,-76,-19,30,92,136,185,208,191,188,153,95,24,-28,-96,-153,-185,-211,-213,-191,-144,-87,-28,40,102,150,192,207,202,183,150,86,20,-49,-95,-136,-176,-178,-165,-145,-105,-57,-8,34,77,106,131,138,122,108,90,53,23,-674,-49,-75,-90,-97,-108,-103,-90,-67,-45,-18,-4,14,39,62,67,76,78,79,78,61,45,21,5,-6,-35,-61,-74,-95,-105,-114,-98,-80,-64,-32,-15,15,52,95,144,151,165,168,156,139,93,38,-34,-109,-176,-230,-269,-291,-282,-249,-178,-75,40,157,269,354,418,435,396,331,218,76,-92,-238,-376,-480,-539,-541,-478,-373,-205,-31,159,342,483,583,620,613,520,376,192,-10,-211,-404,-551,-645,-670,-639,-542,-386,-187,42,263,451,602,695,708,671,548,375,173,-55,-280,-473,-624,-714,-732,-688,-568,-388,-176,37,265,478,640,744,761,714,596,421,195,-461,-418
38985,mtk,MTK 7916,2422978637,rx1-tx1,512,0,0,0,1011,981,733,328,-139,-583,-913,-1048,-953,-651,-219,268,693,971,1038,878,531,89,-373,-754,-965,-958,-752,-390,54,482,793,920,846,594,199,-231,-600,-831,-870,-711,-386,19,418,711,851,790,554,185,-235,-597,-821,-858,-705,-387,19,429,749,894,840,600,221,-210,-601,-877,-952,-806,-492,-77,360,723,934,940,744,388,-58,-486,-801,-947,-894,-652,-276,156,550,823,917,813,537,156,-251,-601,-803,-823,-680,-391,-22,339,619,756,730,545,252,-84,-399,-621,-688,-602,-391,-106,191,431,568,578,468,256,-7,-249,-435,-520,-482,-329,-121,102,303,426,437,342,179,-17,-204,0,-392,-339,-211,-33,157,308,377,347,238,71,-114,-281,-380,-392,-319,-165,43,241,380,444,408,269,61,-165,-369,-488,-500,-416,-239,7,265,470,571,545,407,187,-84,-351,-542,-616,-572,-403,-146,143,417,610,673,605,405,123,-185,-459,-636,-683,-599,-389,-107,193,464,639,684,596,402,131,-167,-428,-594,-647,-583,-400,-147,116,343,505,562,515,370,166,-58,-255,-389,-447,-426,-325,-164,1,156,277,338,324,251,143,35,-68,-144,-191,-204,-176,-120,-62,-5,47,76,84,78,62,44,36,37,27,26,28,23,13,-7,-34,-66,-95,-112,-119,-116,-95,-64,-30,12,0,0,0,0,0,93,130,155,160,136,90,30,-45,-119,-171,-193,-189,-153,-84,1,90,166,207,212,174,95,-7,-109,-189,-234,-238,-196,-110,2,120,221,273,275,225,128,1,-130,-238,-293,-291,-246,-138,-9,112,205,269,283,236,128,3,-107,-190,-234,-223,-170,-79,22,111,159,175,148,87,5,-74,-131,-145,-121,-63,14,88,149,165,134,64,-33,-128,-201,-225,-194,-117,-7,116,231,303,304,238,114,-46,-202,-320,-383,-369,-269,-108,80,262,394,453,412,275,87,-126,-321,-448,-477,-407,-259,-71,147,340,445,463,381,215,-7,-216,-376,-457,-432,-303,-111,103,296,421,451,0,214,-6,-228,-401,-487,-454,-317,-107,132,357,506,548,460,270,6,-270,-491,-614,-594,-446,-196,117,412,612,677,610,403,94,-237,-518,-706,-730,-596,-324,27,376,652,796,763,548,216,-162,-521,-781,-864,-749,-470,-87,324,671,876,895,714,364,-63,-485,-814,-971,-906,-641,-239,221,636,919,1013,886,552,95,-383,-779,-1010,-1028,-827,-448,39,505,864,1043,998,727,293,-194,-626,-934,-1042,-911,-579,-135,339,742,969,984,781,410,-47,-503,-846,-996,-920,-655,-243,234,653,923,989,838,505,59,-400,-766,-970,-963,-741,-350,109,546,874,1000,907,617,199,-267,-675,-939,-998,0,0,0,0,0,-177,303,717,973,1027,856,503,37,-439,-825,-1032,-1022,-791,-388,87,535,868,1019,949,670,244,-211,-613,-885,-959,-823,-509,-82,347,682,866,857,643,292,-123,-508,-778,-857,-745,-463,-78,330,658,829,820,623,274,-136,-513,-784,-885,-779,-490,-89,336,696,900,906,717,373,-66,-497,-816,-950,-885,-632,-234,215,619,890,968,833,525,111,-324,-690,-905,-914,-738,-412,1,412,724,875,837,621,279,-123,-479,-719,-806,-713,-476,-149,211,513,691,715,585,336,22,-292,-533,-645,-609,-450,-202,80,338,508,560,484,305,64,-174,-368,-469,-458,-351,-168,44,236,368,409,346,0,-2,-184,-313,-371,-338,-224,-50,133,287,373,369,270,104,-90,-269,-396,-428,-355,-202,-3,210,381,467,452,343,150,-96,-326,-486,-540,-477,-310,-74,186,406,556,596,501,289,15,-266,-498,-624,-630,-508,-275,24,313,545,671,657,499,245,-49,-336,-556,-670,-660,-518,-267,34,319,543,652,634,494,272,-2,-282,-492,-594,-594,-481,-266,-26,205,390,496,507,420,254,64,-128,-287,-380,-392,-331,-219,-82,50,165,246,272,247,182,99,11,-64,-117,-138,-133,-111,-78,-41,-11,8,19,24,27,25,24,30,50,69,84,84,72,55,26,-13,-52,-82,-106,-116,-109,0,0,0,0,0,-94,-61,-12,45,105,153,180,183,157,102,29,-53,-124,-177,-200,-182,-126,-45,45,132,198,225,209,145,48,-58,-159,-232,-263,-245,-174,-59,68,185,266,300,272,188,76,-61,-187,-269,-297,-272,-192,-77,51,165,242,275,240,160,58,-50,-141,-188,-187,-153,-88,-4,80,142,164,130,58,-18,-77,-131,-153,-125,-63,22,120,184,198,163,86,-21,-130,-216,-254,-241,-178,-55,101,240,326,348,300,187,19,-157,-312,-407,-424,-345,-196,-2,197,370,463,453,354,180,-29,-234,-400,-482,-449,-324,-131,89,286,419,469,413,263,56,-159,-337,-445,-453,-355,-165,60,0,406,468,423,264,42,-189,-382,-494,-496,-385,-182,73,325,512,581,533,359,91,-201,-457,-626,-668,-547,-294,16,329,575,706,688,507,210,-138,-468,-691,-769,-689,-449,-97,277,598,798,819,663,357,-42,-437,-740,-881,-834,-603,-233,196,582,849,936,817,514,88,-366,-744,-962,-978,-775,-398,66,521,859,1025,966,691,276,-197,-643,-954,-1053,-927,-590,-135,345,762,1014,1035,825,447,-21,-492,-851,-1019,-972,-708,-284,192,614,911,1001,871,541,95,-371,-747,-959,-955,-750,-374,92,536,853,991,915,634,208,-266,-682,-935,-987,-827,-494,-51,408,786,985,963,739,347,-122,0,0
38986,mtk,MTK 7916,2422978637,rx2-tx0,512,0,0,0,-67,-515,-851,-995,-918,-629,-193,280,697,959,1003,823,458,-12,-481,-835,-1003,-948,-672,-243,235,658,931,996,841,489,19,-446,-805,-987,-941,-674,-260,211,638,921,987,823,475,14,-459,-823,-997,-941,-673,-253,234,665,942,1004,830,467,3,-462,-821,-984,-920,-648,-228,246,654,912,955,770,400,-61,-510,-841,-971,-875,-567,-120,364,769,999,1002,765,336,-176,-654,-1002,-1124,-989,-627,-112,441,904,1172,1182,935,473,-105,-673,-1095,-1286,-1193,-840,-306,293,837,1198,1302,1125,704,134,-459,-955,-1242,-1261,-1005,-541,34,594,1016,1214,1148,827,340,-212,-713,-1046,-1140,-984,-614,-119,0,801,1034,1025,784,374,-110,-569,-895,-1011,-890,-567,-122,345,730,947,949,732,342,-120,-559,-869,-972,-853,-544,-96,380,767,993,996,765,353,-142,-618,-960,-1091,-990,-665,-178,362,833,1131,1180,980,563,15,-545,-999,-1238,-1209,-928,-452,141,702,1104,1281,1191,838,317,-272,-806,-1184,-1310,-1164,-766,-212,389,896,1220,1284,1080,653,104,-468,-940,-1213,-1240,-1020,-595,-55,486,911,1145,1151,924,519,33,-449,-828,-1027,-1013,-801,-442,-21,389,702,868,851,670,361,-1,-345,-608,-734,-708,-551,-294,9,288,503,615,603,479,280,37,-198,-383,-492,-517,-458,-327,-167,-3,139,239,301,0,0,0,0,0,168,83,-25,-151,-278,-381,-433,-423,-348,-212,-36,159,338,464,511,472,346,154,-70,-285,-453,-537,-517,-402,-206,38,278,460,549,533,409,201,-46,-288,-470,-562,-535,-387,-157,91,321,484,540,471,308,79,-168,-380,-505,-511,-397,-194,51,293,475,545,479,305,57,-220,-455,-597,-602,-465,-231,66,362,584,677,627,441,150,-183,-485,-695,-747,-628,-371,-40,311,601,772,770,593,282,-93,-455,-722,-832,-760,-525,-175,231,591,825,880,739,440,45,-373,-707,-885,-879,-687,-341,84,498,800,927,863,601,206,-224,-610,-872,-931,-792,-482,-69,363,715,909,903,695,329,0,-519,-810,-922,-833,-563,-161,290,673,895,922,744,396,-47,-479,-813,-959,-890,-616,-206,258,672,933,985,815,465,5,-463,-832,-1008,-955,-697,-282,212,663,954,1036,891,540,55,-434,-824,-1036,-1011,-760,-338,165,642,973,1075,936,575,85,-421,-841,-1077,-1065,-806,-365,163,661,1010,1132,999,637,123,-418,-873,-1142,-1141,-880,-428,120,646,1033,1190,1077,726,210,-358,-848,-1154,-1205,-985,-544,24,582,1004,1206,1150,841,338,-236,-751,-1092,-1195,-1036,-650,-125,422,870,1127,1133,888,442,-91,-592,-954,-1104,-1006,-682,-208,303,736,996,1030,828,443,-36,-507,-859,-1004,-921,-630,-199,269,0,0,0,0,0,993,856,522,73,-398,-786,-992,-976,-742,-338,141,586,901,1016,900,576,122,-352,-750,-980,-984,-761,-366,106,552,885,1010,892,580,144,-330,-731,-963,-964,-753,-365,110,555,872,991,883,572,132,-346,-743,-968,-975,-762,-370,108,560,884,997,887,575,125,-352,-736,-948,-939,-716,-321,146,587,880,962,815,486,29,-447,-819,-994,-931,-654,-223,271,721,1007,1058,868,476,-43,-568,-969,-1157,-1091,-777,-282,284,801,1154,1252,1069,653,91,-495,-988,-1268,-1266,-993,-515,70,651,1096,1295,1211,867,344,-244,-783,-1154,-1262,-1095,-701,-159,408,879,1145,1161,930,498,-43,-560,-933,-1092,0,-717,-258,249,686,963,1014,839,478,11,-456,-812,-984,-923,-652,-233,233,642,903,957,789,439,-16,-476,-830,-988,-925,-651,-221,263,698,987,1057,880,500,5,-501,-916,-1137,-1109,-832,-365,184,700,1073,1224,1106,745,221,-351,-854,-1191,-1281,-1083,-653,-92,490,974,1254,1275,1021,551,-35,-612,-1066,-1295,-1246,-935,-438,145,703,1109,1283,1203,870,359,-210,-726,-1082,-1223,-1119,-788,-312,219,692,1007,1115,1005,702,271,-197,-603,-871,-958,-849,-572,-202,184,523,742,805,707,474,160,-173,-453,-632,-679,-592,-396,-142,133,367,518,570,526,391,197,-14,-207,-351,-425,-431,-377,-283,-164,0,0,0,0,0,226,301,343,338,280,174,26,-142,-299,-421,-481,-462,-363,-198,3,208,385,500,523,447,287,72,-161,-373,-513,-552,-484,-322,-94,156,379,528,562,481,307,63,-195,-408,-528,-540,-444,-250,1,244,434,522,498,360,145,-106,-332,-478,-520,-441,-255,2,263,470,572,542,383,134,-151,-419,-601,-655,-561,-338,-27,298,559,696,694,542,265,-83,-418,-663,-766,-706,-492,-160,214,546,760,816,686,405,29,-355,-670,-840,-835,-646,-311,99,494,783,902,826,574,191,-237,-618,-858,-914,-784,-479,-60,369,715,910,906,704,358,-71,-493,-804,-932,-859,-593,-202,230,617,878,0,774,454,32,-405,-752,-920,-881,-651,-273,171,579,861,947,817,501,74,-376,-753,-955,-940,-721,-342,130,578,893,998,885,581,147,-335,-752,-1001,-1015,-809,-415,69,545,898,1047,959,657,204,-304,-739,-1010,-1054,-857,-462,41,538,911,1083,1003,692,225,-296,-758,-1056,-1112,-908,-500,26,552,954,1143,1081,768,277,-276,-774,-1097,-1179,-998,-591,-45,513,958,1187,1155,868,377,-193,-716,-1089,-1225,-1084,-695,-161,408,885,1165,1185,946,492,-63,-599,-1000,-1177,-1095,-772,-282,263,744,1055,1130,957,574,63,-443,-839,-1052,-1028,-768,-338,163,620,930,1023,884,547,86,-392,-767,-964,-948,0,0
38987,mtk,MTK 7916,2422978637,rx2-tx1,512,0,0,0,-306,-32,241,457,578,580,460,233,-33,-277,-464,-548,-514,-377,-169,77,295,449,507,449,309,116,-100,-307,-438,-461,-397,-261,-74,124,288,385,408,350,225,54,-119,-256,-334,-343,-291,-187,-51,96,215,282,292,247,168,78,-29,-128,-199,-230,-221,-180,-118,-43,25,101,164,193,197,184,148,93,21,-74,-162,-222,-250,-241,-186,-104,5,128,242,311,331,285,184,47,-100,-245,-348,-395,-353,-243,-77,107,282,394,441,394,268,77,-130,-309,-427,-461,-402,-260,-80,133,322,434,468,412,256,44,-166,-351,-465,-465,-371,-208,0,211,380,475,458,331,146,-58,-243,0,-460,-416,-279,-91,121,309,419,438,365,203,0,-194,-347,-414,-395,-293,-119,86,267,388,405,331,180,-15,-207,-352,-436,-406,-271,-83,140,348,469,482,404,229,-21,-281,-484,-585,-556,-407,-170,112,395,606,697,636,438,154,-178,-498,-722,-798,-709,-474,-133,238,574,795,858,749,494,121,-269,-601,-820,-878,-755,-482,-102,301,630,847,898,762,479,109,-286,-629,-849,-894,-768,-509,-158,219,557,776,835,739,510,192,-153,-458,-666,-737,-677,-487,-206,97,362,554,640,597,446,226,-19,-249,-430,-529,-531,-440,-280,-94,91,259,375,414,393,321,218,98,-19,-110,-175,0,0,0,0,0,-21,22,76,128,175,208,216,191,134,58,-27,-115,-192,-236,-238,-201,-141,-57,45,143,208,238,238,196,109,-2,-104,-186,-243,-253,-211,-134,-37,69,156,215,239,215,143,62,-32,-126,-197,-219,-210,-169,-96,9,91,140,179,191,171,116,53,-16,-74,-125,-149,-142,-119,-87,-45,-3,42,83,111,121,127,125,94,54,7,-43,-89,-139,-180,-190,-168,-120,-46,47,141,211,246,258,222,143,19,-111,-219,-298,-328,-296,-204,-78,73,217,314,348,321,225,82,-58,-190,-298,-345,-323,-224,-91,60,205,305,337,301,196,59,-89,-232,-325,-322,-256,-146,4,159,0,336,317,228,80,-93,-234,-342,-376,-313,-184,-20,165,322,406,405,325,163,-46,-261,-408,-462,-425,-297,-98,122,318,461,511,457,281,35,-212,-408,-536,-546,-435,-234,16,270,475,589,565,418,191,-73,-327,-515,-591,-537,-371,-128,144,393,542,573,468,262,3,-259,-471,-576,-539,-382,-150,120,372,543,597,508,296,21,-259,-496,-631,-622,-478,-222,81,372,584,678,627,437,144,-182,-473,-666,-728,-629,-383,-58,277,561,730,739,602,340,0,-343,-613,-757,-747,-578,-288,60,396,650,768,727,538,234,-109,-424,-652,-748,-681,-478,-185,144,443,634,684,600,399,120,0,0,0,0,0,-529,-612,-554,-378,-131,138,380,530,575,492,306,73,-174,-390,-515,-530,-431,-246,-24,204,383,472,472,379,202,-16,-215,-365,-435,-416,-324,-162,29,200,326,376,352,265,127,-38,-175,-274,-322,-304,-227,-119,6,128,217,253,253,215,143,46,-45,-118,-176,-212,-214,-189,-138,-64,17,86,153,209,227,199,158,88,-5,-108,-193,-260,-281,-266,-205,-100,45,182,292,355,350,274,147,-7,-174,-310,-390,-395,-316,-162,26,210,359,447,442,349,179,-24,-218,-374,-465,-453,-352,-175,47,256,407,476,445,311,121,-87,-288,-429,-479,-420,-280,-73,144,327,443,469,391,0,28,-180,-352,-442,-426,-322,-148,50,241,375,433,397,264,63,-142,-304,-395,-402,-320,-159,42,235,374,418,360,222,30,-174,-345,-442,-438,-326,-138,91,318,485,540,475,313,71,-215,-460,-604,-630,-536,-313,-16,303,579,747,745,585,306,-37,-382,-653,-810,-804,-634,-333,58,432,714,862,831,621,305,-81,-467,-755,-887,-852,-643,-310,93,475,759,892,859,656,321,-61,-442,-728,-862,-827,-644,-344,8,353,621,771,771,621,364,42,-277,-526,-657,-673,-564,-356,-96,179,413,546,576,510,355,138,-90,-286,-421,-484,-472,-384,-238,-67,91,209,283,316,302,251,171,0,0,0,0,0,-155,-164,-159,-137,-98,-33,48,122,180,220,233,212,155,70,-23,-118,-189,-231,-236,-208,-130,-26,77,155,225,260,230,158,72,-25,-131,-210,-243,-233,-176,-95,2,105,186,224,226,185,114,28,-58,-138,-197,-211,-190,-137,-68,6,76,133,163,160,135,89,37,-6,-57,-92,-118,-124,-126,-102,-62,-24,12,55,105,133,141,139,124,91,39,-45,-121,-177,-221,-227,-196,-136,-44,72,170,252,292,291,221,116,-14,-151,-270,-334,-335,-272,-164,-9,144,263,338,344,281,164,16,-140,-268,-342,-336,-265,-146,-2,138,256,331,327,228,95,-48,-188,-300,-332,-289,0,-33,126,261,340,340,260,125,-42,-208,-336,-397,-371,-257,-87,103,290,413,440,374,232,17,-200,-374,-471,-469,-371,-191,41,274,445,531,499,363,141,-116,-354,-514,-568,-506,-333,-86,181,410,549,573,477,280,21,-243,-455,-570,-556,-430,-212,64,315,499,575,508,320,70,-194,-419,-557,-564,-446,-226,52,327,534,623,567,390,126,-173,-443,-616,-662,-557,-328,-24,284,531,677,684,534,261,-64,-380,-625,-738,-690,-495,-192,152,469,689,766,686,462,138,-219,-527,-721,-778,-678,-427,-86,256,537,719,753,624,364,41,-278,-539,-695,-701,-558,-294,13,307,541,660,0,0
38988,mtk,MTK 7916,2423041435,rx0-tx0,512,-349,745,706,500,498,470,408,320,215,93,-37,-164,-301,-413,-493,-550,-584,-583,-536,-452,-338,-204,-50,101,248,385,489,576,617,625,597,529,430,292,138,-17,-168,-308,-427,-522,-592,-614,-599,-557,-478,-357,-238,-104,41,176,296,384,464,510,527,526,483,419,336,244,137,32,-76,-186,-280,-357,-414,-461,-482,-482,-455,-404,-337,-259,-158,-34,80,196,320,422,505,555,574,563,518,431,317,185,37,-112,-262,-399,-504,-585,-635,-635,-585,-508,-393,-259,-106,52,202,340,451,540,580,582,544,480,389,272,138,3,-129,-240,-331,-407,-444,-456,-441,-401,-327,-254,-171,-73,9,95,-511,230,272,298,303,294,282,251,206,157,107,58,0,-50,-97,-141,-175,-199,-222,-232,-242,-239,-221,-199,-156,-110,-63,-5,53,107,163,220,277,308,324,321,302,266,211,130,51,-39,-138,-225,-296,-355,-392,-405,-395,-352,-283,-210,-114,-10,87,182,275,337,386,407,406,392,343,261,173,81,-21,-114,-201,-280,-351,-390,-406,-392,-346,-290,-220,-130,-43,49,134,215,280,334,368,366,341,296,246,174,90,8,-85,-169,-241,-291,-324,-333,-321,-290,-230,-165,-91,-9,73,150,213,259,290,289,273,237,181,110,29,-50,-135,-197,-228,-247,-235,-200,-141,-68,3,57,545,658,1179,1031,821,-123,-130,-108,-64,-5,61,114,159,188,196,181,138,86,26,-41,-103,-158,-188,-205,-214,-198,-162,-113,-63,3,54,102,152,178,191,189,184,156,109,74,39,-8,-49,-82,-116,-137,-155,-168,-172,-161,-138,-113,-82,-54,-10,46,95,135,183,222,229,233,214,170,116,58,3,-64,-125,-191,-240,-257,-266,-244,-215,-171,-104,-33,30,98,162,199,236,254,247,226,185,131,80,20,-43,-91,-133,-175,-204,-213,-210,-194,-165,-123,-81,-45,8,55,93,133,157,182,188,183,174,154,120,74,37,-7,-56,-101,-138,-166,-192,-202,-194,-177,-155,-118,-73,-26,22,68,-330,156,202,228,231,227,209,175,125,71,10,-47,-96,-152,-208,-236,-255,-263,-254,-235,-196,-131,-81,-11,65,132,197,255,283,306,317,311,279,232,173,99,6,-82,-171,-248,-318,-378,-415,-423,-408,-359,-279,-186,-83,41,164,277,380,458,513,535,517,462,380,274,139,-3,-155,-302,-420,-518,-585,-612,-606,-556,-467,-340,-188,-20,143,304,441,552,623,652,638,584,491,358,209,51,-124,-286,-421,-526,-596,-625,-603,-551,-469,-356,-218,-76,69,194,310,400,465,496,497,478,431,362,279,186,86,-15,-119,-224,-297,-368,-415,-440,-447,-429,-382,-335,-250,-147,-50,62,1191,1217,-729,-20,-211,24,-95,-213,-323,-417,-490,-543,-548,-534,-480,-387,-273,-148,-11,137,278,402,505,581,618,611,573,489,380,245,92,-59,-212,-351,-474,-565,-613,-623,-604,-547,-451,-328,-185,-34,106,242,378,474,533,570,570,540,469,385,286,162,48,-74,-195,-298,-378,-437,-474,-491,-487,-450,-393,-316,-236,-139,-33,73,186,283,360,429,486,514,510,496,440,351,244,117,-18,-153,-291,-418,-507,-572,-603,-600,-566,-481,-368,-236,-81,87,239,378,491,566,610,605,574,502,400,272,120,-33,-172,-298,-401,-477,-519,-524,-497,-438,-361,-262,-146,-37,67,173,256,309,360,375,373,356,1105,254,190,116,42,-23,-79,-141,-188,-224,-248,-258,-256,-240,-224,-200,-165,-123,-78,-27,14,63,106,154,198,224,247,264,268,260,240,207,151,77,-1,-73,-142,-213,-281,-330,-355,-374,-359,-314,-257,-185,-90,11,114,214,287,346,391,400,394,368,314,238,149,50,-46,-148,-243,-316,-361,-397,-410,-388,-351,-295,-208,-110,-15,83,171,247,317,364,378,373,345,298,236,163,73,-26,-116,-190,-256,-307,-329,-340,-333,-302,-248,-176,-100,-16,68,150,223,270,302,310,302,267,215,149,69,-9,-85,-160,-217,-260,-273,-271,-245,-180,-112,-37,46,112,166,190,186,159,515,356,1145,-644,-900,-5,52,106,147,172,170,148,103,36,-33,-99,-151,-184,-207,-207,-184,-147,-94,-48,13,84,137,174,198,207,191,177,139,86,37,-16,-62,-116,-147,-160,-173,-173,-157,-144,-127,-93,-61,-21,14,54,94,130,157,176,195,195,177,154,124,66,8,-53,-125,-177,-214,-236,-247,-250,-227,-186,-116,-46,29,101,159,218,246,254,256,244,200,143,84,16,-48,-104,-156,-200,-224,-233,-223,-202,-179,-136,-75,-26,28,81,132,168,178,191,201,181,166,133,96,52,4,-32,-69,-109,-151,-179,-189,-195,-186,-168,-142,-106,-58,-4,49,89,131,175,199,216,213,204,826,157,112,53,-1,-54,-108,-159,-203,-233,-251,-242,-226,-210,-162,-104,-45,26,87,150,207,240,267,288,285,258,229,175,109,47,-26,-101,-181,-244,-299,-343,-361,-357,-340,-292,-227,-139,-37,64,162,266,355,418,460,481,459,414,340,237,114,-26,-164,-291,-401,-498,-557,-582,-573,-514,-428,-309,-162,-11,150,296,432,543,617,653,641,589,486,361,200,31,-138,-303,-442,-555,-619,-650,-637,-575,-481,-356,-214,-52,100,239,369,473,538,560,548,505,442,352,245,121,1,-115,-223,-312,-385,-433,-451,-452,-436,-396,-335,-263,-168,-71,29,135,227,304,390,433,456,463,277,-47
38989,mtk,MTK 7916,2423041435,rx0-tx1,512,87,-331,-173,535,609,650,651,614,539,435,296,136,-43,-223,-389,-539,-664,-758,-799,-800,-755,-666,-539,-374,-188,20,236,429,606,755,867,928,943,896,790,643,459,233,-8,-254,-490,-700,-857,-979,-1049,-1053,-997,-876,-703,-492,-249,3,263,505,710,883,1010,1073,1088,1035,928,771,568,332,73,-188,-436,-653,-849,-1002,-1104,-1147,-1116,-1023,-880,-685,-445,-173,115,394,657,887,1056,1160,1214,1196,1097,934,720,468,179,-115,-400,-661,-891,-1070,-1170,-1212,-1177,-1082,-925,-705,-452,-179,107,389,644,853,1007,1117,1155,1131,1036,879,685,451,186,-82,-349,-592,-790,-950,-1045,-1081,-1058,-965,-824,-642,-689,-184,59,292,520,709,840,941,984,974,911,804,649,455,250,34,-186,-407,-608,-763,-886,-960,-980,-950,-869,-734,-562,-361,-120,127,360,588,780,921,1031,1077,1049,964,818,618,385,128,-147,-420,-661,-870,-1027,-1119,-1138,-1095,-979,-795,-572,-309,-26,260,529,760,951,1072,1124,1116,1031,873,675,426,150,-123,-386,-623,-826,-965,-1033,-1039,-976,-856,-676,-457,-211,42,277,490,664,799,872,878,829,736,603,426,231,36,-158,-343,-491,-599,-665,-696,-680,-611,-506,-364,-214,-47,114,262,389,488,547,565,540,471,373,245,97,-53,-196,-318,-399,-432,-423,-368,-268,-145,-16,93,-638,-566,0,605,591,185,152,86,1,-94,-190,-265,-307,-319,-291,-241,-168,-68,36,139,234,307,349,368,366,328,272,191,90,-14,-118,-215,-294,-356,-397,-414,-398,-362,-301,-220,-119,-12,101,210,303,394,462,501,499,467,407,316,203,63,-80,-211,-339,-441,-518,-575,-593,-555,-494,-399,-260,-117,47,209,354,474,556,611,629,604,538,431,303,154,-7,-162,-308,-433,-519,-582,-607,-583,-528,-440,-326,-194,-49,91,221,334,426,491,513,516,474,408,323,218,107,-4,-115,-208,-290,-352,-386,-402,-393,-360,-311,-249,-171,-96,-15,57,124,189,226,269,299,295,287,256,227,189,139,78,-130,-37,-85,-133,-181,-218,-245,-263,-263,-255,-239,-205,-153,-108,-52,8,60,115,165,205,229,245,247,245,230,211,181,141,90,41,-5,-50,-101,-152,-201,-239,-276,-294,-308,-307,-289,-259,-207,-142,-70,23,123,211,293,363,410,448,460,439,390,318,223,111,-6,-123,-244,-355,-444,-507,-546,-546,-522,-463,-376,-268,-136,3,140,273,386,479,546,577,575,542,474,382,263,136,3,-139,-270,-375,-463,-516,-532,-531,-490,-430,-353,-254,-140,-29,74,173,268,334,385,426,436,429,406,366,315,254,176,91,2,-87,-167,-253,-330,-394,-447,-476,-484,-471,-439,-373,-285,-166,-134,184,504,581,649,316,178,31,-125,-284,-428,-557,-653,-722,-747,-719,-649,-547,-415,-251,-62,130,321,494,643,764,844,883,856,776,658,500,311,103,-117,-346,-555,-734,-877,-969,-1005,-987,-912,-769,-583,-367,-114,143,390,616,809,959,1043,1072,1044,952,810,629,397,152,-104,-354,-578,-782,-942,-1054,-1107,-1096,-1027,-903,-734,-518,-276,-11,266,522,754,951,1096,1172,1181,1126,1013,836,596,329,42,-262,-543,-791,-991,-1138,-1213,-1213,-1146,-1019,-842,-593,-321,-34,258,525,772,963,1093,1166,1179,1118,989,806,580,324,48,-226,-493,-724,-904,-1041,-1109,-1119,-1061,-932,-763,-554,-315,-59,209,456,667,844,261,1022,1027,979,882,719,534,325,94,-131,-349,-551,-730,-857,-935,-971,-956,-890,-764,-603,-414,-194,37,259,475,669,820,939,1007,1008,957,862,693,492,269,11,-244,-489,-718,-903,-1028,-1099,-1113,-1049,-922,-735,-492,-222,63,338,604,822,986,1100,1141,1115,1014,847,634,369,96,-185,-464,-694,-885,-1026,-1089,-1081,-1009,-877,-689,-455,-198,70,330,564,750,881,957,971,920,807,642,447,225,-8,-224,-413,-573,-691,-756,-776,-751,-669,-544,-393,-228,-53,131,294,433,533,600,624,602,541,447,323,174,21,-130,-268,-382,-467,-505,-496,-450,-360,-233,-91,53,182,279,327,328,274,213,359,0,-126,187,-95,-166,-227,-259,-263,-226,-152,-58,45,148,231,305,350,352,331,278,197,104,10,-90,-189,-273,-339,-382,-394,-384,-345,-279,-193,-96,13,118,219,308,381,430,453,451,411,348,264,153,32,-94,-218,-327,-421,-497,-544,-546,-521,-456,-352,-234,-96,62,211,339,467,555,605,619,589,521,416,284,137,-25,-188,-336,-460,-554,-611,-622,-596,-536,-440,-313,-182,-25,127,269,392,482,542,566,552,505,427,325,205,77,-49,-174,-274,-358,-422,-452,-458,-433,-387,-325,-238,-142,-46,50,135,207,272,315,337,342,324,305,264,209,156,78,15,-44,-105,-157,-206,-243,-267,245,-262,-250,-231,-197,-150,-99,-42,12,64,116,171,209,235,254,256,246,229,200,162,116,68,16,-38,-87,-135,-177,-210,-234,-243,-250,-249,-242,-224,-189,-150,-94,-31,32,101,166,227,286,333,366,389,379,349,304,231,143,46,-67,-177,-279,-370,-444,-492,-510,-503,-464,-395,-297,-188,-62,72,200,326,427,508,558,570,559,512,433,329,203,63,-77,-218,-340,-441,-516,-558,-573,-555,-495,-417,-317,-192,-68,55,181,284,377,439,475,484,477,446,388,306,230,137,37,-48,-136,-212,-281,-338,-385,-413,-426,-422,-404,-369,-304,-233,-149,-50,58,160,273,370,450,516,-592,-580
38990,mtk,MTK 7916,2423041435,rx1-tx0,512,0,272,542,-694,-725,-710,-659,-573,-439,-285,-105,91,290,466,614,733,816,857,845,774,659,499,307,93,-136,-353,-569,-749,-893,-985,-1009,-978,-892,-730,-536,-300,-33,237,492,719,917,1048,1118,1128,1062,919,730,495,220,-75,-364,-619,-849,-1035,-1136,-1186,-1160,-1061,-896,-687,-424,-127,167,450,706,922,1083,1179,1197,1143,1022,835,601,333,41,-250,-524,-772,-947,-1081,-1151,-1135,-1058,-909,-716,-482,-227,41,309,555,750,888,995,1039,1009,921,786,610,393,169,-62,-288,-486,-665,-803,-879,-921,-909,-832,-722,-566,-384,-188,26,235,424,588,723,822,857,840,796,690,544,366,158,-43,-247,216,-597,-719,-801,-844,-825,-751,-642,-483,-289,-87,112,313,478,614,709,758,775,728,635,512,362,189,14,-154,-329,-460,-567,-642,-673,-667,-622,-537,-420,-293,-146,15,164,293,414,502,569,597,592,541,469,366,242,121,-18,-138,-251,-365,-450,-493,-506,-503,-456,-397,-319,-217,-102,-8,99,210,294,367,412,450,454,415,379,318,225,130,18,-91,-195,-299,-369,-416,-437,-447,-420,-358,-287,-180,-71,37,145,240,320,383,410,423,394,338,257,154,61,-44,-145,-228,-305,-356,-372,-357,-323,-254,-177,-89,14,111,185,248,286,300,289,237,163,82,-8,-91,-155,-190,-181,-610,-389,0,15,-459,-137,-127,-90,-35,34,100,159,203,224,219,178,123,61,-15,-87,-149,-204,-246,-265,-246,-213,-158,-88,-25,47,126,175,218,257,274,255,214,164,97,26,-33,-90,-148,-189,-207,-213,-206,-186,-155,-118,-80,-34,6,49,85,114,135,142,142,141,145,127,109,92,75,36,-3,-28,-62,-103,-127,-148,-164,-173,-179,-167,-145,-109,-68,-15,27,59,100,137,170,180,206,200,182,161,121,71,21,-27,-86,-130,-163,-193,-206,-215,-210,-179,-143,-98,-63,-20,32,86,126,155,175,198,204,193,168,124,89,50,5,-29,-67,-105,-134,-148,-151,-150,-150,-147,-126,-83,-584,-31,-7,27,56,79,103,115,134,144,144,135,120,93,64,42,12,-25,-63,-85,-105,-122,-130,-148,-151,-133,-110,-83,-64,-38,-2,21,42,54,81,92,97,114,124,127,121,119,113,106,80,59,38,1,-33,-66,-107,-146,-189,-217,-229,-241,-248,-228,-190,-146,-82,-9,78,161,252,320,359,391,394,371,328,265,182,74,-44,-152,-261,-361,-430,-484,-511,-492,-457,-389,-294,-190,-47,79,204,324,426,504,558,575,557,500,414,307,171,28,-125,-261,-384,-481,-558,-608,-616,-588,-527,-432,-311,-182,-38,126,269,399,511,581,636,649,624,563,477,349,208,56,947,834,0,-617,-409,-168,3,183,342,502,625,715,775,792,758,672,543,386,202,2,-208,-412,-596,-751,-865,-928,-929,-886,-790,-631,-432,-196,54,291,533,746,904,1024,1072,1051,965,836,637,387,125,-158,-442,-698,-902,-1051,-1140,-1162,-1111,-994,-819,-576,-307,-29,259,536,785,981,1122,1186,1178,1108,972,769,521,236,-64,-352,-616,-838,-1008,-1127,-1178,-1153,-1063,-889,-668,-429,-145,146,425,666,853,993,1078,1101,1057,934,755,548,316,57,-193,-423,-622,-786,-897,-954,-964,-911,-811,-674,-488,-285,-74,151,353,532,685,794,868,884,842,753,622,471,281,63,-131,-324,-514,-660,-779,-836,-843,-811,757,-596,-429,-248,-39,178,371,546,684,772,800,796,735,631,495,325,146,-47,-244,-403,-533,-643,-701,-710,-694,-628,-524,-400,-240,-76,92,238,371,481,563,619,632,604,548,449,330,206,71,-78,-223,-351,-452,-505,-546,-553,-524,-477,-400,-287,-160,-47,78,191,282,369,432,465,472,467,424,345,260,164,72,-48,-148,-235,-330,-392,-432,-450,-438,-408,-344,-257,-158,-59,51,165,264,346,413,435,432,406,347,280,185,81,-26,-138,-230,-317,-364,-383,-391,-351,-300,-231,-138,-38,61,154,236,293,332,343,315,268,201,109,17,-74,-164,-224,-262,-262,-227,-169,-90,-7,-286,-548,0,957,847,35,86,137,172,187,172,131,68,-4,-88,-154,-198,-232,-242,-227,-194,-144,-77,12,82,151,210,243,260,259,229,180,133,67,-9,-89,-145,-199,-236,-239,-229,-214,-184,-142,-80,-23,38,88,122,140,163,178,180,175,155,126,84,48,18,3,-30,-67,-90,-104,-132,-155,-161,-162,-154,-133,-102,-73,-40,-1,41,84,123,147,174,193,188,183,169,146,108,68,19,-43,-88,-133,-173,-196,-208,-210,-200,-171,-147,-103,-51,-1,56,110,153,180,191,201,206,177,139,95,65,25,-25,-71,-113,-138,-151,-168,-172,-160,-150,-129,-100,-61,-23,8,30,56,100,124,-674,133,142,144,131,118,91,74,47,12,-21,-52,-80,-109,-120,-137,-146,-153,-141,-118,-100,-70,-41,-10,33,67,89,102,118,140,142,136,122,116,105,73,57,34,8,-17,-36,-52,-78,-102,-123,-126,-144,-161,-167,-168,-162,-140,-112,-72,-24,28,88,160,209,262,301,326,333,313,277,206,135,47,-60,-165,-261,-341,-412,-457,-463,-450,-409,-330,-231,-125,-2,124,239,357,441,513,544,533,514,453,363,240,108,-33,-170,-301,-412,-507,-570,-601,-593,-544,-470,-364,-244,-99,53,196,328,445,533,590,629,624,573,495,380,252,115,-39,-196,-336,-463,-571,-636,-683,-18,453
38991,mtk,MTK 7916,2423041435,rx1-tx1,512,0,0,0,231,652,881,861,599,171,-307,-703,-903,-848,-556,-106,370,731,889,800,484,35,-416,-746,-858,-720,-384,53,466,737,784,600,242,-180,-543,-736,-723,-493,-109,304,626,763,674,382,-29,-423,-700,-782,-628,-284,145,533,773,788,569,185,-261,-629,-818,-787,-534,-119,335,696,851,770,472,34,-404,-721,-837,-731,-413,22,440,727,813,659,322,-91,-473,-719,-753,-578,-242,157,495,675,669,480,154,-206,-489,-631,-595,-395,-80,247,494,592,514,292,-3,-290,-491,-540,-431,-200,73,314,456,460,329,113,-128,-322,-405,-372,-229,-22,179,316,356,286,121,-76,-237,-324,-311,0,-16,169,295,334,259,102,-94,-264,-357,-345,-223,-26,177,344,416,362,196,-23,-253,-420,-471,-388,-188,75,322,487,522,405,170,-116,-377,-539,-562,-423,-159,148,418,583,591,445,174,-153,-433,-595,-604,-453,-183,137,415,591,608,464,197,-113,-395,-569,-586,-458,-218,75,341,507,541,446,233,-24,-266,-432,-480,-401,-228,-11,190,331,384,337,203,37,-121,-233,-282,-253,-162,-39,70,148,176,159,107,35,-26,-61,-75,-65,-38,-7,5,8,-6,-22,-35,-34,-13,19,60,99,118,106,66,-1,-76,-145,-182,-178,-141,-74,11,98,166,207,208,176,120,49,-26,0,0,0,0,0,149,164,148,95,11,-86,-171,-231,-244,-203,-111,11,136,228,267,243,161,32,-116,-239,-296,-280,-189,-44,108,242,318,315,224,70,-103,-255,-344,-344,-256,-96,96,256,351,351,261,96,-96,-264,-351,-343,-240,-74,110,260,340,317,205,32,-146,-278,-326,-282,-147,39,211,314,325,240,79,-110,-273,-366,-354,-229,-30,184,342,413,360,197,-33,-262,-417,-453,-366,-170,85,325,476,497,377,144,-137,-386,-532,-532,-383,-119,181,438,576,554,384,107,-213,-474,-609,-571,-379,-83,236,492,609,547,340,48,-258,-494,-586,-507,-285,12,303,504,553,441,198,-106,-377,0,-520,-371,-102,204,445,554,504,300,4,-303,-520,-585,-473,-220,110,413,601,618,454,149,-215,-523,-686,-649,-427,-71,320,624,750,662,382,-15,-416,-709,-802,-664,-325,111,525,802,852,650,259,-214,-628,-867,-861,-609,-182,310,728,945,890,577,93,-413,-817,-994,-881,-512,-6,512,886,1013,850,448,-82,-595,-942,-1024,-818,-382,167,659,963,1001,753,293,-245,-710,-971,-952,-662,-190,330,750,948,878,556,82,-413,-784,-923,-797,-446,32,500,815,888,701,311,-164,-589,-845,-857,-620,-202,263,656,860,813,529,91,-373,-723,-869,-764,-434,18,468,784,865,708,352,-112,0,0,0,0,0,-858,-619,-205,266,668,889,858,575,132,-343,-725,-898,-822,-520,-78,388,740,875,765,435,-10,-442,-735,-819,-667,-321,119,510,744,755,548,184,-232,-580,-757,-702,-439,-45,363,669,771,646,327,-90,-486,-745,-789,-602,-236,198,583,808,794,547,143,-303,-664,-843,-788,-498,-64,378,708,847,749,433,4,-424,-732,-833,-696,-371,60,463,731,781,617,293,-110,-481,-698,-705,-518,-196,173,491,665,632,423,110,-228,-498,-614,-551,-333,-28,275,486,557,465,244,-36,-295,-463,-488,-376,-162,95,318,437,419,278,68,-150,-313,-378,-320,-172,18,201,316,321,228,68,-113,0,-325,-279,-143,40,215,332,342,248,75,-134,-312,-395,-358,-215,0,223,388,445,372,190,-51,-289,-457,-501,-396,-183,92,350,519,536,402,163,-127,-394,-558,-574,-435,-166,153,429,589,598,446,175,-144,-433,-606,-612,-460,-192,127,403,580,602,459,206,-92,-367,-534,-564,-449,-225,50,298,459,510,428,238,-8,-238,-391,-431,-364,-215,-26,158,283,327,284,178,45,-86,-187,-232,-206,-137,-46,47,107,129,112,69,25,-10,-32,-33,-21,-6,3,4,-12,-35,-54,-70,-70,-41,16,79,129,155,148,100,27,-58,-138,-190,-207,-185,-131,-52,28,104,159,182,174,0,0,0,0,0,-26,36,112,178,207,202,156,70,-44,-153,-234,-260,-225,-137,-17,114,223,281,270,186,48,-110,-244,-312,-300,-206,-56,110,252,338,336,247,84,-103,-258,-352,-357,-266,-97,101,271,368,366,261,85,-107,-263,-340,-334,-230,-55,132,274,339,303,181,1,-175,-297,-331,-262,-109,78,243,337,339,233,49,-153,-317,-394,-350,-210,-3,218,386,439,361,176,-60,-285,-441,-476,-373,-163,112,362,507,514,383,132,-157,-406,-551,-549,-386,-105,201,452,584,561,385,97,-225,-482,-605,-561,-361,-59,255,495,599,537,320,8,-292,-502,-574,-481,-245,55,332,515,545,409,0,-153,-397,-531,-513,-340,-54,252,483,571,493,263,-50,-358,-558,-602,-466,-188,156,465,649,643,449,114,-264,-575,-722,-663,-407,-28,362,657,769,655,346,-64,-461,-745,-824,-660,-286,171,592,844,862,628,211,-275,-686,-908,-877,-594,-138,366,774,959,872,539,39,-478,-861,-1002,-866,-486,47,569,924,1020,832,409,-126,-632,-972,-1029,-793,-332,204,687,974,987,719,248,-283,-727,-964,-925,-617,-139,373,769,947,848,498,13,-460,-800,-912,-752,-377,102,544,830,870,657,260,-212,-630,-858,-832,-574,-156,312,693,870,789,482,36,-422,-758,-872,-737,-390,66,506,803,866,0,0
38992,mtk,MTK 7916,2423041435,rx2-tx0,512,0,0,0,956,699,228,-313,-761,-992,-938,-602,-84,459,862,1007,862,472,-58,-575,-921,-997,-783,-339,208,691,968,960,666,180,-367,-802,-998,-898,-532,-12,515,888,997,818,389,-163,-663,-962,-982,-709,-224,328,782,1006,929,582,65,-472,-874,-1015,-851,-435,99,605,934,980,723,256,-280,-728,-957,-893,-559,-48,480,862,984,803,377,-170,-679,-982,-992,-700,-188,394,863,1079,979,589,12,-591,-1026,-1165,-966,-480,150,745,1142,1212,934,391,-270,-864,-1212,-1215,-879,-286,388,944,1239,1187,792,174,-483,-1001,-1232,-1115,-684,-63,572,1032,1188,1006,551,-59,-648,-1039,-1128,-898,-407,200,729,0,1045,753,244,-324,-795,-1032,-957,-597,-73,468,869,1012,859,450,-91,-602,-932,-989,-750,-294,251,723,988,954,630,120,-430,-865,-1055,-931,-527,38,604,1007,1128,918,441,-173,-751,-1129,-1184,-908,-358,299,876,1221,1240,900,299,-389,-968,-1290,-1256,-878,-251,443,1019,1315,1249,836,193,-503,-1057,-1323,-1225,-790,-156,523,1069,1312,1195,762,132,-538,-1053,-1275,-1159,-738,-127,503,982,1197,1090,700,138,-437,-879,-1080,-994,-649,-148,371,765,950,883,587,154,-298,-650,-815,-763,-518,-149,237,545,700,672,474,168,-166,-442,-598,-598,-457,-217,53,297,463,514,451,306,122,-62,-209,-291,0,0,0,0,0,154,40,-97,-242,-367,-430,-407,-301,-119,105,314,461,508,441,270,26,-233,-438,-544,-508,-345,-95,189,432,564,548,385,118,-174,-428,-577,-570,-403,-126,188,453,599,580,403,108,-215,-485,-616,-573,-373,-69,261,515,625,551,314,-13,-341,-579,-648,-522,-236,115,442,650,678,494,165,-214,-537,-719,-692,-470,-109,299,630,777,704,430,26,-399,-715,-828,-700,-377,60,493,791,865,691,313,-160,-599,-867,-898,-673,-250,254,692,933,915,636,172,-344,-771,-990,-920,-596,-105,429,848,1024,914,547,23,-511,-900,-1035,-879,-473,64,579,935,1030,835,401,-154,-659,-971,-1013,0,-297,252,733,1000,976,668,174,-370,-809,-1013,-919,-562,-46,485,874,1010,849,436,-94,-602,-943,-1005,-764,-303,247,724,993,973,662,157,-391,-825,-1020,-918,-545,-5,539,920,1035,846,402,-167,-682,-991,-1015,-745,-249,324,803,1043,977,617,66,-504,-915,-1065,-904,-469,106,658,1020,1077,811,308,-296,-823,-1099,-1057,-707,-143,475,953,1156,1020,583,-21,-627,-1053,-1171,-949,-453,176,764,1131,1170,864,316,-323,-867,-1169,-1133,-769,-183,446,943,1172,1057,642,45,-565,-1000,-1144,-960,-512,86,655,1029,1097,845,352,-233,-744,-1036,-1021,-706,-188,380,824,1026,927,552,22,-510,-893,-1014,0,0,0,0,0,237,707,977,957,654,157,-379,-806,-1006,-909,-543,-15,515,891,1007,828,407,-138,-640,-956,-987,-731,-257,288,751,994,940,602,91,-442,-844,-1001,-858,-458,72,586,932,997,761,297,-252,-724,-992,-963,-646,-135,411,834,1014,899,515,-17,-545,-913,-1002,-790,-354,187,670,953,944,651,154,-382,-799,-972,-846,-461,65,572,914,983,753,276,-288,-774,-1038,-989,-644,-94,497,954,1134,984,538,-74,-677,-1089,-1185,-945,-437,201,803,1179,1224,916,343,-332,-910,-1230,-1210,-847,-236,441,979,1239,1154,740,125,-518,-1014,-1219,-1073,-621,-4,611,1039,1162,957,479,-131,-687,-1040,-1091,-828,0,248,754,1035,1008,678,156,-401,-830,-1018,-911,-536,-4,531,900,996,795,364,-171,-661,-963,-975,-698,-209,342,800,1022,943,586,50,-510,-933,-1090,-927,-481,109,679,1072,1165,920,409,-230,-821,-1181,-1211,-901,-338,334,921,1258,1246,886,284,-409,-1000,-1309,-1259,-861,-224,480,1048,1329,1238,822,184,-521,-1072,-1325,-1214,-777,-140,533,1067,1305,1185,752,121,-527,-1021,-1237,-1130,-724,-133,476,942,1150,1051,683,153,-400,-823,-1014,-941,-623,-153,330,704,883,825,551,151,-264,-595,-755,-711,-489,-152,206,496,648,631,459,186,-121,-385,-542,-565,-465,-271,-33,193,356,429,410,322,190,0,0,0,0,0,256,327,344,296,178,7,-182,-353,-464,-482,-388,-203,36,269,450,528,486,314,58,-210,-434,-552,-531,-370,-113,175,425,568,554,396,132,-178,-445,-590,-578,-406,-120,201,471,611,578,388,85,-240,-498,-617,-561,-345,-28,301,542,626,525,271,-61,-387,-604,-650,-506,-203,170,492,678,677,486,142,-257,-592,-750,-704,-459,-75,338,660,799,711,412,-18,-439,-749,-846,-699,-345,118,556,836,882,683,281,-212,-649,-908,-906,-647,-204,304,739,965,920,617,134,-394,-817,-1012,-923,-574,-66,471,879,1028,895,515,-14,-545,-921,-1039,-867,-451,92,609,951,1021,797,349,-195,0,-985,-996,-720,-234,315,769,1004,948,617,111,-424,-838,-1008,-885,-505,24,542,909,1017,820,377,-173,-667,-969,-992,-730,-245,312,773,1009,948,604,80,-466,-878,-1033,-888,-473,82,612,965,1032,797,326,-243,-742,-1023,-997,-678,-160,410,860,1061,941,542,-20,-574,-969,-1078,-863,-389,200,741,1067,1071,760,223,-385,-886,-1127,-1040,-654,-66,552,1009,1165,987,523,-100,-694,-1089,-1171,-916,-385,259,825,1155,1154,821,253,-385,-919,-1179,-1099,-708,-120,500,976,1162,1012,575,-23,-615,-1015,-1122,-911,-430,169,702,1030,1061,778,270,-306,-788,-1029,-969,-631,-110,436,855,1019,879,477,-63,0,0
38993,mtk,MTK 7916,2423041435,rx2-tx1,512,0,0,0,-550,-588,-470,-233,62,338,524,557,433,191,-91,-343,-497,-512,-387,-166,100,336,474,478,353,125,-120,-323,-448,-453,-325,-111,119,314,427,420,296,104,-111,-295,-394,-380,-272,-92,95,256,355,353,260,113,-60,-212,-305,-320,-249,-128,16,145,242,275,245,160,52,-68,-168,-225,-222,-180,-109,-17,76,153,197,208,170,94,-2,-95,-176,-226,-223,-176,-88,25,137,223,259,240,156,27,-113,-222,-284,-285,-214,-70,89,225,311,317,238,97,-74,-236,-327,-327,-249,-109,70,235,331,342,259,110,-71,-241,-354,-364,-263,-102,92,262,361,359,256,77,-111,-268,-352,0,-224,-59,125,271,335,309,199,34,-147,-281,-334,-287,-161,1,167,285,314,246,103,-57,-207,-298,-294,-191,-34,137,266,314,261,129,-43,-217,-338,-354,-259,-89,123,319,439,428,290,68,-188,-417,-532,-498,-318,-41,261,508,628,585,385,63,-285,-564,-690,-631,-417,-93,275,576,724,687,462,120,-260,-580,-756,-723,-498,-139,247,579,768,747,536,190,-212,-556,-759,-775,-585,-251,142,491,700,730,581,294,-59,-387,-612,-684,-582,-330,-10,297,520,612,548,348,71,-211,-432,-537,-507,-359,-137,103,308,435,461,380,219,28,-159,-297,-359,-345,-271,-161,-33,75,147,0,0,0,0,0,-34,19,70,128,173,190,172,115,33,-61,-142,-195,-212,-190,-121,-21,81,171,229,227,173,86,-28,-136,-208,-236,-201,-120,-7,111,203,240,219,141,31,-88,-193,-247,-236,-169,-66,53,164,228,230,182,100,-20,-134,-206,-226,-195,-120,-16,84,160,200,193,127,42,-31,-98,-157,-173,-143,-101,-42,35,101,133,134,125,89,24,-27,-61,-95,-125,-129,-108,-71,-19,51,117,153,162,155,109,26,-73,-154,-208,-225,-182,-93,18,130,215,251,226,132,10,-119,-216,-269,-251,-158,-28,110,221,272,250,170,40,-105,-225,-272,-239,-151,-35,110,229,272,237,135,0,-149,-257,-289,-241,-122,37,188,288,308,236,99,-77,-235,-336,-345,-249,-80,103,273,364,358,253,73,-131,-304,-392,-365,-236,-36,177,341,420,381,232,13,-213,-386,-452,-390,-215,22,254,414,461,378,186,-51,-274,-422,-455,-355,-163,77,301,433,429,302,88,-149,-350,-447,-408,-254,-18,225,393,444,370,175,-78,-321,-472,-485,-358,-125,155,404,533,515,353,82,-218,-456,-579,-539,-343,-48,270,522,627,564,340,21,-310,-574,-676,-582,-328,11,351,600,687,584,329,-27,-376,-620,-704,-609,-350,7,366,624,707,599,334,-20,-359,-592,-672,-574,-309,27,341,561,0,0,0,0,0,237,-71,-348,-527,-564,-444,-212,79,346,507,520,401,170,-102,-345,-491,-500,-367,-137,120,342,467,458,331,116,-122,-322,-437,-437,-310,-106,114,304,411,403,289,103,-103,-275,-366,-361,-259,-95,83,229,318,333,249,109,-42,-183,-278,-298,-250,-148,-19,108,202,246,237,177,81,-29,-133,-199,-214,-195,-144,-56,42,129,188,211,202,137,46,-56,-153,-224,-244,-217,-128,-1,129,230,283,267,186,51,-98,-222,-291,-293,-217,-89,80,227,319,333,248,98,-77,-226,-327,-341,-262,-108,71,235,348,353,269,116,-73,-248,-350,-349,-254,-95,97,267,355,345,248,71,0,-286,-357,-332,-218,-54,122,269,344,311,189,13,-157,-280,-324,-276,-141,36,181,276,298,236,85,-92,-234,-301,-280,-168,-1,170,295,329,258,104,-87,-271,-383,-387,-272,-65,169,362,469,458,310,60,-230,-469,-580,-532,-343,-52,274,537,660,619,397,69,-278,-559,-706,-670,-448,-101,279,584,755,718,479,120,-268,-600,-775,-745,-523,-162,244,577,766,759,550,214,-183,-538,-740,-752,-589,-285,90,431,652,704,584,314,-28,-345,-568,-651,-568,-337,-42,242,462,564,517,349,108,-155,-364,-477,-481,-379,-190,38,245,377,420,380,261,96,-61,-192,-270,-287,-250,-181,0,0,0,0,0,-127,-148,-144,-113,-55,18,95,165,205,200,163,93,-4,-108,-194,-228,-213,-152,-60,46,148,221,240,198,109,-7,-114,-198,-239,-218,-140,-25,97,189,229,226,167,55,-65,-166,-229,-241,-187,-83,32,130,207,234,188,97,-5,-111,-185,-215,-192,-131,-39,56,137,175,172,141,77,5,-67,-129,-158,-149,-117,-57,5,56,96,130,134,107,71,23,-25,-66,-116,-146,-149,-121,-67,7,78,149,191,192,142,60,-39,-135,-201,-221,-190,-110,0,122,214,251,226,149,25,-102,-216,-272,-254,-158,-29,102,211,273,257,169,37,-106,-219,-268,-239,-152,-19,127,239,0,239,126,-27,-164,-266,-297,-247,-118,49,209,306,324,251,100,-92,-254,-348,-347,-248,-77,120,289,383,358,243,51,-161,-332,-409,-377,-236,-20,203,377,447,395,229,-2,-233,-402,-464,-385,-200,40,270,423,462,369,169,-79,-297,-427,-450,-332,-120,114,317,435,419,275,49,-185,-376,-455,-385,-202,42,279,431,468,367,145,-120,-353,-501,-507,-359,-101,193,438,558,522,343,59,-259,-506,-612,-553,-341,-37,295,550,650,572,335,-5,-344,-594,-683,-582,-331,11,358,615,700,592,334,-21,-368,-613,-701,-608,-344,13,360,606,685,572,310,-17,-337,-570,-652,-548,-291,0,0
38994,mtk,MTK 7916,2423080987,rx0-tx0,512,-349,745,706,-510,-396,-237,-41,150,338,494,609,660,647,574,441,266,69,-145,-346,-527,-646,-709,-704,-608,-470,-283,-63,177,387,554,674,718,699,613,455,261,41,-174,-375,-543,-643,-688,-661,-567,-427,-254,-53,145,321,465,555,610,598,523,426,288,129,-37,-204,-342,-447,-522,-554,-539,-486,-390,-261,-116,47,218,372,492,571,613,593,517,395,220,16,-179,-375,-544,-653,-703,-685,-596,-451,-246,-21,214,420,587,697,741,694,571,401,196,-33,-256,-448,-586,-669,-682,-615,-491,-330,-130,63,251,411,514,567,564,502,391,252,95,-66,-204,-323,-405,-435,-438,-402,-321,-234,-125,-511,106,203,282,325,348,337,298,251,174,86,-2,-91,-158,-218,-267,-288,-297,-289,-249,-184,-103,-17,66,156,239,298,338,351,336,286,208,115,-5,-126,-232,-335,-398,-432,-425,-386,-285,-160,-16,140,280,394,466,500,476,414,302,163,5,-166,-316,-434,-500,-521,-492,-426,-304,-151,19,187,329,445,510,535,488,398,268,112,-56,-221,-372,-479,-514,-509,-445,-339,-200,-54,100,252,365,435,465,445,378,285,152,1,-133,-250,-333,-390,-408,-372,-310,-217,-86,40,164,260,325,350,340,292,206,108,-1,-110,-210,-277,-309,-300,-253,-164,-54,53,151,215,240,219,156,545,658,1179,1031,821,-48,-95,-124,-122,-95,-46,19,83,128,154,155,133,85,19,-45,-106,-148,-167,-170,-145,-102,-39,21,81,135,167,175,159,126,71,7,-57,-104,-142,-173,-164,-143,-117,-69,-7,43,81,117,135,144,135,112,84,41,3,-38,-84,-119,-136,-143,-137,-121,-84,-34,11,64,111,144,172,189,177,123,76,10,-47,-102,-155,-184,-186,-186,-159,-105,-49,17,79,137,173,193,192,176,147,93,31,-35,-91,-146,-175,-182,-177,-161,-131,-86,-27,36,91,145,178,193,190,171,143,101,39,-25,-76,-125,-181,-205,-217,-207,-171,-124,-64,3,74,137,186,227,246,240,-330,162,93,14,-71,-152,-218,-274,-304,-293,-254,-189,-100,-2,99,184,255,309,330,322,281,201,105,12,-96,-190,-275,-328,-352,-360,-317,-244,-152,-49,62,169,263,343,391,405,391,348,255,127,-12,-156,-301,-413,-502,-525,-508,-448,-331,-171,15,199,370,516,610,651,628,523,361,164,-58,-272,-468,-621,-713,-736,-672,-538,-351,-122,126,365,560,701,775,760,665,508,295,52,-196,-421,-604,-718,-754,-713,-604,-437,-216,8,230,419,558,648,672,626,529,380,206,4,-188,-350,-481,-568,-595,-572,-502,-386,-239,-72,100,262,397,505,563,568,532,440,319,155,-21,-185,1191,1217,-729,-20,-211,330,477,590,637,622,551,425,252,54,-150,-342,-510,-625,-684,-676,-602,-469,-280,-75,159,372,538,664,723,705,606,465,272,54,-167,-381,-554,-669,-711,-682,-596,-445,-259,-48,170,358,503,601,645,624,545,419,261,87,-101,-260,-395,-500,-556,-567,-524,-447,-336,-200,-39,124,272,401,499,557,576,541,458,331,177,-2,-191,-359,-512,-626,-662,-641,-570,-430,-244,-31,196,398,567,680,724,696,593,435,234,-1,-240,-444,-594,-688,-714,-661,-546,-376,-169,56,270,437,568,629,622,563,442,287,111,-71,-235,-367,-461,-509,-501,-445,-357,-228,-95,31,161,258,330,387,1105,355,309,230,138,41,-62,-138,-211,-278,-313,-321,-300,-255,-202,-132,-56,19,103,187,258,299,312,307,286,233,158,67,-30,-137,-237,-312,-371,-397,-383,-341,-258,-146,-11,121,255,369,433,473,454,399,298,163,10,-154,-295,-415,-487,-521,-498,-419,-300,-145,10,166,313,433,510,536,501,417,290,133,-39,-212,-356,-468,-528,-531,-481,-384,-238,-76,86,247,375,453,484,477,409,304,173,31,-122,-247,-350,-421,-434,-403,-333,-237,-124,13,136,239,331,378,379,338,262,162,43,-71,-181,-264,-311,-330,-306,-245,-152,-47,63,161,244,278,272,225,138,37,-64,-134,515,356,1145,-644,-900,-81,-65,-14,47,97,134,143,121,80,25,-39,-97,-146,-166,-164,-137,-86,-24,40,99,146,168,173,155,110,56,-10,-70,-123,-166,-182,-166,-135,-96,-37,30,75,115,148,157,145,123,88,41,-7,-51,-83,-114,-134,-138,-137,-122,-86,-42,7,53,97,135,153,155,150,122,89,44,-17,-94,-142,-170,-185,-181,-164,-122,-60,-2,55,124,168,191,196,180,146,96,39,-20,-74,-133,-180,-198,-195,-172,-130,-83,-27,34,89,145,179,197,189,168,132,73,21,-40,-87,-131,-174,-202,-202,-177,-155,-113,-56,-3,71,134,184,211,224,216,185,142,83,4,-74,826,-211,-257,-277,-271,-243,-185,-109,-9,93,178,252,302,328,319,270,206,110,7,-90,-194,-282,-324,-347,-336,-298,-228,-129,-31,80,189,270,333,365,369,341,282,196,83,-38,-156,-273,-382,-448,-472,-461,-395,-292,-154,11,168,329,467,555,591,566,487,348,170,-22,-229,-423,-572,-668,-695,-653,-547,-371,-159,83,319,518,678,760,765,685,535,329,84,-172,-402,-584,-713,-762,-740,-638,-466,-246,-9,227,432,599,696,715,673,560,398,207,-11,-207,-386,-525,-608,-637,-595,-509,-381,-215,-37,141,300,432,527,575,570,510,415,279,112,-55,-224,-375,-491,-569,-581,-547,277,-47
38995,mtk,MTK 7916,2423080987,rx0-tx1,512,87,-331,-173,-608,-546,-438,-284,-92,115,315,498,635,720,737,679,560,390,176,-61,-308,-521,-700,-817,-848,-804,-683,-499,-259,15,293,550,755,896,957,928,802,598,336,34,-276,-565,-804,-972,-1040,-1013,-880,-664,-385,-69,258,558,802,978,1056,1041,931,729,461,157,-158,-464,-732,-932,-1052,-1076,-1002,-845,-607,-314,18,355,659,908,1080,1150,1107,964,723,412,59,-308,-647,-921,-1118,-1203,-1174,-1027,-777,-458,-94,269,603,891,1089,1179,1150,1012,783,488,150,-211,-545,-814,-1014,-1119,-1112,-1004,-801,-519,-205,131,456,731,936,1052,1069,975,798,547,242,-71,-381,-646,-850,-975,-1002,-932,-792,-689,-299,-12,266,527,738,878,936,910,800,614,384,121,-152,-417,-643,-804,-905,-927,-859,-715,-505,-242,33,325,581,792,930,974,949,817,609,344,36,-283,-578,-824,-988,-1060,-1040,-911,-686,-390,-46,293,616,884,1056,1125,1079,925,675,366,17,-342,-658,-911,-1076,-1132,-1061,-888,-626,-310,52,415,717,935,1069,1087,979,773,498,178,-163,-470,-730,-904,-982,-950,-820,-606,-343,-55,235,490,681,792,817,762,633,447,222,-18,-245,-437,-579,-657,-670,-605,-489,-325,-127,71,261,416,521,559,549,476,340,177,-6,-182,-340,-450,-493,-473,-392,-256,-81,95,246,341,363,318,219,-638,-566,0,605,591,155,228,260,242,166,58,-69,-192,-290,-342,-343,-297,-205,-88,38,169,279,353,388,382,322,227,110,-18,-149,-276,-366,-416,-427,-393,-316,-208,-67,79,217,341,435,490,489,442,346,204,43,-132,-296,-441,-532,-578,-566,-486,-352,-184,8,215,396,542,632,648,610,498,327,121,-92,-295,-469,-596,-662,-653,-574,-440,-264,-56,150,341,495,597,634,604,516,382,211,21,-162,-338,-467,-542,-574,-535,-454,-340,-180,-14,145,285,398,474,498,478,418,322,199,56,-94,-223,-323,-403,-442,-442,-402,-325,-229,-106,21,145,255,340,400,416,389,338,257,152,39,-79,-193,-130,-355,-386,-385,-356,-292,-205,-102,12,121,224,310,360,385,370,320,249,161,55,-58,-163,-247,-311,-349,-359,-336,-288,-222,-133,-38,56,142,228,296,345,365,355,317,256,170,69,-36,-149,-257,-349,-416,-447,-441,-397,-307,-199,-56,90,237,377,477,538,549,506,419,287,121,-58,-236,-399,-523,-599,-619,-579,-485,-342,-165,22,221,394,530,624,653,620,520,374,201,-2,-204,-378,-515,-602,-635,-606,-513,-382,-214,-27,148,310,434,522,553,539,477,377,247,98,-48,-183,-306,-396,-450,-474,-459,-412,-328,-228,-112,18,144,267,373,439,483,500,468,393,282,142,-19,-134,184,504,581,649,138,318,474,593,662,671,617,504,338,132,-96,-322,-513,-666,-768,-795,-747,-623,-449,-216,42,300,537,728,856,908,869,748,554,303,17,-286,-566,-791,-945,-1010,-981,-850,-642,-362,-49,271,573,813,982,1056,1033,904,695,419,104,-210,-511,-770,-954,-1049,-1057,-968,-788,-540,-238,88,406,693,918,1061,1112,1059,909,672,372,27,-325,-650,-922,-1104,-1186,-1153,-1001,-761,-446,-85,282,634,913,1114,1201,1162,1022,786,472,119,-248,-591,-869,-1054,-1147,-1135,-1009,-793,-508,-166,178,504,785,981,1086,1093,995,803,540,227,-109,-427,-695,-902,-1013,-1033,-956,-790,-554,-273,38,333,594,261,935,965,918,794,591,337,62,-213,-476,-691,-836,-910,-907,-823,-664,-448,-192,87,363,603,791,906,946,900,762,558,291,5,-291,-578,-801,-955,-1027,-997,-868,-653,-367,-53,280,592,848,1022,1090,1058,921,687,383,38,-316,-647,-908,-1069,-1134,-1070,-907,-659,-339,20,377,690,920,1068,1117,1033,843,571,246,-108,-449,-727,-926,-1031,-1016,-897,-697,-432,-116,202,491,714,849,899,865,729,528,279,15,-239,-461,-626,-717,-734,-671,-548,-378,-175,43,249,418,550,607,609,541,420,256,73,-111,-291,-429,-510,-531,-495,-396,-243,-65,114,274,393,447,424,338,197,38,-111,-217,213,359,0,-126,187,148,75,-31,-148,-249,-307,-317,-275,-181,-56,77,203,301,356,371,339,262,149,22,-112,-236,-324,-380,-401,-384,-320,-214,-90,52,191,312,403,451,453,414,330,206,56,-102,-252,-389,-485,-531,-520,-465,-353,-203,-30,159,340,484,580,622,594,498,351,156,-52,-256,-446,-582,-653,-659,-595,-469,-295,-90,130,329,491,602,648,629,546,410,233,36,-164,-344,-485,-575,-606,-581,-495,-357,-198,-22,159,309,435,517,538,511,440,331,189,39,-109,-246,-360,-442,-484,-470,-410,-321,-209,-78,55,180,285,367,418,426,397,332,245,133,1,-116,-218,-306,-367,-393,-392,-354,245,-185,-73,41,153,252,328,378,388,368,319,236,134,23,-95,-198,-276,-338,-368,-366,-326,-265,-183,-89,14,110,197,272,326,348,348,320,269,194,108,9,-93,-191,-279,-348,-386,-393,-376,-322,-246,-139,-10,121,256,368,451,500,496,456,366,237,87,-82,-240,-384,-499,-571,-587,-549,-454,-317,-149,39,224,397,532,612,643,608,509,372,192,-12,-214,-397,-531,-620,-654,-618,-521,-382,-207,-17,179,347,478,568,595,571,497,378,231,62,-98,-250,-374,-459,-503,-503,-468,-392,-282,-159,-31,100,224,328,407,460,475,454,399,305,187,63,-80,-221,-346,-448,-516,-542,-592,-580
38996,mtk,MTK 7916,2423080987,rx1-tx0,512,0,272,542,653,535,361,142,-100,-338,-544,-707,-811,-839,-783,-647,-451,-207,68,335,594,796,928,976,909,755,540,254,-70,-387,-678,-911,-1057,-1090,-1016,-844,-585,-256,95,444,771,1011,1153,1187,1099,895,607,245,-133,-507,-839,-1074,-1203,-1224,-1116,-896,-600,-241,154,519,843,1093,1224,1236,1127,913,608,237,-147,-530,-847,-1087,-1220,-1230,-1121,-897,-593,-228,166,536,854,1070,1178,1177,1068,846,550,200,-162,-503,-786,-986,-1096,-1093,-978,-776,-512,-194,135,444,703,888,989,992,902,714,489,212,-94,-361,-607,-781,-889,-921,-854,-712,-499,-248,25,288,525,718,837,866,825,699,499,256,0,216,-495,-677,-783,-838,-790,-666,-477,-256,-5,253,475,641,749,778,729,618,443,218,-13,-237,-439,-583,-670,-704,-668,-558,-413,-219,-13,180,366,520,604,640,617,529,399,232,43,-143,-312,-451,-549,-594,-573,-498,-394,-237,-74,92,258,396,493,541,534,493,401,266,114,-52,-210,-337,-437,-506,-508,-479,-409,-295,-144,22,176,311,429,498,511,487,416,298,144,-32,-206,-349,-434,-491,-497,-432,-351,-226,-66,89,239,357,435,468,437,364,257,124,-27,-164,-278,-363,-403,-397,-341,-247,-137,-3,112,220,310,346,341,288,202,91,-36,-148,-238,-282,-271,-217,-132,-29,56,-610,-389,0,15,-459,-75,-137,-183,-187,-155,-91,1,90,178,243,260,241,178,84,-13,-108,-182,-244,-283,-265,-219,-146,-54,38,142,227,269,286,262,209,144,54,-45,-126,-195,-242,-250,-224,-193,-143,-71,-4,62,119,147,174,186,174,167,129,82,41,-5,-44,-100,-136,-173,-198,-201,-180,-160,-107,-51,8,82,148,204,233,233,225,185,130,59,-26,-107,-176,-232,-259,-261,-243,-204,-134,-65,21,115,179,224,258,260,238,208,140,72,-11,-107,-179,-220,-249,-267,-250,-219,-153,-74,-5,76,152,212,257,268,253,222,163,94,24,-67,-131,-193,-238,-261,-259,-226,-183,-119,-42,46,-584,182,228,256,265,248,214,149,70,-13,-91,-169,-227,-254,-271,-250,-210,-154,-82,-7,70,136,189,234,241,230,200,153,90,18,-27,-80,-142,-182,-208,-211,-198,-175,-130,-85,-42,1,51,98,131,159,197,207,207,200,173,122,73,7,-73,-142,-222,-289,-313,-316,-305,-259,-179,-71,50,177,285,384,436,448,422,348,247,111,-60,-212,-353,-467,-529,-559,-513,-419,-300,-114,61,234,408,530,601,622,584,477,320,132,-65,-265,-435,-566,-652,-660,-605,-498,-337,-156,53,260,432,571,666,678,627,530,373,180,-27,-234,-410,-564,-660,-680,-659,-581,-435,-251,-33,165,947,834,0,-617,-409,-332,-518,-673,-762,-786,-729,-598,-410,-186,71,332,567,753,870,900,847,715,498,239,-62,-374,-634,-843,-984,-1022,-965,-812,-574,-263,82,412,714,955,1097,1130,1061,874,595,255,-120,-487,-808,-1048,-1185,-1199,-1107,-892,-585,-230,147,526,844,1082,1222,1238,1125,921,606,235,-153,-530,-844,-1088,-1219,-1241,-1140,-920,-608,-234,158,535,852,1080,1207,1214,1098,868,555,199,-166,-523,-825,-1042,-1148,-1138,-1026,-812,-530,-193,162,484,743,937,1043,1042,941,750,493,191,-117,-415,-662,-835,-954,-952,-870,-716,-488,-238,42,316,564,748,862,888,830,701,507,253,-9,-278,-516,-699,-814,-858,757,-698,-492,-261,-8,265,495,668,769,805,760,639,452,237,-17,-245,-450,-624,-727,-742,-705,-583,-411,-221,-17,204,388,533,635,659,635,551,400,224,29,-166,-349,-484,-577,-621,-596,-528,-400,-239,-58,133,287,425,522,560,561,507,397,255,85,-75,-221,-362,-456,-517,-524,-483,-397,-284,-130,36,181,315,425,499,517,486,414,295,136,-24,-177,-319,-436,-502,-523,-477,-378,-254,-112,68,223,340,442,477,465,410,303,177,17,-133,-260,-360,-422,-436,-391,-315,-204,-67,68,196,288,356,371,341,283,179,61,-63,-181,-264,-319,-320,-274,-191,-75,40,136,203,224,200,-286,-548,0,957,847,-124,-104,-36,49,131,199,223,214,170,85,-18,-115,-203,-257,-270,-245,-186,-114,-18,85,169,242,278,282,257,181,92,-5,-105,-174,-231,-268,-266,-227,-171,-97,-1,68,123,178,206,215,206,161,110,69,14,-29,-79,-132,-154,-169,-175,-173,-156,-121,-85,-27,31,82,127,180,199,217,212,176,121,42,-26,-94,-159,-213,-249,-257,-234,-191,-137,-61,20,98,177,227,255,273,249,191,135,62,-26,-96,-169,-227,-253,-279,-262,-212,-148,-88,-3,80,161,233,257,265,248,206,155,82,7,-67,-136,-202,-239,-262,-253,-219,-177,-110,-36,50,119,178,221,254,250,-674,197,135,59,-27,-97,-163,-226,-264,-275,-255,-216,-149,-77,1,87,155,216,249,261,247,217,172,106,25,-50,-117,-174,-215,-221,-210,-212,-180,-127,-75,-6,49,98,141,166,179,190,179,156,126,103,64,5,-43,-104,-163,-207,-230,-261,-258,-237,-195,-120,-28,54,151,246,328,375,394,367,307,210,81,-57,-200,-327,-425,-496,-506,-468,-397,-270,-122,48,229,365,498,576,576,543,446,296,129,-53,-246,-420,-555,-625,-640,-595,-485,-331,-142,71,269,446,579,657,680,618,508,355,158,-59,-249,-422,-567,-660,-689,-646,-548,-401,-204,3,200,401,555,659,691,664,-18,453
38997,mtk,MTK 7916,2423080987,rx1-tx1,512,0,0,0,225,-156,-497,-735,-815,-708,-450,-95,272,571,751,771,617,325,-26,-367,-620,-727,-678,-479,-167,172,461,636,663,535,289,-23,-337,-562,-647,-579,-378,-85,225,482,637,648,499,229,-100,-416,-631,-703,-608,-389,-77,264,550,714,726,572,283,-68,-402,-653,-763,-705,-487,-177,172,490,704,756,638,389,61,-271,-541,-697,-697,-547,-275,48,350,562,645,592,411,146,-147,-403,-555,-573,-481,-281,-12,245,429,515,483,338,125,-111,-312,-435,-464,-385,-223,-15,185,336,408,379,267,95,-89,-241,-327,-338,-276,-144,20,168,265,297,248,145,11,-127,-241,-283,-251,-161,-23,0,238,291,277,191,58,-100,-240,-329,-335,-265,-132,37,206,342,401,371,258,85,-111,-295,-423,-457,-382,-231,-30,187,374,484,493,395,210,-24,-256,-439,-529,-511,-385,-180,64,298,471,552,522,389,173,-84,-320,-479,-546,-501,-352,-141,93,306,447,491,441,313,127,-85,-268,-383,-413,-375,-273,-116,65,215,295,314,276,184,63,-59,-151,-199,-197,-161,-100,-20,48,92,110,102,57,8,-31,-52,-54,-37,-2,42,78,90,69,29,-24,-85,-134,-158,-149,-108,-34,47,130,191,221,211,160,72,-29,-131,-213,-264,-278,-254,-187,-90,11,110,188,234,245,227,187,0,0,0,0,0,117,86,40,-19,-88,-153,-198,-217,-202,-148,-64,35,132,213,254,252,199,103,-23,-150,-251,-298,-291,-227,-112,34,174,283,332,327,254,120,-51,-209,-327,-384,-358,-256,-109,72,236,353,401,357,233,61,-134,-301,-396,-409,-337,-185,13,213,366,448,429,305,112,-107,-310,-458,-501,-427,-262,-41,197,401,516,517,406,207,-43,-287,-469,-551,-508,-356,-124,149,387,538,581,506,308,30,-253,-489,-618,-619,-483,-238,62,356,583,684,635,451,169,-150,-433,-629,-696,-615,-393,-87,227,488,650,663,532,291,-13,-313,-538,-643,-607,-436,-170,134,408,585,628,524,300,0,-286,-508,-617,-583,-412,-144,164,447,629,664,547,300,-24,-346,-596,-723,-682,-479,-166,188,509,724,782,660,387,20,-363,-681,-844,-814,-605,-265,137,530,802,897,801,521,115,-326,-704,-930,-947,-756,-399,47,503,858,1013,951,685,255,-236,-670,-960,-1049,-903,-558,-94,395,800,1031,1036,815,411,-72,-541,-897,-1053,-983,-697,-250,241,670,947,1017,861,523,79,-379,-749,-947,-939,-721,-341,99,511,810,920,815,532,141,-283,-638,-835,-846,-665,-336,61,440,720,833,756,506,142,-253,-589,-785,-802,-646,-350,30,402,684,811,748,516,174,-209,-541,-750,-802,-669,-379,-17,0,0,0,0,0,769,792,638,339,-30,-386,-660,-788,-748,-544,-221,143,476,697,760,654,412,81,-263,-540,-689,-676,-517,-240,91,398,597,651,553,335,42,-267,-518,-638,-605,-430,-149,166,443,627,671,565,309,-23,-344,-596,-717,-676,-484,-179,166,484,704,763,652,391,51,-299,-591,-749,-739,-578,-296,53,386,635,742,691,479,170,-159,-454,-643,-681,-575,-351,-59,244,483,608,596,450,206,-71,-317,-490,-554,-489,-316,-79,165,365,476,478,373,178,-47,-243,-381,-429,-381,-250,-67,126,280,368,363,269,128,-38,-197,-294,-311,-268,-154,-1,142,251,281,237,140,2,-134,-235,-285,0,-166,-31,118,242,309,307,232,92,-71,-227,-344,-376,-312,-189,-22,167,324,415,418,326,161,-51,-259,-410,-476,-447,-311,-109,126,334,482,528,471,306,75,-171,-383,-523,-548,-454,-280,-49,199,408,533,548,456,272,33,-211,-403,-508,-515,-414,-234,-22,194,372,462,455,366,210,19,-163,-295,-366,-361,-286,-156,-9,119,209,255,247,186,93,-7,-93,-143,-152,-130,-84,-25,38,80,84,62,30,-13,-49,-62,-52,-25,16,63,103,118,105,61,-4,-80,-146,-186,-192,-156,-85,2,93,181,245,262,234,169,73,-34,-136,-222,-275,-289,-263,-202,-124,-37,38,96,0,0,0,0,0,79,127,165,183,174,134,68,-17,-109,-182,-229,-238,-201,-129,-38,77,186,256,281,247,159,36,-95,-218,-300,-320,-273,-171,-34,114,252,348,371,314,191,22,-148,-292,-379,-388,-315,-176,3,191,332,398,379,283,123,-71,-261,-395,-439,-387,-249,-48,163,348,457,464,365,187,-42,-264,-425,-502,-479,-343,-129,115,343,501,545,471,290,43,-219,-440,-561,-561,-436,-205,71,338,542,623,565,398,137,-169,-437,-614,-652,-552,-341,-50,264,521,668,668,535,291,-25,-340,-576,-686,-648,-472,-194,124,411,606,669,581,371,80,-225,-469,-610,-614,-481,-237,58,339,540,0,556,354,67,-241,-492,-626,-621,-470,-205,107,401,618,695,611,384,57,-292,-571,-731,-735,-575,-277,93,448,709,819,740,492,139,-253,-604,-827,-862,-709,-398,18,438,760,925,884,643,251,-201,-615,-893,-984,-863,-545,-99,376,770,998,1007,791,401,-72,-532,-890,-1052,-982,-693,-254,243,687,980,1063,906,556,85,-400,-791,-1016,-1021,-794,-399,69,519,853,1004,925,643,222,-239,-648,-892,-938,-778,-452,-24,399,731,887,843,614,246,-170,-544,-789,-843,-710,-419,-34,352,653,810,782,572,235,-148,-495,-735,-813,-706,-435,-67,311,616,785,780,605,291,-92,-456,-710,-799,0,0
38998,mtk,MTK 7916,2423080987,rx2-tx0,512,0,0,0,-924,-1020,-877,-534,-75,412,807,1012,987,738,321,-172,-625,-938,-1034,-892,-551,-76,416,812,1017,996,747,325,-178,-634,-943,-1036,-898,-547,-76,419,819,1029,993,733,300,-203,-661,-965,-1052,-897,-529,-41,460,856,1050,1007,738,294,-219,-670,-972,-1053,-887,-513,-26,462,842,1024,965,679,235,-262,-693,-962,-1004,-809,-422,70,550,898,1036,932,608,133,-380,-818,-1066,-1062,-818,-379,153,660,1019,1147,1019,661,149,-400,-870,-1146,-1167,-924,-475,80,625,1029,1199,1105,772,266,-303,-801,-1113,-1177,-985,-571,-35,506,930,1144,1100,815,355,-179,-665,-997,-1101,-960,-601,-112,390,793,1015,0,765,357,-128,-576,-892,-1003,-879,-551,-105,364,751,956,945,719,323,-149,-587,-892,-986,-861,-535,-78,404,789,996,978,741,327,-174,-640,-966,-1078,-943,-592,-101,428,878,1135,1145,901,448,-117,-657,-1059,-1243,-1162,-822,-293,291,825,1191,1297,1122,704,135,-461,-964,-1271,-1303,-1055,-580,15,611,1078,1316,1275,968,458,-148,-723,-1137,-1315,-1228,-886,-367,225,759,1132,1271,1150,793,289,-261,-744,-1063,-1155,-1019,-690,-227,267,680,942,1006,876,575,170,-252,-595,-800,-835,-710,-453,-117,229,513,681,710,602,387,106,-179,-416,-566,-611,-546,-386,-170,54,249,391,460,456,389,279,149,0,0,0,0,0,22,-96,-214,-329,-413,-444,-407,-303,-146,49,247,415,516,532,449,279,55,-183,-398,-539,-573,-498,-323,-81,187,420,568,606,524,330,57,-229,-477,-626,-641,-520,-288,10,311,553,676,656,501,229,-98,-412,-633,-719,-653,-438,-122,229,530,721,758,623,341,-21,-383,-660,-803,-773,-567,-226,163,522,775,862,757,481,96,-314,-661,-867,-880,-701,-365,55,471,790,936,872,614,214,-234,-635,-898,-975,-832,-501,-57,404,781,988,982,755,358,-117,-576,-916,-1055,-960,-653,-206,289,726,1007,1060,888,522,39,-457,-853,-1060,-1035,-790,-370,129,597,936,1070,970,654,192,-308,0,-996,-1043,-855,-473,10,484,850,1025,968,689,258,-228,-658,-945,-1009,-839,-479,-13,457,820,997,951,684,258,-228,-660,-939,-1002,-836,-479,-7,475,849,1027,968,687,246,-247,-686,-976,-1044,-870,-490,10,508,878,1054,996,712,252,-269,-724,-1012,-1070,-875,-475,33,537,922,1092,1004,688,214,-316,-778,-1068,-1110,-893,-469,63,588,980,1151,1059,728,226,-331,-815,-1113,-1162,-949,-519,33,580,994,1182,1104,782,289,-272,-773,-1098,-1177,-991,-584,-48,500,931,1145,1099,811,346,-195,-685,-1018,-1119,-967,-597,-95,421,836,1059,1042,786,348,-160,-628,-947,-1049,-916,-571,-95,396,793,1003,0,0,0,0,0,424,-53,-525,-878,-1031,-944,-641,-189,303,725,984,1020,824,441,-43,-524,-879,-1032,-956,-659,-205,295,721,983,1022,825,428,-63,-535,-890,-1041,-947,-638,-188,309,741,1004,1030,823,422,-82,-570,-924,-1060,-951,-637,-173,337,764,1019,1040,819,410,-93,-568,-909,-1040,-931,-608,-143,357,768,995,987,744,328,-167,-623,-937,-1028,-871,-507,-24,472,861,1053,1001,715,259,-265,-741,-1052,-1115,-919,-518,5,540,958,1158,1100,793,305,-257,-767,-1108,-1201,-1025,-621,-81,474,923,1173,1165,895,425,-134,-657,-1033,-1173,-1053,-703,-201,337,796,1076,1109,899,494,-19,-523,-899,-1073,-997,-701,-256,0,690,964,1014,831,463,-11,-476,-831,-984,-912,-638,-226,250,671,932,973,792,426,-38,-495,-843,-1001,-929,-642,-199,295,727,995,1034,842,457,-46,-543,-933,-1113,-1047,-750,-276,275,772,1106,1201,1026,629,94,-477,-956,-1231,-1242,-981,-502,86,666,1101,1306,1232,895,359,-250,-813,-1204,-1342,-1191,-795,-225,389,919,1255,1327,1124,693,118,-472,-964,-1255,-1284,-1048,-602,-43,512,952,1188,1180,937,516,5,-495,-878,-1069,-1037,-802,-420,31,458,773,920,883,670,328,-58,-411,-668,-781,-733,-547,-260,60,350,562,662,630,482,261,2,-246,-433,-535,-546,-470,-322,-146,28,177,277,319,0,0,0,0,0,311,332,303,224,100,-59,-226,-372,-474,-502,-454,-324,-130,99,313,477,558,530,398,195,-55,-297,-486,-586,-568,-433,-203,70,330,530,630,595,427,171,-124,-400,-600,-672,-602,-399,-115,207,487,665,700,583,334,10,-321,-587,-723,-699,-526,-233,124,464,701,788,697,450,94,-284,-608,-806,-830,-667,-358,35,425,732,877,831,601,240,-185,-572,-834,-919,-797,-498,-85,355,722,929,931,727,357,-96,-531,-857,-995,-913,-632,-208,272,692,963,1027,867,513,41,-435,-827,-1044,-1031,-785,-367,129,601,942,1076,974,667,217,-284,-723,-1005,-1067,-897,-531,-44,457,848,1048,1015,0,334,-160,-619,-939,-1042,-915,-588,-127,365,767,990,993,775,377,-105,-565,-890,-1014,-904,-589,-140,339,740,974,984,766,365,-115,-574,-903,-1025,-911,-586,-120,372,783,1018,1024,790,373,-133,-612,-950,-1065,-940,-597,-120,383,804,1046,1043,793,361,-153,-633,-971,-1082,-948,-591,-94,430,857,1086,1069,799,341,-204,-695,-1036,-1140,-982,-595,-75,472,913,1148,1121,844,375,-182,-704,-1067,-1186,-1040,-664,-136,425,891,1154,1162,909,446,-110,-640,-1026,-1178,-1055,-698,-195,347,811,1088,1121,902,474,-51,-557,-933,-1104,-1021,-703,-231,283,731,1010,1055,853,463,-22,-501,-864,-1029,-959,-665,-224,0,0
38999,mtk,MTK 7916,2423080987,rx2-tx1,512,0,0,0,321,516,604,567,423,177,-105,-359,-523,-570,-502,-331,-92,164,382,508,521,424,238,10,-216,-392,-489,-481,-365,-174,46,257,408,467,426,298,113,-76,-251,-380,-420,-371,-249,-80,97,242,331,360,310,202,63,-80,-197,-271,-287,-251,-175,-71,41,138,189,205,194,151,93,24,-35,-91,-124,-139,-137,-128,-99,-50,-3,47,97,139,159,161,141,97,28,-49,-124,-188,-221,-218,-173,-85,25,137,226,273,275,216,104,-31,-158,-268,-326,-312,-230,-97,55,198,312,356,317,216,75,-88,-240,-346,-379,-329,-220,-53,131,288,367,380,315,181,2,-179,-324,-401,-389,0,-146,49,228,344,395,363,246,73,-103,-255,-356,-373,-306,-170,2,172,299,350,323,233,84,-95,-252,-345,-355,-280,-142,23,194,321,367,324,203,30,-165,-326,-414,-408,-317,-145,82,303,466,531,475,313,79,-192,-440,-590,-634,-539,-325,-40,262,536,697,712,579,328,5,-320,-603,-759,-755,-598,-317,27,370,652,806,791,621,310,-64,-416,-678,-823,-806,-631,-326,34,380,651,801,783,622,344,3,-319,-576,-728,-720,-579,-342,-43,258,495,630,634,527,328,76,-185,-402,-533,-560,-489,-334,-119,96,282,417,475,452,362,218,52,-103,-220,-296,-325,-305,-246,-166,0,0,0,0,0,22,80,135,183,220,230,203,144,62,-33,-128,-210,-258,-267,-227,-156,-52,63,171,255,293,268,203,103,-25,-150,-248,-297,-281,-221,-123,2,127,231,289,286,234,134,4,-121,-219,-285,-294,-235,-131,-11,116,221,273,274,225,139,26,-96,-195,-253,-259,-218,-139,-48,50,129,180,196,170,110,41,-25,-77,-105,-111,-108,-88,-43,-8,6,12,12,14,22,28,25,47,65,78,75,68,35,-29,-101,-150,-174,-173,-129,-55,33,122,195,235,235,178,90,-21,-135,-228,-273,-256,-196,-97,34,164,254,286,270,196,77,-55,-181,-270,-296,-254,-167,-36,107,226,0,290,233,121,-27,-171,-271,-308,-282,-196,-62,94,226,312,332,272,153,7,-154,-292,-355,-341,-252,-107,64,227,342,372,318,202,38,-150,-311,-405,-411,-317,-148,44,228,373,435,400,275,97,-110,-302,-417,-439,-375,-227,-19,197,362,434,409,297,123,-80,-273,-402,-428,-348,-193,4,200,358,430,397,274,76,-148,-338,-452,-471,-375,-190,41,276,465,541,500,345,109,-163,-404,-567,-606,-512,-307,-33,258,500,641,644,509,256,-53,-359,-594,-702,-655,-476,-199,128,431,650,738,664,456,157,-177,-472,-671,-726,-643,-423,-109,218,488,668,704,587,357,56,-252,-502,0,0,0,0,0,-525,-335,-74,210,438,568,572,455,247,-7,-266,-461,-549,-521,-385,-165,79,296,459,528,467,308,102,-128,-333,-462,-486,-410,-252,-50,165,326,415,425,351,203,12,-181,-316,-376,-365,-287,-145,20,166,273,329,320,245,130,-6,-123,-202,-251,-255,-205,-124,-30,48,116,161,175,163,137,88,23,-29,-66,-98,-121,-135,-136,-122,-85,-21,48,97,147,186,199,178,110,14,-83,-175,-245,-262,-231,-156,-40,95,213,287,308,270,175,39,-112,-243,-329,-343,-282,-171,-20,149,284,357,361,290,150,-22,-189,-321,-391,-370,-265,-110,69,243,373,408,352,238,69,-118,0,-384,-402,-337,-203,-23,164,310,386,375,281,126,-54,-217,-325,-370,-330,-207,-46,125,264,344,346,263,115,-61,-216,-324,-359,-312,-185,-4,187,333,404,377,260,76,-123,-305,-426,-462,-393,-223,20,262,460,572,559,425,196,-89,-376,-586,-676,-632,-452,-181,139,453,672,751,681,472,169,-182,-502,-714,-777,-699,-480,-151,217,542,756,826,722,472,133,-220,-539,-751,-816,-730,-498,-175,178,496,706,775,694,483,183,-149,-436,-625,-694,-635,-457,-195,93,344,522,603,575,437,216,-34,-265,-433,-518,-508,-422,-269,-77,119,273,375,416,389,303,185,67,-43,-133,-188,0,0,0,0,0,-162,-160,-137,-93,-24,59,139,207,254,261,226,164,68,-43,-152,-234,-277,-277,-231,-137,-18,100,206,270,280,240,160,52,-75,-194,-272,-297,-270,-194,-78,54,177,261,299,266,181,70,-58,-173,-248,-290,-274,-196,-84,48,161,238,262,244,181,88,-24,-127,-192,-218,-210,-163,-90,0,75,123,153,150,118,66,24,-21,-57,-71,-68,-57,-47,-37,-34,-33,-37,-31,-27,-16,18,58,102,131,129,107,64,5,-68,-130,-190,-208,-187,-119,-25,81,168,234,257,229,147,30,-94,-204,-275,-295,-243,-145,-22,105,217,283,292,230,124,-4,-139,-247,-293,-276,-204,0,60,191,286,305,251,151,17,-131,-251,-320,-316,-245,-113,49,201,310,353,311,200,44,-126,-273,-359,-364,-286,-155,16,193,325,387,368,257,85,-115,-287,-402,-427,-357,-210,-17,181,341,438,438,334,162,-47,-254,-396,-448,-404,-267,-72,133,304,407,412,324,160,-43,-239,-381,-433,-382,-237,-38,177,356,457,446,319,125,-101,-326,-475,-515,-441,-266,-25,231,443,565,563,440,213,-67,-343,-540,-625,-584,-417,-147,165,437,624,686,598,371,67,-244,-515,-683,-710,-587,-333,-8,314,574,712,703,556,292,-32,-346,-596,-724,-698,-527,-243,82,374,582,674,618,432,0,0
39000,mtk,MTK 7916,2423147307,rx0-tx0,512,-349,289,366,512,541,528,482,389,267,120,-33,-187,-334,-462,-555,-606,-611,-560,-467,-336,-181,-6,171,336,472,563,620,629,584,493,361,208,34,-145,-302,-435,-528,-577,-588,-556,-476,-366,-230,-81,65,197,302,403,466,490,478,439,381,296,187,76,-37,-139,-247,-329,-389,-433,-442,-426,-399,-342,-264,-163,-49,76,203,320,424,494,527,534,505,425,303,157,-4,-156,-316,-453,-552,-610,-625,-578,-486,-355,-195,-17,159,320,458,548,596,599,556,467,334,182,16,-153,-295,-415,-488,-519,-517,-472,-385,-266,-146,-18,114,220,306,361,384,376,340,284,221,140,50,-37,-106,-161,-511,-226,-238,-230,-222,-185,-140,-105,-67,-24,7,50,90,111,134,156,171,186,191,182,170,148,113,67,12,-53,-119,-184,-243,-293,-321,-331,-307,-253,-184,-89,23,141,252,350,419,452,447,406,330,215,89,-36,-178,-310,-416,-483,-513,-503,-448,-358,-231,-82,67,221,356,459,521,542,520,438,329,190,34,-124,-272,-388,-463,-497,-477,-426,-348,-238,-111,24,145,242,314,357,372,355,309,253,177,92,7,-74,-146,-209,-247,-271,-279,-268,-229,-178,-121,-51,17,86,147,202,236,256,254,227,178,116,36,-48,-126,-194,-239,-261,-244,-207,-142,-54,37,118,170,188,-63,74,1179,-647,-536,-1,-32,-74,-105,-118,-104,-77,-37,9,59,105,132,141,132,103,69,19,-38,-83,-128,-151,-158,-149,-120,-81,-31,25,72,119,155,171,165,141,102,50,-5,-49,-100,-140,-154,-157,-145,-115,-71,-27,17,57,90,106,113,119,105,89,78,50,32,3,-33,-47,-61,-88,-99,-106,-104,-91,-89,-72,-43,-5,30,57,94,122,138,152,136,118,95,54,22,-21,-69,-104,-142,-179,-181,-171,-142,-113,-74,-24,30,90,134,164,189,192,179,163,128,75,21,-20,-69,-113,-155,-181,-201,-201,-188,-163,-123,-77,-14,35,91,155,194,226,241,232,210,164,111,50,-330,-90,-165,-223,-261,-285,-282,-254,-215,-148,-72,9,95,169,240,276,302,310,282,234,177,101,17,-61,-130,-194,-247,-281,-298,-296,-277,-226,-178,-118,-37,39,118,193,253,304,346,362,347,314,254,172,69,-49,-167,-278,-376,-451,-494,-503,-466,-391,-275,-137,10,175,322,450,550,606,612,563,478,340,170,-7,-189,-371,-528,-626,-681,-683,-635,-522,-366,-180,23,225,399,539,644,695,678,619,503,346,161,-23,-206,-371,-492,-580,-611,-608,-557,-459,-334,-195,-46,107,258,378,466,518,531,508,455,374,260,137,11,-124,-244,-354,-435,-479,-500,-480,-433,-360,-256,-129,-675,-720,-729,398,320,149,7,-140,-280,-408,-501,-559,-574,-554,-487,-377,-237,-78,93,261,410,523,596,628,607,538,422,277,116,-64,-243,-398,-519,-596,-634,-607,-537,-429,-288,-134,22,181,321,428,504,540,539,493,418,321,195,62,-68,-181,-275,-361,-415,-445,-447,-426,-381,-304,-219,-117,-4,98,203,302,382,440,469,483,453,396,305,181,49,-93,-240,-379,-485,-560,-585,-573,-517,-404,-265,-106,66,237,391,509,591,623,602,539,425,275,112,-62,-230,-378,-490,-555,-582,-552,-480,-374,-233,-87,55,196,314,392,440,460,434,372,286,187,77,-28,-123,-196,-253,-296,-312,-302,-270,-233,1105,-122,-51,4,58,112,145,164,183,182,175,177,154,133,113,84,55,24,-19,-62,-105,-153,-193,-227,-244,-254,-242,-209,-164,-96,-18,73,173,252,322,376,398,384,333,252,147,27,-99,-224,-340,-425,-465,-484,-467,-398,-294,-159,-15,133,272,390,478,520,522,485,397,280,142,-12,-173,-323,-431,-500,-529,-511,-449,-347,-221,-74,69,199,310,390,434,437,404,342,249,150,40,-65,-153,-223,-277,-304,-309,-289,-258,-203,-138,-74,0,68,140,193,236,258,256,238,205,154,94,26,-54,-129,-191,-231,-256,-251,-224,-178,-108,-22,64,143,204,234,229,187,117,35,493,490,1145,344,488,-84,-88,-72,-33,14,63,101,124,130,118,87,44,-9,-57,-99,-127,-151,-148,-130,-95,-45,5,61,108,143,163,162,144,115,66,9,-43,-95,-139,-168,-166,-153,-132,-81,-26,21,67,104,129,140,139,125,103,70,40,2,-32,-53,-82,-98,-105,-112,-103,-79,-73,-53,-25,-1,32,55,74,96,117,123,122,113,97,61,33,-10,-49,-77,-114,-136,-151,-160,-148,-120,-91,-43,13,59,98,133,166,182,183,166,131,96,50,-6,-52,-98,-140,-175,-184,-188,-185,-159,-123,-76,-27,31,81,134,167,195,206,200,201,164,116,63,1,-64,-126,-187,-226,-254,826,-252,-226,-170,-104,-29,53,125,198,263,285,298,282,251,198,123,57,-35,-123,-194,-249,-290,-305,-297,-268,-224,-166,-96,-23,55,135,197,236,286,307,307,295,262,214,149,65,-38,-135,-222,-305,-371,-425,-435,-409,-355,-272,-165,-45,97,239,368,472,532,562,548,484,383,242,77,-102,-273,-430,-561,-632,-658,-636,-567,-435,-273,-91,101,298,470,594,679,705,671,577,440,270,68,-126,-301,-466,-588,-654,-666,-631,-539,-416,-256,-84,83,251,390,489,554,575,559,498,402,282,148,10,-126,-250,-357,-441,-484,-507,-495,-448,-372,-261,-145,-11,125,243,353,437,484,-206,-9
39001,mtk,MTK 7916,2423147307,rx0-tx1,512,87,579,618,497,603,679,709,683,612,499,335,139,-70,-283,-485,-652,-774,-844,-852,-798,-686,-514,-304,-66,186,428,642,814,930,980,957,862,706,481,222,-53,-335,-605,-823,-984,-1074,-1085,-1015,-864,-650,-391,-89,218,504,754,950,1081,1137,1099,988,804,565,286,-12,-312,-595,-836,-1024,-1134,-1169,-1121,-983,-781,-524,-216,113,425,717,953,1124,1208,1213,1126,943,692,396,61,-274,-583,-849,-1049,-1178,-1209,-1151,-1006,-795,-524,-227,84,393,664,891,1049,1118,1115,1035,881,660,395,115,-172,-449,-688,-878,-1004,-1052,-1025,-933,-771,-551,-303,-32,241,487,699,857,958,996,951,843,678,468,234,-689,-278,-504,-694,-842,-923,-943,-902,-795,-632,-431,-197,54,298,528,715,855,947,968,921,813,646,418,165,-101,-370,-619,-825,-974,-1054,-1060,-990,-840,-619,-355,-44,271,565,824,1018,1146,1177,1121,980,748,451,126,-208,-540,-827,-1046,-1185,-1226,-1173,-1025,-787,-489,-155,190,531,825,1039,1172,1203,1140,984,740,442,117,-209,-511,-769,-953,-1058,-1064,-989,-835,-617,-358,-80,201,444,643,790,866,868,802,676,508,310,86,-131,-330,-503,-622,-688,-699,-653,-559,-432,-262,-78,104,277,429,533,591,599,551,458,326,159,-25,-203,-354,-461,-518,-513,-446,-322,-163,5,163,279,338,331,308,424,0,-254,-481,-3,86,178,246,279,268,221,139,31,-83,-183,-267,-322,-343,-326,-277,-209,-110,-4,97,202,283,337,369,363,336,276,193,93,-15,-130,-234,-327,-396,-428,-433,-402,-336,-249,-129,7,143,272,388,471,518,517,482,407,286,143,-17,-177,-329,-446,-528,-579,-578,-530,-439,-311,-160,12,178,332,455,549,596,594,548,455,324,173,10,-150,-299,-427,-514,-567,-576,-539,-465,-359,-219,-67,88,238,366,465,527,550,529,474,396,285,145,1,-149,-280,-386,-466,-510,-516,-486,-417,-324,-203,-73,63,187,304,394,452,480,468,419,355,259,145,23,-100,-207,-304,-378,-422,-130,-425,-385,-319,-228,-122,-11,100,199,285,354,388,402,393,350,291,210,113,14,-77,-177,-258,-305,-344,-361,-359,-331,-286,-224,-154,-76,11,95,166,240,300,343,368,371,356,328,272,195,100,-7,-114,-226,-336,-421,-477,-508,-506,-462,-385,-268,-130,19,175,321,448,548,611,627,595,520,399,255,88,-100,-276,-437,-562,-647,-686,-664,-601,-492,-340,-171,18,206,370,501,597,655,656,612,519,392,242,83,-82,-236,-372,-477,-546,-574,-563,-514,-435,-329,-204,-78,54,181,286,377,446,488,496,480,434,365,274,176,59,-64,-198,-317,-422,-500,-554,-574,-554,-497,-388,421,144,504,204,53,464,317,152,-36,-229,-405,-568,-693,-766,-786,-752,-659,-510,-321,-102,128,354,562,732,849,910,904,835,699,509,276,14,-255,-507,-735,-910,-1012,-1040,-1000,-876,-683,-442,-163,133,429,691,898,1046,1115,1095,998,829,599,328,28,-274,-553,-801,-987,-1107,-1145,-1106,-991,-799,-547,-252,52,362,649,887,1071,1185,1199,1136,986,758,475,155,-174,-504,-793,-1018,-1170,-1236,-1199,-1082,-880,-624,-314,19,346,638,881,1060,1152,1171,1095,941,727,455,164,-131,-420,-681,-887,-1022,-1084,-1071,-979,-824,-612,-353,-70,212,476,702,869,973,1018,984,882,719,506,263,-3,-266,-496,-694,-841,-935,261,-926,-816,-656,-445,-207,40,286,512,699,840,925,945,904,797,633,427,190,-68,-318,-554,-759,-912,-987,-1004,-954,-827,-640,-396,-123,167,449,710,916,1060,1127,1101,994,807,563,261,-70,-386,-690,-942,-1113,-1196,-1195,-1096,-900,-637,-321,23,368,691,952,1131,1218,1212,1102,899,632,313,-33,-367,-674,-918,-1079,-1144,-1118,-1002,-806,-550,-248,57,349,606,803,926,974,937,828,666,452,208,-46,-282,-482,-636,-737,-780,-753,-680,-550,-378,-190,11,206,373,512,608,645,631,567,455,307,140,-42,-218,-367,-482,-552,-565,-518,-420,-281,-112,67,235,370,441,452,396,282,138,-12,533,450,0,-358,283,213,214,174,98,-5,-111,-206,-280,-319,-313,-271,-204,-110,0,110,204,279,337,354,346,306,230,144,40,-69,-171,-267,-338,-381,-400,-383,-338,-270,-164,-47,75,197,302,393,454,481,462,412,327,205,61,-85,-225,-361,-464,-531,-558,-536,-470,-357,-225,-70,102,263,404,507,577,602,575,501,385,238,73,-95,-252,-391,-496,-562,-584,-563,-505,-404,-275,-124,39,194,330,441,523,558,555,508,423,310,178,29,-119,-252,-365,-461,-515,-530,-506,-444,-353,-241,-105,34,173,297,395,462,494,495,460,393,289,173,47,-88,-203,-306,-392,-444,-466,-449,-405,-335,-238,-129,245,91,203,298,371,413,426,407,366,302,212,108,6,-100,-192,-272,-338,-379,-387,-375,-342,-276,-205,-129,-39,54,141,210,267,307,337,351,337,311,267,200,125,39,-43,-126,-215,-300,-367,-411,-428,-424,-395,-334,-239,-128,-5,134,265,386,489,549,575,559,500,401,273,115,-54,-224,-382,-512,-598,-653,-654,-603,-508,-374,-213,-30,156,325,483,594,665,686,647,561,443,292,116,-71,-245,-390,-508,-582,-615,-611,-558,-468,-346,-208,-59,84,218,335,433,492,517,519,484,424,336,230,114,-3,-117,-232,-332,-412,-475,-510,-515,-486,-426,-343,-232,-106,39,182,323,451,-17,190
39002,mtk,MTK 7916,2423147307,rx1-tx0,512,0,-168,-97,-610,-655,-655,-618,-521,-381,-219,-28,164,359,530,674,754,782,769,686,543,358,131,-102,-319,-536,-712,-829,-892,-889,-820,-674,-472,-243,26,298,536,741,896,983,992,917,775,574,316,39,-239,-505,-736,-915,-1013,-1039,-993,-870,-671,-425,-153,134,427,676,864,1000,1061,1049,958,779,541,263,-41,-333,-611,-845,-1002,-1092,-1086,-999,-824,-607,-339,-29,275,548,785,955,1037,1050,973,833,622,359,83,-205,-466,-674,-825,-914,-935,-888,-767,-591,-378,-148,96,322,514,670,766,810,786,714,583,424,243,29,-168,-355,-510,-623,-686,-706,-672,-592,-463,-316,-143,46,220,377,504,216,632,638,586,495,362,212,46,-126,-288,-424,-527,-586,-601,-577,-504,-397,-251,-102,60,212,341,451,515,543,525,475,392,271,138,0,-138,-264,-362,-435,-482,-487,-446,-384,-286,-168,-51,68,185,281,344,388,406,389,341,281,194,96,7,-79,-164,-233,-289,-308,-316,-310,-284,-237,-179,-104,-29,41,126,196,271,310,332,336,301,252,171,85,2,-92,-185,-275,-323,-344,-345,-323,-264,-198,-106,0,92,189,262,308,333,324,298,235,155,63,-33,-128,-207,-270,-298,-299,-274,-225,-165,-80,9,89,165,215,248,258,230,185,110,27,-60,-132,-175,-191,-173,-131,-69,152,-259,0,1135,1527,36,-31,-100,-162,-199,-207,-183,-130,-52,42,120,190,234,251,242,191,135,62,-24,-102,-166,-222,-253,-260,-234,-185,-129,-62,11,91,150,193,220,226,212,176,135,91,40,-9,-60,-107,-136,-156,-170,-176,-163,-147,-133,-103,-69,-24,24,67,114,154,197,230,231,221,206,164,93,20,-54,-132,-193,-259,-288,-293,-293,-257,-186,-113,-35,51,137,205,270,301,314,311,272,217,150,63,-31,-122,-203,-274,-310,-339,-339,-307,-252,-177,-99,1,97,192,267,322,350,353,326,276,209,113,21,-76,-172,-245,-312,-347,-354,-327,-275,-210,-134,-41,50,129,210,278,312,-584,312,278,222,148,67,-17,-101,-172,-232,-267,-291,-283,-263,-216,-158,-102,-28,42,108,160,202,227,239,227,210,172,126,77,22,-26,-71,-108,-125,-151,-159,-159,-159,-138,-122,-106,-85,-65,-28,10,29,71,111,151,179,200,210,211,211,185,145,98,30,-50,-138,-217,-285,-340,-374,-369,-353,-297,-208,-104,12,139,264,358,442,488,493,472,402,296,166,23,-132,-275,-390,-488,-554,-572,-547,-484,-364,-225,-66,101,252,393,504,572,602,581,519,415,274,124,-38,-200,-344,-462,-547,-591,-589,-547,-462,-348,-219,-70,94,236,368,479,547,582,585,542,457,343,201,-497,313,0,569,316,-231,-62,114,290,459,578,670,720,718,659,541,376,178,-24,-236,-440,-614,-754,-836,-839,-790,-688,-518,-308,-72,184,430,650,804,908,954,914,805,639,416,150,-134,-411,-645,-841,-966,-1015,-997,-899,-732,-492,-227,48,324,589,811,953,1037,1048,982,827,610,356,59,-234,-519,-764,-948,-1059,-1091,-1037,-912,-708,-454,-165,145,446,702,899,1036,1083,1033,918,734,479,202,-93,-373,-620,-828,-951,-1001,-973,-866,-693,-480,-241,18,275,505,682,803,861,860,784,663,494,296,74,-145,-344,-515,-629,-719,-743,-710,-635,-511,-352,-171,18,203,372,506,600,670,672,625,540,417,757,92,-87,-261,-406,-520,-596,-628,-614,-549,-445,-312,-151,7,174,322,446,532,573,569,519,439,324,193,43,-107,-245,-368,-457,-505,-514,-494,-433,-338,-227,-93,47,172,279,376,431,450,430,385,304,226,133,24,-87,-180,-262,-326,-353,-354,-345,-312,-256,-182,-100,-20,62,139,203,252,297,312,312,289,251,198,118,38,-62,-147,-222,-289,-327,-347,-339,-310,-240,-151,-66,34,134,224,284,338,351,339,299,225,140,42,-61,-155,-233,-286,-314,-319,-290,-239,-161,-72,18,106,174,232,270,272,256,213,148,70,-22,-102,-170,-218,-233,-223,-174,-107,-30,44,101,131,-75,-396,0,-743,660,-144,-160,-145,-101,-30,48,128,189,232,235,205,157,81,0,-87,-160,-209,-246,-252,-229,-189,-134,-60,22,103,161,203,229,241,226,185,132,69,2,-61,-112,-148,-176,-186,-183,-174,-149,-114,-83,-42,0,54,88,121,150,170,182,181,173,154,128,94,28,-34,-87,-147,-207,-248,-265,-273,-245,-209,-145,-59,18,97,187,253,292,308,316,287,243,178,85,2,-87,-178,-239,-296,-328,-332,-311,-265,-197,-114,-32,65,158,240,298,332,349,333,295,231,150,61,-38,-138,-219,-293,-334,-354,-351,-315,-254,-179,-79,25,121,200,257,303,329,320,296,252,174,87,-674,-76,-148,-216,-269,-297,-306,-287,-247,-193,-132,-53,29,104,173,215,250,271,265,236,194,140,82,21,-35,-90,-139,-170,-191,-196,-191,-173,-143,-115,-83,-43,-10,26,57,80,108,128,143,158,146,154,160,146,121,85,44,-9,-53,-108,-170,-219,-262,-291,-297,-285,-248,-196,-121,-15,90,184,284,356,404,431,431,385,304,204,68,-62,-194,-328,-430,-505,-535,-527,-472,-384,-272,-121,36,183,336,464,550,591,579,526,444,326,180,19,-153,-305,-435,-531,-584,-600,-565,-490,-375,-241,-83,74,226,364,468,541,585,578,527,455,341,206,60,-96,-254,-388,-492,-568,-1716,-1505
39003,mtk,MTK 7916,2423147307,rx1-tx1,512,0,0,0,290,537,652,603,400,96,-225,-490,-633,-614,-443,-164,156,423,573,580,450,196,-100,-360,-516,-542,-426,-197,73,307,458,489,386,178,-78,-309,-449,-459,-344,-143,96,318,454,461,345,139,-110,-332,-465,-470,-351,-136,115,340,483,496,378,163,-102,-338,-485,-515,-415,-204,57,299,472,531,448,247,-5,-252,-437,-510,-448,-281,-52,192,381,468,437,304,91,-133,-316,-410,-400,-286,-104,90,251,349,346,252,100,-67,-209,-289,-286,-207,-81,61,183,247,249,179,65,-72,-178,-228,-218,-154,-45,73,165,199,182,116,16,-91,-160,-180,-150,-77,22,110,167,175,131,0,-55,-148,-194,-187,-132,-32,83,182,233,221,154,44,-84,-196,-268,-268,-193,-64,79,215,291,305,247,116,-54,-204,-312,-347,-302,-178,-7,167,294,360,338,236,75,-106,-261,-356,-367,-290,-139,36,203,324,365,318,208,42,-130,-260,-331,-327,-245,-106,47,177,267,306,271,171,35,-91,-183,-233,-228,-181,-100,1,85,141,160,144,102,48,-1,-45,-70,-78,-70,-52,-32,-22,-21,-21,-16,6,32,53,74,92,89,64,25,-23,-84,-137,-162,-151,-112,-46,37,123,185,213,209,157,60,-41,-140,-216,-250,-243,-193,-105,-2,99,179,225,237,211,160,96,26,0,0,0,0,0,-1,-56,-107,-144,-162,-154,-112,-41,44,125,188,216,200,139,46,-61,-163,-234,-254,-212,-119,2,134,239,295,278,195,60,-93,-230,-314,-331,-273,-136,37,204,323,366,320,196,23,-164,-314,-390,-375,-259,-74,127,300,406,414,314,133,-83,-283,-424,-456,-369,-194,31,262,425,476,418,255,16,-229,-418,-498,-449,-284,-43,207,405,503,475,321,83,-188,-413,-540,-526,-374,-123,164,413,564,580,457,208,-108,-394,-581,-630,-519,-275,32,330,555,642,577,357,47,-267,-514,-637,-597,-407,-120,195,459,607,604,445,167,-145,-418,-583,-599,-457,-190,129,404,565,583,0,189,-122,-408,-589,-616,-482,-216,112,421,623,665,536,264,-82,-418,-654,-711,-588,-320,34,390,651,747,649,383,12,-364,-652,-783,-713,-446,-65,337,660,814,763,525,141,-291,-651,-848,-822,-587,-208,230,617,843,861,658,283,-169,-583,-840,-881,-711,-361,85,509,806,898,757,431,-7,-441,-764,-886,-785,-482,-64,370,710,862,789,523,127,-301,-641,-809,-773,-544,-174,234,572,756,741,532,192,-195,-521,-710,-710,-529,-209,164,486,673,685,525,222,-141,-458,-654,-682,-527,-235,117,439,642,675,537,263,-74,-398,-626,-685,-559,-297,38,371,599,670,574,341,16,-313,0,0,0,0,0,-586,-379,-74,255,514,636,602,418,130,-192,-465,-608,-595,-439,-176,129,388,546,564,433,197,-83,-334,-489,-511,-397,-184,76,311,452,465,352,151,-91,-316,-453,-462,-343,-133,105,317,446,455,345,136,-118,-340,-471,-482,-370,-154,112,346,486,509,400,185,-80,-331,-497,-527,-426,-227,29,280,455,512,446,268,26,-226,-411,-488,-443,-294,-79,160,350,444,423,294,94,-121,-288,-374,-364,-267,-104,74,227,319,322,232,90,-61,-193,-269,-269,-192,-69,61,170,233,226,161,50,-68,-159,-205,-194,-127,-36,69,151,188,164,95,1,-92,-159,-175,-143,-68,35,121,0,182,131,38,-65,-159,-215,-202,-134,-30,92,195,251,248,178,53,-90,-205,-284,-293,-216,-89,63,216,309,326,269,145,-19,-186,-308,-351,-319,-208,-39,144,283,360,356,266,110,-71,-241,-352,-374,-310,-176,-2,170,296,356,331,227,78,-83,-222,-307,-315,-255,-142,1,141,237,276,256,183,79,-37,-134,-187,-196,-168,-104,-26,49,93,112,112,89,52,16,-4,-21,-36,-37,-32,-40,-50,-51,-48,-44,-30,5,46,85,121,136,114,64,-2,-72,-133,-174,-192,-168,-95,-6,88,172,228,238,199,124,30,-80,-177,-236,-254,-232,-175,-97,-12,71,136,170,176,0,0,0,0,0,118,113,92,52,-12,-80,-140,-182,-193,-161,-91,0,99,180,228,228,178,80,-44,-158,-238,-269,-242,-155,-27,115,241,309,309,232,97,-65,-220,-322,-347,-291,-162,11,182,316,381,354,231,49,-142,-307,-405,-393,-282,-102,108,302,416,433,344,162,-63,-274,-422,-472,-398,-215,18,239,408,478,426,265,29,-219,-403,-487,-455,-301,-62,197,411,524,496,338,96,-176,-413,-546,-544,-403,-156,135,401,574,601,479,233,-78,-368,-568,-639,-554,-324,-14,301,542,645,584,383,92,-228,-485,-620,-594,-421,-145,165,435,590,593,440,181,-120,-399,-572,-588,-446,-188,117,0,577,599,468,208,-115,-409,-597,-628,-500,-239,98,416,629,688,564,287,-64,-403,-652,-739,-633,-357,14,384,655,761,680,418,39,-354,-660,-803,-739,-477,-98,305,648,832,796,554,166,-269,-635,-848,-849,-622,-241,199,593,851,886,693,326,-118,-542,-830,-900,-745,-398,46,471,779,891,769,452,30,-400,-730,-873,-792,-505,-91,330,668,841,790,532,148,-268,-606,-783,-764,-544,-185,207,535,729,730,535,198,-178,-502,-693,-701,-522,-214,145,468,663,683,523,229,-129,-448,-648,-680,-535,-249,104,426,632,680,553,280,-62,-385,-610,-683,-576,-315,20,341,576,665,581,0,0
39004,mtk,MTK 7916,2423147307,rx2-tx0,512,0,0,0,867,486,-22,-536,-903,-1032,-892,-517,3,517,898,1045,914,542,31,-492,-886,-1048,-927,-560,-42,483,883,1049,938,578,62,-476,-891,-1066,-952,-590,-65,476,897,1082,978,609,78,-476,-904,-1094,-1001,-638,-95,478,920,1118,1026,660,124,-451,-905,-1126,-1038,-674,-138,434,887,1107,1027,668,130,-437,-890,-1105,-1017,-646,-114,454,909,1119,1024,654,103,-480,-943,-1162,-1064,-683,-122,481,969,1207,1126,746,163,-465,-979,-1239,-1177,-812,-239,406,952,1247,1219,879,318,-321,-888,-1216,-1229,-931,-401,231,799,1157,1212,958,464,-144,-713,-1087,-1179,-965,-507,78,634,1012,1118,939,518,-38,-571,0,-1079,-919,-516,19,546,921,1046,896,512,-15,-537,-915,-1050,-908,-527,3,542,938,1086,955,566,24,-522,-941,-1119,-999,-618,-69,514,970,1175,1077,699,135,-466,-962,-1227,-1178,-819,-247,387,935,1254,1254,937,383,-267,-858,-1238,-1312,-1055,-530,137,761,1193,1338,1148,667,18,-629,-1116,-1332,-1217,-797,-181,475,1010,1291,1263,928,369,-279,-854,-1223,-1290,-1043,-553,57,637,1064,1228,1102,719,180,-389,-847,-1092,-1075,-811,-368,146,593,890,974,828,492,54,-372,-686,-829,-779,-550,-206,168,483,671,700,573,321,14,-282,-503,-602,-569,-421,-198,50,271,423,484,452,347,201,47,-93,0,0,0,0,0,-229,-322,-370,-364,-290,-149,36,231,399,496,504,411,231,-5,-247,-446,-556,-540,-404,-178,95,356,543,599,520,313,26,-272,-507,-628,-604,-427,-136,189,475,648,668,521,234,-113,-431,-653,-713,-602,-330,38,402,665,763,671,409,34,-361,-672,-818,-761,-506,-111,319,674,869,844,609,217,-237,-641,-890,-919,-713,-323,151,595,885,952,785,420,-60,-527,-856,-977,-848,-499,-23,460,830,992,905,587,119,-381,-782,-986,-940,-649,-194,309,738,974,962,708,275,-234,-686,-962,-991,-762,-341,164,627,929,995,807,411,-85,-557,-887,-991,-840,-471,17,496,848,982,855,510,0,-453,-814,-966,-866,-538,-69,410,776,941,861,546,89,-388,-763,-939,-867,-558,-110,376,770,955,881,573,119,-373,-770,-966,-906,-603,-133,370,785,995,937,635,164,-358,-789,-1010,-966,-666,-189,338,781,1022,982,683,206,-322,-774,-1023,-995,-699,-217,319,777,1026,1005,711,222,-327,-789,-1049,-1030,-730,-236,319,795,1063,1051,757,257,-310,-800,-1082,-1077,-786,-287,286,784,1077,1088,812,324,-251,-762,-1067,-1094,-833,-356,216,728,1050,1100,856,391,-170,-688,-1026,-1091,-870,-425,133,650,999,1084,886,455,-92,-607,-958,-1059,-876,-463,63,571,931,1040,876,479,-41,-546,-905,-1025,-872,0,0,0,0,0,548,907,1028,884,505,-15,-531,-904,-1042,-909,-535,-14,507,895,1043,919,554,42,-486,-887,-1050,-937,-567,-53,474,876,1048,940,581,63,-480,-897,-1073,-962,-597,-73,482,906,1088,985,625,87,-474,-917,-1121,-1021,-651,-112,459,911,1117,1031,677,134,-443,-898,-1109,-1031,-676,-142,430,885,1103,1020,660,127,-440,-893,-1102,-1013,-658,-112,467,927,1140,1043,666,110,-484,-961,-1188,-1096,-707,-130,483,979,1222,1152,776,194,-442,-963,-1249,-1207,-851,-276,370,913,1226,1229,913,362,-278,-841,-1189,-1226,-947,-428,187,750,1122,1207,977,490,-105,-660,-1039,-1147,-958,-518,49,596,982,1098,920,0,-26,-559,-937,-1060,-903,-504,27,545,917,1048,898,511,-13,-536,-919,-1062,-926,-541,-6,532,930,1089,968,588,39,-524,-955,-1142,-1035,-654,-94,499,972,1202,1125,756,191,-435,-957,-1240,-1212,-876,-308,338,904,1246,1282,1001,463,-207,-817,-1217,-1316,-1093,-593,59,697,1158,1333,1182,737,103,-553,-1068,-1321,-1244,-861,-276,378,937,1264,1282,988,460,-167,-756,-1153,-1268,-1078,-640,-61,516,962,1176,1101,772,276,-265,-722,-1000,-1038,-824,-432,39,480,791,905,804,524,139,-260,-578,-751,-742,-567,-270,78,386,589,656,578,378,106,-175,-401,-529,-546,-458,-294,-90,110,266,352,369,323,0,0,0,0,0,211,117,-9,-160,-310,-421,-464,-425,-300,-110,115,327,481,540,489,330,90,-176,-402,-545,-578,-475,-252,31,312,527,619,564,369,82,-230,-491,-642,-635,-472,-188,154,465,659,696,555,276,-76,-419,-663,-742,-636,-370,-2,374,666,795,719,457,72,-343,-679,-843,-806,-552,-155,283,659,885,889,662,266,-193,-608,-880,-936,-749,-368,108,556,869,963,824,470,-8,-489,-847,-988,-876,-545,-73,420,807,990,924,620,157,-342,-757,-982,-951,-682,-239,269,707,963,973,737,309,-197,-655,-946,-994,-785,-375,129,594,910,993,822,444,-50,-529,-868,-981,-846,-488,-6,470,822,0,857,525,58,-428,-797,-952,-858,-543,-86,394,774,942,856,549,97,-387,-767,-945,-874,-573,-116,378,774,967,893,585,120,-380,-782,-979,-925,-623,-152,369,785,993,945,648,166,-355,-784,-1010,-972,-674,-199,335,777,1014,989,697,212,-326,-772,-1020,-996,-703,-224,322,781,1038,1010,714,225,-323,-791,-1051,-1033,-737,-244,322,803,1071,1057,773,275,-301,-794,-1077,-1082,-798,-300,271,772,1079,1100,825,340,-233,-743,-1064,-1105,-854,-379,192,710,1042,1094,862,405,-154,-672,-1013,-1088,-880,-442,109,632,981,1072,881,465,-73,-587,-943,-1048,-877,-477,48,556,914,1024,861,478,-33,-541,0,0
39005,mtk,MTK 7916,2423147307,rx2-tx1,512,0,0,0,-533,-439,-240,18,265,445,503,429,254,24,-204,-384,-468,-429,-278,-72,144,322,418,413,297,113,-90,-268,-378,-384,-293,-137,47,211,317,342,282,155,-9,-161,-263,-291,-245,-139,-8,113,199,238,211,123,15,-77,-136,-155,-136,-82,-12,63,99,84,52,16,-22,-57,-63,-40,9,58,84,84,54,-8,-75,-128,-159,-139,-72,23,123,196,232,207,121,-6,-145,-252,-297,-274,-177,-21,139,261,328,319,222,61,-117,-277,-366,-362,-269,-102,96,265,375,393,312,147,-57,-249,-381,-412,-342,-196,10,218,372,435,383,230,26,-181,-351,-430,-399,-267,-74,137,318,0,417,299,113,-93,-277,-390,-399,-307,-137,66,257,369,383,300,138,-58,-237,-350,-367,-287,-128,68,234,333,351,272,106,-86,-258,-374,-386,-286,-99,123,311,425,433,313,110,-130,-356,-498,-511,-397,-182,100,366,548,605,505,278,-29,-340,-580,-686,-628,-412,-91,255,547,717,725,540,222,-137,-463,-691,-755,-639,-364,-1,357,640,779,724,501,169,-198,-523,-738,-777,-621,-330,26,376,630,731,677,471,159,-176,-459,-638,-672,-550,-301,1,285,497,591,553,398,158,-101,-327,-478,-524,-446,-281,-69,143,319,418,436,370,237,66,-101,-228,-301,-320,-281,-200,-105,-6,0,0,0,0,0,96,144,170,174,151,98,25,-52,-128,-188,-212,-203,-153,-71,26,119,190,215,203,151,63,-41,-139,-203,-222,-195,-129,-26,85,165,208,206,156,67,-27,-116,-178,-196,-170,-111,-22,67,134,170,168,126,46,-43,-107,-137,-136,-104,-51,9,76,114,124,103,51,-12,-54,-77,-81,-75,-55,-13,26,40,36,23,-1,-25,-36,-30,-6,27,60,81,79,43,-7,-64,-118,-147,-140,-98,-25,61,144,202,208,165,86,-27,-147,-227,-255,-229,-145,-28,99,215,275,269,203,82,-59,-184,-260,-279,-231,-122,17,150,245,282,250,158,33,-108,-216,-260,-240,-160,-33,0,215,269,251,165,33,-101,-206,-260,-245,-168,-41,100,223,282,264,178,45,-102,-223,-289,-279,-192,-63,84,221,298,294,211,72,-84,-227,-323,-328,-243,-93,78,237,338,349,265,124,-59,-234,-340,-357,-293,-147,43,209,325,359,296,150,-34,-207,-319,-345,-287,-140,54,226,335,358,282,128,-60,-249,-376,-401,-314,-135,88,284,422,449,363,173,-63,-300,-460,-509,-428,-238,22,285,479,555,484,291,21,-263,-485,-592,-551,-369,-92,214,466,603,602,452,191,-122,-412,-608,-645,-530,-289,23,338,563,648,577,374,80,-236,-476,-599,-586,-429,-164,131,385,544,562,0,0,0,0,0,-45,-293,-464,-521,-444,-247,-2,229,403,479,435,282,58,-179,-360,-449,-425,-299,-100,115,296,398,395,302,136,-63,-238,-345,-363,-289,-144,31,187,290,315,261,147,-1,-138,-228,-259,-221,-130,-11,99,166,198,175,108,19,-59,-113,-125,-104,-54,7,55,75,60,24,-20,-62,-74,-46,-4,42,88,118,108,63,-12,-102,-173,-195,-166,-91,15,126,219,260,235,143,6,-138,-258,-316,-295,-197,-43,126,267,345,339,247,92,-99,-271,-369,-377,-287,-130,63,245,370,403,335,173,-38,-237,-375,-418,-360,-214,-11,195,354,421,389,261,61,-157,-328,-423,-406,-284,0,124,305,405,403,305,126,-89,-275,-383,-388,-298,-144,53,239,352,369,291,134,-55,-225,-342,-358,-273,-116,74,252,351,355,263,96,-104,-287,-397,-402,-294,-97,131,334,460,473,363,143,-122,-363,-519,-562,-459,-226,73,368,580,649,569,339,26,-299,-562,-707,-672,-483,-175,194,521,714,738,591,303,-66,-414,-669,-777,-693,-439,-84,284,594,766,759,574,254,-122,-460,-688,-769,-673,-427,-85,267,543,690,686,519,234,-82,-366,-569,-639,-561,-356,-85,194,420,542,545,427,223,-24,-249,-408,-483,-460,-338,-159,40,219,343,391,368,282,154,18,-98,-181,-222,-216,0,0,0,0,0,-108,-69,-19,43,113,175,206,205,168,101,12,-80,-160,-209,-220,-186,-115,-19,82,167,219,216,167,89,-5,-105,-189,-224,-207,-147,-51,55,144,195,200,161,91,1,-89,-158,-185,-166,-110,-36,47,125,160,147,113,54,-29,-93,-120,-125,-103,-51,8,60,98,107,82,45,1,-33,-55,-63,-46,-17,1,22,37,20,-10,-37,-49,-41,-22,3,48,100,124,105,55,-11,-82,-142,-182,-182,-137,-48,52,142,207,233,208,125,3,-117,-213,-260,-243,-171,-62,70,196,275,280,218,107,-31,-158,-246,-273,-239,-142,-6,127,227,269,242,162,38,-104,-210,-254,0,-161,-33,93,193,248,236,160,42,-97,-211,-265,-248,-165,-41,101,221,281,274,187,57,-91,-220,-298,-285,-205,-69,91,236,312,306,217,75,-89,-240,-336,-343,-257,-108,71,230,333,358,285,137,-42,-222,-346,-371,-295,-151,36,209,323,362,300,154,-29,-209,-335,-361,-283,-127,61,235,356,385,300,127,-86,-276,-397,-420,-333,-154,76,296,438,476,396,207,-51,-306,-486,-535,-452,-253,7,275,477,565,515,331,52,-243,-480,-605,-581,-414,-140,173,447,608,629,500,245,-70,-367,-579,-647,-564,-337,-28,279,515,632,594,408,122,-183,-436,-576,-571,-435,-195,96,0,0
39006,mtk,MTK 7916,2423214944,rx0-tx0,512,-349,-865,-821,229,336,430,487,520,524,481,411,320,206,53,-102,-253,-393,-507,-583,-613,-611,-566,-474,-352,-196,-22,153,314,460,570,645,667,647,578,462,314,146,-25,-195,-349,-468,-557,-604,-608,-574,-500,-404,-275,-129,6,142,273,371,437,474,488,490,453,385,313,213,97,-10,-103,-199,-298,-373,-441,-478,-488,-481,-439,-371,-276,-170,-44,97,244,368,476,556,601,600,565,486,368,229,61,-112,-278,-420,-541,-628,-662,-657,-603,-498,-362,-191,-17,162,336,468,566,620,635,600,517,395,255,104,-48,-197,-324,-418,-472,-498,-498,-460,-391,-299,-191,-73,38,136,227,290,346,-511,358,334,299,254,178,109,45,-21,-88,-140,-190,-230,-248,-267,-276,-260,-238,-210,-170,-119,-57,3,63,129,194,246,292,333,343,328,310,259,188,102,-10,-117,-221,-320,-400,-453,-478,-465,-410,-331,-217,-92,27,172,305,406,489,539,544,508,443,334,204,59,-93,-240,-368,-474,-546,-567,-542,-481,-379,-257,-106,43,193,323,412,478,503,489,448,366,262,145,23,-94,-193,-283,-347,-383,-385,-365,-331,-270,-182,-111,-20,75,152,222,272,299,302,294,273,225,154,84,6,-76,-150,-217,-272,-296,-297,-276,-231,-160,-73,22,118,195,245,268,257,213,134,49,-27,-535,-718,1179,-1204,-1080,-73,-18,57,118,163,190,195,171,119,46,-31,-98,-159,-198,-212,-209,-183,-136,-77,-13,50,109,151,183,196,185,157,118,81,36,-23,-64,-103,-126,-138,-139,-128,-115,-90,-64,-36,-7,21,39,60,79,102,123,132,136,136,114,83,44,0,-46,-93,-135,-178,-199,-194,-181,-149,-96,-35,28,88,141,178,203,211,195,166,122,66,3,-53,-102,-148,-180,-199,-194,-186,-150,-111,-67,-13,36,84,117,155,174,170,165,142,106,62,22,-23,-64,-102,-129,-157,-170,-160,-154,-139,-108,-64,-23,16,72,103,135,168,182,179,169,142,103,57,8,-39,-90,-132,-330,-198,-198,-191,-182,-152,-108,-57,3,54,104,153,183,204,203,199,193,157,106,59,15,-38,-87,-124,-172,-209,-230,-229,-214,-198,-169,-133,-81,-13,51,120,183,240,286,312,322,318,291,226,150,58,-49,-159,-267,-362,-438,-477,-482,-451,-385,-287,-164,-15,138,284,415,506,582,614,590,526,406,261,98,-82,-260,-420,-556,-649,-684,-673,-607,-501,-358,-174,18,207,380,519,619,681,683,627,525,399,236,55,-117,-279,-413,-518,-578,-595,-577,-519,-419,-302,-172,-32,106,228,328,406,456,479,469,429,373,303,207,96,-10,-99,-209,-296,-363,-422,-447,-446,-426,-381,-931,-1119,-729,-30,231,434,370,274,156,34,-107,-240,-352,-451,-532,-579,-579,-541,-471,-354,-203,-41,120,290,434,551,627,655,639,578,472,340,177,0,-174,-341,-479,-573,-631,-643,-612,-536,-425,-290,-134,28,187,319,428,515,553,555,532,472,379,275,160,41,-75,-196,-284,-363,-433,-468,-470,-456,-433,-373,-294,-201,-93,14,134,251,356,436,494,537,549,512,441,339,218,70,-81,-230,-382,-506,-600,-649,-648,-599,-511,-384,-215,-38,132,302,446,564,638,661,645,570,449,305,140,-31,-199,-344,-457,-536,-577,-573,-532,-446,-336,-210,-83,49,178,280,363,419,443,432,395,334,265,188,1105,-3,-94,-164,-231,-277,-292,-303,-297,-275,-243,-204,-148,-93,-44,18,77,125,175,216,252,270,280,286,270,238,191,141,69,-29,-110,-194,-284,-348,-400,-413,-395,-365,-312,-222,-113,15,151,271,375,460,496,515,501,429,336,221,82,-72,-210,-335,-444,-512,-550,-550,-506,-425,-316,-167,-9,143,290,407,499,549,547,512,425,317,192,51,-82,-207,-321,-395,-438,-448,-422,-373,-293,-201,-105,-6,83,167,248,292,320,343,325,291,245,177,97,16,-59,-131,-207,-256,-290,-309,-297,-262,-214,-141,-53,35,120,196,249,286,296,274,211,129,37,-59,-144,-203,-222,-215,-707,-513,1145,217,569,122,155,161,131,85,21,-52,-126,-182,-214,-213,-193,-150,-88,-18,51,116,168,196,209,195,163,118,69,18,-47,-99,-136,-158,-172,-167,-144,-116,-84,-44,-2,33,65,84,102,116,119,119,104,98,87,69,41,6,-24,-64,-107,-140,-160,-170,-162,-144,-119,-81,-20,39,97,151,185,203,205,187,153,110,55,-6,-70,-123,-169,-204,-215,-203,-176,-136,-96,-37,19,74,130,152,174,182,175,158,132,95,41,-5,-42,-86,-125,-148,-167,-170,-161,-135,-101,-62,-17,23,54,96,136,159,167,178,162,131,108,70,14,-29,-76,-121,-154,-175,-183,-179,-164,-133,826,-45,5,44,90,144,176,203,209,196,183,153,109,63,5,-44,-106,-157,-186,-198,-211,-207,-183,-161,-138,-93,-33,25,72,121,168,208,241,263,267,256,226,179,117,39,-46,-132,-224,-301,-351,-395,-412,-393,-349,-270,-165,-39,90,215,340,436,513,549,537,494,404,287,149,-32,-195,-356,-489,-580,-638,-650,-609,-528,-400,-235,-46,142,326,473,596,674,695,667,584,450,296,114,-75,-257,-413,-535,-627,-655,-631,-572,-470,-333,-179,-25,122,265,390,474,525,540,518,466,388,287,176,55,-67,-179,-268,-349,-411,-443,-438,-424,-392,-323,-255,-162,-53,54,156,262,-804,-488
39007,mtk,MTK 7916,2423214944,rx0-tx1,512,87,661,521,-9,161,334,488,612,705,756,758,716,617,470,294,94,-119,-331,-529,-694,-820,-895,-908,-861,-758,-605,-400,-168,78,318,548,750,901,1000,1032,994,893,725,506,255,-20,-296,-559,-789,-961,-1077,-1121,-1088,-986,-821,-598,-336,-60,230,504,744,934,1075,1149,1150,1080,938,728,477,203,-94,-387,-661,-899,-1077,-1191,-1228,-1178,-1053,-867,-621,-328,-14,303,608,872,1073,1205,1266,1235,1127,945,692,399,84,-237,-544,-806,-1018,-1165,-1225,-1210,-1125,-957,-736,-471,-172,136,431,700,922,1076,1166,1176,1106,976,777,532,251,-45,-330,-595,-813,-979,-1092,-1123,-1073,-967,-805,-586,-333,-63,213,-689,693,879,999,1064,1057,984,855,668,435,190,-74,-340,-576,-782,-942,-1041,-1076,-1051,-950,-791,-581,-318,-48,227,499,743,944,1087,1160,1151,1073,917,694,425,111,-216,-520,-790,-1023,-1191,-1269,-1266,-1166,-979,-718,-406,-69,276,614,901,1121,1262,1309,1268,1133,915,626,298,-53,-392,-702,-958,-1136,-1230,-1240,-1146,-971,-734,-438,-123,191,489,742,928,1043,1083,1030,904,719,491,236,-21,-269,-486,-658,-772,-836,-836,-774,-666,-508,-326,-131,67,251,415,549,634,666,658,600,496,363,203,30,-137,-290,-418,-513,-562,-561,-511,-413,-281,-124,38,193,334,420,448,423,339,219,76,-50,719,756,0,-573,-489,12,-72,-159,-223,-266,-267,-229,-167,-83,19,115,202,268,311,326,310,268,201,121,27,-71,-164,-241,-306,-354,-364,-356,-323,-256,-178,-80,28,132,238,323,387,434,450,423,366,284,185,56,-81,-214,-330,-433,-507,-531,-527,-491,-404,-286,-155,0,150,296,416,506,571,590,560,494,391,258,109,-49,-204,-345,-466,-551,-594,-596,-553,-479,-370,-231,-78,83,226,352,458,534,567,566,523,445,338,210,68,-71,-203,-322,-418,-488,-519,-524,-492,-424,-328,-220,-95,34,157,266,367,432,469,478,453,406,326,232,128,17,-94,-202,-293,-362,-408,-431,-427,-393,-341,-270,-130,-85,19,125,220,297,352,385,395,386,352,301,232,145,48,-45,-126,-204,-275,-329,-359,-365,-355,-323,-279,-217,-146,-76,-2,80,152,227,288,327,353,373,369,346,307,240,165,76,-28,-133,-232,-321,-398,-462,-496,-502,-472,-411,-323,-203,-70,69,212,347,464,556,608,616,586,519,418,286,130,-41,-200,-357,-492,-591,-655,-675,-646,-576,-468,-326,-163,7,176,331,470,572,637,653,625,562,469,344,197,41,-114,-253,-370,-463,-537,-560,-554,-521,-458,-372,-266,-144,-22,91,200,297,376,437,476,494,485,450,393,320,223,117,-6,-127,-243,-364,-460,-536,-581,-590,-83,-338,504,-385,-566,676,669,624,532,398,233,46,-149,-332,-514,-659,-770,-831,-841,-792,-688,-536,-345,-127,102,327,536,721,864,949,974,933,837,676,465,224,-48,-309,-559,-774,-940,-1053,-1089,-1053,-945,-772,-550,-290,-4,283,546,778,965,1086,1143,1126,1029,865,659,409,126,-163,-450,-707,-923,-1072,-1163,-1184,-1130,-1005,-811,-561,-275,37,349,631,878,1078,1205,1254,1223,1107,913,660,370,48,-282,-585,-857,-1063,-1195,-1251,-1230,-1124,-949,-719,-436,-122,184,490,758,971,1125,1200,1199,1120,977,758,497,213,-94,-379,-643,-867,-1029,-1127,-1150,-1097,-975,-789,-562,-296,-2,279,531,754,932,1041,1091,1070,261,827,621,383,123,-145,-406,-632,-824,-956,-1029,-1057,-1003,-891,-724,-511,-263,2,271,531,753,938,1060,1107,1091,1006,850,637,381,91,-207,-495,-765,-981,-1138,-1221,-1212,-1119,-957,-728,-430,-100,232,561,853,1086,1244,1302,1276,1158,949,682,359,12,-334,-656,-935,-1138,-1260,-1288,-1220,-1071,-835,-539,-216,126,456,739,969,1121,1175,1148,1037,846,604,329,40,-249,-503,-713,-863,-945,-959,-908,-785,-609,-399,-179,52,256,445,595,694,740,731,678,582,440,265,87,-88,-259,-405,-516,-590,-611,-583,-513,-405,-268,-111,54,212,353,456,511,515,467,368,219,61,-97,-228,-313,-342,-314,238,23,0,-32,-296,-198,-210,-176,-114,-28,74,165,239,293,309,288,241,167,83,-13,-110,-196,-266,-316,-341,-340,-307,-255,-187,-93,8,103,204,283,346,389,400,389,348,278,184,78,-49,-174,-281,-369,-441,-484,-489,-451,-385,-296,-166,-26,107,254,383,473,539,566,549,497,397,281,135,-26,-180,-322,-445,-537,-582,-593,-561,-486,-378,-235,-86,66,216,347,462,540,586,583,534,454,345,215,72,-74,-224,-351,-450,-520,-552,-544,-505,-435,-336,-212,-82,49,180,299,390,459,502,507,474,415,332,221,106,-18,-132,-238,-331,-397,-440,-452,-444,-403,-338,-249,-148,-41,68,168,254,336,245,407,415,394,347,285,201,113,16,-84,-176,-252,-316,-361,-387,-377,-358,-318,-258,-181,-94,-8,76,152,222,282,322,342,350,341,314,279,217,153,82,5,-87,-168,-246,-315,-369,-417,-435,-424,-388,-332,-257,-153,-38,92,217,334,442,517,556,560,534,471,380,256,105,-57,-217,-363,-485,-579,-640,-649,-623,-560,-447,-308,-149,20,189,349,487,590,652,669,642,577,469,334,179,7,-156,-303,-430,-525,-587,-610,-593,-542,-457,-356,-224,-81,49,180,295,388,458,498,510,497,458,398,320,224,125,13,-98,-207,-305,-391,-458,-504,-526,-517,-486,-425,-331,-218,-89,53,562,465
39008,mtk,MTK 7916,2423214944,rx1-tx0,512,0,-522,-678,-223,-408,-568,-701,-786,-820,-801,-734,-616,-447,-238,0,229,450,652,810,916,975,955,863,719,522,287,18,-253,-514,-749,-940,-1054,-1101,-1078,-972,-805,-562,-290,3,310,593,832,1024,1147,1181,1135,1022,818,563,284,-27,-341,-621,-869,-1069,-1173,-1211,-1178,-1051,-842,-595,-309,6,332,632,885,1068,1195,1232,1174,1047,847,583,281,-45,-355,-638,-898,-1068,-1166,-1199,-1130,-992,-784,-528,-234,68,357,621,828,973,1053,1061,997,867,672,448,197,-54,-295,-520,-703,-835,-903,-916,-866,-774,-630,-443,-230,-3,200,395,564,697,770,804,793,725,617,467,288,93,-115,-302,-484,-618,-712,216,-767,-716,-605,-461,-284,-103,90,280,447,584,668,707,702,657,555,410,251,74,-106,-264,-410,-525,-596,-628,-616,-559,-474,-353,-208,-64,79,222,341,422,493,523,506,466,396,310,211,88,-27,-136,-239,-323,-385,-426,-434,-418,-383,-315,-252,-163,-62,31,125,211,287,340,384,405,404,375,318,246,148,52,-62,-175,-267,-354,-409,-441,-437,-411,-349,-265,-144,-24,91,206,304,367,426,446,426,380,300,200,84,-45,-159,-256,-339,-396,-414,-406,-356,-282,-187,-77,35,132,226,302,340,361,338,283,210,119,20,-85,-176,-245,-283,-289,-260,-197,-117,-28,60,129,167,388,84,0,371,747,-64,2,91,174,235,265,259,209,128,34,-69,-156,-234,-293,-309,-303,-266,-199,-115,-22,69,166,240,285,321,315,283,226,149,65,-19,-104,-171,-222,-262,-281,-275,-250,-217,-159,-91,-25,38,97,141,177,204,210,222,218,198,177,138,98,41,-22,-74,-135,-188,-234,-272,-287,-283,-273,-229,-171,-101,-10,81,177,238,291,351,371,354,319,256,179,94,-18,-124,-213,-290,-358,-385,-388,-378,-322,-255,-163,-54,49,160,248,328,385,414,408,367,310,228,130,33,-80,-179,-260,-332,-365,-373,-358,-322,-251,-172,-87,10,93,168,234,284,307,310,286,252,212,146,-584,17,-53,-115,-165,-207,-235,-241,-237,-217,-194,-163,-120,-66,-3,49,91,125,157,179,201,208,193,166,142,104,67,31,-8,-59,-83,-98,-128,-148,-157,-171,-176,-172,-148,-116,-93,-51,-30,4,61,88,126,161,199,234,247,261,252,227,186,139,56,-41,-129,-221,-304,-372,-415,-436,-426,-385,-318,-225,-115,19,157,294,410,506,568,583,560,497,389,270,119,-51,-215,-371,-493,-597,-659,-668,-627,-552,-438,-287,-109,71,246,413,539,635,688,699,663,571,439,286,116,-68,-235,-374,-509,-609,-671,-680,-649,-579,-474,-338,-187,-27,147,317,466,576,652,699,700,652,-853,-544,0,462,172,-720,-648,-536,-382,-192,15,222,425,601,749,853,892,873,798,664,472,262,21,-238,-481,-702,-871,-989,-1037,-1013,-927,-778,-562,-301,-20,275,555,803,997,1109,1157,1122,1002,813,577,286,-27,-325,-619,-872,-1048,-1164,-1200,-1147,-1028,-847,-590,-290,14,329,634,882,1067,1183,1225,1181,1058,861,604,310,-25,-344,-633,-889,-1086,-1199,-1224,-1160,-1032,-825,-553,-256,58,367,642,870,1040,1131,1136,1065,925,723,482,209,-75,-347,-579,-769,-902,-980,-985,-935,-816,-638,-432,-207,18,243,446,622,757,838,854,823,750,625,458,261,62,-151,-347,-511,-659,-748,-794,-784,-722,-614,-460,-291,757,97,302,474,604,691,732,739,686,584,437,260,77,-105,-282,-441,-561,-641,-685,-667,-611,-511,-378,-223,-60,99,244,378,485,559,575,564,519,424,324,207,61,-61,-184,-294,-369,-431,-461,-457,-434,-378,-303,-222,-127,-21,80,184,268,327,381,404,404,394,349,291,211,124,19,-81,-180,-266,-338,-398,-430,-438,-401,-341,-256,-159,-46,70,184,289,374,435,450,447,411,332,241,128,-6,-122,-237,-328,-391,-433,-439,-400,-344,-254,-144,-25,97,206,290,356,384,380,347,292,208,110,9,-103,-188,-258,-308,-327,-311,-266,-191,-94,6,100,173,219,237,219,164,95,582,699,0,-899,-626,172,202,200,159,92,7,-90,-186,-249,-288,-288,-254,-206,-117,-13,87,184,255,297,310,308,275,206,127,38,-62,-144,-218,-267,-296,-308,-290,-244,-191,-117,-35,49,116,175,219,237,242,236,220,187,148,95,46,2,-55,-102,-153,-194,-220,-245,-243,-240,-223,-189,-144,-81,-4,64,134,203,255,294,318,329,302,239,186,96,-8,-108,-192,-276,-325,-371,-394,-374,-330,-264,-167,-62,29,135,235,314,389,412,412,385,325,252,150,44,-70,-173,-262,-336,-375,-401,-395,-348,-288,-197,-95,7,98,189,258,304,335,337,315,276,229,166,82,-5,-89,-147,-205,-247,-674,-272,-264,-239,-210,-162,-112,-47,14,67,118,158,191,213,217,213,200,174,132,90,44,-9,-64,-102,-139,-164,-171,-179,-185,-174,-148,-130,-113,-80,-45,-16,22,58,97,125,154,174,174,198,196,182,173,150,116,62,6,-59,-123,-188,-245,-295,-344,-350,-337,-312,-258,-185,-92,13,131,243,349,428,490,517,502,449,370,261,123,-28,-183,-330,-457,-550,-620,-634,-612,-532,-420,-278,-109,61,231,378,522,626,680,683,653,564,439,286,117,-55,-234,-402,-537,-629,-686,-697,-644,-565,-454,-304,-140,32,197,349,482,585,648,676,671,613,521,388,244,80,-100,-273,-459,-807
39009,mtk,MTK 7916,2423214944,rx1-tx1,512,0,0,0,836,846,627,233,-218,-620,-852,-853,-632,-246,206,600,828,831,613,234,-203,-585,-798,-785,-560,-198,211,566,755,728,502,143,-256,-566,-711,-661,-422,-57,319,599,711,623,355,-14,-379,-639,-719,-596,-303,78,441,682,734,585,275,-119,-488,-722,-754,-578,-243,164,526,740,763,589,240,-179,-539,-750,-761,-569,-225,175,526,735,742,551,214,-175,-513,-702,-700,-514,-196,168,483,662,661,475,168,-170,-451,-611,-603,-432,-146,166,427,564,549,386,118,-176,-402,-508,-479,-319,-89,157,356,452,419,273,51,-174,-329,-390,-346,-196,-3,178,307,341,270,123,-51,-196,-276,0,-195,-48,115,240,297,265,140,-30,-189,-299,-326,-253,-99,92,262,362,364,256,66,-145,-324,-421,-419,-299,-94,150,365,489,486,354,125,-139,-378,-526,-531,-399,-168,108,362,533,572,467,242,-49,-332,-532,-593,-512,-310,-32,259,477,571,526,351,104,-166,-394,-524,-521,-400,-187,63,286,427,459,390,239,42,-155,-297,-363,-331,-234,-94,53,171,233,247,204,110,10,-62,-112,-130,-125,-93,-51,-11,14,29,34,42,55,60,59,57,52,37,1,-51,-101,-133,-142,-128,-81,-6,70,142,198,214,186,121,29,-69,-158,-225,-246,-220,-168,-96,-8,74,135,167,0,0,0,0,0,-39,11,66,113,149,160,135,72,-12,-98,-174,-215,-212,-152,-55,63,174,251,261,204,97,-42,-175,-272,-308,-267,-161,-11,156,292,353,330,220,52,-134,-287,-375,-381,-287,-112,91,276,394,399,301,127,-82,-266,-383,-399,-304,-135,63,253,376,390,297,123,-87,-277,-389,-391,-286,-99,117,301,409,398,275,74,-154,-347,-433,-402,-264,-48,200,400,489,444,274,27,-242,-451,-541,-487,-307,-30,271,497,590,530,327,36,-273,-514,-628,-572,-364,-60,262,512,630,592,391,73,-259,-512,-629,-582,-381,-77,252,512,629,573,367,55,-268,-511,-613,-548,-326,-6,316,0,628,534,284,-54,-383,-605,-659,-521,-246,108,444,667,709,553,237,-153,-504,-724,-753,-578,-235,181,555,783,799,598,225,-215,-602,-835,-842,-615,-211,254,663,896,886,636,209,-288,-721,-957,-941,-669,-210,321,759,993,973,688,206,-333,-790,-1033,-999,-696,-204,345,800,1039,1007,709,210,-345,-802,-1047,-1009,-693,-202,343,796,1025,978,670,183,-344,-777,-995,-941,-629,-143,362,757,951,882,570,106,-380,-759,-921,-823,-506,-54,413,764,895,771,436,-11,-454,-770,-873,-731,-389,62,494,789,870,706,348,-104,-529,-803,-853,-677,-314,139,545,803,847,660,290,-162,-568,-816,0,0,0,0,0,-235,216,611,843,855,629,237,-217,-617,-847,-846,-626,-242,202,587,811,818,595,219,-209,-570,-767,-749,-537,-172,230,564,739,703,468,105,-283,-586,-722,-644,-382,-24,340,617,720,615,342,-32,-404,-659,-728,-590,-288,95,455,698,743,580,253,-152,-513,-734,-764,-584,-237,164,520,742,763,582,241,-174,-541,-745,-750,-558,-219,178,518,718,725,537,207,-175,-502,-696,-694,-501,-184,179,480,638,620,444,154,-165,-443,-594,-579,-403,-127,170,412,541,516,351,93,-174,-385,-484,-450,-298,-72,162,349,424,380,237,35,-168,-308,-361,-308,-166,22,189,291,301,221,82,0,-209,-285,-267,-161,-4,152,266,303,240,102,-63,-218,-325,-347,-262,-89,118,291,394,391,278,82,-144,-344,-464,-458,-324,-102,151,376,502,505,373,140,-136,-381,-536,-559,-438,-200,87,351,535,596,494,269,-14,-288,-499,-586,-522,-327,-57,217,439,556,533,384,142,-118,-336,-471,-502,-411,-219,14,223,366,411,362,245,76,-100,-239,-309,-300,-223,-118,9,119,174,190,173,118,46,-13,-59,-87,-88,-66,-51,-40,-31,-24,-11,7,27,53,79,97,100,82,38,-25,-94,-149,-177,-174,-132,-56,37,121,194,235,231,182,98,-2,-96,-174,-218,-225,-200,-154,-80,0,0,0,0,0,-107,-124,-120,-89,-31,33,109,167,189,166,114,25,-76,-166,-221,-226,-175,-73,56,177,262,290,248,135,-14,-163,-281,-337,-309,-205,-40,143,290,372,355,245,76,-111,-281,-379,-385,-294,-122,85,271,383,393,307,137,-76,-264,-383,-402,-312,-136,75,264,378,391,293,111,-100,-293,-399,-393,-280,-87,139,316,415,408,278,54,-180,-366,-462,-427,-270,-39,215,425,520,462,282,25,-249,-474,-575,-518,-318,-25,278,505,606,566,362,52,-269,-528,-645,-586,-380,-77,250,515,639,585,380,77,-255,-519,-634,-586,-372,-61,264,513,622,560,342,32,-288,-529,-617,-531,0,28,343,571,639,526,264,-74,-401,-631,-693,-543,-243,127,475,696,721,559,240,-164,-529,-755,-784,-584,-221,198,583,815,824,608,225,-234,-630,-868,-867,-630,-210,270,689,929,914,647,204,-303,-747,-990,-957,-670,-208,316,770,1024,996,694,205,-339,-789,-1035,-1005,-710,-212,347,811,1049,1007,694,198,-349,-797,-1036,-994,-677,-183,350,781,1013,974,670,185,-349,-776,-974,-904,-597,-133,363,756,927,844,536,76,-399,-755,-900,-797,-473,-19,441,772,876,747,417,-27,-470,-783,-874,-722,-371,82,512,797,868,697,330,-124,-545,-809,-853,-663,-292,161,566,809,835,640,267,0,0
39010,mtk,MTK 7916,2423214944,rx2-tx0,512,0,0,0,230,-295,-741,-981,-948,-652,-178,347,778,985,920,601,112,-407,-806,-981,-883,-540,-43,469,845,978,831,456,-43,-529,-870,-962,-778,-374,140,613,914,958,725,279,-248,-702,-962,-954,-672,-193,343,784,1005,946,617,108,-433,-849,-1030,-923,-547,-17,512,895,1032,877,466,-72,-590,-943,-1033,-820,-374,178,680,998,1026,753,261,-304,-785,-1049,-1016,-696,-164,424,897,1127,1046,667,88,-522,-993,-1190,-1064,-642,-38,587,1058,1241,1083,630,3,-621,-1083,-1256,-1081,-613,18,636,1080,1237,1056,583,-40,-648,-1075,-1208,-1016,-551,59,646,1041,1151,949,488,-104,-656,-1018,-1095,-869,-401,171,0,1010,1056,800,320,-245,-736,-1021,-1016,-732,-246,309,780,1036,999,676,164,-394,-843,-1063,-984,-630,-94,471,916,1109,993,596,33,-546,-987,-1165,-1021,-590,5,612,1063,1225,1059,607,-19,-653,-1117,-1280,-1101,-634,11,660,1134,1311,1146,667,8,-655,-1144,-1330,-1162,-691,-36,628,1126,1332,1187,735,86,-590,-1106,-1326,-1203,-769,-139,525,1046,1296,1212,829,235,-414,-950,-1235,-1206,-869,-322,294,816,1119,1133,874,408,-146,-646,-969,-1037,-845,-454,29,490,809,916,792,481,67,-344,-649,-783,-725,-494,-152,208,502,665,666,518,263,-42,-321,-511,-581,-532,-379,-167,53,235,353,390,350,0,0,0,0,0,231,322,364,340,247,98,-92,-283,-434,-503,-471,-335,-118,130,357,510,551,464,266,-5,-280,-492,-584,-539,-361,-87,215,469,611,597,426,144,-176,-458,-625,-635,-480,-197,142,449,647,676,519,221,-143,-464,-671,-703,-542,-231,146,487,705,734,561,235,-158,-520,-754,-781,-590,-240,175,550,788,817,624,262,-178,-577,-825,-852,-644,-257,199,597,844,866,653,260,-199,-611,-865,-890,-670,-263,217,630,875,892,670,264,-217,-638,-891,-902,-665,-248,233,653,897,896,654,238,-247,-673,-911,-901,-649,-221,260,670,895,880,628,206,-272,-674,-891,-860,-592,-167,303,685,876,0,555,123,-338,-709,-878,-799,-494,-57,386,723,864,761,441,-3,-446,-765,-868,-723,-370,88,524,816,881,696,309,-168,-600,-869,-891,-665,-250,245,671,916,903,639,189,-321,-748,-968,-918,-607,-132,387,803,1001,914,569,67,-458,-861,-1016,-882,-503,24,551,923,1033,861,439,-111,-628,-974,-1053,-830,-373,193,704,1023,1060,800,310,-262,-764,-1059,-1056,-762,-257,328,824,1091,1058,734,200,-392,-873,-1110,-1040,-685,-143,440,899,1106,1010,636,88,-476,-911,-1096,-979,-587,-39,522,935,1079,924,516,-29,-561,-937,-1054,-880,-460,84,598,942,1022,813,387,-149,-638,-945,-991,-762,-318,0,0,0,0,0,967,957,674,200,-326,-765,-991,-939,-634,-152,376,797,988,906,576,83,-430,-824,-983,-862,-491,9,502,857,971,807,411,-97,-579,-895,-958,-752,-333,183,656,936,955,695,238,-289,-735,-982,-946,-638,-146,389,824,1024,938,586,70,-471,-880,-1046,-910,-518,17,548,923,1031,846,424,-116,-632,-967,-1023,-787,-322,237,735,1026,1024,720,209,-365,-846,-1097,-1038,-678,-125,468,942,1160,1055,652,59,-560,-1031,-1215,-1071,-633,-18,608,1075,1252,1082,623,-1,-627,-1085,-1249,-1069,-604,24,646,1081,1215,1030,572,-48,-647,-1063,-1183,-981,-516,87,653,1037,1131,916,451,-133,-675,-1018,-1075,0,-372,200,711,1011,1026,755,273,-285,-763,-1027,-1001,-697,-203,351,812,1049,995,661,135,-431,-880,-1084,-982,-607,-63,508,945,1134,1000,590,9,-582,-1026,-1196,-1042,-595,18,637,1091,1259,1084,616,-25,-661,-1125,-1301,-1129,-646,5,653,1144,1327,1158,686,30,-639,-1138,-1332,-1181,-716,-64,607,1113,1328,1196,745,101,-567,-1086,-1322,-1211,-798,-183,469,1002,1273,1216,849,276,-350,-884,-1186,-1175,-873,-364,216,722,1038,1091,867,438,-85,-564,-883,-970,-822,-475,-25,410,725,845,755,489,113,-273,-576,-723,-693,-501,-203,128,415,594,628,524,317,57,-197,-397,-499,-492,-402,-254,-87,64,0,0,0,0,0,-192,-94,43,194,333,427,450,379,225,17,-206,-399,-517,-525,-411,-201,56,311,501,573,507,318,50,-239,-479,-600,-569,-394,-119,197,463,615,617,459,176,-160,-457,-637,-658,-504,-211,135,458,666,693,538,241,-130,-472,-683,-717,-554,-238,147,499,720,747,576,241,-172,-542,-769,-794,-608,-254,177,574,812,835,636,261,-185,-587,-834,-858,-646,-259,198,605,851,876,662,266,-202,-624,-880,-893,-663,-261,211,632,883,896,672,262,-224,-646,-896,-903,-662,-239,237,652,898,898,648,226,-252,-668,-904,-889,-637,-213,267,677,896,874,614,189,-285,-677,-885,-849,-577,-149,0,695,875,813,527,95,-362,-716,-869,-777,-473,-36,414,745,867,739,410,-40,-489,-794,-872,-709,-343,128,562,841,885,678,276,-209,-640,-890,-896,-653,-216,285,710,944,916,626,156,-359,-776,-981,-911,-587,-94,424,834,1012,905,538,19,-502,-886,-1026,-873,-472,61,582,944,1039,842,405,-146,-658,-995,-1053,-812,-339,231,738,1043,1063,786,284,-295,-796,-1079,-1062,-747,-220,362,845,1098,1048,709,172,-418,-889,-1112,-1031,-665,-117,461,908,1105,994,614,66,-498,-924,-1091,-951,-551,-4,540,933,1064,901,491,-51,-579,-942,-1035,-846,-419,121,623,946,1007,787,352,-184,-664,-951,0,0
39011,mtk,MTK 7916,2423214944,rx2-tx1,512,0,0,0,-376,-55,276,527,633,581,369,61,-246,-477,-583,-540,-356,-84,208,432,539,507,337,81,-181,-388,-490,-462,-317,-96,141,326,423,407,283,81,-121,-281,-358,-339,-227,-70,98,226,286,273,191,65,-66,-168,-202,-180,-121,-41,40,95,104,86,44,0,-22,-23,-16,13,49,58,30,-17,-77,-118,-136,-112,-51,35,135,214,229,175,73,-61,-194,-293,-307,-232,-105,64,237,352,369,291,128,-70,-266,-397,-427,-342,-162,61,285,431,471,374,170,-79,-305,-458,-502,-403,-184,76,312,476,518,415,200,-77,-330,-502,-535,-432,-218,65,333,506,549,447,228,-61,-342,0,-560,-455,-233,56,327,509,550,449,231,-57,-331,-505,-537,-426,-197,75,326,489,522,397,161,-124,-369,-506,-508,-364,-111,174,416,546,528,354,71,-245,-504,-608,-544,-342,-33,310,576,697,630,389,19,-362,-646,-768,-703,-444,-50,366,696,856,801,534,115,-337,-711,-901,-869,-624,-218,271,699,935,930,702,289,-198,-637,-923,-985,-786,-396,95,561,886,990,863,524,59,-422,-790,-958,-884,-607,-203,250,642,866,867,657,304,-98,-466,-720,-789,-663,-389,-39,316,587,698,640,445,163,-148,-413,-573,-598,-496,-293,-38,207,390,488,481,381,226,48,-117,-238,-295,-290,0,0,0,0,0,-107,-161,-193,-198,-175,-111,-19,82,173,239,263,229,155,44,-77,-186,-250,-261,-214,-122,-9,101,198,248,248,189,83,-42,-157,-234,-251,-221,-137,-7,109,188,230,214,156,68,-41,-137,-194,-211,-176,-102,-3,85,152,172,150,104,36,-43,-106,-131,-139,-125,-81,-20,36,74,94,90,85,70,36,4,-28,-63,-95,-108,-108,-91,-56,7,73,125,162,176,144,82,-12,-115,-201,-243,-237,-173,-70,57,180,261,284,242,148,6,-146,-260,-308,-286,-196,-59,105,250,324,311,235,99,-69,-212,-294,-306,-236,-99,53,196,300,317,235,99,-57,-200,-297,-309,-235,0,68,215,304,318,233,70,-112,-255,-334,-340,-245,-70,125,284,378,366,250,63,-139,-306,-395,-382,-264,-67,147,325,420,407,276,56,-189,-384,-480,-441,-268,-39,201,401,493,453,294,49,-216,-429,-523,-472,-297,-40,228,428,514,458,278,10,-250,-443,-516,-442,-237,32,285,486,539,423,191,-94,-369,-541,-572,-441,-181,134,420,601,626,469,183,-151,-457,-646,-665,-502,-207,158,492,698,718,547,226,-164,-514,-731,-755,-586,-253,151,517,751,787,622,287,-113,-492,-744,-809,-659,-344,63,446,719,807,687,396,6,-387,-665,-766,-676,-413,-45,326,603,724,653,412,0,0,0,0,0,-546,-660,-587,-367,-62,264,506,609,557,365,74,-221,-451,-565,-528,-350,-84,190,402,511,484,323,91,-166,-370,-462,-423,-285,-83,135,311,398,379,266,88,-99,-250,-315,-300,-203,-71,59,172,232,215,147,44,-57,-108,-135,-134,-87,-22,36,70,69,44,3,-36,-40,-11,28,61,86,74,29,-28,-95,-160,-180,-146,-58,58,171,250,269,210,97,-67,-222,-319,-337,-272,-122,71,251,375,397,309,139,-68,-264,-406,-437,-360,-171,66,291,446,483,390,200,-54,-301,-474,-514,-406,-183,78,320,488,538,429,201,-77,-331,-503,-544,-443,-222,62,336,522,565,460,0,-59,-335,-516,-561,-454,-222,63,324,503,549,450,214,-69,-324,-491,-527,-417,-193,85,343,508,513,366,135,-131,-382,-531,-516,-349,-91,204,451,568,529,342,52,-271,-530,-655,-601,-365,-25,326,612,741,659,405,33,-368,-693,-838,-761,-482,-91,343,706,879,829,574,159,-307,-692,-920,-918,-671,-256,228,666,938,959,741,341,-140,-598,-903,-990,-832,-464,23,491,836,979,881,570,130,-336,-702,-888,-867,-644,-259,178,551,790,828,668,355,-26,-377,-633,-737,-660,-424,-97,229,485,633,619,465,216,-61,-316,-488,-552,-497,-342,-133,80,266,385,421,373,270,141,16,0,0,0,0,0,119,83,18,-66,-145,-208,-241,-233,-186,-97,17,122,211,258,249,187,89,-29,-139,-224,-264,-240,-161,-49,70,177,244,254,205,109,-11,-127,-211,-248,-226,-148,-40,67,163,226,241,182,84,-19,-111,-175,-190,-173,-110,-23,67,126,149,146,112,55,-2,-54,-98,-115,-116,-96,-45,-2,31,64,88,89,73,61,43,11,-38,-79,-111,-140,-144,-101,-39,37,122,183,206,187,129,36,-86,-186,-242,-256,-217,-118,19,156,262,301,276,179,36,-113,-248,-320,-306,-216,-73,85,219,303,316,242,108,-52,-208,-304,-305,-231,-107,53,192,290,306,230,94,-61,-212,0,-324,-234,-81,90,245,331,332,236,70,-123,-280,-368,-353,-244,-68,133,299,389,374,251,64,-146,-319,-408,-379,-248,-49,171,352,440,418,275,50,-198,-396,-484,-442,-284,-44,199,396,493,450,289,50,-213,-421,-511,-470,-292,-25,240,430,507,445,251,-11,-274,-472,-525,-428,-215,65,338,515,549,429,187,-110,-389,-574,-601,-461,-194,145,448,629,649,496,190,-165,-474,-671,-691,-520,-205,165,493,705,735,566,237,-157,-512,-742,-775,-593,-262,135,504,755,809,649,325,-83,-478,-743,-805,-662,-355,39,422,695,795,693,411,27,-356,-641,-748,-655,-407,-62,299,580,0,0
39012,mtk,MTK 7916,2423250723,rx0-tx0,512,-349,-268,34,284,178,62,-59,-185,-308,-418,-491,-541,-557,-537,-473,-379,-250,-96,63,220,371,497,587,643,647,616,528,393,239,78,-105,-283,-435,-557,-635,-667,-654,-596,-496,-357,-197,-38,134,290,411,503,574,601,578,523,431,325,193,59,-65,-187,-292,-374,-432,-474,-485,-470,-428,-372,-296,-201,-102,7,108,221,319,394,460,498,517,506,459,373,259,132,-3,-154,-297,-422,-523,-601,-631,-613,-560,-464,-334,-176,0,175,345,475,578,643,656,633,558,438,295,130,-47,-219,-358,-477,-558,-588,-587,-535,-445,-341,-214,-73,61,189,293,385,440,467,456,419,358,284,190,83,-511,-112,-184,-239,-288,-318,-334,-325,-297,-255,-212,-153,-88,-27,45,99,155,198,234,266,281,280,274,246,216,178,109,34,-42,-125,-207,-268,-324,-363,-385,-377,-338,-288,-208,-121,-7,124,234,322,411,464,477,458,418,330,231,117,-8,-139,-265,-368,-438,-488,-499,-482,-427,-334,-225,-101,35,169,287,387,455,493,497,458,386,301,176,45,-77,-195,-297,-371,-419,-428,-412,-373,-302,-216,-121,-15,79,172,243,293,335,341,333,304,248,180,104,17,-73,-149,-213,-260,-300,-307,-287,-251,-194,-132,-50,37,118,192,241,279,282,250,201,122,37,-52,-125,-177,-201,-183,-943,-778,1179,11,384,104,35,-52,-144,-222,-264,-275,-253,-189,-107,-1,98,180,249,294,301,287,247,169,95,11,-82,-167,-231,-271,-295,-292,-261,-211,-152,-76,2,66,128,176,222,240,250,248,234,201,151,98,31,-41,-120,-192,-246,-279,-309,-321,-297,-257,-192,-106,-12,99,199,279,340,381,391,359,298,219,107,-5,-104,-201,-278,-341,-374,-376,-346,-291,-220,-127,-32,68,158,227,286,317,338,322,296,237,157,80,-6,-88,-164,-219,-269,-289,-295,-290,-254,-201,-137,-62,12,68,142,206,248,275,274,264,240,189,129,69,-10,-83,-144,-203,-250,-280,-279,-256,-227,-186,-128,-61,-330,85,150,202,252,268,268,257,229,177,120,64,-4,-78,-145,-211,-253,-263,-275,-272,-245,-209,-156,-92,-22,54,121,181,228,268,303,309,303,265,229,169,81,-6,-103,-201,-283,-354,-405,-426,-417,-390,-328,-227,-111,27,155,280,389,477,532,551,525,463,365,240,91,-87,-245,-394,-516,-591,-636,-636,-572,-480,-335,-163,15,198,359,499,609,665,666,621,535,406,249,65,-109,-265,-411,-525,-604,-629,-602,-538,-425,-290,-147,7,149,284,392,466,507,509,484,428,344,242,140,27,-81,-173,-262,-331,-381,-404,-406,-389,-350,-297,-222,-142,-46,49,142,225,305,364,-960,-687,-729,971,997,-377,-451,-493,-506,-480,-427,-337,-222,-90,57,203,341,453,552,604,610,578,509,394,253,89,-83,-250,-407,-540,-620,-672,-673,-616,-519,-386,-220,-42,132,295,437,540,602,625,621,555,456,335,195,34,-117,-254,-371,-460,-519,-534,-528,-491,-424,-332,-235,-127,-7,102,199,284,364,421,458,465,458,431,362,285,187,79,-40,-166,-295,-412,-501,-551,-580,-567,-514,-428,-314,-169,-2,157,307,444,555,628,657,643,578,462,325,152,-18,-190,-355,-484,-578,-633,-640,-595,-507,-395,-250,-100,57,216,340,436,502,524,518,468,400,302,191,68,-52,-156,-248,-316,-371,-391,1105,-356,-310,-257,-185,-107,-29,47,110,170,220,259,273,283,273,256,228,188,148,96,39,-21,-86,-151,-202,-258,-300,-320,-325,-314,-285,-233,-174,-88,8,117,211,300,372,412,438,424,374,316,233,114,-13,-125,-249,-357,-428,-479,-493,-469,-416,-336,-240,-121,14,143,271,379,458,505,512,475,411,322,207,75,-60,-193,-292,-386,-454,-470,-458,-420,-351,-249,-132,-16,89,184,269,335,374,388,373,334,265,192,104,13,-72,-158,-224,-272,-306,-329,-314,-280,-220,-158,-82,8,83,156,217,265,295,290,263,208,143,60,-30,-111,-182,-233,-252,-244,-198,-134,-52,21,409,669,1145,1246,1180,-169,-209,-221,-195,-133,-48,42,138,219,276,303,283,237,170,81,-13,-97,-185,-247,-284,-305,-294,-252,-187,-116,-36,45,123,189,236,272,271,260,229,184,124,62,10,-54,-112,-176,-217,-253,-277,-277,-265,-224,-170,-108,-34,56,141,218,288,340,368,362,317,249,165,68,-48,-160,-251,-328,-381,-387,-378,-329,-262,-173,-69,39,141,222,284,331,352,359,320,265,191,106,16,-70,-142,-221,-270,-300,-310,-293,-254,-208,-142,-62,3,82,155,210,255,280,274,264,244,195,138,66,-6,-70,-140,-201,-236,-271,-288,-270,-237,-185,-130,-62,14,82,143,201,243,271,826,264,231,192,130,51,-10,-81,-148,-210,-244,-269,-282,-266,-243,-198,-123,-56,6,72,129,186,237,273,289,288,265,231,184,124,50,-33,-117,-188,-251,-311,-352,-365,-363,-329,-271,-201,-101,11,121,227,336,414,468,491,478,435,354,239,105,-43,-196,-337,-457,-539,-587,-592,-548,-478,-354,-210,-49,134,298,443,563,626,656,628,561,450,301,119,-64,-238,-400,-533,-628,-667,-646,-587,-488,-351,-187,-12,151,300,422,502,557,564,541,484,385,271,133,0,-129,-245,-338,-409,-445,-456,-435,-391,-337,-257,-164,-71,19,110,188,265,323,371,398,404,380,344,286,199,798,1043
39013,mtk,MTK 7916,2423250723,rx0-tx1,512,87,-259,-458,600,503,377,223,41,-147,-334,-508,-652,-757,-817,-830,-785,-688,-542,-355,-148,74,300,513,699,840,932,961,932,845,703,507,269,17,-244,-497,-720,-895,-1018,-1078,-1063,-983,-837,-632,-389,-122,161,434,685,887,1035,1119,1132,1083,953,769,541,275,-15,-301,-561,-791,-979,-1113,-1170,-1163,-1084,-937,-733,-480,-191,107,404,680,922,1111,1222,1256,1222,1099,901,650,354,29,-295,-599,-869,-1084,-1226,-1283,-1262,-1161,-983,-746,-461,-142,186,491,767,994,1156,1238,1248,1170,1020,804,542,249,-53,-350,-626,-865,-1039,-1150,-1181,-1141,-1031,-851,-624,-365,-75,208,477,718,902,1030,1092,1088,1014,-689,694,470,218,-46,-297,-540,-745,-898,-1005,-1041,-1025,-947,-810,-617,-392,-141,117,379,611,809,970,1064,1094,1058,956,799,579,321,39,-260,-537,-782,-988,-1138,-1210,-1199,-1116,-941,-698,-421,-93,243,557,841,1071,1224,1296,1272,1165,974,717,409,67,-294,-614,-878,-1098,-1243,-1295,-1253,-1123,-903,-624,-309,28,357,655,902,1076,1165,1169,1095,929,702,437,149,-138,-400,-630,-809,-916,-965,-948,-845,-695,-502,-291,-67,155,351,514,638,720,743,711,647,528,374,210,32,-148,-303,-437,-538,-590,-599,-568,-488,-370,-227,-72,96,250,371,468,513,495,434,323,181,24,-124,-241,-310,-319,346,153,0,-134,-389,-51,29,117,193,248,266,256,212,138,49,-47,-138,-217,-275,-310,-316,-296,-257,-192,-108,-14,75,165,243,303,346,362,356,324,263,185,88,-20,-126,-228,-320,-394,-436,-447,-432,-382,-299,-195,-75,60,188,304,408,477,512,523,494,429,325,190,49,-97,-243,-377,-480,-544,-575,-573,-522,-439,-319,-178,-25,125,270,395,484,549,578,562,508,416,298,164,23,-118,-256,-381,-471,-529,-549,-530,-483,-401,-299,-179,-44,92,212,318,409,469,498,489,459,400,312,210,92,-28,-143,-252,-342,-412,-452,-460,-444,-394,-326,-242,-142,-38,68,169,254,326,387,411,416,393,-130,289,203,107,16,-81,-175,-258,-315,-357,-379,-379,-356,-314,-248,-176,-98,-13,68,147,214,269,312,330,335,321,296,255,203,146,79,2,-65,-133,-196,-257,-312,-345,-374,-383,-363,-327,-267,-192,-98,5,117,228,321,406,465,498,508,476,417,333,219,88,-52,-189,-317,-435,-534,-590,-608,-592,-528,-433,-314,-172,-16,149,300,429,531,606,644,635,586,505,388,243,83,-87,-240,-377,-492,-571,-623,-623,-579,-514,-413,-289,-152,-9,128,248,349,435,494,519,516,488,438,364,275,174,64,-53,-164,-262,-351,-431,-480,-505,-511,-496,-451,-375,-287,-173,-43,93,232,363,587,434,504,-708,-603,-346,-497,-612,-698,-742,-738,-691,-592,-454,-283,-94,112,317,514,680,801,875,896,862,767,621,432,207,-35,-278,-504,-702,-869,-977,-1018,-1002,-912,-763,-566,-333,-70,203,465,705,901,1033,1108,1108,1038,895,695,455,182,-96,-377,-636,-847,-1011,-1118,-1155,-1116,-1016,-853,-639,-377,-94,192,479,732,942,1102,1193,1211,1152,1019,824,576,282,-23,-342,-648,-904,-1102,-1235,-1288,-1255,-1142,-956,-706,-407,-84,240,553,827,1047,1198,1275,1259,1164,1006,780,504,201,-116,-427,-701,-932,-1097,-1199,-1220,-1163,-1034,-831,-583,-305,-7,281,556,790,971,1093,1145,1112,1019,858,653,410,144,-129,-395,261,-817,-962,-1046,-1063,-1017,-915,-746,-537,-297,-45,208,451,676,851,976,1041,1054,1003,877,711,492,239,-27,-303,-557,-792,-977,-1099,-1159,-1138,-1035,-871,-652,-380,-73,236,537,812,1014,1172,1259,1248,1148,973,728,426,89,-260,-586,-873,-1099,-1243,-1311,-1277,-1142,-943,-687,-366,-22,320,642,909,1103,1226,1256,1187,1035,814,538,229,-87,-393,-665,-873,-1020,-1085,-1062,-964,-809,-595,-353,-103,159,389,576,720,807,846,812,725,592,431,246,44,-146,-316,-471,-573,-637,-665,-637,-564,-457,-314,-149,11,176,321,440,517,556,545,476,376,244,83,-76,-224,-343,-419,-436,-392,-302,-174,-45,-659,-732,0,595,471,185,212,198,153,77,-15,-105,-192,-258,-292,-300,-275,-224,-152,-63,30,119,202,276,321,339,332,308,255,185,94,-5,-108,-204,-285,-347,-386,-400,-384,-345,-281,-189,-80,34,152,264,364,430,478,490,460,405,317,192,61,-78,-218,-341,-449,-520,-549,-547,-509,-432,-317,-184,-42,110,261,385,489,553,582,568,519,421,306,174,20,-128,-273,-394,-484,-542,-560,-549,-503,-412,-296,-170,-29,104,238,354,437,496,525,516,475,410,314,196,67,-62,-182,-293,-381,-441,-477,-478,-450,-394,-315,-222,-114,-7,104,206,297,365,411,432,427,395,335,266,170,70,-29,-133,245,-297,-355,-381,-392,-387,-358,-300,-225,-146,-56,36,124,209,275,322,351,361,347,309,259,204,134,67,-8,-74,-140,-202,-250,-289,-322,-334,-330,-314,-283,-237,-177,-102,-25,67,155,237,315,375,419,441,445,409,352,270,169,56,-75,-207,-324,-424,-506,-558,-572,-546,-485,-394,-266,-125,17,165,312,433,531,601,634,624,572,480,361,214,50,-119,-273,-411,-526,-605,-647,-643,-591,-508,-394,-259,-112,48,189,313,435,517,571,583,560,506,429,327,204,77,-44,-160,-268,-357,-417,-465,-490,-493,-469,-420,-361,-274,-169,-61,52,169,293,393,477,541,574,580,550,474,171,417
39014,mtk,MTK 7916,2423250723,rx1-tx0,512,0,355,45,-551,-400,-219,-9,204,403,580,723,828,886,875,810,696,531,325,91,-167,-408,-628,-813,-945,-1020,-1020,-957,-830,-638,-410,-142,141,424,680,889,1041,1116,1123,1061,932,730,466,166,-142,-438,-715,-935,-1096,-1174,-1191,-1122,-970,-764,-506,-217,101,409,679,915,1089,1192,1221,1155,1019,819,559,257,-45,-353,-639,-885,-1064,-1171,-1203,-1153,-1013,-822,-573,-278,29,335,605,827,998,1096,1121,1074,944,767,521,264,11,-262,-501,-701,-857,-952,-986,-952,-858,-718,-531,-315,-82,156,355,548,694,802,864,856,800,706,564,384,191,-25,-242,-431,-598,-721,-808,-834,-801,-719,-588,-432,-243,216,187,369,534,673,750,776,761,690,571,410,228,22,-170,-355,-516,-633,-690,-709,-689,-611,-495,-347,-181,-13,141,301,420,513,576,585,554,497,409,303,172,43,-78,-199,-301,-374,-428,-448,-449,-422,-370,-294,-198,-109,-11,81,175,253,307,357,372,376,373,336,277,210,130,32,-66,-150,-232,-310,-370,-402,-418,-400,-336,-272,-187,-78,35,134,244,332,393,423,414,392,341,246,153,40,-68,-176,-272,-348,-396,-415,-400,-341,-264,-175,-72,37,129,221,296,335,344,335,295,229,154,67,-35,-123,-189,-244,-278,-276,-253,-213,-144,-54,35,108,165,200,200,169,121,641,701,0,-837,-503,114,41,-58,-151,-228,-278,-291,-262,-198,-109,-11,89,185,269,325,341,324,275,195,106,11,-93,-187,-263,-316,-344,-336,-299,-236,-161,-78,17,108,190,253,301,320,299,276,235,176,109,39,-32,-96,-150,-207,-237,-249,-258,-245,-218,-185,-148,-85,-26,33,96,149,209,256,289,296,291,276,218,160,74,-19,-83,-167,-249,-304,-332,-343,-333,-304,-243,-174,-86,6,93,173,251,313,338,346,337,295,234,176,86,-13,-83,-162,-236,-299,-335,-334,-322,-282,-224,-153,-79,10,91,155,220,264,298,295,275,246,193,133,71,11,-58,-122,-175,-199,-219,-238,-238,-216,-584,-154,-104,-49,-4,48,97,135,163,182,191,192,176,155,127,99,57,21,-16,-66,-94,-126,-145,-151,-159,-145,-137,-120,-98,-75,-30,-10,5,27,52,72,93,110,124,136,140,147,147,144,145,116,85,51,4,-54,-115,-168,-214,-269,-314,-320,-335,-316,-258,-173,-79,22,146,252,359,452,508,522,504,453,363,246,100,-54,-210,-357,-487,-596,-653,-651,-612,-543,-427,-275,-100,88,271,441,580,679,719,731,679,574,441,284,93,-104,-285,-450,-584,-672,-719,-729,-684,-587,-460,-305,-131,50,228,371,515,628,693,712,693,633,530,397,237,59,-125,-300,-450,-589,-610,-900,0,597,698,573,696,785,821,800,730,615,453,269,50,-178,-396,-594,-766,-886,-954,-956,-884,-766,-584,-365,-114,151,406,650,841,986,1066,1086,1018,881,678,424,144,-145,-423,-681,-903,-1076,-1171,-1172,-1102,-951,-741,-476,-175,132,438,710,930,1086,1185,1203,1138,1005,800,540,244,-75,-383,-662,-911,-1095,-1195,-1212,-1163,-1032,-825,-557,-263,40,349,628,858,1045,1153,1180,1126,992,793,549,270,-20,-307,-562,-784,-949,-1030,-1058,-1013,-885,-729,-519,-286,-39,204,429,621,776,876,921,889,817,705,543,358,142,-77,-277,-471,-639,-752,-816,-839,-799,-712,-582,-415,-220,-8,200,393,558,688,779,757,779,706,598,438,232,30,-167,-367,-534,-655,-735,-761,-729,-659,-537,-375,-192,-23,168,335,480,582,635,634,612,553,453,328,175,14,-131,-267,-371,-457,-508,-519,-504,-457,-375,-283,-180,-78,32,144,238,327,372,406,421,406,373,304,235,151,57,-29,-118,-200,-263,-316,-365,-387,-385,-369,-332,-265,-171,-71,23,140,236,313,393,432,432,408,362,279,182,72,-39,-138,-254,-335,-394,-419,-416,-385,-321,-228,-122,-8,100,200,280,343,383,378,341,299,217,123,30,-67,-161,-228,-277,-311,-318,-287,-234,-169,-83,13,98,176,234,258,239,204,150,78,2,-68,-115,-276,49,0,-522,-855,-156,-216,-231,-201,-143,-55,44,145,234,294,317,309,271,195,100,-8,-109,-202,-279,-319,-346,-333,-291,-221,-131,-33,70,167,241,294,328,340,317,266,198,126,43,-36,-110,-180,-230,-264,-272,-270,-247,-219,-178,-114,-57,-5,57,111,160,215,251,265,265,252,227,192,136,60,-14,-78,-156,-220,-270,-318,-319,-310,-288,-232,-155,-76,1,85,171,244,298,338,344,332,311,259,183,90,7,-89,-185,-249,-304,-350,-342,-319,-294,-244,-175,-83,4,85,170,242,284,314,321,303,273,222,152,81,4,-62,-136,-202,-242,-266,-276,-262,-229,-180,-132,-88,-35,29,81,-674,168,197,204,208,203,183,149,110,67,29,-14,-60,-95,-128,-157,-166,-162,-163,-146,-127,-107,-65,-40,-1,28,52,83,103,131,139,129,130,133,119,106,91,68,56,35,12,-14,-47,-70,-111,-152,-170,-200,-216,-229,-223,-196,-164,-117,-37,30,105,200,287,357,401,434,420,378,319,230,105,-30,-170,-308,-428,-527,-590,-607,-580,-507,-405,-265,-89,86,245,396,535,629,683,685,651,567,441,271,98,-90,-285,-451,-583,-681,-742,-738,-690,-592,-450,-277,-103,82,269,431,556,659,711,715,671,592,497,348,182,7,-166,-332,-487,-603,-691,-734,-727,-680,-591,-472,771,395
39015,mtk,MTK 7916,2423250723,rx1-tx1,512,0,0,0,-700,-308,179,623,900,935,718,305,-193,-638,-907,-937,-708,-294,194,624,880,898,672,263,-211,-616,-850,-845,-605,-204,242,614,816,779,522,116,-323,-656,-801,-732,-446,-28,394,704,808,686,373,-59,-476,-755,-827,-675,-330,119,539,808,845,655,284,-177,-589,-849,-881,-665,-262,204,621,863,871,647,249,-224,-624,-845,-843,-616,-220,228,600,811,802,575,197,-228,-589,-780,-752,-521,-157,233,564,736,689,457,113,-259,-552,-691,-642,-413,-75,267,529,637,580,367,55,-260,-488,-579,-515,-311,-34,248,448,519,455,267,9,-241,-408,-450,-369,-194,31,236,365,385,286,0,-88,-248,-334,-319,-199,-28,149,280,322,268,129,-53,-215,-314,-328,-240,-76,115,283,372,352,228,30,-174,-334,-421,-396,-245,-20,214,397,479,429,263,22,-229,-429,-528,-488,-306,-49,230,462,576,537,368,105,-186,-436,-584,-584,-436,-176,123,390,564,594,474,250,-34,-307,-498,-568,-507,-331,-76,185,391,498,484,359,165,-54,-251,-379,-416,-360,-227,-45,119,234,302,295,219,119,12,-99,-182,-218,-199,-152,-83,-7,55,92,117,126,113,92,63,22,-22,-66,-106,-131,-137,-121,-85,-32,33,100,151,181,188,151,88,15,-58,-127,-173,-189,-177,-141,-93,-40,0,0,0,0,0,46,1,-49,-97,-129,-138,-115,-62,7,85,150,184,177,128,44,-60,-154,-212,-218,-170,-74,41,154,242,277,240,131,-13,-157,-263,-311,-280,-188,-42,120,255,326,313,216,78,-81,-225,-315,-316,-236,-93,66,197,272,277,211,80,-68,-189,-252,-244,-158,-20,118,211,248,217,108,-40,-177,-259,-263,-194,-61,113,259,331,309,196,18,-175,-335,-407,-368,-226,-13,219,402,477,423,262,20,-239,-447,-541,-493,-304,-41,248,478,576,522,344,70,-236,-480,-594,-552,-366,-90,221,476,589,542,357,73,-223,-448,-555,-521,-339,-63,226,446,546,486,283,5,-269,-469,0,-447,-222,73,347,518,545,425,168,-152,-435,-602,-599,-421,-118,221,504,659,634,430,90,-281,-590,-737,-674,-424,-51,350,658,790,707,425,18,-406,-735,-862,-754,-430,19,481,811,920,782,428,-56,-543,-892,-1001,-829,-433,82,579,929,1035,859,445,-93,-616,-979,-1068,-867,-439,122,659,1010,1090,876,430,-132,-662,-1016,-1092,-864,-416,140,661,999,1061,836,376,-172,-661,-963,-1001,-760,-319,206,670,947,960,704,259,-258,-692,-927,-900,-630,-187,305,707,908,851,557,111,-361,-737,-905,-813,-494,-37,425,771,906,793,457,-6,-479,-818,-922,-769,-408,59,516,826,909,743,0,0,0,0,0,-610,-894,-936,-712,-305,186,632,909,945,724,305,-193,-636,-907,-927,-689,-277,198,620,869,879,654,250,-223,-621,-835,-821,-575,-170,279,635,806,753,494,78,-359,-689,-814,-713,-408,13,438,734,826,679,346,-94,-515,-792,-850,-669,-297,155,570,830,868,669,280,-186,-596,-849,-871,-645,-252,212,625,862,864,636,236,-223,-617,-840,-834,-597,-206,226,595,796,775,546,174,-234,-574,-755,-725,-491,-130,255,563,713,662,435,94,-264,-539,-667,-614,-397,-66,267,512,610,546,336,37,-254,-469,-550,-481,-282,-16,246,423,488,417,224,-14,-230,-373,-406,-328,-160,53,234,0,344,250,87,-107,-254,-314,-283,-167,8,182,301,328,251,100,-83,-249,-342,-334,-238,-66,137,302,383,361,233,27,-195,-369,-449,-406,-248,-7,243,429,509,457,285,32,-234,-452,-551,-515,-341,-75,216,445,567,551,394,137,-159,-420,-578,-580,-441,-205,80,352,531,582,499,291,24,-252,-463,-547,-498,-350,-127,114,315,435,456,370,198,-6,-192,-313,-353,-322,-231,-97,55,177,248,256,218,148,52,-45,-116,-154,-160,-138,-98,-59,-12,42,86,112,127,124,104,74,34,-22,-83,-128,-155,-160,-144,-97,-31,47,118,171,197,190,154,99,25,-49,-104,-136,-149,0,0,0,0,0,84,109,104,76,31,-29,-96,-145,-168,-149,-93,-17,70,151,201,203,152,56,-58,-159,-221,-241,-205,-108,26,157,256,299,262,156,16,-132,-263,-325,-304,-208,-59,109,248,328,324,243,99,-68,-214,-303,-313,-232,-96,52,179,262,262,185,59,-86,-201,-249,-218,-123,3,141,241,265,195,67,-85,-219,-295,-282,-184,-28,145,291,364,335,206,10,-199,-368,-445,-400,-240,-11,237,425,505,450,281,32,-238,-457,-560,-514,-335,-53,238,471,592,551,352,66,-231,-465,-586,-553,-364,-82,219,457,573,534,351,70,-224,-446,-548,-494,-302,-30,248,460,538,461,249,0,-313,-498,-540,-424,-189,106,383,563,574,419,138,-190,-482,-633,-609,-421,-109,252,554,708,663,431,78,-306,-617,-758,-700,-437,-36,376,692,824,728,429,6,-440,-771,-896,-776,-433,42,512,850,964,812,428,-72,-562,-906,-1010,-844,-438,94,604,961,1057,861,432,-116,-639,-990,-1076,-877,-438,128,655,1004,1079,866,421,-137,-663,-1007,-1070,-846,-400,153,670,992,1036,803,355,-187,-674,-972,-996,-743,-294,225,675,936,927,665,219,-284,-704,-920,-882,-598,-144,346,726,906,837,533,78,-404,-763,-906,-800,-477,-16,449,795,920,777,426,-38,-495,-823,-913,-749,-381,94,547,0,0
39016,mtk,MTK 7916,2423250723,rx2-tx0,512,0,0,0,706,973,967,689,218,-313,-754,-976,-931,-628,-148,376,793,978,885,547,60,-451,-829,-964,-828,-456,43,531,869,951,752,346,-158,-619,-904,-927,-686,-242,270,709,944,900,598,124,-390,-800,-982,-885,-529,-20,497,873,1003,845,445,-83,-591,-934,-1006,-794,-359,180,666,961,983,716,237,-303,-750,-988,-928,-606,-109,435,860,1025,897,513,-29,-576,-963,-1074,-876,-431,148,692,1042,1103,854,362,-238,-777,-1106,-1137,-841,-312,309,848,1151,1135,812,271,-350,-882,-1165,-1122,-778,-221,394,893,1136,1067,710,161,-429,-893,-1106,-1012,-633,-85,480,906,1071,933,541,0,-532,-912,-1033,0,-444,91,593,924,991,775,338,-193,-669,-955,-972,-716,-251,287,745,996,962,656,164,-383,-827,-1038,-953,-593,-67,482,911,1094,971,568,-5,-585,-1013,-1166,-999,-555,46,649,1089,1236,1042,573,-59,-689,-1131,-1269,-1068,-574,72,708,1158,1289,1079,585,-71,-707,-1158,-1304,-1101,-591,68,699,1152,1307,1101,602,-49,-686,-1144,-1293,-1107,-639,-18,610,1079,1264,1112,679,82,-524,-985,-1187,-1093,-724,-176,400,855,1080,1028,726,249,-270,-693,-928,-923,-691,-298,154,549,787,814,640,320,-62,-415,-650,-714,-602,-356,-33,285,522,623,577,409,163,-103,-329,-470,-506,-441,-303,-132,33,167,0,0,0,0,0,-264,-331,-343,-289,-174,-5,186,356,465,489,412,237,2,-239,-431,-536,-519,-375,-138,138,387,547,573,458,224,-68,-350,-550,-608,-513,-287,23,334,559,639,559,327,3,-326,-573,-669,-579,-342,-11,330,591,689,600,346,-6,-363,-625,-717,-615,-337,42,410,674,765,643,332,-70,-453,-726,-805,-663,-337,84,487,762,835,679,338,-100,-520,-801,-864,-689,-329,126,555,831,876,693,321,-150,-583,-850,-889,-690,-301,168,593,861,894,677,270,-200,-618,-867,-880,-651,-241,236,649,886,876,622,209,-260,-664,-882,-854,-591,-171,292,674,865,818,552,126,-339,-700,-863,-791,0,-59,386,724,857,746,433,-6,-441,-745,-841,-696,-349,95,505,776,822,633,259,-194,-594,-827,-816,-579,-171,290,674,865,811,519,78,-394,-759,-902,-797,-466,1,481,831,948,792,409,-92,-576,-902,-970,-768,-347,173,649,948,974,720,260,-273,-729,-980,-957,-658,-164,384,822,1029,946,590,62,-486,-903,-1062,-924,-526,26,576,963,1082,896,459,-110,-657,-1022,-1096,-864,-392,197,737,1061,1091,823,321,-270,-782,-1082,-1079,-770,-249,337,829,1081,1033,700,166,-410,-863,-1081,-996,-629,-92,472,901,1073,945,556,20,-523,-921,-1057,-887,-475,63,580,935,1027,826,395,-141,-633,0,0,0,0,0,-719,-256,278,735,986,956,658,177,-349,-778,-986,-915,-586,-97,413,805,972,861,502,-5,-498,-845,-959,-798,-406,100,575,881,936,720,296,-215,-661,-920,-914,-641,-180,332,753,962,887,562,71,-447,-835,-991,-870,-494,25,540,898,1003,822,405,-128,-627,-945,-988,-744,-289,243,710,974,957,659,171,-369,-808,-1017,-930,-565,-37,501,901,1047,892,475,-88,-629,-998,-1090,-869,-387,209,747,1085,1126,857,341,-274,-814,-1132,-1144,-836,-299,320,855,1153,1128,791,242,-364,-872,-1146,-1099,-744,-188,420,902,1127,1044,682,129,-457,-903,-1092,-972,-588,-46,502,904,1050,897,490,-46,0,-921,-1019,-822,-391,140,629,940,986,755,304,-235,-708,-970,-961,-680,-205,338,782,1005,953,633,119,-441,-875,-1068,-959,-580,-38,531,964,1128,979,560,-24,-617,-1051,-1195,-1014,-561,58,672,1108,1247,1051,566,-81,-707,-1143,-1281,-1079,-579,78,712,1159,1304,1096,595,-61,-703,-1158,-1303,-1099,-605,50,698,1158,1305,1102,615,-33,-665,-1120,-1283,-1113,-664,-47,579,1045,1233,1105,703,131,-461,-924,-1141,-1067,-725,-210,336,778,1010,979,704,270,-213,-625,-862,-875,-672,-308,115,480,714,766,626,338,-18,-349,-581,-667,-595,-381,-95,199,433,556,553,437,244,17,-190,-337,-400,-386,-310,0,0,0,0,0,142,27,-110,-253,-372,-433,-418,-307,-124,92,301,465,531,478,316,78,-184,-411,-550,-555,-423,-188,99,368,551,595,490,261,-39,-338,-555,-629,-540,-311,6,328,564,654,570,332,2,-335,-588,-679,-593,-348,-6,346,608,705,607,341,-22,-384,-647,-735,-621,-335,47,428,703,782,645,330,-77,-473,-755,-835,-682,-341,90,504,786,857,690,337,-116,-542,-817,-873,-694,-321,141,563,838,883,686,304,-163,-592,-857,-890,-684,-286,192,612,867,890,668,265,-218,-636,-876,-877,-642,-228,247,656,882,861,604,190,-283,-676,-881,-848,-581,-149,314,685,869,810,527,101,-354,0,-862,-769,-460,-26,405,722,843,720,386,-55,-476,-761,-835,-670,-310,136,546,804,827,607,217,-231,-619,-833,-812,-547,-122,341,712,885,803,492,34,-441,-797,-929,-799,-442,46,531,867,960,782,382,-135,-613,-924,-978,-748,-300,230,699,974,973,692,218,-321,-779,-1016,-953,-625,-116,432,863,1048,934,555,19,-530,-934,-1076,-911,-492,72,620,997,1095,887,422,-162,-706,-1051,-1098,-843,-358,234,763,1074,1081,789,283,-306,-805,-1084,-1054,-732,-211,372,851,1086,1015,669,136,-428,-880,-1080,-971,-592,-52,497,907,1057,913,515,-29,-564,-933,-1041,-865,-451,90,602,944,1014,797,0,0
39017,mtk,MTK 7916,2423250723,rx2-tx1,512,0,0,0,-285,-530,-634,-561,-344,-44,266,497,593,530,322,35,-249,-463,-546,-480,-296,-42,214,403,487,441,275,46,-179,-348,-413,-366,-228,-45,152,303,360,315,195,32,-128,-245,-283,-247,-153,-29,89,166,189,168,109,26,-49,-92,-103,-80,-37,-5,15,15,-2,-24,-28,-22,3,56,107,119,107,55,-35,-127,-195,-224,-191,-90,45,176,276,313,269,149,-23,-216,-357,-394,-333,-186,23,238,393,447,377,211,-16,-256,-439,-497,-414,-216,37,287,458,510,433,238,-34,-302,-484,-537,-441,-220,61,331,515,560,453,220,-79,-354,-540,-592,-480,-225,85,374,563,602,477,0,-92,-381,-576,-613,-477,-219,101,395,582,606,464,202,-113,-404,-591,-613,-457,-178,150,434,590,578,406,111,-205,-476,-616,-583,-379,-68,280,552,659,590,358,6,-364,-632,-732,-643,-364,22,415,707,815,705,401,-23,-455,-771,-892,-779,-449,12,469,813,954,852,525,43,-461,-852,-1024,-923,-584,-88,431,840,1031,968,664,189,-346,-796,-1038,-1016,-751,-298,229,699,987,1031,826,414,-90,-552,-872,-976,-843,-505,-53,398,726,875,809,549,156,-252,-571,-748,-744,-562,-257,98,414,617,670,558,319,26,-252,-477,-587,-553,-406,-190,47,255,399,459,425,319,174,28,-88,0,0,0,0,0,138,185,198,179,128,49,-47,-139,-215,-251,-236,-176,-84,32,141,226,263,238,162,50,-79,-175,-234,-254,-209,-117,-4,113,202,243,227,161,44,-73,-161,-214,-223,-180,-101,-5,93,174,212,185,123,46,-32,-101,-149,-167,-148,-85,-14,41,90,124,136,112,64,23,-17,-66,-95,-107,-102,-85,-48,-2,54,106,155,164,139,81,3,-80,-150,-210,-231,-181,-106,-9,116,231,284,268,191,74,-76,-220,-312,-336,-273,-140,28,184,306,365,327,198,24,-156,-298,-372,-351,-229,-46,143,287,356,342,252,86,-111,-273,-358,-354,-251,-83,113,283,378,361,247,68,0,-296,-377,-361,-243,-48,157,312,387,364,234,37,-174,-348,-425,-377,-233,-27,203,375,437,383,232,1,-232,-399,-462,-401,-218,24,265,439,494,398,191,-54,-289,-464,-513,-414,-199,72,331,497,529,418,188,-94,-342,-494,-510,-385,-154,130,369,501,492,343,86,-196,-415,-524,-486,-303,-25,266,489,575,499,279,-29,-329,-556,-637,-534,-276,69,406,635,695,564,279,-85,-433,-686,-754,-625,-315,83,454,705,780,638,324,-85,-469,-744,-810,-666,-354,56,459,738,825,695,375,-35,-436,-722,-818,-706,-417,-17,387,685,799,698,432,63,-326,-620,-732,-654,-417,-75,276,0,0,0,0,0,577,359,44,-274,-508,-608,-549,-347,-50,248,469,561,497,300,36,-230,-424,-504,-451,-277,-37,208,385,458,400,237,29,-174,-338,-402,-351,-214,-39,144,275,317,282,174,26,-109,-198,-234,-208,-125,-18,72,130,146,121,68,12,-36,-56,-55,-31,1,6,-10,-32,-49,-75,-74,-38,29,97,155,181,157,85,-31,-151,-237,-271,-234,-122,35,194,320,354,295,156,-32,-234,-382,-438,-378,-209,24,249,408,470,406,226,-26,-266,-442,-502,-422,-222,32,281,463,525,443,230,-53,-318,-504,-560,-461,-228,61,340,526,577,468,233,-77,-369,-554,-591,-474,-231,85,386,0,614,494,228,-101,-388,-572,-610,-488,-222,113,404,574,600,456,192,-135,-429,-589,-585,-429,-148,171,451,600,582,402,102,-234,-505,-635,-583,-359,-35,301,573,693,609,351,-7,-381,-665,-765,-666,-384,26,446,750,861,739,418,-20,-465,-801,-935,-823,-489,-22,463,827,989,887,546,61,-441,-839,-1020,-950,-621,-129,390,817,1050,1007,701,232,-291,-753,-1018,-1025,-791,-363,158,625,928,1004,837,472,-12,-476,-799,-925,-828,-527,-105,324,663,819,782,562,216,-168,-500,-693,-710,-566,-299,33,340,557,633,564,373,113,-158,-383,-510,-523,-436,-270,-71,117,258,329,337,293,0,0,0,0,0,-90,-34,35,116,183,223,232,195,122,24,-85,-180,-242,-258,-217,-130,-18,102,208,269,252,185,85,-29,-139,-224,-264,-230,-144,-41,82,180,234,232,173,76,-26,-115,-191,-214,-188,-118,-27,71,138,175,176,135,64,-7,-70,-125,-147,-133,-97,-52,9,58,92,115,120,93,68,25,-29,-76,-103,-120,-130,-106,-58,11,87,152,192,189,146,56,-44,-141,-215,-256,-238,-154,-27,99,218,299,306,231,109,-52,-212,-317,-345,-297,-175,-1,177,308,365,327,215,50,-135,-294,-375,-358,-251,-75,117,270,355,349,250,83,-110,-276,-363,-355,-254,-71,126,289,371,0,234,56,-144,-308,-390,-358,-233,-44,167,337,414,373,236,20,-196,-355,-429,-387,-237,-22,207,387,444,386,222,-9,-251,-417,-466,-400,-219,43,288,449,490,401,203,-59,-319,-490,-524,-415,-196,81,335,496,519,408,175,-106,-352,-496,-501,-365,-123,158,390,505,481,314,54,-233,-456,-550,-492,-286,10,311,521,598,519,285,-48,-375,-604,-667,-548,-284,67,420,657,720,586,283,-95,-448,-698,-762,-625,-319,80,463,725,796,658,342,-77,-476,-749,-830,-692,-368,41,436,727,826,699,394,-6,-411,-700,-806,-708,-434,-43,355,654,773,691,435,68,-307,-588,-704,-643,0,0
39018,mtk,MTK 7916,2423291917,rx0-tx0,512,-349,-268,34,-314,-232,-131,-11,112,235,342,424,483,503,485,432,331,215,72,-79,-231,-366,-472,-539,-568,-554,-494,-397,-255,-89,69,227,369,485,555,580,569,500,401,270,120,-35,-189,-325,-423,-498,-529,-512,-466,-384,-283,-163,-32,97,210,300,377,418,432,421,386,323,236,143,47,-51,-138,-225,-303,-354,-384,-400,-385,-348,-291,-212,-119,-15,101,214,309,386,435,451,448,407,331,228,106,-29,-162,-285,-382,-449,-490,-489,-459,-386,-280,-151,-19,117,250,362,441,488,492,448,378,285,166,40,-88,-202,-301,-370,-413,-410,-376,-321,-245,-157,-51,47,128,205,259,298,313,-511,251,212,158,95,34,-22,-81,-124,-152,-180,-194,-193,-186,-173,-149,-114,-78,-43,-9,28,69,105,147,177,201,214,215,197,160,129,75,15,-57,-129,-195,-241,-277,-301,-288,-260,-215,-134,-48,31,120,200,266,309,326,320,289,244,176,81,-7,-92,-171,-241,-290,-318,-328,-306,-267,-206,-130,-37,51,129,201,263,300,319,304,268,216,146,75,-8,-89,-159,-221,-255,-272,-279,-268,-223,-162,-105,-28,48,113,175,224,256,255,247,218,174,114,42,-30,-99,-162,-208,-237,-245,-233,-195,-147,-84,-14,58,118,173,213,223,208,173,114,37,-31,-92,-138,-159,-145,-943,-778,1179,11,384,106,37,-48,-134,-205,-249,-255,-227,-169,-84,16,118,202,265,296,303,272,214,139,48,-49,-143,-228,-287,-317,-326,-296,-240,-168,-77,14,106,188,254,309,335,334,300,249,171,83,-5,-107,-193,-266,-326,-366,-369,-337,-291,-217,-117,-7,111,224,315,382,420,418,379,306,216,109,-11,-139,-252,-331,-394,-418,-402,-353,-283,-190,-89,28,144,236,306,354,373,369,340,268,190,101,-5,-97,-186,-256,-313,-334,-329,-313,-268,-205,-133,-46,50,137,202,258,308,318,303,283,237,171,96,17,-63,-151,-223,-268,-305,-316,-316,-278,-221,-162,-71,17,99,184,253,292,-330,325,310,268,207,125,27,-61,-151,-230,-291,-333,-347,-333,-311,-260,-178,-87,9,104,190,265,324,359,366,353,313,253,165,67,-30,-135,-235,-314,-369,-406,-409,-389,-343,-263,-159,-41,80,199,308,401,467,492,478,427,341,229,91,-48,-186,-316,-419,-496,-543,-536,-488,-400,-278,-136,22,177,318,442,529,571,566,521,423,300,158,-3,-166,-310,-427,-513,-557,-560,-511,-421,-308,-172,-21,126,266,377,456,495,494,457,388,295,186,56,-68,-181,-276,-349,-393,-401,-388,-353,-294,-218,-135,-46,50,137,209,272,313,344,346,327,295,243,174,97,4,-96,-185,-268,-960,-687,-729,971,997,287,362,425,454,445,402,325,223,106,-30,-161,-293,-401,-482,-531,-534,-500,-419,-305,-163,-12,153,299,429,529,577,581,546,462,335,181,22,-136,-288,-419,-512,-561,-567,-528,-446,-333,-207,-60,82,214,328,408,462,478,463,414,342,249,136,23,-83,-186,-270,-335,-375,-397,-394,-367,-325,-261,-180,-97,3,106,199,285,353,400,430,430,392,325,236,124,9,-115,-239,-341,-423,-475,-493,-472,-414,-320,-207,-74,65,199,324,420,476,498,485,433,341,227,96,-47,-179,-285,-377,-435,-460,-446,-401,-314,-212,-94,23,122,214,287,337,358,339,307,256,187,115,28,1105,-110,-164,-210,-233,-240,-228,-209,-169,-137,-100,-46,-2,36,76,107,138,160,178,190,190,177,161,134,96,56,2,-50,-110,-152,-193,-232,-253,-257,-238,-202,-143,-83,4,87,153,228,286,304,307,292,253,192,115,24,-66,-146,-216,-280,-316,-323,-311,-279,-222,-146,-65,26,114,189,253,302,322,318,291,246,184,98,11,-79,-150,-213,-260,-284,-298,-279,-245,-191,-119,-49,20,96,168,213,253,275,262,236,195,139,70,0,-63,-129,-187,-232,-249,-245,-227,-189,-136,-70,-2,72,137,186,223,237,227,193,143,75,3,-64,-124,-179,-200,-190,-158,-104,-40,23,409,669,1145,1246,1180,-147,-191,-203,-181,-125,-46,51,141,218,269,288,272,221,143,49,-51,-149,-224,-282,-313,-313,-285,-225,-142,-54,39,136,218,283,319,323,301,257,204,126,35,-63,-156,-234,-299,-330,-349,-336,-292,-229,-154,-59,53,151,239,319,373,398,387,342,266,170,55,-70,-186,-286,-360,-412,-430,-411,-337,-251,-149,-27,89,194,284,354,394,399,367,304,231,139,37,-61,-167,-256,-306,-349,-358,-340,-303,-236,-156,-59,28,115,200,263,302,326,325,293,246,194,120,30,-47,-127,-207,-265,-297,-309,-308,-283,-228,-164,-89,-9,77,164,228,284,321,323,306,277,211,131,826,-45,-124,-200,-266,-317,-337,-338,-317,-261,-184,-99,-4,81,166,251,310,342,353,342,305,247,170,77,-21,-117,-205,-281,-342,-374,-383,-367,-324,-251,-161,-55,58,160,264,354,415,446,446,414,352,262,142,7,-127,-256,-372,-461,-516,-522,-497,-423,-315,-191,-41,114,259,389,483,544,559,529,463,360,223,71,-87,-244,-385,-489,-554,-578,-549,-478,-380,-244,-92,69,224,352,451,520,539,513,454,356,236,98,-40,-174,-288,-374,-435,-460,-447,-405,-337,-246,-139,-29,72,162,243,303,345,364,363,328,280,221,150,73,-21,-108,-189,-259,-312,-348,-375,-363,-326,-263,798,1043
39019,mtk,MTK 7916,2423291917,rx0-tx1,512,87,-259,-458,-673,-583,-450,-276,-86,120,328,517,668,784,846,844,785,666,492,284,47,-192,-419,-627,-797,-907,-956,-942,-854,-710,-519,-275,-14,249,509,736,914,1021,1064,1038,931,753,514,245,-40,-329,-598,-826,-996,-1095,-1123,-1070,-942,-753,-502,-225,68,360,633,857,1026,1130,1159,1112,984,791,545,258,-50,-355,-648,-902,-1090,-1206,-1242,-1188,-1055,-843,-566,-242,98,440,750,999,1187,1288,1290,1205,1031,780,481,145,-199,-532,-824,-1048,-1202,-1266,-1243,-1128,-939,-685,-381,-56,268,574,833,1035,1162,1204,1156,1032,845,584,298,-4,-308,-585,-814,-984,-1089,-1115,-1065,-940,-756,-521,-250,27,301,-689,768,920,1011,1039,997,883,721,505,253,-12,-270,-511,-722,-888,-1000,-1039,-1009,-917,-759,-546,-291,-18,264,538,777,955,1083,1133,1097,986,804,553,257,-65,-383,-673,-921,-1109,-1215,-1228,-1158,-996,-750,-445,-101,248,578,876,1102,1245,1288,1229,1080,853,550,208,-148,-492,-801,-1033,-1188,-1256,-1213,-1075,-862,-578,-261,81,405,683,910,1060,1116,1082,966,779,535,262,-24,-307,-546,-730,-858,-914,-891,-801,-657,-473,-260,-35,177,373,535,646,703,713,671,570,435,267,86,-95,-270,-414,-522,-588,-603,-562,-476,-354,-196,-20,148,304,429,506,520,476,378,232,67,-96,-232,-316,-335,346,153,0,-134,-389,-115,-48,37,128,208,260,282,262,204,124,30,-68,-162,-239,-294,-321,-320,-287,-228,-153,-64,35,143,232,302,354,371,359,325,259,170,66,-51,-165,-271,-354,-417,-447,-440,-402,-334,-232,-108,27,162,287,398,477,515,517,480,393,282,145,-6,-157,-298,-421,-519,-569,-571,-532,-452,-334,-188,-30,132,283,408,508,563,574,542,476,371,231,79,-74,-222,-345,-444,-512,-540,-524,-473,-389,-280,-149,-12,123,245,347,424,469,485,467,411,328,229,114,-12,-129,-236,-323,-387,-435,-444,-418,-378,-305,-211,-108,-3,104,206,293,355,398,411,390,352,286,207,114,10,-130,-181,-264,-326,-364,-381,-372,-336,-280,-205,-124,-35,60,145,220,278,322,341,336,316,285,231,157,89,12,-58,-132,-200,-253,-296,-328,-343,-341,-315,-276,-213,-132,-45,46,148,235,313,389,429,440,437,394,321,227,107,-15,-144,-272,-384,-479,-534,-554,-535,-482,-396,-272,-130,26,185,326,447,548,605,617,585,515,409,277,124,-45,-215,-365,-485,-579,-627,-626,-592,-513,-390,-252,-97,68,224,360,473,552,589,587,547,472,372,245,104,-36,-170,-293,-391,-470,-513,-526,-512,-467,-401,-307,-198,-82,49,174,296,397,479,540,572,565,520,442,339,205,50,-114,-277,587,434,504,-708,-603,287,456,606,711,771,782,735,630,481,295,76,-155,-374,-579,-741,-854,-910,-895,-819,-688,-502,-281,-36,222,465,675,848,967,1009,992,900,734,517,260,-8,-288,-557,-789,-962,-1066,-1097,-1054,-931,-745,-506,-230,63,355,622,850,1014,1107,1131,1078,951,755,518,245,-52,-354,-634,-870,-1047,-1162,-1195,-1152,-1025,-821,-558,-263,60,384,686,948,1144,1258,1282,1218,1056,823,535,199,-150,-486,-793,-1037,-1203,-1287,-1277,-1176,-988,-735,-431,-97,243,561,834,1047,1184,1231,1195,1076,883,631,337,19,-299,-583,-836,-1019,-1124,-1163,-1111,-984,-787,-547,-266,29,316,576,791,958,1050,1067,1022,261,722,498,246,-23,-292,-533,-739,-900,-996,-1024,-988,-889,-732,-523,-276,-7,260,513,733,907,1023,1071,1051,953,777,555,296,-4,-304,-585,-835,-1031,-1158,-1197,-1148,-1009,-798,-524,-198,137,470,777,1025,1192,1267,1241,1133,937,664,335,-20,-372,-690,-965,-1161,-1260,-1265,-1180,-995,-729,-419,-70,282,601,873,1070,1181,1197,1107,943,708,413,96,-215,-501,-736,-907,-995,-1014,-950,-808,-615,-385,-126,124,351,544,688,779,802,767,682,543,364,170,-25,-222,-394,-531,-622,-654,-642,-576,-464,-322,-161,14,183,335,454,537,561,532,456,330,170,-5,-174,-320,-417,-448,-420,-332,-199,-55,-659,-732,0,595,471,150,203,225,209,156,76,-21,-123,-207,-269,-299,-299,-267,-207,-124,-29,69,162,243,301,340,351,327,273,203,112,5,-101,-200,-292,-358,-401,-412,-387,-332,-248,-144,-23,101,218,328,419,467,485,462,407,317,192,52,-88,-232,-361,-459,-529,-552,-532,-473,-376,-250,-93,63,218,362,480,553,585,568,510,414,284,131,-28,-179,-316,-437,-521,-558,-557,-515,-431,-324,-191,-38,109,242,351,438,491,511,489,437,353,245,125,0,-124,-239,-332,-405,-453,-463,-442,-387,-308,-219,-114,10,117,218,309,374,410,421,403,363,291,205,111,2,-100,-194,-281,-343,-386,-397,245,-344,-289,-207,-117,-18,80,168,244,303,343,364,356,325,274,214,137,53,-31,-106,-178,-244,-287,-311,-326,-321,-301,-259,-208,-147,-79,6,88,167,238,306,356,383,394,373,322,270,189,81,-21,-132,-249,-347,-433,-483,-500,-489,-443,-367,-259,-125,17,165,297,420,512,572,595,570,500,407,280,125,-36,-200,-349,-474,-565,-620,-634,-600,-521,-412,-270,-103,60,217,370,489,571,616,616,570,488,378,239,91,-62,-209,-336,-440,-517,-554,-554,-525,-462,-372,-265,-138,-8,116,236,338,424,484,521,531,507,453,370,270,151,12,-135,-277,-403,-507,-592,-629,-627,-578,171,417
39020,mtk,MTK 7916,2423291917,rx1-tx0,512,0,355,45,530,406,244,64,-126,-315,-480,-614,-710,-754,-758,-704,-593,-424,-233,-15,209,425,603,743,839,877,841,749,601,402,169,-86,-330,-568,-756,-885,-962,-963,-891,-749,-555,-312,-33,235,491,709,880,984,1004,965,835,655,433,163,-109,-364,-614,-809,-937,-1006,-995,-916,-766,-569,-325,-58,210,459,677,833,950,993,949,847,673,460,217,-51,-304,-535,-735,-862,-927,-930,-865,-735,-555,-340,-100,147,375,573,715,813,851,818,737,599,422,222,11,-191,-387,-546,-670,-751,-762,-724,-645,-516,-360,-178,23,214,378,523,630,690,708,663,582,465,297,120,-61,-246,-413,-538,-626,216,-670,-617,-512,-366,-204,-17,157,321,461,565,621,633,585,506,393,237,82,-83,-234,-355,-459,-527,-538,-526,-471,-383,-265,-133,-3,130,251,347,415,446,450,417,358,276,184,83,-11,-117,-221,-291,-335,-363,-363,-339,-312,-252,-167,-92,-1,86,148,214,263,304,331,325,290,245,191,123,34,-67,-144,-219,-295,-335,-348,-347,-310,-251,-170,-76,27,129,216,291,333,347,339,298,240,157,59,-25,-118,-197,-263,-298,-311,-295,-251,-193,-128,-41,39,112,183,221,242,248,224,179,126,72,2,-66,-122,-167,-192,-205,-189,-155,-102,-41,17,77,122,141,143,121,79,641,701,0,-837,-503,152,89,-3,-97,-187,-259,-290,-282,-231,-153,-49,65,164,244,306,328,324,287,201,115,14,-97,-193,-278,-330,-348,-346,-302,-230,-139,-34,69,166,245,298,324,330,307,252,181,103,13,-73,-152,-207,-256,-273,-285,-271,-228,-181,-127,-60,16,86,143,188,237,257,264,255,222,174,120,53,-19,-80,-156,-214,-251,-274,-268,-238,-201,-154,-81,-17,48,117,170,212,247,256,232,204,170,111,57,-4,-68,-120,-161,-197,-213,-212,-200,-168,-146,-100,-48,13,69,107,146,173,178,183,176,152,120,79,37,-5,-37,-82,-121,-137,-147,-143,-132,-129,-106,-84,-56,-22,-584,53,71,97,122,119,125,127,120,108,80,46,20,-14,-52,-77,-101,-119,-135,-143,-133,-122,-101,-72,-49,-25,14,44,63,94,120,131,129,138,138,119,109,90,55,26,-6,-43,-78,-114,-148,-182,-200,-215,-217,-197,-164,-120,-77,-4,77,165,238,299,347,371,368,334,275,190,81,-43,-176,-291,-389,-471,-515,-512,-471,-392,-280,-142,12,165,317,445,530,592,607,566,485,364,216,51,-119,-285,-430,-545,-627,-651,-627,-559,-440,-302,-143,35,211,365,494,586,638,647,608,517,388,241,89,-91,-270,-407,-525,-602,-649,-637,-590,-512,-384,-232,-57,118,280,421,-610,-900,0,597,698,-435,-569,-663,-710,-712,-659,-558,-424,-246,-49,157,357,539,675,769,817,806,735,597,422,210,-24,-262,-476,-671,-820,-904,-916,-871,-757,-577,-356,-102,164,418,643,820,948,999,969,871,703,486,226,-40,-311,-561,-754,-912,-1001,-1002,-942,-814,-610,-379,-116,162,419,646,822,949,1001,975,887,727,525,282,3,-254,-495,-695,-845,-939,-958,-904,-792,-619,-397,-155,97,342,558,725,844,902,888,811,673,494,284,48,-178,-386,-566,-695,-775,-799,-774,-690,-554,-394,-197,9,202,378,532,640,718,734,695,610,494,333,158,-37,-219,-381,-530,-632,-682,-689,-651,-555,-417,-262,757,108,285,446,559,638,664,639,568,457,311,144,-36,-207,-350,-477,-561,-590,-584,-525,-436,-327,-178,-31,109,247,361,446,484,495,470,413,326,220,103,-19,-133,-233,-308,-365,-390,-394,-382,-330,-255,-177,-84,19,101,177,252,293,321,340,320,282,229,164,102,24,-60,-143,-210,-266,-309,-344,-325,-298,-260,-188,-100,-9,84,178,259,322,354,362,331,282,216,121,29,-66,-160,-235,-302,-326,-326,-299,-253,-183,-97,-13,81,159,213,262,285,270,250,199,133,64,-18,-92,-147,-184,-209,-226,-209,-176,-127,-68,-6,56,111,154,175,173,149,104,50,-3,-56,-84,-276,49,0,-522,-855,-136,-200,-236,-230,-190,-107,-6,102,196,268,315,317,278,214,121,14,-90,-195,-272,-318,-346,-331,-283,-206,-110,-12,86,185,266,320,341,334,297,236,153,65,-26,-120,-202,-259,-299,-313,-297,-258,-205,-137,-60,10,91,156,201,237,264,265,243,213,174,121,51,-19,-84,-152,-202,-239,-267,-262,-247,-222,-166,-108,-40,41,110,160,217,254,258,255,232,191,136,73,-2,-68,-114,-169,-205,-219,-229,-220,-188,-157,-110,-50,6,72,114,154,197,210,211,185,161,134,92,39,-4,-57,-103,-133,-155,-161,-154,-152,-144,-113,-77,-42,-4,26,58,95,114,129,132,-674,118,108,100,71,38,11,-28,-54,-78,-107,-121,-132,-141,-128,-115,-92,-70,-39,1,37,65,98,119,129,137,134,118,113,106,77,41,16,-7,-49,-71,-93,-126,-150,-160,-165,-162,-154,-140,-118,-85,-37,12,74,136,188,227,266,294,299,274,226,164,83,-10,-114,-209,-301,-374,-433,-453,-431,-373,-294,-184,-40,111,256,382,483,547,566,544,483,376,247,103,-64,-229,-376,-497,-580,-628,-627,-574,-479,-345,-185,-4,171,336,476,574,640,653,615,532,415,263,97,-77,-248,-395,-516,-593,-638,-653,-594,-501,-382,-239,-73,107,264,414,533,613,658,648,591,488,771,395
39021,mtk,MTK 7916,2423291917,rx1-tx1,512,0,0,0,528,199,-180,-520,-728,-746,-576,-260,126,477,708,764,625,320,-68,-434,-679,-750,-628,-348,21,375,632,717,618,358,2,-348,-593,-685,-590,-334,7,338,579,664,573,323,-24,-359,-590,-677,-581,-327,26,374,626,710,602,342,-7,-364,-626,-729,-646,-385,-13,359,632,741,671,427,68,-304,-601,-754,-705,-474,-124,252,550,715,699,502,182,-180,-492,-669,-672,-511,-216,128,426,605,629,493,228,-90,-380,-562,-595,-475,-237,49,326,512,563,470,253,-18,-275,-456,-513,-437,-257,-18,222,399,464,408,254,41,-177,-338,-403,-365,-235,-47,144,291,354,314,203,47,-119,0,-295,-267,-171,-31,117,228,273,234,126,-5,-131,-219,-242,-197,-96,33,154,233,240,186,82,-50,-174,-257,-261,-186,-63,78,205,277,279,207,75,-85,-224,-312,-327,-253,-108,67,227,341,378,313,167,-26,-217,-349,-403,-366,-232,-40,156,321,416,406,301,134,-62,-247,-381,-426,-368,-230,-42,159,318,403,403,315,158,-24,-192,-317,-371,-343,-242,-93,67,204,294,317,275,184,57,-70,-175,-242,-254,-218,-145,-50,53,135,183,200,182,130,56,-19,-85,-132,-158,-160,-139,-95,-42,16,75,122,144,144,127,92,43,-12,-64,-104,-126,-132,-125,-101,-63,-24,8,0,0,0,0,0,11,-10,-33,-58,-74,-65,-42,-13,23,58,82,87,70,36,-4,-49,-88,-108,-100,-71,-25,37,95,130,132,111,58,-9,-81,-141,-169,-141,-86,-17,54,122,160,154,116,55,-22,-92,-134,-144,-119,-61,11,70,108,111,77,23,-33,-80,-102,-91,-44,19,83,127,136,104,30,-64,-153,-200,-200,-148,-57,67,186,259,267,201,83,-61,-202,-308,-339,-283,-154,20,202,339,394,363,237,42,-170,-340,-433,-422,-313,-128,105,314,440,464,372,186,-42,-260,-418,-468,-398,-233,-11,211,379,450,411,264,51,-168,-344,-426,-392,-258,-58,157,332,414,384,252,45,0,-342,-412,-375,-235,-25,200,373,440,392,236,7,-232,-414,-490,-433,-261,-15,245,446,535,484,305,31,-253,-481,-580,-531,-340,-52,260,511,640,602,401,86,-258,-540,-692,-665,-457,-127,240,561,736,730,530,186,-215,-560,-773,-783,-591,-243,162,538,790,836,655,309,-118,-514,-781,-853,-708,-371,52,462,761,876,758,436,12,-410,-721,-849,-758,-477,-73,347,677,825,751,488,104,-301,-621,-773,-735,-500,-128,266,582,740,699,480,134,-243,-550,-708,-679,-467,-131,236,537,695,669,463,130,-237,-541,-700,-675,-468,-142,223,532,697,682,490,162,-209,-524,-701,-693,-503,0,0,0,0,0,518,716,726,549,230,-153,-497,-717,-756,-600,-290,93,460,708,764,624,333,-47,-404,-653,-736,-628,-355,6,355,605,693,597,341,0,-333,-576,-668,-576,-320,15,348,588,673,579,324,-20,-359,-608,-694,-593,-329,24,367,621,721,629,357,-9,-373,-639,-746,-656,-393,-41,325,615,744,680,448,94,-282,-586,-736,-701,-490,-158,214,529,695,684,506,195,-160,-467,-644,-661,-501,-220,109,406,593,615,479,233,-69,-351,-534,-575,-472,-247,37,299,479,532,451,265,11,-245,-428,-492,-431,-262,-29,201,366,429,382,241,46,-155,-307,-376,-349,-227,-53,125,262,320,288,0,37,-112,-225,-278,-248,-148,-9,126,222,253,216,113,-16,-138,-222,-242,-185,-78,51,172,244,250,186,69,-69,-188,-259,-264,-196,-68,84,220,301,303,228,84,-83,-233,-324,-336,-271,-132,48,221,345,390,334,195,8,-188,-341,-416,-394,-278,-97,109,293,408,426,346,185,-15,-207,-357,-423,-394,-272,-96,95,256,359,386,332,205,32,-136,-267,-334,-330,-268,-151,-1,139,239,290,276,211,111,-5,-109,-185,-224,-214,-166,-95,-7,76,138,170,173,150,103,38,-29,-82,-123,-145,-151,-135,-96,-37,22,74,114,136,137,125,94,52,3,-39,-74,-99,-106,-95,0,0,0,0,0,48,48,41,25,4,-26,-54,-72,-74,-63,-31,16,58,88,98,83,53,8,-44,-94,-122,-117,-86,-37,26,88,134,150,127,73,0,-74,-137,-163,-151,-103,-30,46,108,145,149,120,66,-7,-74,-121,-125,-96,-41,19,70,99,97,60,0,-64,-104,-110,-82,-30,43,114,164,161,111,34,-67,-167,-234,-239,-178,-62,74,202,288,309,251,128,-36,-200,-326,-376,-328,-196,-14,186,346,421,391,270,81,-143,-334,-439,-444,-343,-153,73,289,439,474,386,215,-11,-238,-404,-465,-414,-260,-41,185,361,443,414,268,62,-163,-339,-423,-392,-260,-56,155,322,405,0,235,32,-183,-351,-428,-384,-230,-9,212,386,465,417,246,11,-241,-433,-512,-455,-287,-31,245,461,559,512,323,43,-253,-490,-608,-573,-377,-70,264,528,664,629,422,97,-261,-555,-708,-690,-493,-157,229,561,754,760,567,222,-189,-556,-780,-806,-627,-279,144,532,783,836,678,344,-90,-495,-779,-862,-728,-406,22,445,752,867,760,461,41,-379,-699,-833,-756,-483,-86,321,640,797,740,484,111,-281,-594,-753,-717,-482,-129,244,556,723,690,469,132,-238,-547,-703,-667,-467,-139,233,535,691,667,468,137,-232,-535,-697,-678,-478,-149,220,531,700,686,498,174,-201,-516,0,0
39022,mtk,MTK 7916,2423291917,rx2-tx0,512,0,0,0,-810,-1006,-937,-618,-128,397,812,1001,929,611,127,-390,-798,-989,-917,-595,-115,395,788,968,891,570,90,-414,-801,-967,-867,-527,-46,442,818,971,857,501,6,-487,-851,-984,-844,-470,35,531,893,1008,846,455,-65,-574,-927,-1031,-854,-447,85,595,942,1035,845,428,-106,-614,-955,-1029,-828,-398,148,653,970,1022,797,351,-204,-702,-1015,-1053,-791,-313,254,759,1067,1087,815,319,-270,-795,-1113,-1133,-850,-336,264,797,1129,1161,885,377,-229,-775,-1122,-1175,-913,-412,193,747,1101,1163,924,442,-154,-702,-1053,-1128,-911,-458,108,639,993,1077,880,453,-94,-603,-944,-1030,-836,-421,97,0,910,990,803,395,-121,-601,-907,-962,-767,-362,148,616,915,964,748,328,-186,-655,-947,-989,-768,-329,216,702,1004,1036,792,334,-221,-736,-1063,-1111,-872,-396,197,749,1112,1189,957,475,-137,-723,-1132,-1255,-1053,-576,49,667,1118,1285,1131,683,55,-581,-1075,-1299,-1191,-778,-173,485,1009,1276,1219,859,277,-373,-926,-1245,-1257,-950,-415,221,797,1173,1258,1034,556,-55,-637,-1058,-1211,-1069,-684,-146,422,866,1088,1050,765,306,-206,-653,-922,-960,-773,-412,30,440,727,832,732,463,103,-264,-553,-701,-681,-505,-220,99,376,557,609,530,342,96,-158,-363,-480,-495,-421,-283,-114,45,172,0,0,0,0,0,-291,-322,-297,-211,-73,101,274,412,485,463,345,152,-82,-308,-474,-542,-495,-339,-101,172,411,558,574,458,231,-53,-331,-534,-614,-544,-336,-44,260,508,627,594,412,122,-207,-485,-638,-631,-468,-184,155,454,638,661,506,214,-133,-449,-652,-687,-537,-240,121,457,685,738,590,284,-101,-471,-721,-784,-648,-342,61,453,733,826,706,404,-8,-428,-740,-859,-755,-453,-31,400,730,875,793,501,80,-365,-718,-889,-830,-552,-126,327,691,880,840,584,171,-284,-672,-881,-855,-612,-211,248,642,866,861,631,237,-218,-618,-852,-861,-649,-271,182,584,830,853,652,286,-158,-559,0,-840,-653,-289,148,543,786,819,631,272,-159,-541,-777,-801,-605,-242,186,568,795,799,588,218,-222,-606,-824,-817,-583,-190,257,640,857,843,590,170,-298,-691,-899,-868,-600,-167,319,719,934,901,624,170,-328,-738,-952,-912,-623,-159,345,763,971,915,607,138,-377,-790,-984,-916,-600,-112,414,832,1022,934,592,88,-442,-860,-1050,-954,-600,-81,467,891,1077,977,615,89,-467,-902,-1096,-995,-629,-93,469,903,1099,1007,642,105,-458,-896,-1098,-1003,-643,-115,446,886,1090,1001,651,126,-433,-873,-1082,-1000,-655,-137,414,852,1059,981,645,142,-394,-828,-1039,-969,-646,-153,384,812,0,0,0,0,0,610,127,-396,-811,-1012,-937,-612,-128,389,802,995,919,602,125,-386,-790,-977,-906,-590,-104,407,800,972,878,556,83,-423,-808,-967,-860,-518,-33,464,831,969,842,482,-16,-519,-877,-995,-848,-469,46,555,916,1029,860,455,-70,-576,-933,-1042,-862,-446,85,597,946,1035,840,417,-125,-631,-964,-1033,-814,-366,179,678,992,1035,797,334,-228,-733,-1039,-1066,-800,-316,256,774,1088,1111,834,331,-268,-800,-1121,-1148,-870,-356,253,795,1130,1173,902,395,-216,-765,-1115,-1170,-922,-433,170,726,1081,1145,915,451,-131,-668,-1023,-1108,-900,-452,102,621,971,1063,868,442,-97,-596,-929,-1011,0,-404,109,588,907,979,778,367,-138,-606,-907,-963,-750,-337,168,634,933,976,756,327,-195,-674,-975,-1013,-774,-325,215,710,1025,1070,828,355,-219,-746,-1091,-1157,-913,-426,184,751,1135,1229,1010,529,-90,-697,-1132,-1274,-1087,-627,-7,626,1101,1293,1159,729,113,-535,-1047,-1289,-1203,-817,-225,430,973,1266,1243,906,340,-304,-868,-1210,-1259,-998,-484,139,723,1125,1246,1064,628,54,-521,-962,-1162,-1075,-731,-224,317,757,1006,1011,776,367,-114,-544,-826,-895,-759,-450,-44,352,645,767,707,488,167,-180,-467,-633,-649,-515,-278,5,271,472,561,530,396,196,-24,-212,-345,-400,-380,-297,0,0,0,0,0,51,-74,-203,-324,-405,-421,-359,-224,-31,182,372,494,518,438,258,15,-236,-444,-551,-537,-404,-173,108,369,543,595,504,288,1,-290,-517,-621,-569,-374,-88,227,489,632,617,444,159,-169,-460,-636,-645,-487,-201,144,451,643,670,522,234,-122,-456,-672,-708,-567,-273,106,465,702,759,619,316,-75,-456,-726,-811,-687,-380,38,443,731,837,732,431,11,-412,-730,-864,-775,-481,-63,380,729,884,808,526,107,-342,-704,-886,-833,-566,-150,308,684,878,848,597,187,-276,-663,-877,-861,-627,-228,230,627,857,867,645,253,-195,-594,-843,-863,-653,-278,165,567,819,849,653,0,-148,-547,-797,-829,-639,-280,152,535,777,810,621,260,-171,-552,-783,-804,-603,-225,212,584,804,806,590,202,-245,-629,-839,-821,-577,-174,282,668,880,859,597,167,-314,-714,-927,-891,-614,-172,321,729,944,910,625,173,-328,-748,-965,-915,-617,-153,358,776,983,917,604,121,-392,-803,-1004,-933,-597,-92,433,845,1036,951,601,83,-455,-876,-1067,-969,-604,-78,476,904,1090,987,622,89,-468,-902,-1099,-1004,-638,-103,458,897,1094,1005,646,110,-454,-893,-1092,-1007,-656,-123,441,875,1076,997,650,130,-426,-865,-1066,-992,-655,-141,405,842,1056,983,646,144,-390,-818,-1028,-962,-637,0,0
39023,mtk,MTK 7916,2423291917,rx2-tx1,512,0,0,0,327,500,548,461,253,-21,-281,-459,-529,-460,-265,-9,237,411,477,425,266,37,-188,-354,-426,-396,-266,-64,146,313,393,363,241,73,-106,-252,-332,-315,-216,-73,73,194,269,265,187,73,-47,-148,-205,-194,-136,-55,25,89,125,121,81,17,-28,-51,-42,-17,23,59,69,42,-7,-67,-121,-142,-121,-52,40,132,206,232,196,95,-43,-184,-280,-313,-272,-150,14,180,312,375,337,210,27,-169,-333,-409,-384,-262,-57,160,331,425,410,285,84,-144,-330,-432,-428,-312,-108,126,328,447,446,333,132,-112,-332,-462,-467,-350,-146,99,332,478,502,389,176,-86,-324,0,-520,-414,-204,60,316,480,521,440,238,-28,-284,-467,-522,-445,-242,25,278,463,533,449,242,-24,-288,-472,-535,-456,-252,25,296,493,563,482,262,-30,-320,-535,-610,-521,-295,16,340,576,675,598,364,27,-327,-608,-739,-684,-452,-94,294,617,787,762,536,178,-227,-585,-805,-829,-645,-299,124,517,795,874,741,428,7,-423,-745,-891,-822,-556,-158,278,648,863,874,675,327,-86,-478,-752,-845,-743,-469,-91,287,586,747,731,541,232,-108,-413,-622,-670,-556,-336,-49,238,456,564,548,401,177,-70,-295,-449,-497,-436,-300,-114,82,251,355,384,344,257,135,14,-92,0,0,0,0,0,156,169,160,121,56,-27,-111,-189,-238,-240,-200,-124,-22,93,188,244,244,209,129,12,-106,-195,-246,-252,-194,-92,24,128,209,251,230,158,55,-53,-146,-207,-229,-191,-109,-16,71,153,197,177,131,66,-19,-91,-132,-145,-134,-97,-43,16,55,81,96,90,61,22,-13,-33,-40,-50,-63,-65,-65,-52,-21,21,56,75,99,113,103,58,-5,-75,-132,-175,-182,-149,-78,18,114,195,241,234,160,45,-81,-189,-270,-291,-242,-135,15,160,265,309,280,184,40,-118,-248,-321,-322,-248,-107,65,219,312,330,268,133,-30,-187,-304,-345,-287,-146,20,173,290,340,0,165,-2,-166,-295,-350,-293,-166,-7,162,304,364,325,196,16,-176,-319,-378,-342,-214,-20,179,329,404,371,234,31,-183,-348,-427,-390,-245,-42,182,372,458,425,282,58,-183,-377,-471,-449,-308,-83,164,367,469,454,319,101,-144,-350,-467,-455,-319,-97,148,359,468,447,305,78,-181,-396,-503,-478,-312,-52,215,432,549,524,349,76,-223,-474,-605,-573,-393,-112,211,492,649,635,462,166,-182,-481,-661,-677,-524,-228,128,456,667,712,571,288,-65,-401,-644,-735,-635,-372,-22,337,613,736,668,434,100,-248,-536,-692,-678,-489,-186,159,459,632,646,498,225,-89,-362,0,0,0,0,0,-465,-241,36,297,480,531,450,259,5,-249,-431,-499,-438,-263,-25,212,382,458,416,274,61,-163,-337,-411,-383,-257,-69,128,280,354,345,239,70,-98,-223,-292,-285,-204,-78,61,173,230,228,168,67,-42,-118,-163,-156,-111,-41,29,78,86,68,29,-15,-37,-44,-31,17,67,93,88,46,-24,-103,-169,-187,-161,-81,32,156,243,276,234,132,-21,-181,-300,-340,-300,-186,-16,169,317,384,354,232,47,-159,-336,-426,-408,-278,-79,145,326,428,425,304,109,-117,-327,-442,-436,-319,-115,124,331,454,466,349,133,-121,-335,-471,-496,-385,-157,108,336,482,504,399,0,-61,-315,-480,-519,-420,-206,49,300,479,526,435,236,-26,-284,-466,-530,-446,-249,14,275,466,528,451,248,-27,-291,-479,-544,-460,-247,35,314,518,583,493,273,-24,-331,-558,-645,-554,-315,13,333,592,709,646,405,57,-310,-616,-770,-719,-490,-142,255,604,800,797,596,239,-178,-564,-807,-858,-694,-362,64,474,776,888,783,489,86,-353,-717,-891,-857,-623,-246,187,569,817,866,718,401,4,-380,-670,-802,-740,-513,-175,195,506,680,691,550,287,-36,-334,-543,-618,-557,-373,-115,152,377,513,531,430,246,22,-191,-361,-449,-443,-348,-203,-42,112,228,288,292,249,0,0,0,0,0,-28,37,99,155,200,222,204,143,52,-48,-143,-221,-257,-241,-175,-71,44,143,216,254,238,171,67,-48,-159,-234,-253,-212,-134,-28,90,185,231,231,179,93,-11,-115,-190,-213,-188,-131,-45,44,112,162,175,146,88,13,-57,-103,-121,-123,-103,-58,-9,34,63,75,72,57,42,24,9,-13,-38,-58,-80,-92,-79,-51,-20,27,78,121,149,146,106,36,-51,-138,-201,-223,-194,-133,-25,98,202,264,269,206,83,-52,-175,-269,-310,-268,-163,-21,135,259,318,308,222,76,-86,-224,-322,-335,-258,-122,45,203,304,326,278,153,-23,-193,-302,-331,-278,-154,10,0,295,343,296,170,-3,-179,-307,-355,-315,-188,-9,176,317,373,325,202,28,-169,-326,-393,-353,-218,-25,176,334,414,375,235,32,-182,-350,-430,-404,-264,-53,175,368,472,453,313,87,-168,-375,-473,-453,-317,-94,149,350,466,463,330,103,-143,-344,-459,-449,-310,-96,152,374,489,459,308,70,-195,-410,-520,-490,-324,-70,218,455,576,543,364,84,-227,-483,-625,-604,-425,-137,189,483,649,651,479,185,-162,-472,-667,-691,-544,-261,97,434,664,721,603,332,-25,-381,-640,-737,-650,-399,-53,297,572,711,673,470,147,-206,-500,-670,-665,-487,-202,120,407,594,622,490,0,0
39024,mtk,MTK 7916,2423335246,rx0-tx0,512,-349,-392,-414,624,603,507,348,157,-59,-281,-473,-617,-695,-691,-603,-448,-253,-16,231,462,635,732,747,680,537,315,62,-192,-428,-612,-726,-756,-704,-560,-359,-116,136,357,533,659,710,673,566,401,191,-28,-236,-409,-535,-600,-597,-542,-424,-269,-94,86,253,379,473,525,506,444,361,225,87,-58,-207,-338,-424,-476,-493,-454,-373,-261,-109,52,212,360,471,540,545,491,391,242,67,-124,-298,-445,-543,-581,-553,-471,-340,-151,47,247,416,522,581,575,499,361,195,2,-184,-349,-472,-533,-533,-467,-350,-197,-30,138,286,386,441,454,401,313,195,67,-61,-179,-270,-318,-336,-318,-511,-192,-106,-15,65,138,195,221,227,212,183,145,99,39,-11,-59,-100,-148,-167,-182,-185,-174,-145,-104,-52,3,68,130,184,220,234,231,195,142,77,-10,-95,-172,-227,-262,-291,-268,-217,-144,-45,43,137,220,275,305,299,265,202,109,1,-103,-193,-260,-311,-327,-302,-256,-163,-67,36,140,232,296,327,329,289,213,122,7,-94,-197,-287,-320,-330,-309,-244,-156,-63,54,158,249,306,327,316,270,194,95,-16,-129,-223,-287,-323,-316,-268,-193,-91,16,122,214,279,309,297,249,168,70,-45,-155,-234,-286,-295,-260,-188,-87,26,136,214,246,231,172,83,-6,-278,-352,1179,-871,-1002,88,-5,-124,-227,-288,-293,-245,-153,-18,123,247,332,362,343,268,153,15,-124,-251,-346,-399,-395,-339,-237,-105,42,184,307,394,425,408,346,227,84,-64,-204,-323,-413,-456,-431,-372,-261,-117,38,200,330,432,498,488,429,328,171,-5,-192,-363,-480,-547,-554,-488,-372,-211,-16,199,372,500,594,590,520,390,223,21,-184,-351,-475,-561,-580,-519,-414,-249,-66,115,296,431,518,545,512,419,282,117,-58,-224,-365,-450,-510,-506,-436,-336,-192,-26,133,284,406,476,504,470,394,270,120,-48,-205,-342,-450,-498,-507,-457,-343,-202,-39,133,294,410,486,520,486,402,-330,125,-48,-221,-363,-461,-515,-518,-464,-355,-217,-43,138,291,420,511,544,516,437,310,150,-24,-197,-361,-483,-552,-562,-518,-420,-283,-104,86,274,433,554,618,612,545,419,247,44,-173,-380,-548,-652,-696,-659,-536,-363,-147,92,325,525,670,749,732,650,479,254,6,-256,-487,-665,-773,-794,-711,-549,-329,-80,185,430,631,762,789,735,600,402,149,-117,-353,-559,-696,-752,-733,-622,-445,-225,22,246,453,603,681,676,593,457,285,85,-122,-307,-454,-544,-574,-548,-480,-355,-198,-32,132,287,408,480,514,500,429,341,204,37,-128,-282,-399,-491,-534,-533,-468,-355,-192,-476,-645,-729,-29,-37,-3,-207,-406,-549,-637,-665,-618,-495,-316,-91,151,378,559,682,735,704,584,393,157,-92,-330,-543,-698,-761,-743,-635,-455,-225,26,277,498,648,732,721,626,476,278,37,-198,-400,-555,-647,-662,-609,-490,-324,-130,66,252,405,510,563,555,488,374,239,79,-81,-216,-343,-444,-488,-497,-458,-363,-238,-103,54,204,332,440,504,514,479,388,257,103,-74,-241,-389,-507,-564,-562,-492,-369,-203,-15,177,346,492,580,589,544,423,267,81,-122,-315,-452,-546,-573,-531,-432,-285,-109,78,250,387,466,497,477,398,270,125,-34,-181,-289,-361,-391,-382,-332,-243,-134,-25,84,1105,230,274,277,258,220,156,87,18,-45,-103,-146,-187,-203,-196,-177,-154,-118,-70,-26,32,85,134,176,195,206,207,183,131,65,-7,-79,-151,-204,-247,-265,-249,-211,-147,-79,12,117,191,257,287,289,264,202,124,24,-75,-166,-247,-307,-331,-311,-260,-181,-83,26,122,217,285,322,328,298,237,143,42,-69,-180,-261,-322,-340,-326,-287,-198,-87,18,133,231,293,332,337,297,227,123,20,-87,-186,-266,-315,-329,-304,-240,-149,-39,78,181,260,306,318,293,232,144,34,-80,-175,-250,-293,-301,-260,-186,-88,22,129,217,265,277,237,151,49,-57,-143,-191,-187,-269,-181,1145,-260,-77,-203,-240,-228,-160,-54,78,199,298,348,328,256,135,0,-137,-260,-344,-387,-371,-303,-196,-51,97,232,334,393,409,371,289,159,10,-137,-272,-376,-432,-438,-394,-304,-177,-15,134,272,394,461,480,433,343,224,66,-114,-265,-406,-496,-526,-505,-411,-268,-95,100,278,425,528,584,556,447,307,117,-97,-284,-435,-541,-596,-561,-463,-328,-148,57,247,405,515,557,550,479,345,186,3,-176,-339,-456,-521,-529,-481,-375,-232,-78,114,269,395,483,508,483,415,286,149,-15,-168,-304,-420,-487,-501,-458,-370,-235,-81,79,253,384,471,515,504,434,312,169,0,-173,-323,826,-504,-523,-483,-383,-247,-81,93,265,399,495,546,522,451,334,181,2,-174,-330,-448,-526,-544,-521,-435,-293,-123,59,230,383,500,570,581,528,423,271,80,-127,-316,-484,-597,-654,-643,-550,-394,-198,24,253,452,612,711,735,674,528,328,81,-175,-409,-612,-731,-778,-739,-608,-416,-179,91,351,565,715,784,770,670,495,248,-24,-279,-507,-679,-775,-767,-683,-527,-313,-68,187,418,591,698,719,667,549,364,150,-81,-290,-460,-578,-635,-618,-538,-397,-228,-39,135,297,437,515,543,525,452,332,186,31,-134,-275,-390,-489,-528,-518,-447,-344,-207,-44,127,296,435,534,-739,-605
39025,mtk,MTK 7916,2423335246,rx0-tx1,512,87,284,209,708,744,708,594,403,175,-86,-339,-558,-732,-824,-838,-754,-599,-379,-102,182,458,691,848,917,896,783,586,322,15,-297,-573,-807,-959,-1008,-945,-784,-542,-241,96,425,719,939,1057,1069,963,753,479,131,-233,-565,-832,-1021,-1115,-1083,-934,-702,-400,-46,310,632,901,1081,1150,1105,939,682,350,-20,-397,-737,-1002,-1169,-1221,-1142,-937,-637,-263,148,544,885,1132,1263,1251,1115,847,489,85,-328,-704,-1006,-1193,-1258,-1189,-987,-695,-322,81,473,805,1045,1181,1189,1072,852,537,171,-204,-561,-856,-1047,-1135,-1104,-969,-717,-401,-54,302,617,874,1028,1073,1015,849,603,294,-40,-360,-644,-689,-984,-1011,-943,-777,-529,-237,82,389,662,872,985,1003,929,755,507,201,-135,-459,-737,-948,-1060,-1069,-967,-757,-458,-111,255,610,901,1093,1177,1136,971,687,329,-75,-477,-836,-1098,-1242,-1249,-1116,-862,-501,-85,348,743,1047,1240,1293,1191,959,619,210,-229,-635,-970,-1183,-1264,-1204,-1008,-696,-307,118,517,847,1077,1171,1131,968,688,335,-29,-390,-711,-921,-1020,-1003,-869,-643,-358,-45,259,529,728,833,845,762,600,378,126,-130,-370,-555,-669,-707,-665,-553,-381,-174,53,267,442,562,614,591,498,349,152,-58,-258,-421,-527,-555,-503,-376,-198,6,207,358,439,431,337,186,23,37,131,0,-162,-743,-155,-100,-7,95,192,254,275,246,171,67,-49,-159,-252,-307,-323,-290,-221,-127,-9,114,219,299,351,356,310,233,126,-4,-135,-252,-342,-400,-411,-379,-295,-170,-32,121,265,384,462,471,439,358,223,73,-99,-272,-411,-502,-548,-521,-428,-291,-116,78,265,424,534,580,561,480,340,161,-36,-236,-400,-524,-583,-573,-499,-370,-204,-13,169,339,464,539,554,500,400,256,85,-80,-243,-372,-457,-496,-485,-423,-309,-178,-20,129,262,365,423,448,427,361,260,129,-13,-142,-259,-356,-408,-423,-395,-326,-231,-109,21,151,262,351,403,414,385,309,213,85,-47,-168,-277,-130,-393,-393,-358,-283,-180,-67,59,176,270,342,373,368,336,266,179,68,-43,-148,-240,-312,-352,-356,-335,-276,-193,-102,5,115,214,297,355,381,370,329,256,154,36,-89,-213,-325,-403,-441,-446,-402,-321,-195,-49,97,247,377,465,517,506,454,354,205,37,-135,-295,-438,-533,-578,-565,-492,-358,-185,2,193,367,505,584,614,582,480,326,145,-53,-253,-426,-542,-612,-614,-544,-435,-269,-84,106,287,431,533,580,568,498,382,230,64,-111,-269,-398,-486,-532,-525,-472,-374,-250,-103,67,223,355,462,523,547,520,438,320,159,-19,-201,-366,-504,-598,-628,-606,-521,-376,1067,985,504,287,213,203,-37,-270,-494,-662,-762,-793,-732,-599,-395,-140,134,399,620,793,880,875,782,595,346,59,-237,-515,-745,-903,-963,-923,-787,-574,-284,41,366,654,875,1013,1044,968,784,514,187,-165,-507,-785,-989,-1096,-1077,-946,-723,-431,-85,275,602,864,1050,1131,1083,935,696,375,17,-351,-683,-950,-1123,-1186,-1124,-940,-666,-321,73,468,812,1070,1223,1248,1141,904,577,179,-240,-634,-963,-1181,-1275,-1233,-1061,-771,-400,-3,402,762,1035,1202,1235,1140,917,614,245,-151,-517,-829,-1060,-1162,-1153,-1026,-778,-465,-109,253,590,870,1041,1107,1059,902,657,336,0,-336,-636,-865,-1010,-1041,-972,-807,261,-256,61,371,652,859,980,1004,925,761,513,216,-98,-413,-690,-897,-1020,-1040,-945,-759,-489,-162,181,516,808,1014,1117,1108,981,733,409,34,-351,-715,-1001,-1175,-1230,-1149,-932,-609,-220,208,607,947,1183,1282,1241,1055,750,363,-76,-501,-867,-1132,-1275,-1271,-1122,-841,-460,-40,382,756,1039,1203,1225,1104,858,520,121,-270,-632,-916,-1070,-1099,-1019,-810,-515,-184,163,485,732,886,935,879,733,501,228,-57,-326,-544,-701,-767,-754,-657,-484,-274,-40,195,401,553,640,655,592,460,277,65,-149,-336,-485,-570,-582,-520,-388,-205,6,210,378,481,511,451,315,134,-62,-226,-323,-335,386,382,0,1197,839,110,186,225,221,169,78,-33,-149,-239,-293,-301,-266,-190,-84,35,152,243,309,340,322,260,173,60,-71,-190,-285,-354,-381,-366,-309,-213,-85,55,193,317,401,443,439,380,274,118,-43,-193,-337,-440,-500,-515,-455,-336,-185,-4,184,349,477,554,564,506,389,225,32,-160,-340,-478,-558,-585,-537,-431,-275,-84,110,298,443,540,571,540,457,316,147,-39,-215,-360,-471,-521,-513,-457,-349,-213,-53,107,260,372,448,479,452,387,276,152,10,-135,-262,-362,-421,-429,-402,-339,-238,-115,16,148,261,349,406,416,384,318,222,97,-30,-164,-271,-352,-401,-402,-366,-293,245,-66,52,169,275,344,381,382,342,274,174,56,-62,-175,-264,-330,-364,-364,-332,-271,-184,-78,26,132,231,299,344,359,343,297,225,131,17,-95,-205,-297,-371,-405,-409,-370,-292,-177,-50,83,220,338,431,470,473,434,340,213,53,-116,-267,-405,-504,-550,-537,-478,-363,-201,-28,153,326,473,564,599,574,487,344,165,-26,-221,-398,-531,-606,-625,-577,-459,-299,-118,90,273,434,553,601,599,528,408,249,67,-121,-288,-423,-516,-559,-550,-482,-370,-229,-71,88,239,367,459,521,532,484,403,280,127,-31,-200,-346,-469,-557,-583,-557,-478,-354,-182,13,211,395,543,226,801
39026,mtk,MTK 7916,2423335246,rx1-tx0,512,0,714,283,-748,-720,-622,-446,-218,31,288,513,680,795,825,755,608,396,134,-144,-419,-659,-825,-901,-876,-765,-570,-305,2,316,601,809,944,983,904,715,453,140,-193,-513,-770,-954,-1035,-988,-837,-596,-285,49,389,684,900,1021,1022,934,723,432,114,-223,-535,-794,-971,-1026,-975,-838,-593,-287,44,369,657,869,982,1002,902,720,457,140,-182,-485,-736,-899,-982,-943,-799,-577,-296,20,330,595,798,907,914,822,652,411,127,-162,-431,-648,-789,-860,-813,-687,-503,-257,2,258,487,648,760,779,718,579,388,155,-94,-331,-528,-657,-721,-708,-619,-458,-256,-33,195,408,570,655,680,216,511,337,139,-86,-304,-471,-580,-633,-616,-528,-378,-188,7,198,371,502,567,571,511,392,246,80,-97,-254,-397,-466,-488,-472,-398,-274,-146,6,142,265,357,391,410,372,300,201,85,-28,-137,-226,-295,-337,-349,-318,-260,-183,-76,20,118,205,265,311,339,311,254,191,91,-24,-130,-240,-306,-341,-365,-335,-254,-169,-45,96,215,313,379,384,344,267,158,36,-94,-210,-290,-345,-352,-310,-247,-143,-34,76,177,245,292,299,268,199,111,16,-74,-148,-210,-240,-236,-206,-149,-84,-9,65,134,181,195,185,153,104,38,-36,-92,-136,-157,-150,-118,-66,-7,47,83,-325,51,0,893,765,149,94,4,-100,-192,-259,-271,-231,-142,-29,90,196,277,312,305,242,149,30,-95,-204,-281,-331,-320,-272,-192,-81,37,156,250,305,325,306,242,146,33,-76,-177,-247,-284,-295,-272,-216,-118,-22,74,141,202,237,242,220,175,111,41,-28,-95,-152,-183,-197,-193,-169,-150,-91,-22,42,97,129,160,173,165,151,104,52,-1,-50,-101,-127,-141,-141,-130,-111,-84,-44,-18,32,68,87,107,119,114,104,79,53,27,-8,-40,-73,-86,-102,-119,-106,-90,-71,-41,-14,23,52,91,118,132,123,102,82,50,14,-28,-74,-103,-114,-120,-121,-112,-92,-57,-25,16,-584,87,105,127,129,115,96,70,32,-12,-46,-78,-107,-124,-144,-143,-120,-95,-56,-11,27,61,103,129,152,159,150,123,89,52,0,-53,-108,-162,-195,-213,-214,-201,-157,-102,-42,49,124,193,262,302,324,297,251,166,52,-69,-200,-306,-393,-444,-447,-390,-286,-148,18,194,363,498,568,575,514,396,238,45,-180,-388,-539,-651,-681,-623,-503,-322,-93,148,364,555,669,716,689,580,413,186,-57,-288,-501,-650,-729,-735,-641,-487,-288,-54,183,406,586,691,736,691,571,397,171,-62,-283,-480,-622,-702,-710,-634,-496,-315,-98,127,360,547,666,721,700,612,455,253,129,698,0,497,655,4,236,458,632,741,778,742,617,432,194,-80,-350,-576,-755,-851,-856,-776,-600,-356,-70,229,505,735,885,943,901,751,517,235,-93,-419,-694,-893,-999,-1003,-888,-674,-386,-41,295,594,836,985,1027,962,780,524,203,-135,-464,-747,-930,-1016,-1001,-879,-660,-357,-26,287,584,825,969,1006,942,778,523,220,-111,-426,-690,-894,-988,-970,-854,-641,-372,-63,260,544,773,912,960,890,737,499,211,-97,-390,-627,-803,-886,-859,-756,-567,-335,-63,226,461,656,778,807,759,626,438,208,-49,-295,-502,-652,-739,-743,-676,-524,-322,-94,143,365,544,655,703,677,576,404,195,-27,757,-451,-582,-656,-666,-593,-447,-271,-69,145,337,493,577,603,568,468,309,127,-65,-249,-393,-489,-536,-525,-463,-343,-182,-30,129,279,381,436,451,412,348,228,105,-16,-148,-246,-326,-370,-369,-335,-268,-184,-83,25,130,209,281,318,329,311,259,180,99,-11,-125,-206,-278,-335,-340,-329,-269,-178,-82,33,168,260,332,383,373,319,230,106,-33,-156,-266,-340,-372,-363,-304,-212,-104,26,132,227,294,324,321,265,187,82,-30,-133,-209,-250,-269,-254,-209,-141,-51,28,104,165,199,212,201,164,97,24,-46,-105,-151,-180,-175,-143,-94,-33,29,83,117,124,105,58,-505,-350,0,232,570,-120,-179,-219,-214,-162,-66,53,171,254,292,283,231,139,25,-100,-209,-285,-321,-310,-250,-163,-49,78,185,275,327,329,289,212,110,4,-113,-214,-289,-319,-311,-261,-177,-81,24,124,219,273,282,259,207,155,74,-9,-89,-157,-210,-225,-225,-201,-153,-93,-28,38,91,137,185,191,185,153,116,72,10,-42,-92,-132,-153,-162,-160,-131,-89,-45,-4,37,75,109,123,128,130,105,83,56,15,-24,-56,-86,-96,-105,-110,-101,-85,-56,-30,9,46,65,89,109,117,113,106,86,49,13,-32,-58,-90,-113,-126,-131,-115,-85,-55,-24,22,61,98,116,123,129,-674,88,62,31,-15,-50,-82,-106,-132,-133,-115,-102,-75,-42,-10,37,71,103,130,143,140,136,112,82,40,-10,-61,-102,-132,-159,-174,-176,-162,-124,-66,-9,54,115,174,213,251,269,241,205,133,49,-52,-155,-244,-336,-379,-390,-355,-279,-166,-27,133,284,402,486,524,503,421,281,103,-97,-295,-454,-566,-628,-621,-522,-376,-186,49,275,472,618,699,685,608,460,250,25,-222,-438,-610,-718,-733,-680,-544,-347,-120,135,372,559,689,740,715,613,435,230,-5,-247,-452,-618,-706,-716,-658,-530,-347,-131,105,327,506,639,704,699,626,470,280,53,-178,-398,-572,-679,-769,-829
39027,mtk,MTK 7916,2423335246,rx1-tx1,512,0,0,0,-52,307,606,802,839,698,414,48,-327,-635,-820,-843,-698,-413,-46,328,637,808,813,656,376,18,-339,-617,-758,-750,-592,-309,38,368,617,735,692,505,215,-123,-441,-661,-739,-659,-450,-148,198,506,698,752,647,407,72,-280,-571,-751,-781,-641,-371,-26,326,612,782,794,650,372,21,-341,-627,-785,-793,-653,-372,-16,327,610,762,766,620,356,21,-304,-565,-709,-704,-564,-323,-22,279,517,648,637,499,269,2,-260,-465,-579,-571,-442,-234,8,252,437,523,500,388,204,-19,-232,-387,-461,-435,-328,-162,28,199,329,391,365,267,129,-32,-178,-278,-319,-291,-210,-93,0,157,234,254,221,147,37,-79,-156,-199,-203,-153,-66,26,108,165,184,157,101,16,-75,-143,-173,-171,-133,-48,48,136,193,207,176,116,17,-91,-186,-239,-248,-204,-116,-2,121,227,291,304,253,157,23,-119,-248,-328,-346,-305,-215,-85,67,214,325,373,352,273,149,-3,-157,-292,-374,-393,-344,-240,-98,57,198,301,352,345,293,198,62,-82,-204,-291,-335,-324,-259,-155,-41,71,174,252,291,285,239,154,55,-50,-138,-213,-259,-262,-225,-166,-84,8,94,167,217,235,227,188,119,39,-35,-108,-170,-210,-221,-208,-176,-123,-61,8,66,113,139,148,145,138,0,0,0,0,0,-34,-41,-45,-45,-39,-24,-1,32,64,79,94,94,72,30,-9,-49,-87,-118,-129,-115,-81,-32,25,82,134,159,150,117,65,-2,-72,-124,-157,-163,-132,-75,-17,43,101,141,148,127,73,3,-59,-103,-128,-122,-82,-22,46,107,139,143,110,42,-41,-127,-190,-225,-212,-149,-44,78,197,283,314,289,208,72,-92,-246,-353,-396,-372,-276,-111,77,264,417,489,463,351,164,-47,-248,-419,-526,-528,-424,-233,5,237,429,548,554,452,271,37,-207,-410,-537,-556,-468,-287,-56,182,390,521,538,445,271,46,-195,-400,-509,-513,-415,-232,-1,223,397,491,481,369,0,-63,-289,-455,-523,-486,-340,-110,147,376,528,574,507,330,68,-212,-444,-585,-618,-523,-313,-29,268,516,658,671,546,295,-28,-340,-588,-728,-719,-555,-276,62,400,665,807,781,587,269,-108,-470,-748,-879,-822,-604,-273,124,510,795,917,851,616,261,-152,-548,-841,-954,-873,-617,-235,201,589,862,964,881,619,230,-202,-590,-863,-962,-860,-585,-196,222,594,847,929,823,552,172,-238,-584,-816,-873,-748,-470,-105,280,599,784,811,665,380,24,-336,-627,-778,-767,-598,-308,53,408,667,785,737,536,228,-124,-461,-704,-792,-715,-488,-165,200,525,736,797,701,455,119,-244,0,0,0,0,0,-829,-768,-556,-231,148,495,743,849,787,562,233,-147,-502,-750,-846,-775,-550,-218,157,496,723,804,728,501,171,-188,-498,-695,-749,-652,-422,-99,237,523,705,730,590,328,0,-325,-589,-736,-722,-554,-270,68,397,648,766,721,527,225,-128,-467,-709,-809,-736,-522,-196,170,503,726,817,748,521,191,-168,-492,-717,-804,-734,-517,-200,152,470,687,767,698,486,187,-136,-428,-627,-695,-620,-428,-155,133,389,561,614,547,379,129,-131,-359,-515,-559,-487,-318,-94,130,327,466,503,427,277,84,-123,-300,-406,-426,-362,-233,-58,112,249,338,364,306,180,31,-109,-218,-276,0,-214,-120,4,119,193,227,217,155,63,-41,-131,-188,-196,-155,-83,-5,76,147,176,157,99,22,-64,-140,-181,-185,-152,-81,20,120,194,231,217,153,60,-54,-172,-250,-275,-257,-193,-83,55,182,280,326,309,236,125,-20,-171,-292,-359,-367,-311,-189,-37,114,246,345,386,355,260,127,-30,-184,-305,-367,-371,-313,-206,-72,73,207,301,345,333,272,171,45,-86,-201,-284,-315,-297,-245,-165,-48,67,159,230,271,270,233,162,72,-32,-129,-196,-237,-251,-227,-172,-101,-22,63,138,191,223,226,202,150,78,4,-64,-128,-176,-200,-200,-182,-146,-97,-50,-9,30,0,0,0,0,0,18,9,-5,-23,-43,-62,-73,-69,-58,-35,1,40,73,96,110,105,78,35,-15,-61,-109,-144,-150,-119,-77,-23,44,107,145,162,156,111,43,-26,-89,-139,-164,-157,-119,-55,17,78,120,139,121,75,18,-42,-94,-128,-128,-90,-27,52,121,169,177,157,96,-4,-116,-211,-269,-269,-216,-115,19,161,278,350,356,298,176,8,-177,-329,-423,-440,-373,-232,-46,163,342,466,501,447,298,93,-137,-346,-489,-546,-505,-359,-141,100,331,496,561,524,388,171,-81,-312,-473,-549,-522,-386,-173,71,296,461,533,493,352,137,-97,-308,-453,-507,-459,-313,-94,143,347,0,502,427,257,22,-219,-414,-531,-535,-420,-211,44,301,498,591,565,417,177,-108,-368,-562,-652,-607,-437,-164,155,441,635,707,632,432,128,-214,-512,-714,-778,-678,-435,-100,267,587,789,841,725,448,70,-323,-660,-870,-899,-748,-447,-54,351,691,902,933,765,444,38,-375,-728,-938,-951,-775,-443,-21,406,746,942,957,768,427,5,-409,-744,-925,-925,-733,-397,10,416,740,901,870,662,324,-73,-444,-716,-839,-788,-571,-245,125,471,721,815,732,496,152,-207,-516,-725,-782,-671,-417,-82,269,572,748,769,632,369,17,-339,-630,-780,-770,-605,-318,42,387,655,797,772,0,0
39028,mtk,MTK 7916,2423335246,rx2-tx0,512,0,0,0,1038,905,582,133,-343,-740,-983,-1021,-843,-482,-26,440,813,1009,986,757,369,-98,-543,-873,-1012,-940,-656,-233,235,650,931,1007,864,536,93,-379,-769,-989,-992,-788,-408,68,536,881,1038,974,706,278,-220,-668,-971,-1071,-951,-620,-152,352,776,1040,1071,874,499,14,-480,-875,-1078,-1039,-774,-346,160,632,972,1098,988,660,188,-329,-776,-1064,-1124,-938,-545,-27,495,921,1158,1150,890,443,-101,-625,-1018,-1205,-1148,-842,-353,208,725,1099,1241,1129,780,271,-291,-789,-1127,-1227,-1080,-708,-193,358,835,1136,1196,1006,610,98,-425,-855,-1109,-1128,-904,-493,5,490,871,1069,1034,773,358,0,-572,-904,-1037,-942,-651,-220,262,678,946,1018,867,523,64,-408,-792,-1011,-1018,-804,-416,69,540,897,1072,1023,755,322,-193,-674,-1018,-1158,-1059,-735,-254,297,796,1135,1247,1110,740,217,-355,-867,-1204,-1301,-1134,-740,-202,387,914,1253,1333,1151,739,178,-417,-926,-1258,-1341,-1150,-722,-160,429,935,1261,1334,1141,725,170,-411,-915,-1244,-1328,-1160,-759,-214,362,855,1183,1287,1148,793,297,-241,-720,-1052,-1181,-1084,-794,-368,108,547,869,1023,977,748,392,-15,-394,-687,-848,-845,-679,-402,-69,260,522,683,716,620,423,161,-119,-359,-531,-606,-578,-470,-296,-92,102,262,372,416,401,341,0,0,0,0,0,-311,-319,-283,-200,-77,77,242,388,487,523,481,360,181,-34,-254,-442,-558,-580,-498,-331,-106,148,383,545,615,574,424,188,-87,-347,-545,-645,-622,-479,-237,49,331,546,660,640,492,246,-45,-337,-560,-675,-651,-494,-230,83,382,606,704,658,475,184,-149,-456,-676,-759,-682,-465,-150,209,530,754,820,723,475,123,-258,-590,-803,-852,-735,-469,-98,302,636,847,890,747,449,54,-347,-677,-871,-895,-732,-422,-24,388,718,902,903,717,379,-31,-437,-752,-918,-892,-683,-338,78,480,782,927,883,650,287,-123,-512,-801,-919,-850,-602,-233,180,552,807,898,809,544,167,0,-590,-815,-869,-734,-452,-76,322,643,821,826,654,336,-52,-424,-703,-835,-782,-556,-210,182,540,788,861,748,472,93,-319,-661,-866,-888,-726,-403,14,441,772,940,908,685,309,-130,-544,-847,-975,-891,-622,-212,240,635,902,982,844,520,86,-365,-734,-944,-960,-764,-399,60,506,847,999,942,676,268,-206,-642,-943,-1037,-913,-593,-145,340,760,1019,1054,873,505,24,-466,-857,-1073,-1058,-819,-406,92,575,934,1102,1036,749,297,-210,-674,-993,-1106,-992,-667,-195,314,754,1039,1102,934,581,103,-400,-818,-1058,-1077,-871,-486,1,483,866,1068,1039,789,378,-104,-564,-909,-1054,-971,0,0,0,0,0,52,511,864,1029,984,728,319,-160,-602,-919,-1032,-926,-630,-203,265,673,946,1021,856,508,68,-385,-763,-982,-979,-763,-383,81,527,860,1003,937,663,240,-233,-657,-944,-1029,-894,-559,-101,384,792,1022,1039,837,450,-38,-517,-888,-1074,-1028,-763,-326,173,633,961,1090,974,649,184,-322,-760,-1032,-1080,-888,-500,-8,487,883,1092,1063,804,363,-161,-655,-1016,-1156,-1049,-717,-235,306,791,1116,1202,1032,646,120,-435,-901,-1180,-1218,-1006,-583,-39,516,962,1206,1198,942,490,-49,-578,-997,-1209,-1155,-865,-405,130,634,1009,1173,1089,775,306,-216,-688,-1006,-1110,-979,-650,-188,305,729,991,0,871,518,53,-417,-795,-998,-992,-765,-374,96,543,878,1023,951,672,242,-243,-679,-969,-1057,-927,-591,-119,379,805,1065,1106,920,533,22,-506,-929,-1172,-1181,-939,-496,45,589,1020,1249,1227,960,489,-87,-647,-1081,-1307,-1267,-972,-485,104,681,1121,1336,1279,973,472,-125,-692,-1122,-1333,-1273,-960,-459,130,695,1116,1319,1267,961,476,-100,-656,-1083,-1298,-1265,-987,-526,27,564,982,1208,1211,987,582,86,-411,-815,-1053,-1088,-926,-599,-170,272,638,875,943,833,573,225,-152,-479,-702,-784,-725,-540,-266,42,327,544,652,646,534,337,98,-141,-339,-477,-536,-513,-422,-286,-132,10,131,0,0,0,0,0,-18,-134,-245,-348,-418,-445,-409,-308,-150,40,234,406,522,557,496,358,160,-77,-313,-492,-584,-583,-479,-282,-27,236,458,597,623,532,341,82,-203,-450,-612,-652,-569,-376,-105,196,452,627,674,585,376,96,-208,-477,-648,-684,-579,-348,-45,269,532,694,715,590,331,-10,-357,-623,-767,-765,-604,-311,49,410,691,834,805,616,300,-85,-457,-736,-871,-831,-614,-268,128,500,782,905,840,610,252,-162,-545,-820,-924,-836,-580,-203,218,594,850,933,821,542,157,-258,-626,-870,-935,-799,-506,-106,311,663,881,920,773,468,62,-354,-689,-884,-896,-724,-402,-1,398,709,870,0,643,315,-81,-459,-738,-856,-794,-555,-205,182,532,770,840,730,456,80,-313,-637,-819,-826,-659,-349,46,436,732,876,831,604,240,-175,-556,-827,-925,-825,-547,-144,293,668,904,951,798,474,45,-399,-757,-952,-951,-747,-381,68,506,835,980,912,652,247,-209,-625,-909,-994,-861,-540,-99,366,756,984,998,799,430,-34,-504,-867,-1049,-1002,-741,-324,163,623,950,1077,981,675,224,-283,-730,-1026,-1097,-940,-583,-103,403,819,1064,1090,882,488,-12,-505,-892,-1094,-1068,-813,-393,106,585,942,1100,1027,738,299,-199,-656,-975,-1085,-967,-650,-202,288,719,995,1058,893,548,85,-390,0,0
39029,mtk,MTK 7916,2423335246,rx2-tx1,512,0,0,0,-634,-633,-490,-261,8,275,484,585,561,418,199,-60,-298,-469,-544,-513,-380,-170,74,296,445,500,451,311,117,-98,-290,-417,-445,-386,-251,-70,119,276,362,373,302,173,16,-135,-253,-312,-300,-226,-107,24,139,209,235,203,124,21,-81,-152,-170,-149,-93,-4,81,142,176,139,56,-38,-129,-198,-227,-197,-109,16,144,248,310,320,256,119,-56,-224,-351,-411,-387,-284,-117,87,281,421,472,435,311,130,-96,-312,-466,-514,-465,-325,-118,127,341,482,531,459,292,76,-155,-365,-500,-525,-447,-277,-48,200,406,524,530,425,240,-4,-249,-438,-534,-531,-415,-211,39,0,454,547,523,386,162,-91,-332,-500,-568,-517,-360,-122,134,363,519,566,496,319,74,-184,-399,-542,-565,-469,-278,-27,236,451,571,570,445,231,-39,-313,-521,-621,-597,-438,-178,117,392,594,680,627,447,166,-149,-457,-683,-763,-685,-467,-149,193,507,725,809,731,503,167,-205,-542,-771,-855,-780,-543,-195,191,544,799,900,837,626,285,-117,-499,-778,-911,-877,-687,-371,6,385,694,859,861,723,460,113,-245,-542,-732,-792,-706,-492,-199,114,391,591,677,646,493,260,-7,-254,-448,-563,-581,-497,-327,-114,103,293,425,488,471,387,258,108,-43,-174,-264,-306,-305,-267,0,0,0,0,0,168,164,147,104,36,-37,-113,-185,-234,-251,-243,-197,-118,-24,76,167,229,254,243,196,114,9,-95,-177,-232,-252,-225,-166,-82,22,120,188,217,211,180,117,28,-59,-128,-163,-171,-161,-120,-52,15,66,96,116,101,71,38,9,-16,-35,-37,-39,-28,-14,2,-2,-15,-21,-27,-28,-18,8,36,57,91,112,99,58,13,-47,-112,-168,-196,-184,-137,-59,42,145,232,291,287,226,125,-3,-144,-267,-338,-362,-317,-203,-49,126,282,378,401,352,246,92,-90,-265,-385,-430,-392,-286,-119,73,251,378,432,396,285,116,-80,-261,-384,-429,-396,-276,-101,90,257,0,429,383,248,63,-130,-299,-416,-435,-365,-228,-41,169,349,449,453,368,203,-15,-222,-399,-493,-483,-367,-174,57,274,443,522,498,365,152,-99,-337,-509,-576,-525,-370,-132,137,377,538,595,538,369,115,-162,-402,-563,-602,-514,-323,-62,212,444,572,581,464,250,-8,-273,-490,-591,-560,-415,-175,103,367,563,642,577,383,100,-202,-467,-646,-698,-595,-375,-74,257,542,718,739,610,362,33,-316,-605,-777,-790,-641,-368,-13,349,634,808,827,667,378,19,-353,-654,-823,-836,-683,-397,-32,341,637,801,811,672,407,59,-291,-589,-765,-781,-639,-384,-66,253,531,685,685,0,0,0,0,0,147,-134,-386,-568,-622,-539,-356,-105,164,391,536,578,500,313,67,-182,-387,-501,-516,-426,-251,-33,188,367,461,456,363,194,-10,-205,-342,-406,-387,-284,-131,45,201,305,345,316,220,75,-77,-197,-263,-272,-214,-114,0,102,176,193,171,117,37,-63,-140,-169,-147,-84,13,110,172,186,154,86,-22,-136,-227,-271,-252,-171,-39,113,252,340,369,316,197,22,-165,-326,-427,-445,-362,-207,-8,199,376,487,497,399,221,2,-222,-404,-504,-506,-401,-211,28,253,423,522,511,383,170,-76,-297,-459,-538,-503,-366,-140,113,336,492,548,483,320,95,-146,-372,-515,-534,0,-294,-60,192,402,530,549,455,265,17,-229,-430,-548,-554,-441,-233,24,271,466,560,540,408,193,-77,-327,-506,-580,-530,-364,-117,151,393,559,604,525,335,60,-222,-460,-617,-655,-552,-327,-25,283,536,693,707,578,332,5,-337,-616,-769,-761,-616,-342,19,377,658,821,822,663,372,6,-368,-677,-853,-861,-720,-421,-27,364,678,871,910,781,501,121,-272,-604,-834,-913,-819,-578,-245,130,471,720,833,793,610,324,-3,-320,-571,-713,-723,-600,-368,-85,194,429,586,632,564,404,184,-64,-288,-450,-533,-521,-429,-272,-86,100,253,362,415,407,349,251,136,27,-75,0,0,0,0,0,22,81,133,182,215,229,215,168,88,2,-84,-166,-231,-265,-252,-205,-130,-29,82,173,234,256,241,186,100,0,-100,-184,-229,-237,-210,-142,-50,30,112,174,201,185,139,70,2,-61,-107,-135,-138,-118,-70,-17,28,57,76,84,75,47,17,-4,-14,-14,-3,2,-1,-11,-16,-27,-54,-63,-59,-51,-24,20,71,113,141,142,112,65,-3,-88,-170,-230,-239,-208,-143,-40,82,203,289,327,301,218,86,-65,-209,-324,-376,-356,-284,-150,21,196,332,411,412,334,190,10,-177,-339,-429,-427,-348,-208,-26,159,316,413,426,354,214,27,-162,-318,-408,-413,-340,0,9,200,347,422,407,315,148,-55,-253,-392,-452,-425,-306,-117,97,295,429,480,428,280,76,-141,-346,-479,-516,-445,-275,-37,204,399,526,542,447,261,19,-245,-459,-581,-579,-459,-250,11,278,487,595,585,453,223,-45,-304,-498,-591,-557,-406,-168,107,354,533,595,523,338,87,-195,-436,-582,-606,-493,-271,19,308,528,645,643,498,232,-85,-388,-614,-713,-673,-500,-214,122,449,685,791,726,513,197,-156,-487,-728,-825,-754,-528,-197,182,522,751,839,771,546,208,-161,-502,-748,-847,-768,-542,-221,133,463,707,809,753,545,237,-110,-430,-654,-744,-685,-495,-209,110,0,0
39030,mtk,MTK 7916,2423373091,rx0-tx0,512,-349,871,795,-342,-172,10,195,363,493,577,601,566,474,326,141,-52,-256,-427,-562,-644,-642,-585,-464,-291,-91,122,327,496,602,652,632,544,402,222,19,-184,-364,-502,-581,-614,-577,-470,-327,-157,20,188,350,456,518,523,474,392,272,134,-10,-144,-260,-357,-409,-436,-416,-358,-280,-175,-59,57,168,266,344,391,416,399,345,261,158,31,-100,-229,-336,-412,-460,-451,-402,-313,-194,-48,100,244,368,451,490,479,418,318,171,20,-133,-286,-393,-473,-492,-457,-374,-255,-113,38,185,317,401,440,431,383,296,177,46,-88,-203,-290,-344,-351,-331,-274,-193,-104,-9,78,164,222,-511,255,238,202,150,86,28,-31,-88,-126,-158,-170,-163,-154,-143,-109,-83,-40,5,37,80,119,141,160,171,164,140,110,65,14,-40,-94,-149,-186,-206,-214,-200,-166,-108,-43,37,102,158,208,244,252,226,179,116,44,-27,-108,-181,-238,-265,-270,-258,-204,-138,-61,31,124,196,250,287,295,265,212,142,46,-52,-149,-219,-268,-296,-286,-258,-195,-110,-24,81,168,235,275,292,282,230,167,82,-8,-102,-184,-246,-286,-287,-258,-207,-132,-46,53,134,201,251,268,253,210,138,57,-30,-121,-192,-241,-261,-240,-187,-121,-29,70,147,203,223,201,147,73,-10,-83,695,826,1179,1097,910,-170,-220,-221,-167,-73,43,160,249,301,310,277,186,70,-57,-182,-278,-344,-358,-333,-270,-166,-38,95,222,319,382,393,361,291,188,61,-78,-210,-319,-397,-430,-419,-357,-254,-125,20,161,290,384,445,454,424,345,220,76,-81,-238,-366,-472,-511,-500,-434,-323,-173,-9,168,323,437,522,536,499,407,266,99,-72,-244,-382,-482,-527,-525,-466,-365,-223,-46,127,277,410,486,512,498,426,322,174,5,-160,-306,-415,-481,-508,-480,-404,-293,-151,4,162,307,416,482,502,473,400,288,139,-23,-173,-306,-414,-484,-502,-469,-386,-258,-118,39,191,324,429,493,504,461,-330,260,106,-44,-196,-333,-421,-483,-501,-469,-382,-264,-117,38,194,331,426,491,512,478,406,293,141,-18,-173,-318,-439,-520,-547,-534,-464,-344,-184,-11,166,338,474,569,613,590,520,395,216,20,-191,-390,-540,-644,-686,-652,-561,-419,-214,14,246,450,611,711,748,697,564,383,158,-83,-318,-525,-673,-762,-768,-683,-534,-332,-91,158,386,574,698,750,723,620,457,253,20,-208,-414,-573,-671,-686,-643,-530,-368,-177,31,228,386,505,575,580,534,449,317,156,-15,-173,-308,-409,-475,-505,-487,-420,-320,-195,-54,92,220,339,438,481,490,449,377,270,127,-29,-185,-327,1124,1214,-729,-134,-380,457,545,576,555,469,330,166,-29,-220,-395,-536,-612,-632,-585,-470,-318,-118,92,282,461,589,651,652,575,435,256,53,-156,-348,-499,-595,-629,-600,-505,-359,-183,6,202,370,482,547,556,517,426,292,138,-30,-178,-308,-406,-462,-476,-438,-370,-270,-149,-25,106,218,306,372,406,409,378,310,213,111,-6,-126,-242,-329,-393,-430,-421,-378,-288,-180,-46,99,234,346,434,480,469,418,318,186,43,-115,-264,-392,-476,-495,-478,-406,-290,-151,15,169,307,408,467,475,441,348,221,78,-71,-203,-314,-378,-401,-381,-330,-251,-140,-20,91,186,252,293,299,284,235,160,1105,13,-54,-117,-168,-197,-202,-197,-174,-138,-96,-44,0,36,82,115,134,154,149,145,137,108,75,42,-2,-54,-100,-140,-171,-189,-191,-175,-140,-82,-26,38,98,159,202,226,231,206,173,115,42,-43,-117,-175,-221,-246,-247,-233,-193,-131,-53,22,109,184,231,268,283,261,212,145,61,-33,-131,-203,-268,-308,-307,-274,-208,-128,-30,68,151,225,270,297,290,244,180,93,4,-92,-175,-233,-276,-292,-275,-224,-153,-67,32,119,195,248,278,269,228,172,96,7,-82,-163,-221,-247,-257,-229,-175,-99,-6,88,162,217,246,228,180,110,21,-67,-137,-175,-178,-144,576,358,1145,-522,-816,-94,-6,101,197,261,285,250,171,58,-61,-184,-281,-333,-343,-300,-219,-105,20,139,251,336,377,371,320,231,108,-28,-158,-275,-358,-406,-408,-363,-279,-162,-27,118,250,352,421,443,422,352,241,103,-51,-194,-329,-426,-473,-484,-433,-341,-204,-34,124,278,399,487,524,508,422,307,146,-32,-204,-352,-462,-520,-534,-490,-388,-241,-76,96,257,388,491,537,514,449,336,184,26,-140,-290,-412,-492,-518,-494,-417,-304,-164,-8,157,302,418,487,505,476,401,284,141,-17,-172,-307,-419,-487,-505,-467,-393,-278,-135,22,179,321,422,486,502,466,385,263,113,-52,-207,826,-436,-490,-495,-470,-378,-257,-116,42,200,331,431,493,504,474,388,269,134,-28,-187,-328,-437,-503,-519,-492,-424,-312,-159,1,166,326,455,543,576,563,491,364,209,16,-171,-347,-509,-612,-652,-633,-546,-401,-222,-5,216,405,573,684,722,686,574,408,195,-41,-287,-495,-650,-744,-757,-694,-559,-369,-136,126,367,556,694,762,750,658,502,290,50,-189,-407,-572,-687,-732,-688,-580,-413,-207,11,222,409,542,627,641,584,476,329,148,-39,-207,-349,-460,-526,-536,-497,-416,-300,-167,-19,131,261,368,442,481,475,422,353,234,95,-55,-199,-326,-431,-495,-517,-485,-408,483,145
39031,mtk,MTK 7916,2423373091,rx0-tx1,512,87,-481,-312,-548,-395,-206,16,244,456,623,738,788,763,660,484,270,18,-244,-482,-686,-826,-885,-862,-754,-573,-328,-55,235,502,728,888,962,951,849,659,396,90,-223,-530,-782,-962,-1057,-1044,-920,-720,-449,-114,217,532,800,987,1087,1083,970,775,498,175,-162,-487,-760,-975,-1088,-1106,-1032,-858,-597,-282,63,408,726,968,1129,1182,1124,952,689,361,-17,-393,-730,-993,-1168,-1225,-1162,-990,-717,-374,8,384,715,978,1147,1201,1141,967,701,371,11,-350,-670,-922,-1094,-1146,-1093,-938,-695,-401,-62,280,590,838,1003,1080,1041,910,703,424,111,-210,-507,-751,-918,-1004,-996,-893,-713,-466,-180,-689,410,651,831,947,976,903,754,542,276,-12,-303,-576,-786,-937,-1000,-971,-856,-654,-389,-85,237,544,809,995,1100,1089,972,757,456,106,-258,-610,-907,-1113,-1217,-1185,-1038,-788,-444,-52,351,715,1018,1214,1286,1221,1027,726,355,-68,-472,-828,-1103,-1257,-1277,-1166,-926,-602,-207,207,591,914,1122,1222,1179,1015,751,408,28,-341,-664,-920,-1059,-1078,-996,-799,-534,-221,107,406,649,813,895,883,771,581,350,101,-158,-387,-562,-674,-722,-692,-591,-440,-242,-27,181,363,498,587,614,565,462,306,117,-72,-256,-407,-509,-546,-511,-410,-258,-70,120,288,403,446,414,317,171,3,-132,-744,-702,0,614,608,100,173,215,216,176,94,-4,-106,-198,-262,-289,-275,-222,-141,-40,71,170,248,304,323,300,248,165,65,-44,-151,-250,-324,-365,-366,-325,-252,-148,-29,101,228,329,401,434,425,368,262,128,-20,-180,-322,-429,-497,-511,-472,-379,-247,-80,99,268,419,520,565,560,483,353,191,1,-183,-340,-474,-551,-571,-530,-433,-296,-127,54,231,382,485,538,538,478,374,243,87,-81,-238,-359,-444,-485,-476,-428,-335,-216,-78,60,195,312,394,436,442,408,333,225,101,-26,-148,-257,-344,-401,-414,-390,-337,-250,-138,-22,100,218,312,374,399,394,350,271,169,52,-74,-193,-130,-357,-384,-380,-352,-285,-191,-85,28,138,229,303,346,357,342,296,223,135,37,-65,-159,-242,-309,-343,-342,-329,-285,-216,-133,-28,75,172,260,323,360,376,357,312,234,136,19,-105,-218,-323,-403,-450,-454,-411,-341,-228,-94,52,198,331,441,508,521,498,426,301,150,-20,-191,-353,-480,-556,-582,-558,-481,-358,-202,-16,171,341,475,569,605,578,506,382,218,35,-149,-325,-451,-544,-584,-563,-500,-385,-239,-78,89,244,375,471,525,529,485,409,292,154,10,-133,-268,-381,-456,-496,-495,-463,-392,-282,-148,0,156,300,421,515,561,559,515,422,281,112,-73,-258,-109,201,504,571,682,437,592,695,740,707,601,438,232,0,-243,-473,-660,-781,-840,-810,-704,-534,-297,-36,240,497,709,856,923,909,800,616,360,73,-227,-511,-758,-938,-1016,-1008,-897,-690,-425,-108,231,538,792,986,1081,1061,949,741,461,139,-197,-515,-783,-983,-1084,-1097,-994,-810,-545,-222,110,443,742,971,1110,1147,1084,906,644,324,-39,-398,-724,-980,-1152,-1215,-1156,-977,-710,-373,5,380,724,992,1166,1221,1154,974,706,368,1,-366,-696,-959,-1120,-1177,-1119,-954,-707,-390,-35,309,631,875,1047,1120,1078,931,699,410,80,-260,-557,-803,-972,-1045,-1020,-901,-700,-435,-139,172,460,699,873,963,261,889,719,496,227,-69,-353,-599,-802,-935,-977,-937,-799,-593,-335,-36,261,548,791,956,1041,1026,918,716,441,113,-241,-570,-857,-1061,-1161,-1146,-1017,-778,-461,-83,305,657,956,1158,1247,1204,1043,770,408,6,-410,-771,-1058,-1241,-1292,-1205,-994,-677,-286,132,530,876,1122,1256,1243,1109,849,507,119,-283,-635,-921,-1102,-1157,-1085,-914,-641,-299,53,391,680,879,986,981,872,681,435,154,-139,-407,-614,-741,-800,-774,-669,-499,-295,-67,168,368,530,635,661,622,520,374,198,-7,-206,-378,-509,-570,-568,-503,-384,-218,-25,166,335,453,509,488,395,245,65,-114,-258,-346,-355,-290,52,248,0,-146,169,149,104,21,-76,-168,-236,-261,-247,-192,-105,-1,103,196,263,302,300,259,191,98,-11,-117,-210,-287,-331,-340,-311,-249,-156,-45,77,188,284,356,388,393,347,259,143,8,-136,-276,-389,-454,-480,-455,-374,-255,-104,57,222,366,474,537,532,478,367,212,38,-143,-318,-450,-537,-572,-536,-454,-322,-151,31,211,367,483,551,561,512,407,261,97,-78,-241,-374,-465,-521,-514,-455,-353,-223,-74,82,222,338,416,456,459,418,333,216,89,-41,-170,-286,-369,-413,-421,-395,-336,-247,-130,-1,123,235,329,383,402,391,347,264,156,34,-87,-204,-296,-362,-394,-391,-349,245,-175,-64,45,154,258,327,364,372,345,287,208,103,-1,-101,-198,-275,-322,-349,-342,-308,-251,-169,-70,25,111,207,276,329,357,351,317,260,174,82,-23,-132,-236,-323,-382,-414,-403,-361,-290,-187,-65,77,207,328,424,481,495,461,388,266,119,-41,-193,-345,-463,-535,-563,-537,-460,-329,-168,4,179,344,476,567,603,579,494,365,206,16,-165,-333,-473,-568,-599,-585,-503,-376,-229,-51,121,281,416,506,553,546,492,394,262,108,-50,-189,-317,-423,-489,-508,-488,-426,-331,-213,-77,64,199,327,428,496,526,513,454,354,219,57,-108,-270,-423,-539,-607,-620,-575,-619,-593
39032,mtk,MTK 7916,2423373091,rx1-tx0,512,0,360,585,399,221,17,-199,-392,-554,-671,-730,-705,-624,-476,-267,-39,205,438,627,765,822,798,696,516,292,29,-256,-511,-716,-847,-897,-866,-740,-534,-273,17,316,589,793,920,958,896,742,518,239,-69,-374,-637,-836,-944,-968,-889,-736,-498,-215,87,384,641,831,940,961,888,727,481,196,-98,-384,-646,-830,-946,-967,-895,-731,-473,-190,108,398,650,836,935,940,852,680,435,157,-139,-418,-652,-825,-891,-875,-787,-605,-376,-113,160,409,617,749,816,798,713,549,324,88,-158,-383,-559,-691,-750,-734,-647,-500,-297,-77,142,347,517,638,703,684,588,435,258,63,-150,-344,-493,216,-638,-612,-518,-391,-221,-18,181,344,484,562,584,552,457,329,166,-10,-180,-336,-448,-501,-506,-456,-375,-252,-108,27,172,291,373,420,410,380,311,213,100,-36,-149,-227,-289,-336,-341,-307,-254,-187,-96,-4,71,148,205,248,266,267,251,212,152,79,-3,-74,-144,-209,-257,-284,-290,-271,-210,-124,-35,58,161,253,311,332,327,289,206,109,-13,-119,-214,-298,-343,-340,-303,-242,-132,-20,82,171,236,277,295,263,213,141,45,-40,-125,-183,-223,-239,-217,-182,-130,-59,8,81,137,161,178,178,142,100,42,-18,-69,-115,-145,-151,-130,-90,-44,7,55,83,98,-536,-282,0,-124,-601,-89,-161,-206,-209,-168,-91,7,114,198,262,285,252,190,105,-12,-120,-217,-285,-302,-288,-239,-152,-55,57,158,239,290,300,274,220,137,37,-65,-156,-221,-261,-272,-261,-218,-141,-66,16,86,145,191,217,225,203,168,116,59,-7,-63,-109,-159,-189,-205,-194,-161,-127,-74,-15,55,114,149,175,186,178,159,119,73,16,-47,-97,-137,-160,-157,-159,-154,-124,-75,-30,21,63,104,127,139,157,146,127,93,58,15,-27,-61,-98,-128,-140,-151,-144,-124,-88,-47,-10,37,78,120,142,153,160,148,113,65,25,-35,-89,-124,-156,-170,-173,-159,-121,-80,-29,24,-584,107,138,151,150,146,121,77,36,-1,-56,-91,-115,-135,-141,-133,-119,-94,-59,-26,2,34,69,100,107,112,118,116,108,90,63,35,-2,-35,-70,-116,-136,-164,-177,-168,-158,-125,-80,-22,57,123,185,242,282,300,288,237,164,58,-59,-175,-288,-374,-438,-450,-404,-316,-201,-49,124,275,407,506,549,541,467,342,176,-17,-202,-375,-520,-590,-610,-574,-471,-323,-134,72,263,427,547,627,633,575,458,294,108,-99,-294,-457,-578,-627,-620,-560,-437,-277,-97,98,283,446,553,609,609,550,443,301,108,-82,-259,-409,-532,-612,-623,-576,-476,-334,-157,35,226,404,1002,791,0,-571,-333,-549,-647,-693,-669,-585,-442,-256,-29,198,406,596,715,766,753,656,498,283,28,-223,-470,-668,-802,-871,-840,-719,-534,-284,-11,277,545,754,887,935,894,749,526,257,-46,-349,-610,-812,-935,-971,-900,-738,-502,-223,81,378,637,841,946,964,893,725,487,209,-90,-378,-643,-848,-956,-965,-888,-721,-484,-212,97,382,654,844,943,959,875,701,463,174,-126,-417,-661,-833,-920,-919,-820,-642,-398,-115,151,416,636,780,858,843,746,577,351,99,-158,-398,-596,-722,-778,-767,-677,-525,-323,-85,153,364,543,668,717,697,609,469,283,72,-157,-358,-512,-611,-665,-647,-559,-418,757,-39,173,345,484,583,620,580,495,363,191,10,-176,-334,-456,-528,-538,-506,-423,-294,-142,29,181,314,415,458,463,429,335,228,95,-30,-149,-258,-337,-386,-392,-340,-276,-200,-99,13,109,186,252,299,296,282,244,190,121,49,-30,-109,-169,-222,-252,-268,-258,-236,-182,-114,-29,55,145,227,278,305,309,286,219,127,25,-83,-190,-275,-331,-348,-317,-267,-181,-65,50,140,235,301,318,304,254,176,90,-12,-111,-184,-248,-267,-257,-221,-165,-103,-20,55,124,179,205,211,191,141,82,27,-40,-100,-141,-171,-170,-148,-114,-58,1,60,101,123,127,101,61,19,-412,-614,0,1017,842,-155,-108,-28,69,163,228,256,239,177,89,-28,-133,-209,-271,-295,-268,-212,-115,-10,87,186,257,300,305,268,200,100,-10,-114,-199,-260,-290,-288,-252,-190,-102,-10,77,166,224,244,247,217,181,126,60,-13,-84,-138,-179,-207,-209,-194,-169,-126,-67,-5,66,116,155,192,203,196,160,118,71,14,-44,-100,-146,-178,-193,-176,-146,-114,-65,-19,23,82,134,161,167,157,137,113,70,40,-7,-52,-87,-116,-126,-135,-132,-125,-104,-72,-34,0,44,89,128,147,159,151,134,95,53,11,-33,-85,-130,-148,-169,-174,-145,-108,-63,-18,25,76,115,148,164,166,-674,109,69,20,-17,-57,-107,-135,-143,-152,-141,-113,-86,-49,-4,32,64,92,109,123,123,119,106,75,48,26,-4,-33,-62,-92,-116,-128,-139,-127,-127,-104,-69,-39,16,67,111,157,194,224,232,213,178,121,45,-40,-140,-232,-306,-355,-363,-341,-278,-189,-65,88,230,347,439,501,496,436,338,194,26,-155,-330,-471,-568,-596,-557,-477,-324,-140,45,239,407,538,618,626,571,457,308,119,-86,-278,-445,-563,-629,-635,-575,-455,-285,-91,104,294,455,560,615,614,561,445,285,103,-90,-270,-419,-539,-609,-612,-563,-465,-324,-141,57,238,401,525,609,631,594,491,191,655
39033,mtk,MTK 7916,2423373091,rx1-tx1,512,0,0,0,600,372,59,-278,-559,-720,-731,-585,-312,22,354,614,737,703,528,241,-94,-409,-632,-713,-641,-446,-148,177,455,624,662,552,317,22,-271,-501,-622,-605,-445,-179,125,398,577,628,546,337,48,-254,-500,-639,-631,-490,-241,68,369,591,684,625,430,146,-171,-458,-647,-699,-604,-381,-78,244,515,680,700,569,324,16,-298,-545,-675,-663,-517,-267,29,320,537,632,593,435,189,-85,-334,-509,-569,-516,-353,-120,131,349,484,510,433,266,40,-180,-350,-441,-442,-352,-184,15,191,329,396,378,276,120,-49,-199,-306,-342,-305,-202,-69,68,187,266,280,234,140,26,-82,0,-222,-213,-154,-68,21,99,155,178,149,82,7,-66,-118,-136,-127,-85,-20,52,108,134,130,91,22,-53,-113,-148,-144,-103,-43,30,109,169,185,160,108,21,-81,-168,-225,-237,-204,-125,-18,100,201,268,281,239,151,33,-102,-224,-298,-318,-280,-190,-66,76,209,301,340,311,231,110,-31,-172,-280,-338,-336,-271,-163,-24,115,229,297,327,304,218,99,-25,-151,-252,-306,-309,-263,-174,-56,64,167,247,285,273,218,130,26,-78,-173,-240,-262,-244,-193,-113,-22,77,162,217,244,238,193,119,35,-51,-128,-183,-212,-216,-191,-146,-88,-25,33,79,110,122,123,0,0,0,0,0,11,-5,-18,-28,-40,-50,-48,-37,-21,1,28,55,75,79,71,49,16,-22,-57,-84,-103,-100,-78,-41,10,60,93,114,115,96,52,0,-51,-86,-111,-113,-90,-49,0,50,82,97,82,50,7,-44,-87,-103,-95,-60,1,59,107,138,134,90,23,-57,-139,-193,-213,-192,-124,-22,100,208,274,290,251,158,21,-125,-253,-342,-364,-314,-195,-26,154,304,413,434,363,218,20,-184,-349,-443,-451,-372,-221,-20,190,363,463,465,367,202,-4,-211,-385,-476,-465,-354,-174,41,245,394,464,428,301,112,-100,-292,-414,-447,-387,-243,-39,172,335,430,433,336,155,0,-270,-412,-475,-429,-281,-67,172,373,493,510,412,223,-20,-262,-461,-555,-527,-384,-151,125,376,551,604,526,336,73,-224,-479,-631,-652,-532,-287,28,344,582,698,672,497,205,-128,-448,-684,-768,-685,-462,-139,227,546,749,802,679,404,40,-333,-644,-815,-814,-638,-323,60,426,707,839,792,564,220,-166,-526,-765,-836,-740,-489,-131,258,593,791,821,680,393,22,-352,-643,-793,-763,-569,-260,100,427,658,751,682,456,129,-220,-509,-684,-709,-577,-318,6,331,584,701,660,474,186,-139,-437,-645,-705,-608,-379,-70,255,528,686,691,542,276,-47,-357,-591,-695,-653,-465,0,0,0,0,0,377,620,732,684,489,183,-160,-464,-674,-748,-659,-431,-114,227,517,692,723,609,357,33,-290,-546,-678,-664,-501,-229,76,361,572,648,580,386,108,-191,-444,-603,-620,-493,-252,42,319,536,637,591,411,138,-173,-440,-614,-666,-563,-331,-33,275,534,682,682,526,255,-59,-361,-595,-704,-659,-478,-201,116,415,624,702,637,439,154,-160,-438,-614,-655,-567,-366,-88,203,440,575,588,481,284,29,-227,-429,-539,-530,-401,-200,37,262,420,481,447,310,122,-83,-273,-399,-431,-373,-241,-65,117,268,357,368,299,174,17,-134,-249,-309,-303,-231,-108,19,129,219,258,228,0,48,-50,-134,-186,-192,-150,-86,3,86,140,153,135,87,13,-56,-106,-134,-123,-81,-20,44,106,143,135,89,32,-37,-115,-162,-162,-135,-76,10,100,177,218,211,150,60,-44,-139,-213,-254,-243,-186,-84,47,163,246,296,293,220,109,-25,-158,-270,-327,-316,-250,-148,-13,129,250,323,336,287,195,70,-69,-194,-292,-334,-314,-245,-132,5,137,241,308,323,277,188,75,-50,-167,-251,-290,-283,-236,-157,-46,76,174,238,270,262,205,122,24,-82,-173,-233,-254,-235,-185,-114,-28,64,146,201,228,226,191,135,65,-13,-87,-142,-175,-183,-171,-142,-102,-59,-19,0,0,0,0,0,17,27,27,22,13,-1,-24,-39,-52,-62,-59,-43,-19,14,45,69,87,92,80,52,6,-40,-75,-101,-113,-101,-68,-23,24,70,103,122,111,75,29,-22,-73,-102,-103,-90,-51,-2,43,76,89,81,51,2,-50,-91,-113,-104,-66,-8,69,130,162,171,136,58,-33,-125,-205,-251,-248,-190,-82,43,176,282,333,311,230,106,-55,-217,-337,-392,-378,-288,-126,69,247,374,440,407,292,120,-84,-280,-421,-476,-430,-301,-113,100,293,428,479,434,293,91,-126,-314,-439,-469,-401,-248,-44,170,345,443,443,348,182,-21,-226,-382,-445,-406,-282,-92,116,305,431,0,371,219,16,-213,-399,-488,-464,-337,-137,98,325,484,539,479,312,70,-195,-423,-562,-577,-463,-248,24,296,512,623,602,444,180,-125,-407,-611,-688,-609,-396,-100,239,534,708,728,603,343,-6,-352,-623,-773,-764,-584,-280,87,441,705,813,746,520,186,-195,-542,-770,-837,-726,-456,-75,307,627,815,828,669,365,-26,-403,-685,-826,-796,-594,-260,114,469,723,815,724,488,144,-224,-539,-728,-759,-630,-361,-15,328,591,722,696,514,221,-120,-434,-644,-709,-621,-400,-88,236,509,674,687,549,288,-43,-360,-594,-699,-649,-463,-173,163,458,646,704,604,371,61,-265,-528,0,0
39034,mtk,MTK 7916,2423373091,rx2-tx0,512,0,0,0,-641,-942,-1031,-893,-555,-82,407,797,1013,994,748,344,-135,-588,-905,-1012,-890,-568,-119,356,752,973,970,744,352,-124,-575,-891,-999,-873,-552,-100,379,775,993,979,739,327,-165,-621,-935,-1041,-912,-567,-85,416,824,1052,1039,789,356,-161,-645,-981,-1091,-954,-602,-114,399,824,1065,1056,798,356,-174,-661,-994,-1103,-963,-598,-86,451,886,1116,1090,816,353,-199,-712,-1070,-1195,-1048,-658,-113,458,930,1200,1209,947,472,-116,-680,-1094,-1268,-1167,-805,-267,331,856,1189,1264,1063,625,55,-526,-985,-1217,-1193,-915,-429,149,682,1053,1189,1066,709,196,-350,-814,-1089,-1116,-893,-479,39,537,0,1072,995,691,227,-283,-725,-1000,-1045,-853,-463,34,523,892,1060,989,696,234,-287,-747,-1048,-1114,-927,-525,-3,531,952,1165,1126,833,344,-225,-757,-1137,-1269,-1119,-728,-179,422,945,1269,1318,1086,621,13,-599,-1091,-1352,-1325,-1018,-492,149,754,1194,1386,1293,919,340,-302,-875,-1273,-1402,-1223,-787,-194,448,994,1330,1383,1151,675,68,-544,-1046,-1335,-1351,-1089,-611,-22,567,1036,1285,1268,1006,552,-4,-540,-945,-1156,-1140,-894,-480,10,470,822,1001,975,763,410,-9,-405,-696,-844,-823,-640,-344,2,332,578,707,702,564,328,49,-223,-442,-571,-601,-534,-389,-202,-1,175,302,370,378,0,0,0,0,0,-48,-165,-282,-381,-440,-440,-374,-239,-57,142,334,488,562,538,421,228,-14,-262,-463,-584,-601,-501,-300,-45,229,466,611,633,530,322,46,-248,-493,-637,-651,-532,-301,-3,303,543,666,649,500,237,-81,-378,-594,-687,-628,-423,-124,203,489,677,719,591,332,0,-341,-623,-768,-743,-557,-247,123,479,736,834,752,502,140,-259,-608,-825,-867,-726,-420,-19,390,721,902,882,665,308,-119,-527,-824,-942,-856,-585,-181,259,641,889,947,798,473,50,-386,-745,-947,-940,-729,-358,88,515,834,969,895,622,218,-226,-622,-885,-955,-812,-493,-70,360,710,902,892,687,333,-96,0,-781,-892,-798,-529,-144,269,625,832,853,676,347,-62,-454,-746,-861,-778,-510,-121,297,648,860,878,690,339,-96,-510,-812,-934,-843,-565,-151,306,699,941,962,774,412,-48,-505,-847,-999,-932,-649,-220,261,682,951,1005,838,479,5,-471,-838,-1012,-954,-675,-248,244,684,964,1020,846,476,-7,-492,-864,-1040,-982,-701,-257,249,704,1002,1077,907,530,32,-478,-879,-1079,-1036,-767,-322,201,681,1003,1102,955,592,92,-423,-844,-1075,-1074,-826,-388,140,632,979,1110,997,657,170,-353,-797,-1056,-1079,-868,-469,39,538,915,1081,1011,719,265,-250,-701,-992,-1066,-894,-522,-39,447,831,0,0,0,0,0,810,424,-63,-524,-870,-1026,-952,-655,-212,274,697,957,1008,833,470,-1,-473,-834,-1000,-938,-669,-246,239,665,932,984,814,451,-18,-478,-830,-997,-937,-649,-210,276,697,970,1019,830,446,-38,-521,-891,-1062,-989,-686,-229,281,733,1021,1073,876,485,-20,-516,-900,-1085,-1016,-708,-237,287,743,1027,1082,886,475,-43,-554,-945,-1120,-1035,-703,-209,336,807,1105,1153,938,504,-49,-602,-1019,-1210,-1138,-807,-293,294,820,1165,1253,1064,634,70,-512,-982,-1242,-1224,-936,-440,151,702,1099,1260,1141,777,240,-340,-842,-1151,-1205,-998,-580,-33,521,944,1152,1105,818,356,-183,-681,-1012,-1104,-951,0,-101,411,827,1047,1023,768,343,-159,-626,-952,-1062,-927,-578,-98,411,834,1070,1060,810,375,-150,-648,-1011,-1151,-1031,-680,-168,390,864,1164,1212,989,540,-32,-602,-1056,-1295,-1245,-925,-402,214,788,1198,1355,1222,826,254,-382,-943,-1307,-1384,-1167,-705,-93,536,1054,1354,1364,1081,566,-67,-682,-1156,-1385,-1326,-984,-438,192,785,1217,1391,1280,909,349,-272,-826,-1210,-1352,-1222,-839,-295,288,798,1141,1249,1109,754,261,-259,-716,-1017,-1105,-966,-651,-224,229,622,867,933,820,547,177,-202,-522,-725,-780,-689,-471,-177,140,415,598,663,616,463,239,-9,-237,-411,-507,-518,-453,-335,-197,-60,0,0,0,0,0,315,309,256,154,16,-150,-315,-442,-511,-513,-428,-259,-40,189,393,538,589,538,383,151,-114,-361,-545,-623,-585,-429,-185,100,364,564,650,603,435,176,-127,-404,-601,-677,-603,-402,-120,193,468,641,676,565,334,29,-289,-545,-685,-668,-512,-237,103,426,647,739,672,451,117,-253,-571,-767,-806,-666,-375,8,382,681,845,827,624,281,-124,-507,-792,-904,-815,-550,-162,268,640,872,916,768,450,28,-403,-744,-932,-918,-702,-335,101,525,838,966,881,604,200,-243,-644,-904,-969,-821,-495,-64,377,729,930,933,733,369,-73,-497,-806,-934,-862,-607,-213,226,606,850,905,0,441,33,-380,-705,-869,-834,-607,-250,166,541,790,855,731,433,33,-380,-704,-866,-825,-597,-229,195,583,838,907,766,447,23,-409,-764,-943,-912,-670,-280,181,601,895,990,864,535,81,-390,-778,-993,-980,-754,-358,123,578,903,1020,904,580,129,-351,-753,-988,-995,-772,-363,127,590,923,1041,921,595,133,-370,-794,-1032,-1033,-804,-391,111,596,946,1084,981,651,170,-344,-783,-1050,-1080,-867,-460,55,561,935,1102,1025,716,244,-280,-740,-1038,-1098,-913,-525,-14,495,893,1094,1053,773,322,-202,-674,-997,-1099,-949,-592,-110,397,813,1042,1045,814,398,-99,-568,-914,-1056,-957,-643,0,0
39035,mtk,MTK 7916,2423373091,rx2-tx1,512,0,0,0,262,475,570,543,412,194,-67,-309,-478,-533,-475,-316,-93,148,345,461,474,392,227,16,-198,-363,-441,-418,-307,-133,67,238,341,370,322,202,37,-127,-253,-322,-305,-222,-94,45,170,254,270,211,106,-15,-123,-191,-205,-173,-96,8,103,160,170,141,66,-35,-127,-182,-193,-148,-58,57,166,234,249,208,112,-31,-183,-292,-343,-317,-205,-34,142,291,392,419,344,188,-11,-221,-394,-486,-473,-360,-159,75,285,444,512,472,334,113,-148,-375,-513,-541,-449,-263,-21,229,429,534,518,390,179,-75,-312,-489,-554,-489,-324,-88,174,395,526,548,445,237,-11,-252,-444,0,-533,-384,-158,105,353,515,570,505,320,59,-211,-438,-568,-568,-445,-222,53,313,505,587,546,384,128,-162,-410,-563,-597,-501,-287,-3,288,517,632,608,445,177,-131,-417,-617,-683,-602,-387,-75,265,548,718,740,598,315,-45,-399,-675,-813,-782,-584,-254,140,508,774,880,816,576,207,-214,-598,-863,-951,-844,-568,-173,262,653,922,1001,882,591,185,-253,-643,-908,-996,-890,-622,-227,208,586,831,925,844,603,248,-142,-487,-729,-817,-750,-545,-244,91,400,612,704,659,501,257,-30,-300,-501,-606,-600,-488,-299,-65,164,351,472,511,466,356,211,55,-89,-200,-267,-289,0,0,0,0,0,31,88,139,180,200,204,179,124,48,-35,-119,-191,-232,-244,-212,-145,-54,42,129,196,234,226,179,106,12,-85,-162,-205,-214,-182,-129,-55,34,113,163,182,172,125,57,-11,-64,-102,-125,-132,-114,-72,-15,25,48,69,70,52,39,25,11,4,-5,-19,-23,-21,-34,-46,-58,-61,-49,-27,8,54,102,140,147,113,60,-2,-85,-165,-218,-229,-199,-120,-5,113,214,281,307,278,184,45,-102,-241,-344,-373,-325,-223,-83,89,254,367,405,357,254,91,-98,-255,-365,-416,-371,-244,-74,112,276,379,396,342,216,37,-143,-291,-378,-386,-305,-150,23,186,316,0,360,259,96,-89,-251,-359,-394,-336,-197,-10,172,330,416,409,304,133,-74,-264,-397,-443,-391,-249,-48,160,339,452,460,364,180,-50,-272,-436,-509,-476,-341,-125,124,350,503,542,467,289,41,-218,-423,-535,-538,-422,-213,40,288,477,551,500,336,90,-168,-390,-522,-538,-433,-231,33,294,489,580,535,363,101,-191,-444,-601,-636,-527,-290,16,316,557,685,665,491,216,-106,-420,-659,-749,-666,-447,-134,215,515,716,768,658,401,59,-296,-588,-760,-775,-629,-351,7,361,635,769,755,584,286,-74,-406,-648,-753,-705,-514,-216,119,423,631,697,619,416,128,-172,-427,0,0,0,0,0,-541,-363,-112,159,392,530,549,460,269,17,-225,-405,-502,-490,-365,-161,66,275,416,466,414,280,80,-125,-295,-393,-406,-320,-162,10,170,292,346,317,217,77,-79,-214,-289,-292,-228,-113,16,131,207,232,202,111,4,-96,-164,-189,-157,-83,11,93,147,165,132,55,-39,-136,-204,-217,-172,-78,50,175,271,305,254,144,-5,-172,-307,-375,-372,-279,-111,94,281,413,456,411,274,70,-152,-351,-476,-505,-419,-245,-14,226,422,525,509,390,182,-70,-308,-482,-550,-495,-329,-95,166,384,518,544,452,255,12,-242,-446,-546,-523,-399,-181,87,332,503,562,493,322,0,-186,-417,-551,-560,-447,-239,22,285,486,575,536,385,151,-126,-375,-534,-582,-502,-305,-39,239,466,589,575,431,199,-79,-345,-540,-611,-550,-365,-88,215,478,637,652,517,278,-35,-349,-595,-714,-682,-494,-187,165,485,708,782,690,443,93,-289,-609,-805,-843,-711,-421,-33,374,708,900,902,723,388,-32,-451,-787,-966,-949,-743,-394,37,473,815,989,975,770,417,-13,-438,-774,-952,-942,-755,-434,-40,353,671,846,862,705,420,68,-287,-573,-734,-748,-626,-389,-95,205,460,616,654,565,379,137,-123,-353,-508,-567,-534,-414,-234,-34,155,306,395,421,392,313,206,98,0,0,0,0,0,-152,-143,-121,-77,-16,61,134,187,220,232,204,141,56,-41,-130,-198,-237,-236,-200,-132,-35,71,157,210,229,206,148,68,-19,-104,-169,-198,-198,-161,-94,-14,57,112,147,158,139,94,39,-19,-63,-90,-99,-90,-57,-33,-12,9,30,41,41,29,24,30,40,39,25,4,-12,-35,-69,-90,-98,-95,-65,-14,45,103,148,175,169,130,52,-39,-132,-213,-252,-246,-199,-105,36,173,273,337,337,271,145,-14,-177,-298,-368,-372,-304,-170,0,177,316,391,397,321,175,-14,-194,-331,-400,-390,-304,-151,25,204,347,405,367,268,112,-77,-250,-359,-386,-333,-213,0,131,287,378,380,288,132,-41,-202,-332,-388,-360,-241,-66,123,294,407,419,337,189,-7,-217,-373,-449,-427,-316,-123,106,315,452,493,424,259,27,-208,-398,-507,-504,-394,-202,42,285,465,551,512,352,123,-128,-356,-518,-564,-471,-273,-28,221,431,544,527,389,169,-102,-353,-517,-564,-484,-290,-24,252,479,603,584,437,189,-106,-395,-601,-664,-587,-395,-107,217,507,692,720,594,343,11,-328,-599,-741,-730,-557,-266,81,413,665,783,733,520,196,-163,-484,-712,-796,-701,-471,-143,215,529,728,775,657,409,80,-257,-540,-709,-727,-585,-334,-20,296,536,654,635,490,0,0
39036,mtk,MTK 7916,2423405567,rx0-tx0,512,-349,871,795,-373,-475,-532,-530,-466,-346,-175,12,197,376,510,579,589,530,410,239,39,-169,-354,-502,-595,-614,-563,-446,-272,-85,124,322,470,566,602,562,457,310,118,-78,-263,-407,-506,-552,-522,-436,-308,-157,4,170,305,403,460,456,415,325,209,81,-53,-174,-281,-349,-383,-384,-340,-285,-200,-86,27,133,231,304,357,379,380,330,237,123,-9,-145,-268,-364,-426,-449,-412,-328,-214,-75,76,227,362,446,485,467,395,274,131,-42,-213,-348,-450,-497,-476,-400,-287,-127,40,187,318,409,445,433,360,261,135,-3,-131,-248,-335,-371,-364,-311,-225,-135,-33,74,160,233,270,-511,261,217,148,69,-8,-82,-141,-185,-213,-217,-193,-161,-124,-70,-11,38,101,147,172,190,193,175,131,83,37,-28,-76,-133,-177,-200,-211,-194,-157,-107,-43,37,104,161,200,221,222,198,144,78,0,-79,-145,-197,-230,-240,-228,-188,-130,-43,32,104,170,217,241,242,218,172,101,28,-55,-136,-195,-241,-253,-238,-200,-134,-58,32,113,184,235,254,245,204,154,82,2,-78,-146,-201,-235,-240,-221,-179,-104,-23,57,132,193,231,234,217,176,107,19,-56,-118,-180,-215,-223,-196,-150,-90,-6,72,139,184,208,201,163,101,17,-64,-131,-172,-174,-146,-92,-24,695,826,1179,1097,910,-202,-213,-170,-80,35,155,258,313,307,254,153,25,-112,-234,-325,-367,-354,-291,-184,-58,79,216,323,383,394,356,278,151,2,-150,-281,-378,-428,-430,-372,-275,-145,16,166,294,391,442,444,392,286,158,-7,-160,-309,-419,-488,-490,-440,-336,-182,-16,158,306,432,514,513,457,356,206,37,-140,-297,-420,-503,-522,-474,-372,-244,-86,85,249,381,466,497,484,419,300,132,-37,-198,-343,-440,-494,-499,-441,-333,-197,-31,137,279,388,470,496,464,383,263,105,-64,-223,-363,-458,-504,-495,-430,-316,-170,1,163,315,435,504,515,465,361,213,57,-106,-266,-394,-480,-330,-494,-408,-278,-128,32,187,334,439,493,500,453,353,220,64,-107,-267,-393,-471,-513,-495,-427,-310,-157,6,175,328,449,521,535,504,405,267,111,-76,-258,-414,-528,-585,-592,-518,-391,-219,-17,187,381,529,631,662,613,503,327,116,-118,-340,-528,-656,-711,-686,-581,-408,-181,61,302,515,656,736,727,626,460,243,-3,-257,-476,-632,-713,-719,-635,-485,-280,-49,199,406,558,649,662,607,480,298,85,-115,-305,-458,-545,-570,-540,-447,-317,-158,7,174,316,412,471,479,434,353,243,106,-30,-162,-285,-366,-428,-444,-408,-345,-242,-116,15,172,306,399,464,479,431,1124,1214,-729,-134,-380,-359,-213,-47,125,293,432,530,561,535,444,291,110,-80,-273,-439,-555,-606,-581,-495,-354,-167,45,248,423,541,595,600,513,373,197,-3,-206,-374,-503,-572,-571,-507,-381,-229,-43,146,303,426,498,517,478,380,261,106,-46,-187,-303,-374,-412,-409,-368,-292,-189,-78,44,149,239,314,357,364,347,296,212,114,7,-112,-230,-324,-385,-412,-397,-343,-241,-115,35,190,315,411,466,474,430,329,187,25,-146,-299,-411,-482,-499,-447,-349,-216,-54,112,261,389,474,482,433,339,204,59,-91,-228,-330,-396,-408,-374,-305,-198,-72,50,165,247,296,324,308,258,186,94,1105,-73,-153,-210,-240,-245,-228,-186,-137,-73,1,65,113,158,189,192,187,167,125,79,30,-31,-95,-150,-173,-202,-199,-181,-155,-96,-37,25,92,145,190,227,225,202,156,94,24,-54,-130,-189,-225,-242,-230,-195,-138,-69,7,88,152,206,238,235,223,186,119,41,-38,-117,-184,-233,-255,-255,-221,-169,-91,-3,84,159,212,249,255,232,183,107,23,-59,-132,-190,-234,-248,-232,-192,-136,-55,29,104,174,224,237,233,200,147,71,-16,-93,-168,-218,-233,-211,-182,-135,-62,16,92,153,204,226,207,159,90,17,-63,-130,-182,-201,-184,-137,-66,13,80,129,144,576,358,1145,-522,-816,-24,72,174,245,271,244,162,37,-97,-215,-305,-346,-333,-269,-158,-24,112,237,330,376,380,331,230,102,-42,-179,-302,-387,-417,-397,-323,-211,-70,79,225,338,419,446,415,337,220,70,-85,-242,-356,-440,-474,-451,-384,-256,-95,86,239,376,463,500,481,406,290,125,-62,-223,-370,-470,-511,-500,-423,-307,-148,31,204,342,442,503,508,442,333,181,19,-145,-299,-422,-489,-497,-464,-373,-242,-93,75,236,364,453,496,474,403,298,162,-10,-171,-316,-425,-490,-494,-449,-353,-216,-59,109,267,394,479,511,483,403,275,119,-57,-224,-369,-466,-507,-504,-438,-320,-167,826,161,315,426,486,499,468,381,245,89,-76,-239,-372,-456,-505,-497,-436,-330,-189,-26,143,298,423,497,524,498,421,297,136,-42,-215,-375,-480,-547,-564,-511,-408,-248,-72,125,314,465,578,626,606,519,371,183,-45,-264,-458,-601,-681,-685,-607,-462,-260,-30,209,425,599,705,731,673,533,328,97,-158,-384,-568,-686,-738,-694,-571,-375,-146,103,335,526,647,703,671,548,381,171,-49,-261,-443,-573,-623,-610,-535,-394,-212,-25,163,323,441,511,522,487,391,267,124,-34,-179,-302,-395,-444,-445,-420,-340,-239,-122,27,161,278,379,427,454,435,349,235,102,-53,-203,483,145
39037,mtk,MTK 7916,2423405567,rx0-tx1,512,87,-481,-312,-390,-555,-670,-719,-690,-591,-417,-194,50,301,523,696,800,818,750,600,376,106,-177,-446,-672,-830,-904,-882,-768,-568,-305,6,319,600,829,968,996,929,751,493,171,-164,-487,-763,-966,-1062,-1034,-906,-667,-366,-24,326,642,881,1027,1071,1005,831,574,260,-85,-427,-719,-941,-1060,-1076,-995,-795,-523,-193,170,523,818,1029,1135,1120,995,759,430,63,-318,-668,-948,-1125,-1182,-1115,-923,-635,-271,116,485,805,1042,1158,1154,1024,783,463,89,-285,-623,-883,-1065,-1125,-1060,-894,-634,-310,43,400,700,926,1051,1060,959,761,494,171,-166,-485,-745,-920,-1005,-983,-863,-645,-368,-61,259,-689,769,915,969,921,788,573,299,-6,-312,-587,-802,-939,-985,-929,-780,-547,-250,79,399,690,912,1036,1060,965,764,472,128,-234,-598,-894,-1090,-1166,-1123,-948,-663,-298,105,501,853,1108,1227,1214,1071,794,432,13,-415,-794,-1078,-1244,-1262,-1133,-874,-513,-94,329,712,1019,1202,1234,1126,889,545,148,-256,-635,-924,-1092,-1139,-1057,-842,-535,-176,188,513,780,945,991,919,741,491,192,-114,-389,-610,-753,-805,-772,-650,-462,-230,14,251,453,586,660,655,569,424,242,26,-178,-352,-500,-573,-574,-508,-377,-203,-6,191,361,470,514,487,378,220,32,-161,-305,-394,-400,-327,-198,-50,-744,-702,0,614,608,146,190,195,157,81,-18,-118,-205,-257,-270,-235,-168,-76,32,133,220,280,300,281,235,153,45,-72,-171,-263,-323,-336,-320,-267,-179,-64,61,184,296,369,404,392,339,241,103,-47,-193,-331,-439,-483,-474,-407,-289,-138,38,222,377,490,545,539,459,330,156,-41,-234,-388,-508,-570,-560,-487,-346,-178,11,201,367,489,548,548,491,366,207,33,-141,-295,-423,-497,-509,-468,-376,-244,-95,61,206,325,410,447,443,387,300,183,42,-96,-219,-321,-385,-414,-401,-345,-254,-139,-13,115,234,330,386,406,379,319,219,102,-19,-149,-261,-344,-385,-391,-357,-285,-186,-62,-130,165,266,333,366,367,324,247,152,46,-71,-167,-253,-318,-345,-338,-301,-235,-150,-48,59,155,241,304,334,335,306,248,175,82,-24,-127,-214,-283,-338,-348,-340,-303,-228,-134,-22,98,216,321,391,425,420,375,284,172,28,-131,-277,-400,-484,-509,-486,-422,-297,-136,30,202,362,477,554,573,519,414,261,81,-115,-286,-435,-547,-587,-563,-491,-358,-194,-2,184,352,486,556,570,517,422,292,122,-55,-214,-351,-455,-509,-509,-466,-372,-251,-110,45,191,310,402,461,474,444,374,267,144,6,-136,-266,-387,-463,-503,-497,-444,-352,-209,-51,120,298,441,547,605,601,-109,201,504,571,682,-577,-423,-232,-5,229,448,630,740,774,730,599,408,162,-111,-369,-604,-770,-857,-856,-764,-583,-339,-53,241,519,745,901,957,909,766,539,237,-84,-403,-684,-897,-1015,-1021,-924,-720,-439,-94,251,574,838,1002,1073,1022,860,610,303,-38,-381,-682,-910,-1045,-1079,-998,-806,-544,-213,123,467,763,974,1094,1109,996,782,485,130,-236,-581,-879,-1083,-1168,-1133,-972,-704,-355,21,403,740,1001,1153,1171,1070,859,548,183,-198,-560,-850,-1057,-1147,-1113,-954,-709,-388,-19,335,655,902,1053,1100,1019,834,561,227,-119,-448,-719,-921,-1027,-1024,-909,-695,-422,-114,212,512,760,914,982,946,261,598,328,25,-277,-555,-774,-917,-968,-919,-778,-555,-276,39,351,629,850,987,1018,945,777,520,205,-140,-487,-783,-1000,-1106,-1102,-979,-728,-397,-22,369,726,1004,1176,1210,1117,894,557,157,-253,-655,-973,-1179,-1261,-1191,-986,-665,-266,165,575,918,1156,1252,1204,1019,722,334,-93,-492,-835,-1081,-1189,-1168,-1000,-713,-357,25,406,735,958,1065,1040,907,672,359,19,-314,-587,-788,-890,-884,-780,-589,-346,-76,191,427,607,709,729,671,533,344,129,-101,-312,-475,-586,-623,-581,-488,-335,-133,72,266,422,523,554,511,395,231,42,-155,-324,-433,-478,-435,-319,-159,24,180,282,309,52,248,0,-146,169,95,24,-68,-154,-217,-242,-223,-160,-66,41,142,219,272,285,254,192,104,-5,-105,-199,-277,-318,-314,-279,-211,-109,6,117,227,314,364,370,336,260,143,10,-127,-258,-366,-432,-448,-414,-337,-204,-39,127,288,417,497,528,485,386,234,59,-134,-312,-447,-540,-570,-524,-416,-269,-74,119,304,450,534,566,528,431,281,103,-76,-252,-405,-497,-535,-510,-430,-311,-151,19,180,325,426,477,474,425,334,209,67,-82,-216,-320,-398,-432,-417,-362,-276,-157,-30,105,230,323,385,406,388,333,241,126,-3,-131,-244,-332,-376,-394,-369,-305,-207,-86,39,164,267,344,382,245,335,262,163,54,-65,-175,-267,-327,-361,-353,-308,-242,-146,-41,65,165,246,307,339,333,298,241,156,60,-44,-143,-221,-280,-326,-337,-318,-264,-201,-107,0,100,209,297,354,388,385,344,265,152,25,-109,-242,-353,-431,-475,-466,-404,-299,-158,2,159,314,442,515,536,506,420,285,123,-69,-249,-404,-513,-575,-570,-503,-396,-238,-43,145,327,469,558,592,556,471,326,153,-35,-212,-358,-477,-545,-545,-491,-399,-264,-101,59,213,345,432,486,491,443,361,254,123,-24,-166,-294,-393,-452,-479,-458,-406,-312,-180,-35,125,269,403,496,540,551,495,382,231,49,-152,-619,-593
39038,mtk,MTK 7916,2423405567,rx1-tx0,512,0,360,585,569,684,736,713,608,438,211,-46,-296,-523,-705,-808,-828,-753,-595,-365,-87,202,467,701,852,908,864,728,508,224,-94,-407,-674,-868,-973,-964,-851,-637,-344,-15,305,599,839,987,1017,932,747,481,166,-179,-500,-774,-954,-1039,-1006,-859,-623,-319,30,365,664,887,1012,1038,941,736,458,114,-223,-542,-795,-973,-1050,-992,-824,-574,-256,73,407,695,899,999,989,871,654,366,48,-270,-564,-788,-915,-948,-877,-704,-449,-162,136,417,647,808,866,831,710,519,279,1,-259,-489,-664,-768,-788,-724,-578,-369,-134,120,351,537,675,730,699,592,435,225,-7,-228,-435,-588,-676,216,-601,-467,-282,-78,139,332,499,602,625,585,476,327,143,-58,-236,-396,-506,-555,-542,-475,-345,-183,-26,143,302,411,473,477,431,345,226,84,-58,-194,-305,-377,-410,-400,-346,-258,-147,-20,97,198,283,326,342,319,277,206,109,19,-81,-171,-237,-279,-300,-294,-257,-198,-120,-24,78,176,249,313,335,314,264,185,78,-43,-170,-264,-338,-360,-333,-280,-188,-80,34,156,252,318,336,310,254,168,62,-42,-145,-221,-266,-282,-261,-210,-128,-37,61,137,186,223,227,210,162,89,18,-52,-114,-161,-182,-178,-152,-112,-49,17,72,122,148,138,110,68,12,-35,-76,-536,-282,0,-124,-601,-140,-206,-225,-189,-109,1,123,228,285,300,256,168,61,-62,-177,-272,-309,-313,-272,-190,-84,41,146,241,302,305,283,223,127,28,-82,-176,-249,-298,-295,-254,-196,-107,-14,81,173,221,250,256,228,189,126,47,-25,-101,-157,-209,-248,-235,-210,-160,-98,-29,50,120,188,223,228,220,195,144,75,1,-83,-156,-198,-223,-222,-206,-169,-104,-41,33,102,160,199,205,201,185,143,77,18,-42,-92,-147,-180,-193,-185,-164,-125,-78,-21,41,92,142,184,199,193,165,125,75,10,-51,-113,-159,-201,-214,-200,-171,-113,-59,9,81,135,179,203,209,193,153,94,-584,-31,-93,-146,-177,-191,-182,-161,-127,-75,-16,33,79,126,156,169,165,142,107,67,24,-20,-63,-97,-133,-154,-151,-153,-138,-107,-67,-21,17,65,108,146,188,190,188,177,142,94,28,-44,-121,-183,-237,-278,-302,-282,-221,-144,-46,59,178,283,368,418,416,366,266,135,-18,-183,-341,-466,-533,-547,-492,-375,-214,-20,175,360,501,592,631,572,455,284,73,-129,-337,-503,-594,-634,-613,-519,-357,-154,55,258,448,576,637,634,566,442,261,48,-157,-352,-506,-599,-644,-623,-519,-364,-179,33,244,420,558,646,652,589,476,305,110,-102,-310,-489,-613,-674,-663,-576,1002,791,0,-571,-333,456,250,20,-221,-443,-628,-745,-778,-728,-606,-413,-164,107,376,611,784,866,846,746,561,299,-1,-301,-570,-786,-920,-959,-880,-698,-438,-124,206,513,771,936,996,951,810,576,266,-80,-409,-701,-904,-1017,-1015,-903,-688,-397,-62,283,587,826,983,1032,964,796,539,225,-115,-459,-737,-942,-1037,-1020,-889,-660,-367,-20,328,624,860,994,1019,944,746,477,150,-183,-501,-757,-917,-977,-935,-791,-556,-262,47,346,609,794,888,892,790,607,358,71,-207,-463,-659,-786,-824,-771,-643,-446,-202,57,308,521,669,751,747,659,504,298,52,-189,-393,-558,-672,-694,-656,-540,-370,-163,757,295,478,600,652,632,548,408,213,6,-195,-372,-501,-578,-579,-524,-416,-261,-80,103,270,413,484,509,497,415,284,130,-36,-182,-308,-406,-445,-442,-396,-303,-180,-51,80,201,294,360,379,353,300,210,114,5,-98,-182,-262,-296,-313,-301,-255,-184,-103,-11,81,169,239,292,313,310,260,198,114,-6,-112,-214,-294,-342,-354,-313,-240,-139,-13,97,204,288,333,347,313,239,133,11,-101,-200,-272,-302,-299,-263,-188,-102,-6,90,173,231,259,243,194,139,72,1,-73,-147,-188,-204,-191,-156,-107,-36,28,86,138,169,166,142,102,41,-24,-72,-110,-123,-107,-70,-412,-614,0,1017,842,-126,-52,51,153,230,270,254,183,73,-51,-177,-264,-310,-309,-262,-167,-57,56,175,262,315,316,279,213,103,-15,-126,-225,-285,-309,-297,-246,-171,-72,43,134,208,260,276,270,222,146,68,-18,-99,-166,-220,-236,-232,-207,-159,-114,-35,43,114,174,214,230,220,201,153,78,14,-63,-135,-197,-227,-235,-227,-186,-128,-59,16,85,155,193,212,210,196,154,89,21,-40,-103,-163,-190,-197,-190,-179,-141,-81,-19,45,100,144,172,189,184,165,129,76,15,-46,-100,-145,-182,-199,-196,-172,-128,-74,1,69,130,176,200,210,197,158,104,41,-27,-96,-146,-183,-674,-190,-172,-131,-82,-24,35,90,145,182,190,176,155,121,72,22,-31,-81,-119,-140,-156,-158,-144,-123,-92,-43,-3,38,83,117,145,161,164,165,138,106,57,-6,-46,-104,-161,-206,-231,-236,-221,-184,-127,-53,44,147,230,297,336,349,327,262,168,28,-114,-255,-371,-446,-484,-469,-395,-261,-86,97,274,427,535,589,574,487,339,162,-50,-267,-436,-569,-626,-619,-554,-397,-211,-12,196,392,550,630,639,596,478,301,103,-111,-311,-486,-604,-649,-625,-540,-397,-214,-14,199,390,534,622,649,599,489,346,150,-69,-277,-459,-588,-653,-658,-598,-468,-284,-78,139,341,191,655
39039,mtk,MTK 7916,2423405567,rx1-tx1,512,0,0,0,-397,-600,-689,-635,-456,-192,118,406,620,707,650,478,209,-100,-388,-603,-697,-648,-474,-205,94,366,571,659,610,439,176,-114,-379,-556,-613,-550,-371,-109,169,410,569,612,523,323,57,-225,-463,-597,-615,-509,-293,-15,270,502,631,631,511,287,-11,-309,-542,-663,-655,-518,-285,8,301,538,664,666,537,303,15,-273,-517,-650,-660,-541,-315,-36,240,466,601,619,510,305,54,-204,-421,-539,-557,-475,-296,-54,181,374,492,507,423,254,46,-159,-324,-432,-451,-375,-232,-53,132,285,369,381,326,205,43,-116,-236,-312,-326,-276,-171,-42,93,205,263,266,220,132,24,0,-162,-211,-213,-168,-93,-5,82,145,174,162,115,42,-35,-93,-131,-139,-111,-57,13,76,122,140,124,80,14,-58,-122,-164,-169,-138,-71,13,98,170,209,210,166,86,-14,-128,-215,-256,-257,-218,-127,-12,110,219,288,307,280,197,71,-67,-195,-293,-339,-330,-259,-144,-9,131,260,340,358,319,235,103,-44,-180,-288,-354,-360,-304,-201,-73,66,192,289,344,338,276,175,49,-82,-192,-268,-313,-304,-248,-158,-51,73,176,245,283,283,234,154,56,-49,-143,-210,-250,-256,-226,-165,-81,8,93,163,208,225,215,180,127,64,-2,-60,-106,-137,-151,-144,-125,-99,0,0,0,0,0,-2,-4,-6,-9,-14,-18,-15,-11,-8,-4,5,22,40,44,41,35,27,11,-11,-38,-59,-67,-61,-56,-37,-6,23,44,62,75,74,52,18,-14,-31,-49,-64,-60,-37,-13,10,29,40,44,36,12,-21,-59,-78,-69,-58,-25,31,83,119,141,137,102,40,-31,-116,-188,-226,-221,-182,-96,13,126,226,289,303,256,168,44,-102,-241,-335,-371,-347,-259,-112,56,224,346,410,401,318,172,-7,-190,-341,-426,-423,-349,-217,-33,163,318,419,439,371,240,63,-132,-300,-403,-432,-374,-239,-54,136,296,395,416,357,222,43,-146,-310,-410,-421,-342,-195,1,194,0,433,436,351,179,-34,-247,-411,-493,-481,-370,-176,56,287,466,550,519,390,181,-72,-315,-505,-594,-563,-417,-182,95,356,545,635,600,443,183,-117,-401,-606,-698,-655,-473,-190,131,428,650,741,684,495,212,-130,-443,-670,-776,-720,-515,-215,132,466,697,785,723,527,218,-136,-468,-707,-801,-733,-523,-215,145,476,710,804,731,512,197,-153,-472,-701,-783,-700,-480,-179,155,454,669,743,664,452,150,-172,-459,-649,-705,-610,-392,-97,209,471,635,670,566,340,50,-248,-489,-632,-652,-534,-297,-4,283,511,638,646,509,264,-35,-319,-535,-647,-630,-481,-229,66,337,540,0,0,0,0,0,551,328,38,-267,-522,-669,-688,-573,-341,-38,272,527,676,699,580,347,54,-242,-493,-653,-674,-555,-335,-54,239,479,613,624,505,282,5,-267,-480,-596,-583,-446,-214,60,322,517,607,574,417,174,-111,-372,-560,-635,-581,-405,-147,144,417,599,662,596,406,129,-167,-432,-616,-684,-615,-422,-145,157,431,612,675,614,442,174,-131,-399,-583,-653,-600,-433,-186,85,337,521,601,558,410,186,-70,-304,-466,-534,-496,-362,-160,59,259,416,479,442,326,153,-50,-231,-360,-414,-396,-294,-137,43,200,312,361,338,245,113,-31,-163,-263,-311,-287,-210,-98,24,138,212,243,0,154,60,-35,-119,-173,-184,-157,-102,-21,60,125,152,146,106,44,-24,-83,-125,-143,-121,-67,0,64,120,151,147,107,43,-34,-115,-170,-191,-174,-114,-27,66,152,219,243,222,155,60,-57,-174,-263,-297,-279,-210,-103,29,160,265,319,324,269,169,34,-106,-229,-316,-357,-338,-258,-130,17,162,278,348,361,314,216,85,-55,-186,-285,-342,-349,-289,-183,-58,75,202,296,339,321,260,160,40,-84,-191,-272,-309,-292,-236,-153,-51,58,155,224,261,261,228,157,65,-31,-124,-198,-235,-242,-218,-171,-103,-26,49,112,164,192,198,182,147,99,50,5,-30,-58,0,0,0,0,0,3,0,1,2,-2,-4,-8,-15,-23,-29,-31,-29,-18,1,13,24,37,50,53,49,34,12,-11,-35,-56,-65,-65,-57,-34,0,25,47,67,73,61,35,2,-26,-50,-64,-57,-32,-11,18,43,58,58,40,11,-28,-71,-97,-107,-95,-63,-5,65,131,175,186,160,100,19,-77,-171,-242,-273,-253,-180,-74,48,176,284,334,327,261,144,-4,-154,-287,-376,-398,-333,-217,-58,121,288,396,429,385,273,113,-79,-259,-390,-440,-407,-305,-144,51,236,366,432,412,314,158,-33,-220,-360,-428,-413,-314,-146,47,221,355,420,393,291,122,-74,-254,-381,-433,-394,0,-91,116,308,435,472,417,274,63,-163,-355,-486,-520,-445,-275,-48,193,401,534,570,492,304,48,-217,-447,-588,-615,-516,-312,-42,242,485,641,671,558,324,28,-280,-532,-690,-707,-581,-345,-34,293,563,724,746,627,377,39,-301,-582,-752,-773,-635,-375,-39,311,602,771,787,643,373,26,-319,-609,-776,-783,-634,-367,-23,319,598,762,774,625,359,29,-310,-583,-741,-745,-592,-320,6,326,571,704,692,539,279,-35,-342,-571,-682,-653,-492,-233,75,367,574,664,622,454,182,-123,-392,-584,-659,-596,-407,-136,160,422,601,661,590,386,103,-188,-441,-612,-650,-549,-345,0,0
39040,mtk,MTK 7916,2423405567,rx2-tx0,512,0,0,0,-748,-367,94,537,863,1009,948,688,279,-187,-606,-897,-1003,-902,-609,-189,266,656,908,974,827,501,68,-373,-732,-931,-927,-722,-364,70,497,813,955,894,630,230,-226,-633,-906,-985,-850,-528,-95,367,758,988,1007,814,447,-27,-494,-853,-1040,-1005,-742,-326,152,593,919,1057,962,646,193,-303,-723,-998,-1063,-896,-533,-45,462,868,1087,1081,840,416,-103,-612,-996,-1175,-1106,-802,-324,232,739,1097,1235,1123,771,257,-318,-822,-1165,-1274,-1122,-736,-195,373,868,1192,1276,1094,694,147,-420,-895,-1188,-1234,-1033,-620,-85,457,901,1159,1177,948,530,11,-504,-902,-1106,-1081,-831,-413,80,0,917,1071,989,705,279,-210,-656,-958,-1051,-921,-594,-139,344,762,1021,1064,878,504,20,-478,-877,-1094,-1087,-857,-439,79,591,983,1183,1138,867,404,-156,-691,-1086,-1272,-1197,-882,-389,194,746,1162,1347,1258,914,392,-209,-775,-1188,-1367,-1272,-935,-407,210,789,1205,1381,1291,941,398,-215,-783,-1201,-1384,-1295,-953,-423,187,752,1176,1380,1314,1000,491,-101,-667,-1098,-1325,-1300,-1034,-580,-29,515,948,1200,1230,1028,642,159,-330,-742,-1006,-1072,-946,-652,-248,180,548,808,911,844,627,313,-43,-371,-617,-745,-736,-596,-359,-76,202,435,588,636,578,441,251,36,-161,-317,-412,-440,-411,-338,0,0,0,0,0,65,-44,-164,-284,-387,-456,-471,-419,-297,-122,84,282,448,549,571,498,341,116,-128,-356,-532,-618,-588,-452,-240,20,287,504,630,641,530,314,40,-243,-488,-639,-669,-568,-354,-72,226,481,636,670,577,359,70,-231,-491,-653,-676,-560,-324,-21,290,550,695,698,554,288,-42,-374,-631,-766,-753,-582,-286,65,416,693,830,791,595,282,-99,-466,-740,-867,-828,-614,-269,133,507,787,909,839,606,249,-164,-549,-827,-936,-854,-600,-227,197,583,853,951,866,600,212,-222,-612,-876,-960,-857,-584,-187,242,617,868,945,832,556,165,-262,-629,-866,-924,-788,-498,-111,299,645,0,868,716,413,18,-366,-667,-835,-826,-637,-312,79,454,726,842,781,551,196,-201,-558,-802,-872,-755,-473,-93,317,662,871,895,730,407,-5,-428,-768,-943,-924,-715,-351,98,527,844,984,923,669,269,-191,-608,-899,-1003,-897,-599,-173,287,683,939,996,836,496,48,-414,-791,-994,-988,-771,-391,80,537,879,1037,974,703,284,-196,-641,-955,-1068,-957,-647,-194,302,735,1010,1077,912,559,86,-405,-809,-1039,-1059,-859,-476,11,490,866,1058,1034,790,378,-107,-568,-916,-1071,-1004,-728,-295,194,641,955,1066,957,650,206,-282,-705,-981,-1050,-902,-564,-116,355,750,984,1011,829,475,0,0,0,0,0,-687,-950,-1017,-865,-535,-96,362,749,979,997,804,452,6,-438,-787,-972,-956,-731,-355,94,521,832,959,882,620,228,-222,-622,-886,-956,-817,-499,-75,362,724,939,952,754,386,-71,-505,-838,-996,-938,-673,-266,204,633,932,1034,917,599,157,-323,-742,-999,-1040,-861,-496,-27,452,838,1043,1024,781,359,-140,-609,-951,-1090,-995,-685,-227,283,746,1062,1147,981,603,98,-430,-885,-1160,-1196,-979,-555,-12,536,980,1227,1226,962,498,-65,-618,-1046,-1263,-1224,-930,-450,119,660,1065,1252,1187,880,398,-167,-696,-1071,-1227,-1129,-806,-321,220,712,1046,1158,1032,701,225,-296,-735,-1019,-1089,0,-568,-101,388,786,1013,1028,827,443,-38,-507,-862,-1043,-1000,-743,-326,169,634,965,1094,995,684,228,-283,-747,-1069,-1162,-1006,-649,-152,390,865,1169,1243,1056,646,104,-466,-953,-1250,-1303,-1095,-667,-94,507,1004,1295,1342,1126,678,94,-509,-1013,-1319,-1370,-1146,-685,-96,511,1021,1331,1370,1145,696,109,-506,-1012,-1319,-1368,-1162,-726,-151,449,957,1283,1367,1190,794,255,-323,-833,-1185,-1309,-1180,-843,-365,167,654,1005,1162,1101,843,441,-23,-463,-798,-978,-971,-790,-478,-93,291,598,783,821,710,475,173,-144,-420,-615,-691,-651,-505,-284,-28,215,409,527,560,512,404,255,93,-50,-164,0,0,0,0,0,306,349,347,293,192,53,-114,-284,-428,-519,-535,-473,-339,-145,82,306,488,584,585,486,304,57,-200,-427,-586,-641,-570,-399,-152,130,393,576,654,616,461,207,-86,-363,-571,-671,-637,-479,-226,77,364,572,668,631,460,194,-111,-398,-611,-699,-636,-440,-155,170,474,685,750,664,443,122,-230,-545,-756,-816,-707,-456,-109,264,593,805,857,736,457,87,-303,-637,-850,-884,-735,-439,-56,344,679,882,906,746,434,33,-385,-726,-919,-925,-745,-419,-6,414,751,938,940,752,410,-15,-433,-764,-945,-931,-727,-389,33,447,768,931,903,688,343,-64,-464,-764,-902,-849,-619,0,128,499,767,871,786,534,178,-217,-562,-783,-839,-717,-438,-62,329,651,831,835,657,338,-60,-446,-742,-881,-830,-603,-239,179,563,838,941,842,564,162,-275,-658,-913,-978,-841,-521,-88,367,738,957,981,794,441,-6,-451,-804,-985,-960,-726,-339,116,553,874,1008,923,641,218,-256,-676,-950,-1021,-886,-555,-101,375,773,1014,1037,844,470,-5,-482,-860,-1060,-1034,-789,-381,105,574,922,1077,1007,720,285,-206,-658,-972,-1082,-963,-644,-192,300,735,1010,1073,911,562,93,-395,-791,-1028,-1053,-858,-483,-11,466,847,1041,1022,790,392,-86,-538,-880,-1037,-974,-712,-303,170,604,904,0,0
39041,mtk,MTK 7916,2423405567,rx2-tx1,512,0,0,0,499,334,110,-134,-342,-482,-519,-452,-298,-86,144,331,448,480,410,257,63,-137,-305,-413,-429,-362,-224,-43,141,279,359,367,303,179,17,-132,-243,-298,-289,-218,-111,13,134,218,239,210,143,56,-45,-123,-162,-163,-131,-60,25,95,128,122,81,15,-54,-99,-129,-129,-82,2,87,155,188,182,139,43,-83,-209,-279,-298,-266,-170,-27,128,267,364,385,330,196,13,-181,-338,-436,-458,-388,-240,-37,180,367,479,504,425,261,33,-199,-389,-502,-527,-439,-250,-10,227,417,523,529,432,249,3,-245,-436,-543,-545,-428,-222,21,258,449,553,535,405,200,-46,-286,0,-561,-529,-388,-169,83,320,495,567,530,379,145,-122,-355,-511,-565,-512,-346,-109,152,390,541,575,504,322,63,-211,-445,-580,-594,-488,-279,-4,280,508,633,631,497,254,-50,-345,-583,-702,-689,-532,-258,81,413,666,785,762,582,280,-86,-440,-718,-849,-827,-658,-336,68,455,751,914,902,724,404,3,-400,-738,-951,-984,-830,-514,-93,330,688,928,1008,899,626,249,-163,-549,-826,-951,-909,-706,-376,7,373,653,814,835,702,447,120,-206,-482,-666,-728,-659,-475,-215,72,330,515,617,616,507,314,83,-147,-345,-481,-536,-504,-401,-257,-96,70,206,296,335,332,302,0,0,0,0,0,-45,10,61,117,174,215,230,222,183,117,26,-68,-152,-219,-259,-256,-215,-143,-56,47,146,222,259,246,197,123,29,-68,-152,-216,-235,-210,-163,-90,2,83,156,198,194,162,109,45,-31,-92,-136,-150,-140,-113,-76,-24,35,69,86,96,85,63,46,30,7,-17,-40,-46,-55,-59,-62,-53,-46,-33,-13,23,65,101,131,147,134,91,28,-41,-115,-180,-220,-227,-186,-118,-24,96,202,270,297,274,209,95,-52,-183,-282,-349,-349,-284,-162,-17,128,255,334,354,310,200,54,-101,-242,-343,-373,-316,-208,-69,82,222,322,363,321,217,77,-75,-216,-313,-337,0,-199,-49,116,248,329,345,283,164,14,-144,-277,-354,-351,-272,-142,20,186,314,390,379,283,128,-56,-232,-360,-413,-377,-273,-105,94,275,399,447,411,284,94,-120,-307,-438,-486,-428,-281,-76,148,341,455,483,422,266,46,-172,-353,-469,-485,-386,-208,9,225,404,495,472,344,145,-88,-316,-483,-542,-490,-335,-101,162,394,549,598,523,338,81,-198,-450,-619,-658,-569,-363,-81,224,490,656,693,595,383,85,-241,-514,-683,-725,-627,-406,-102,226,510,690,739,648,434,130,-196,-485,-678,-737,-652,-446,-157,160,445,639,699,620,436,167,-131,-392,-564,-629,-572,-404,0,0,0,0,0,246,441,543,524,407,210,-29,-255,-422,-502,-480,-368,-182,36,240,391,461,436,322,146,-48,-230,-357,-403,-376,-268,-109,61,202,305,344,313,212,82,-66,-192,-268,-281,-230,-132,-21,80,158,202,196,149,66,-29,-105,-142,-146,-113,-54,24,92,115,101,67,6,-69,-132,-157,-147,-96,-17,89,183,237,242,195,100,-33,-167,-275,-337,-335,-247,-101,73,241,363,419,404,313,131,-80,-276,-420,-488,-458,-337,-145,81,296,452,524,495,363,146,-91,-310,-470,-538,-492,-349,-134,111,339,499,558,502,341,113,-139,-359,-512,-558,-492,-327,-92,166,388,523,561,488,0,64,-192,-407,-540,-562,-467,-271,-20,226,434,554,557,451,253,-7,-255,-461,-573,-556,-423,-212,50,304,501,597,563,405,163,-115,-372,-556,-637,-577,-387,-116,182,442,617,682,609,406,103,-229,-514,-702,-748,-648,-417,-93,257,569,778,836,725,474,126,-264,-606,-831,-904,-808,-554,-183,241,619,870,966,882,635,260,-162,-563,-855,-987,-948,-743,-387,40,439,763,962,975,804,505,119,-280,-620,-844,-910,-808,-571,-241,121,446,675,787,753,590,328,15,-284,-515,-648,-664,-570,-379,-132,125,351,511,578,552,440,267,63,-135,-300,-416,-467,-451,-377,-266,-140,-24,74,0,0,0,0,0,-163,-179,-181,-163,-123,-63,14,93,162,219,249,247,210,141,49,-46,-137,-211,-250,-251,-215,-137,-41,61,151,214,246,231,175,96,11,-79,-160,-210,-218,-187,-133,-62,12,86,150,174,161,139,91,27,-34,-75,-108,-121,-111,-83,-46,-5,19,41,65,72,70,59,47,36,27,11,-4,-26,-55,-79,-96,-101,-98,-73,-24,31,89,142,176,184,156,100,30,-62,-157,-227,-264,-259,-200,-107,8,134,243,301,317,284,189,54,-94,-222,-306,-351,-332,-243,-105,42,183,303,362,347,275,145,-15,-158,-275,-341,-345,-278,-154,5,156,280,340,329,256,132,-21,0,-281,-335,-319,-240,-106,52,197,305,355,328,228,77,-92,-235,-334,-371,-330,-209,-41,133,278,369,388,328,197,22,-166,-326,-416,-425,-347,-190,4,204,365,463,457,361,196,-12,-227,-389,-474,-464,-359,-182,42,259,420,493,447,315,131,-84,-290,-436,-475,-415,-267,-61,168,357,481,501,416,242,5,-249,-454,-558,-552,-433,-219,46,310,522,631,615,472,229,-63,-354,-568,-670,-644,-487,-224,78,369,595,709,678,518,249,-75,-387,-620,-731,-693,-521,-262,53,369,607,730,714,562,296,-21,-337,-572,-696,-692,-557,-306,-1,297,528,645,638,514,292,15,-245,-454,0,0
39042,mtk,MTK 7916,2423444744,rx0-tx0,512,-349,-879,-832,-485,-547,-554,-508,-417,-277,-110,72,244,412,530,605,621,580,480,324,138,-56,-251,-424,-560,-641,-648,-600,-494,-340,-158,55,254,421,558,628,633,591,480,323,148,-43,-226,-384,-491,-564,-575,-534,-449,-319,-165,-10,147,284,383,445,479,463,407,326,223,106,-9,-134,-240,-323,-382,-415,-424,-396,-335,-247,-134,-6,113,239,341,422,470,469,438,364,251,114,-51,-216,-363,-472,-535,-551,-516,-429,-301,-142,32,209,366,487,558,565,528,436,289,117,-62,-227,-368,-470,-529,-522,-465,-368,-237,-80,76,212,318,397,443,426,372,286,180,70,-50,-156,-246,-301,-325,-511,-296,-238,-168,-87,-2,85,142,197,230,237,235,207,172,124,66,4,-51,-105,-145,-175,-187,-187,-170,-152,-124,-75,-26,29,77,128,163,188,198,193,177,137,86,27,-30,-87,-135,-179,-206,-218,-218,-183,-135,-74,-13,52,116,155,194,210,221,203,161,107,52,-11,-70,-130,-184,-225,-234,-229,-212,-161,-91,-27,47,114,177,227,245,241,223,183,111,37,-35,-113,-171,-219,-246,-252,-231,-186,-116,-41,31,103,175,220,247,244,213,168,104,30,-46,-118,-172,-209,-228,-214,-184,-129,-61,12,83,143,185,210,206,166,119,49,-31,-95,-142,-168,-161,-123,-76,-695,-805,1179,-1140,-982,-98,-9,103,210,286,313,290,217,100,-32,-167,-278,-353,-388,-361,-293,-189,-56,80,213,324,403,432,417,345,241,106,-43,-184,-316,-411,-460,-463,-416,-330,-201,-60,90,242,370,460,500,490,440,330,181,32,-129,-277,-404,-497,-533,-520,-460,-340,-194,-26,151,312,435,525,559,534,459,339,184,23,-152,-321,-447,-516,-544,-527,-454,-353,-203,-38,127,280,411,499,543,538,476,366,227,76,-87,-241,-383,-489,-539,-549,-505,-410,-277,-124,37,205,352,466,531,554,524,442,315,160,-10,-182,-329,-455,-540,-561,-535,-461,-341,-183,-17,161,322,432,516,545,531,471,-330,221,55,-108,-256,-383,-474,-516,-524,-476,-383,-274,-125,36,186,327,436,504,533,508,449,347,206,62,-97,-251,-389,-490,-550,-566,-533,-430,-303,-154,22,195,359,491,583,636,614,535,412,254,65,-140,-340,-506,-632,-699,-699,-633,-515,-334,-118,103,320,522,669,734,747,690,559,373,156,-86,-320,-528,-679,-762,-773,-705,-568,-380,-154,82,315,505,646,725,732,671,540,361,151,-61,-268,-449,-576,-641,-653,-599,-484,-332,-161,28,201,345,460,531,550,517,446,336,207,68,-70,-203,-316,-402,-454,-470,-444,-384,-301,-194,-80,62,193,307,402,464,486,462,399,301,-1137,-1209,-729,60,281,-240,-87,89,250,400,513,584,590,550,450,298,129,-71,-257,-430,-552,-622,-637,-592,-487,-334,-136,63,249,416,542,631,649,597,487,330,135,-54,-238,-408,-526,-597,-608,-561,-458,-321,-161,15,182,332,445,510,527,501,427,319,196,58,-87,-212,-314,-389,-430,-435,-414,-345,-265,-169,-65,49,163,269,356,419,443,435,392,311,210,70,-76,-222,-350,-444,-504,-522,-486,-402,-275,-122,39,206,360,474,548,564,530,438,300,127,-52,-215,-373,-490,-550,-551,-501,-401,-264,-97,75,227,352,447,496,477,414,320,211,76,-69,-189,-293,-349,-378,-371,-330,-263,-168,-75,1105,120,185,238,270,281,255,212,164,94,29,-40,-103,-152,-188,-211,-209,-203,-179,-139,-91,-37,18,65,105,148,177,191,188,172,148,107,57,2,-52,-111,-158,-194,-211,-208,-192,-157,-116,-54,-2,68,126,166,203,215,215,183,139,92,41,-21,-95,-146,-187,-213,-225,-218,-190,-142,-80,-7,47,114,181,216,234,235,212,176,112,37,-35,-105,-175,-225,-241,-246,-219,-178,-122,-49,32,109,181,224,240,243,223,179,115,47,-31,-111,-174,-220,-236,-236,-206,-155,-90,-15,55,118,173,207,216,197,157,97,30,-53,-114,-159,-194,-191,-159,-110,-44,31,89,109,-565,-376,1145,452,732,195,243,243,192,95,-28,-150,-263,-333,-356,-326,-245,-134,4,144,259,351,397,401,356,268,147,8,-135,-266,-366,-431,-446,-415,-336,-215,-73,77,214,347,438,480,481,431,326,192,35,-112,-261,-397,-479,-512,-502,-439,-336,-196,-25,141,305,435,509,545,525,453,341,191,18,-151,-306,-434,-520,-553,-540,-465,-337,-193,-37,134,283,418,511,546,529,466,362,222,61,-102,-269,-405,-495,-540,-532,-482,-397,-259,-96,68,229,366,474,535,553,510,420,294,140,-19,-189,-340,-457,-529,-560,-531,-456,-336,-175,-3,160,315,445,529,555,539,452,334,193,29,-130,-280,826,-493,-538,-527,-471,-370,-232,-88,68,231,354,450,515,520,488,415,300,166,13,-146,-285,-416,-494,-532,-532,-488,-397,-268,-114,53,231,386,491,562,584,562,491,366,213,29,-168,-342,-489,-601,-658,-655,-588,-461,-296,-91,121,322,500,642,716,730,676,552,353,134,-93,-321,-524,-667,-751,-766,-704,-574,-387,-163,84,326,527,674,754,766,698,557,370,150,-77,-298,-490,-620,-691,-694,-639,-515,-343,-156,41,235,402,511,579,598,553,468,343,188,16,-137,-276,-384,-451,-486,-482,-438,-358,-252,-131,-1,137,253,355,421,457,463,416,348,251,127,-13,-155,-283,-393,-458,-161
39043,mtk,MTK 7916,2423444744,rx0-tx1,512,87,546,403,-539,-659,-721,-721,-658,-526,-342,-124,101,338,553,719,825,849,801,681,493,259,-5,-276,-527,-730,-878,-943,-924,-823,-647,-401,-124,170,460,714,899,1011,1029,953,798,560,266,-48,-362,-653,-876,-1025,-1087,-1038,-906,-691,-416,-103,221,517,772,962,1069,1081,1005,844,603,313,-2,-318,-615,-857,-1025,-1116,-1111,-1007,-814,-545,-226,116,451,753,989,1140,1191,1132,975,717,401,46,-320,-648,-922,-1107,-1190,-1169,-1036,-812,-521,-192,163,499,783,992,1109,1129,1055,886,644,344,12,-311,-602,-846,-1006,-1074,-1051,-938,-741,-485,-185,122,411,669,866,982,1011,955,822,618,360,72,-213,-689,-706,-870,-956,-967,-893,-748,-537,-286,-6,278,541,761,924,1006,1001,907,735,495,205,-102,-407,-683,-901,-1046,-1101,-1055,-911,-676,-382,-43,307,636,910,1107,1202,1183,1056,822,512,141,-247,-616,-929,-1152,-1273,-1266,-1134,-898,-568,-185,218,605,929,1167,1290,1278,1142,898,562,175,-228,-602,-915,-1130,-1234,-1208,-1065,-821,-493,-133,241,578,850,1024,1097,1057,908,684,390,69,-236,-495,-702,-840,-890,-843,-725,-548,-317,-73,166,380,550,667,714,695,606,462,282,83,-125,-317,-466,-566,-602,-585,-505,-367,-194,-12,174,337,461,521,515,447,317,146,-38,-209,-335,-396,-382,-299,-179,729,706,0,-620,-598,133,82,5,-78,-159,-216,-239,-231,-185,-104,-15,81,167,232,267,276,255,202,127,44,-51,-145,-225,-286,-318,-319,-285,-227,-138,-34,72,182,270,345,392,387,357,286,179,54,-96,-231,-354,-443,-483,-481,-428,-329,-190,-31,144,298,432,519,554,538,461,328,166,-8,-179,-337,-465,-544,-567,-531,-451,-323,-159,11,184,336,451,521,540,513,434,315,172,8,-150,-280,-385,-459,-491,-476,-408,-313,-191,-54,76,203,302,376,425,429,397,330,243,137,16,-107,-215,-306,-369,-401,-400,-358,-288,-198,-93,20,138,247,325,368,385,369,316,237,144,43,-63,-163,-245,-130,-349,-351,-329,-277,-209,-123,-24,71,157,235,287,321,336,310,270,209,122,35,-49,-136,-211,-260,-298,-314,-308,-272,-219,-152,-79,8,93,178,247,305,334,346,332,286,215,129,32,-82,-194,-293,-378,-433,-453,-430,-374,-279,-158,-18,133,280,395,479,534,535,487,393,258,100,-72,-235,-386,-505,-572,-591,-560,-474,-346,-191,-13,169,332,467,557,594,577,507,403,258,94,-78,-245,-376,-469,-534,-541,-505,-428,-323,-193,-44,92,227,338,415,455,467,449,385,302,198,78,-42,-159,-274,-367,-429,-469,-475,-445,-381,-288,-165,-24,129,269,408,512,575,591,560,477,149,-183,504,-508,-633,-441,-267,-62,151,364,553,696,774,790,736,602,418,188,-63,-312,-541,-726,-848,-899,-868,-752,-570,-333,-57,225,489,720,885,974,984,902,729,488,203,-116,-422,-693,-907,-1028,-1062,-1011,-861,-624,-340,-13,307,595,833,994,1081,1061,951,763,507,208,-116,-421,-701,-917,-1051,-1097,-1056,-924,-708,-435,-121,214,529,803,1008,1130,1153,1075,898,637,319,-34,-382,-704,-966,-1132,-1207,-1165,-1020,-784,-470,-121,241,579,858,1054,1165,1167,1057,856,584,261,-77,-406,-697,-925,-1074,-1121,-1063,-920,-697,-410,-99,218,517,763,938,1032,1030,950,787,548,273,-20,-306,-566,-783,-928,-985,-960,261,-688,-446,-180,107,379,623,814,936,985,946,827,634,391,107,-188,-471,-717,-910,-1023,-1045,-980,-822,-592,-306,19,349,659,910,1080,1158,1129,995,764,456,94,-276,-627,-921,-1135,-1250,-1236,-1105,-860,-538,-161,239,612,932,1165,1281,1282,1151,907,579,180,-228,-606,-925,-1151,-1266,-1254,-1114,-872,-540,-162,230,587,884,1085,1177,1148,1003,752,442,97,-250,-548,-787,-944,-994,-947,-810,-615,-354,-68,210,438,628,745,787,757,655,499,297,78,-141,-342,-494,-599,-644,-632,-553,-421,-249,-59,133,311,451,536,567,534,438,288,104,-80,-254,-392,-471,-476,-407,-281,-116,49,187,271,-37,-208,0,119,-217,-104,-166,-196,-192,-153,-82,4,92,178,235,258,253,213,146,61,-32,-121,-199,-251,-284,-294,-270,-213,-130,-34,71,167,248,318,347,351,315,248,162,45,-80,-196,-309,-389,-435,-439,-392,-311,-190,-46,108,259,394,487,531,520,454,340,188,17,-162,-329,-462,-538,-565,-543,-464,-334,-166,15,190,345,470,541,558,523,439,312,154,-12,-174,-318,-422,-494,-521,-487,-416,-308,-181,-34,115,251,354,429,457,448,401,316,215,91,-38,-154,-257,-336,-397,-422,-405,-349,-268,-164,-51,69,181,273,344,384,396,373,309,218,117,7,-107,-210,-285,-336,-365,-364,-323,-255,245,-82,17,113,205,271,325,340,330,295,235,153,71,-26,-112,-187,-258,-304,-316,-312,-284,-235,-173,-102,-18,75,159,229,273,306,317,310,278,226,149,63,-27,-125,-217,-297,-355,-390,-395,-363,-302,-211,-95,37,168,288,392,465,498,496,439,337,213,61,-103,-259,-394,-501,-558,-573,-532,-447,-310,-145,31,208,370,487,570,600,575,499,379,222,46,-134,-292,-427,-522,-567,-566,-513,-409,-287,-138,23,171,305,406,481,505,490,443,357,245,121,-5,-141,-262,-346,-416,-451,-451,-432,-377,-289,-186,-67,66,200,313,412,482,524,521,479,393,258,104,-68,-239,-402,611,597
39044,mtk,MTK 7916,2423444744,rx1-tx0,512,0,-397,-618,721,777,772,693,545,344,96,-151,-391,-619,-783,-882,-903,-839,-690,-470,-209,81,379,638,841,965,1006,938,784,572,288,-36,-352,-632,-865,-1008,-1047,-1012,-866,-637,-345,-16,302,597,838,1001,1077,1048,915,699,434,117,-218,-533,-783,-967,-1065,-1074,-978,-785,-529,-217,114,425,713,931,1052,1076,1011,849,602,303,-21,-347,-637,-861,-999,-1066,-1014,-868,-653,-375,-69,246,529,778,929,996,975,857,661,400,116,-166,-441,-662,-818,-907,-900,-804,-644,-424,-183,74,319,532,697,788,802,754,623,449,237,13,-213,-419,-580,-680,-718,-700,-606,-461,-280,-79,134,327,477,590,648,216,576,468,308,129,-61,-239,-398,-507,-565,-580,-529,-439,-309,-153,11,174,311,415,490,505,479,408,298,162,24,-113,-247,-348,-405,-432,-416,-367,-282,-173,-52,63,158,245,319,360,355,316,259,181,101,3,-85,-159,-218,-255,-264,-265,-246,-207,-155,-86,-18,41,121,178,222,253,262,261,235,179,113,18,-70,-157,-229,-279,-303,-295,-272,-209,-126,-30,82,177,236,282,300,279,235,159,82,-8,-98,-166,-222,-249,-251,-225,-176,-120,-38,37,101,149,178,194,186,159,117,70,16,-47,-94,-128,-148,-154,-131,-110,-77,-22,27,73,111,127,117,90,51,11,-32,541,276,0,158,649,-175,-129,-42,72,179,254,286,277,220,126,8,-108,-209,-285,-318,-308,-265,-195,-93,19,124,216,282,304,292,263,197,113,22,-85,-164,-226,-265,-285,-257,-211,-144,-70,5,82,153,195,222,238,228,202,153,100,30,-32,-92,-149,-189,-201,-224,-204,-177,-146,-94,-24,36,111,167,204,227,228,217,190,140,82,9,-57,-116,-176,-214,-234,-238,-220,-185,-126,-54,17,87,159,207,246,258,233,209,161,91,14,-53,-127,-190,-230,-255,-253,-241,-198,-136,-59,14,96,163,213,250,262,250,217,163,99,12,-61,-137,-195,-236,-251,-246,-224,-181,-119,-53,15,91,-584,187,221,236,225,199,157,98,32,-24,-86,-136,-179,-207,-218,-202,-187,-140,-95,-45,17,71,112,159,197,214,212,195,165,125,84,28,-34,-93,-151,-191,-221,-246,-239,-215,-189,-142,-79,-7,71,158,225,287,323,329,318,284,210,117,11,-113,-233,-331,-405,-457,-464,-431,-354,-231,-86,78,242,388,506,573,589,543,445,296,106,-71,-268,-446,-567,-629,-639,-610,-501,-343,-166,37,228,399,545,640,677,638,548,414,234,35,-158,-342,-495,-607,-656,-644,-591,-474,-318,-132,65,253,420,553,633,669,638,554,424,256,66,-132,-326,-489,-617,-687,-695,-660,-549,-381,-1003,-798,0,534,259,264,45,-183,-410,-606,-758,-841,-838,-773,-623,-405,-155,113,380,619,802,917,959,893,743,518,243,-60,-372,-629,-844,-993,-1039,-979,-828,-603,-301,9,326,630,871,1026,1077,1028,890,671,389,66,-265,-570,-818,-987,-1077,-1063,-942,-736,-472,-163,165,480,747,949,1069,1081,997,827,569,256,-61,-385,-676,-898,-1026,-1070,-1016,-862,-627,-346,-28,304,586,814,968,1034,995,876,665,390,105,-202,-489,-722,-883,-940,-925,-831,-651,-428,-163,125,385,600,753,832,847,778,640,449,218,-20,-261,-476,-629,-729,-763,-729,-622,-456,-256,-51,167,369,529,632,680,668,590,467,303,101,757,-278,-442,-555,-606,-607,-552,-455,-308,-137,45,223,359,466,531,542,504,412,300,156,-1,-146,-283,-386,-446,-467,-458,-399,-290,-170,-40,85,200,297,366,399,385,345,281,193,82,-31,-123,-212,-267,-311,-318,-294,-254,-201,-123,-50,22,94,150,210,249,254,253,230,181,132,69,-5,-77,-153,-217,-263,-288,-281,-258,-200,-131,-29,63,157,235,286,314,304,252,186,111,8,-88,-176,-237,-268,-281,-253,-201,-130,-48,30,107,162,207,227,211,180,134,77,21,-41,-95,-133,-154,-169,-159,-132,-94,-50,6,53,83,120,135,124,107,71,22,-22,-61,-85,-96,-85,393,609,0,-994,-781,102,180,241,250,205,120,12,-99,-203,-282,-312,-297,-243,-156,-47,66,163,244,300,313,292,236,144,40,-60,-150,-232,-277,-298,-285,-231,-164,-85,8,100,163,224,252,262,246,209,146,90,21,-50,-110,-153,-196,-218,-220,-208,-170,-110,-58,2,71,115,161,203,221,227,213,166,110,48,-22,-88,-149,-188,-221,-234,-224,-202,-154,-93,-28,39,113,176,221,241,236,225,189,142,82,-6,-80,-141,-204,-240,-253,-249,-231,-182,-112,-37,36,108,179,230,255,263,250,203,153,79,-1,-74,-144,-201,-249,-266,-250,-224,-169,-105,-30,38,108,170,213,233,240,227,-674,131,74,8,-59,-116,-171,-211,-215,-212,-197,-168,-124,-77,-14,42,92,148,170,191,202,186,163,140,90,33,-23,-82,-137,-174,-197,-215,-213,-210,-176,-123,-72,-8,62,114,174,227,264,273,274,249,203,142,58,-35,-121,-222,-311,-365,-400,-396,-352,-275,-176,-47,103,246,375,472,526,535,482,394,257,94,-84,-263,-420,-549,-610,-615,-587,-479,-323,-136,48,244,425,547,630,656,611,519,379,202,4,-199,-376,-525,-624,-660,-637,-569,-442,-271,-71,116,299,461,578,649,655,608,514,365,192,-5,-200,-372,-515,-617,-667,-669,-606,-489,-326,-119,77,279,470,620,-129,-616
39045,mtk,MTK 7916,2423444744,rx1-tx1,512,0,0,0,-174,-475,-672,-719,-603,-346,-14,322,590,727,703,523,227,-126,-442,-658,-730,-631,-393,-78,253,531,684,679,514,241,-78,-376,-587,-657,-575,-354,-51,266,515,641,616,443,162,-154,-443,-630,-668,-549,-303,13,323,573,700,655,455,152,-193,-493,-688,-735,-607,-335,1,342,621,757,720,540,231,-135,-464,-680,-757,-668,-423,-92,253,548,720,726,585,327,-9,-335,-577,-689,-648,-464,-187,120,398,581,633,541,330,55,-220,-434,-551,-546,-418,-204,37,269,435,500,451,305,98,-122,-314,-426,-436,-346,-188,-2,180,319,375,346,245,94,-73,-210,-293,-309,-249,-140,-2,0,226,257,235,162,51,-73,-164,-208,-209,-160,-62,40,125,181,193,154,76,-23,-108,-162,-177,-145,-74,18,108,175,196,168,101,9,-100,-200,-241,-220,-159,-60,64,184,265,293,254,155,11,-127,-243,-325,-334,-273,-151,8,169,297,367,361,284,158,-5,-173,-312,-391,-388,-307,-173,-7,166,311,389,383,314,189,27,-134,-265,-352,-371,-323,-216,-73,83,219,315,344,315,231,104,-39,-158,-248,-297,-295,-240,-139,-27,81,177,243,264,244,184,95,-10,-105,-180,-223,-226,-196,-146,-73,11,85,144,187,201,186,147,91,26,-33,-84,-118,-139,-141,-125,-100,-67,0,0,0,0,0,-20,-15,-10,-7,0,1,-2,-1,-1,-4,-4,0,4,4,6,14,19,19,17,6,-11,-21,-27,-32,-40,-36,-21,3,30,41,41,45,40,15,-7,-28,-39,-40,-25,-16,-7,15,36,35,16,-10,-33,-51,-58,-52,-28,10,55,90,118,121,87,29,-39,-109,-161,-198,-194,-146,-51,61,165,240,279,261,190,71,-72,-206,-299,-343,-316,-222,-74,93,252,352,385,348,238,68,-125,-290,-402,-426,-356,-212,-30,167,333,427,426,339,176,-17,-217,-366,-433,-401,-293,-118,86,270,388,418,358,215,15,-187,-334,-407,-396,-289,-114,86,272,398,435,364,212,0,-218,-384,-469,-442,-311,-107,131,340,476,509,425,236,-10,-262,-455,-553,-535,-386,-143,129,380,557,612,519,312,26,-278,-518,-644,-633,-477,-207,119,424,635,700,613,392,74,-273,-563,-737,-739,-577,-285,80,438,690,789,717,489,136,-246,-565,-769,-803,-654,-357,29,405,687,818,758,522,182,-199,-541,-764,-819,-685,-394,-21,354,651,807,779,572,241,-142,-493,-724,-789,-678,-419,-59,305,595,747,723,530,226,-129,-452,-672,-728,-619,-373,-42,298,564,699,678,495,201,-138,-446,-652,-707,-597,-345,-15,316,571,700,666,476,180,-147,-446,-649,-704,-593,-345,-22,306,0,0,0,0,0,692,532,253,-88,-412,-641,-731,-658,-439,-126,223,525,702,726,591,320,-22,-353,-599,-707,-662,-472,-173,167,455,632,667,546,298,-13,-323,-555,-649,-589,-401,-116,207,476,630,642,499,232,-88,-391,-610,-687,-604,-383,-66,268,542,700,701,542,250,-98,-423,-660,-747,-664,-438,-115,242,545,732,759,615,342,-8,-353,-627,-752,-707,-521,-223,128,438,640,712,627,401,92,-229,-493,-640,-647,-521,-276,16,294,507,599,552,393,151,-121,-358,-497,-520,-436,-262,-32,199,374,464,450,333,148,-55,-240,-369,-408,-357,-225,-41,131,260,341,339,264,129,-31,-167,-258,-290,0,-156,-36,94,189,224,209,149,50,-58,-141,-188,-195,-152,-67,35,115,170,182,145,72,-19,-104,-163,-181,-152,-77,19,111,182,212,193,125,26,-91,-191,-259,-260,-195,-90,28,151,256,306,290,207,79,-69,-209,-307,-354,-330,-231,-74,102,244,339,376,343,234,71,-102,-248,-347,-394,-362,-252,-103,68,227,344,388,359,260,120,-37,-182,-291,-352,-352,-285,-159,-10,135,248,312,315,270,183,63,-66,-177,-251,-284,-265,-203,-112,-8,99,193,241,245,217,159,78,-14,-104,-164,-200,-213,-190,-137,-69,-2,64,124,165,175,165,137,98,51,8,-29,-57,-74,0,0,0,0,0,-2,-10,-16,-14,-11,-11,-8,-3,1,2,2,-2,-12,-18,-10,0,7,14,23,32,42,37,14,-6,-15,-27,-37,-40,-37,-23,-3,18,34,42,39,30,17,-2,-25,-33,-30,-18,-1,22,37,44,40,18,-10,-37,-64,-85,-84,-57,-16,43,112,161,168,140,81,7,-88,-178,-229,-233,-199,-121,4,133,235,296,311,254,142,2,-151,-278,-354,-364,-289,-147,26,192,334,403,383,293,140,-49,-233,-371,-431,-401,-287,-110,94,275,404,441,386,239,38,-159,-319,-416,-421,-330,-166,32,221,357,418,383,258,74,-124,-294,-404,-416,-323,-150,53,250,400,0,403,254,48,-176,-365,-479,-482,-371,-172,71,300,468,536,483,320,73,-198,-429,-567,-579,-461,-238,50,331,533,624,577,391,109,-209,-486,-649,-670,-549,-302,20,352,612,735,690,484,170,-191,-511,-714,-764,-646,-382,-29,337,630,781,759,567,247,-130,-491,-738,-815,-712,-448,-83,292,610,802,805,623,303,-85,-460,-735,-836,-743,-497,-140,251,580,777,795,633,331,-39,-395,-654,-768,-706,-478,-141,218,524,709,727,582,307,-44,-381,-624,-717,-648,-434,-120,223,515,686,696,545,271,-66,-387,-613,-701,-636,-421,-107,227,508,668,677,529,263,-70,-379,-607,-694,-625,0,0
39046,mtk,MTK 7916,2423444744,rx2-tx0,512,0,0,0,-909,-623,-187,300,718,967,982,770,378,-101,-555,-881,-996,-876,-555,-104,370,752,954,925,673,264,-206,-620,-885,-941,-773,-414,47,496,819,938,834,528,87,-382,-757,-945,-909,-654,-233,248,681,948,988,791,400,-92,-566,-913,-1042,-921,-583,-103,410,823,1038,1003,728,282,-235,-703,-998,-1051,-852,-450,69,581,953,1092,973,615,106,-436,-874,-1114,-1091,-798,-314,251,765,1105,1186,987,553,-20,-591,-1024,-1228,-1155,-807,-271,329,855,1191,1243,1011,551,-38,-619,-1058,-1246,-1153,-798,-260,333,843,1161,1209,983,532,-38,-594,-1001,-1171,-1070,-725,-223,320,787,1058,1074,844,425,-93,0,-933,-1050,-912,-562,-82,417,820,1020,975,692,247,-259,-705,-986,-1035,-835,-431,80,580,953,1099,983,640,135,-415,-870,-1129,-1134,-869,-389,183,719,1109,1251,1100,697,137,-472,-996,-1288,-1281,-1000,-497,129,734,1177,1361,1238,831,238,-409,-962,-1303,-1356,-1112,-614,23,652,1133,1370,1301,936,363,-284,-871,-1262,-1380,-1195,-745,-133,496,1021,1326,1348,1081,581,-36,-639,-1095,-1306,-1248,-936,-432,155,693,1069,1213,1103,771,296,-227,-680,-971,-1051,-912,-596,-174,265,634,860,892,738,444,82,-280,-572,-736,-740,-601,-356,-54,246,486,622,632,531,344,119,-109,-301,-429,-475,-443,-358,-243,0,0,0,0,0,313,314,267,172,34,-132,-299,-430,-503,-498,-405,-239,-22,213,417,548,576,491,313,73,-193,-430,-585,-617,-524,-323,-54,230,471,618,637,523,295,-7,-309,-544,-663,-638,-476,-210,106,401,599,672,591,373,65,-251,-506,-647,-643,-489,-216,112,417,629,697,597,359,28,-317,-596,-743,-721,-526,-213,154,502,744,819,702,415,35,-351,-663,-842,-821,-611,-259,149,534,801,892,771,480,79,-348,-703,-893,-880,-668,-306,132,543,832,929,822,523,107,-336,-706,-915,-916,-712,-344,105,524,823,943,845,551,147,-295,-668,-885,-903,-708,-348,76,477,767,881,788,510,116,0,-649,-828,-819,-619,-272,140,511,755,816,687,397,4,-392,-687,-815,-753,-506,-132,278,625,822,825,628,271,-157,-549,-814,-886,-750,-428,-2,433,773,934,875,610,195,-276,-682,-929,-956,-764,-394,75,531,863,992,885,566,113,-370,-762,-974,-952,-701,-283,203,644,931,993,823,454,-30,-511,-870,-1026,-936,-623,-153,355,777,1016,1019,785,365,-148,-632,-969,-1070,-919,-557,-65,445,852,1062,1021,736,280,-235,-699,-996,-1057,-871,-479,27,525,895,1049,960,650,187,-320,-758,-1011,-1024,-804,-394,111,586,920,1037,911,571,99,-392,-791,-1002,-972,-715,-293,193,631,922,991,827,0,0,0,0,0,-396,-779,-982,-954,-701,-282,206,640,927,997,831,470,8,-458,-815,-974,-902,-618,-190,282,683,922,937,729,345,-117,-554,-856,-944,-800,-466,-24,435,793,947,874,587,155,-328,-729,-949,-948,-725,-317,178,626,931,1020,857,487,5,-488,-871,-1046,-970,-664,-193,327,765,1020,1034,800,365,-156,-639,-973,-1075,-914,-529,-10,512,912,1098,1023,701,202,-348,-825,-1115,-1140,-890,-426,140,682,1074,1218,1077,681,123,-471,-964,-1225,-1204,-908,-408,189,748,1137,1262,1096,682,120,-474,-958,-1218,-1199,-908,-407,176,717,1087,1204,1039,639,101,-455,-898,-1118,-1078,-796,-327,210,689,1002,1076,0,503,-4,-503,-875,-1040,-949,-632,-170,340,770,1007,1000,758,336,-171,-643,-970,-1066,-907,-524,-10,509,914,1113,1057,749,257,-309,-811,-1132,-1197,-991,-549,34,616,1062,1273,1201,860,314,-318,-876,-1237,-1333,-1130,-673,-57,570,1076,1346,1313,980,429,-213,-812,-1233,-1374,-1211,-779,-168,480,1018,1330,1349,1068,552,-86,-699,-1165,-1386,-1296,-921,-361,272,843,1233,1360,1196,783,212,-396,-906,-1212,-1260,-1052,-630,-89,454,876,1106,1105,870,463,-14,-467,-812,-969,-918,-692,-335,76,454,720,826,752,538,227,-115,-416,-624,-700,-636,-459,-211,64,312,487,568,554,452,289,104,-73,-206,-291,0,0,0,0,0,13,140,259,364,428,434,368,233,49,-150,-341,-488,-552,-520,-392,-183,72,311,497,595,578,439,202,-74,-337,-532,-622,-590,-432,-175,122,391,591,666,590,383,99,-209,-473,-638,-661,-540,-293,12,312,549,669,627,438,150,-172,-460,-645,-680,-549,-285,44,367,616,725,670,453,116,-250,-559,-746,-771,-623,-322,66,431,704,824,763,519,154,-251,-603,-818,-856,-692,-363,46,448,757,896,829,575,182,-256,-632,-867,-908,-740,-411,20,452,778,929,873,626,230,-221,-625,-882,-938,-784,-455,-26,407,752,925,884,641,249,-185,-574,-834,-899,-757,-441,-25,387,706,862,0,563,197,-208,-570,-795,-823,-657,-335,68,448,719,822,728,456,64,-336,-652,-818,-788,-562,-198,217,589,821,855,684,349,-78,-498,-800,-914,-817,-521,-91,363,732,933,921,691,297,-175,-608,-899,-980,-834,-485,-18,450,812,984,923,640,200,-287,-704,-955,-976,-761,-371,115,578,905,1007,874,534,63,-438,-835,-1029,-982,-704,-261,248,702,996,1059,865,466,-43,-543,-917,-1078,-983,-651,-168,354,791,1037,1044,808,381,-138,-622,-959,-1068,-928,-574,-80,428,833,1040,1003,731,293,-216,-673,-968,-1034,-858,-485,7,495,857,1018,942,646,199,-294,-715,-964,-984,-772,-386,94,553,0,0
39047,mtk,MTK 7916,2423444744,rx2-tx1,512,0,0,0,569,466,262,5,-248,-444,-532,-497,-350,-123,118,330,467,495,405,227,5,-204,-360,-436,-409,-300,-127,75,253,364,385,325,190,16,-152,-264,-311,-295,-208,-77,65,174,234,241,190,90,-23,-120,-175,-175,-133,-65,18,88,124,124,75,8,-58,-107,-121,-89,-20,60,129,180,174,120,25,-98,-204,-265,-261,-195,-79,68,217,323,357,307,182,7,-180,-335,-424,-420,-316,-134,91,302,441,482,421,264,42,-201,-399,-504,-501,-383,-183,65,310,482,536,482,313,54,-218,-431,-546,-545,-422,-198,76,333,512,581,519,328,63,-208,-437,-572,-575,-456,-219,71,331,0,599,534,344,77,-207,-444,-584,-589,-452,-211,78,339,521,584,519,324,48,-239,-471,-596,-576,-420,-170,120,389,579,632,535,306,4,-310,-562,-680,-637,-453,-160,181,493,691,738,611,347,-8,-376,-671,-823,-784,-558,-211,181,549,808,889,775,494,95,-338,-710,-931,-940,-737,-375,59,496,843,998,937,694,290,-190,-616,-919,-1038,-931,-636,-218,249,674,949,1031,901,590,173,-274,-667,-904,-961,-821,-514,-121,286,629,831,851,703,424,82,-278,-564,-726,-730,-594,-350,-52,245,484,627,639,521,319,75,-177,-388,-520,-554,-491,-352,-173,15,189,312,374,374,324,233,0,0,0,0,0,-178,-184,-167,-123,-56,24,112,188,246,272,250,188,93,-20,-132,-223,-272,-266,-224,-146,-36,85,185,247,268,238,165,62,-59,-171,-236,-242,-214,-152,-57,46,138,196,216,190,134,53,-41,-112,-153,-173,-151,-100,-38,19,57,84,97,84,59,20,-21,-46,-48,-42,-36,-26,-18,-18,-22,-28,-21,-4,24,52,72,97,105,86,44,-5,-69,-136,-188,-198,-167,-104,-7,100,197,264,273,225,135,7,-129,-243,-315,-315,-254,-148,-1,155,276,345,352,275,135,-36,-188,-304,-363,-349,-253,-98,73,226,329,354,302,191,34,-137,-261,-327,-331,-249,-112,43,195,0,339,283,169,15,-148,-290,-348,-334,-243,-94,89,253,356,372,306,164,-20,-198,-332,-389,-366,-256,-83,121,297,403,410,320,158,-46,-245,-388,-441,-398,-259,-61,156,345,457,459,354,172,-55,-269,-421,-479,-421,-267,-50,179,373,477,460,318,114,-109,-323,-458,-480,-383,-191,51,283,458,522,462,293,44,-230,-455,-578,-567,-427,-188,111,396,585,648,566,357,58,-266,-537,-690,-681,-516,-239,84,399,633,727,659,435,109,-232,-530,-718,-744,-605,-339,11,352,612,742,715,527,217,-135,-452,-672,-747,-659,-430,-109,217,502,676,686,551,303,-5,-301,-525,-628,-583,0,0,0,0,0,67,319,489,547,481,311,72,-180,-387,-502,-498,-384,-191,41,260,421,469,407,262,69,-134,-308,-406,-399,-305,-160,22,201,320,354,306,195,41,-107,-216,-268,-259,-195,-81,48,152,205,205,167,83,-19,-97,-140,-147,-109,-38,44,99,114,96,47,-24,-92,-125,-130,-99,-28,75,168,219,209,145,33,-94,-211,-289,-304,-246,-119,35,200,332,399,370,251,67,-137,-317,-423,-447,-371,-198,27,249,429,516,476,325,97,-152,-370,-510,-531,-431,-241,18,266,448,541,516,363,120,-149,-383,-536,-568,-472,-263,4,273,478,582,553,388,141,-138,-397,-563,-595,-502,0,-11,273,495,594,554,391,139,-140,-396,-568,-596,-486,-274,11,299,508,601,556,380,117,-179,-433,-588,-601,-468,-230,69,362,578,662,587,368,62,-263,-536,-693,-694,-537,-247,110,442,679,778,703,457,94,-297,-631,-825,-838,-665,-352,50,457,775,920,860,617,236,-218,-626,-887,-976,-860,-550,-118,346,747,987,1016,832,471,8,-455,-831,-1030,-1014,-794,-415,63,507,829,992,962,729,355,-82,-487,-780,-901,-855,-636,-283,106,457,713,800,731,531,234,-108,-413,-624,-697,-635,-453,-192,93,345,521,594,562,431,227,-4,-212,-375,-469,-482,-417,-297,-156,-10,108,183,0,0,0,0,0,-1,-58,-121,-182,-227,-246,-226,-169,-90,9,120,207,260,274,248,173,69,-47,-154,-238,-275,-264,-201,-101,11,122,211,259,257,203,113,0,-107,-188,-231,-228,-180,-102,-1,94,158,194,180,139,84,14,-62,-115,-132,-126,-93,-49,-12,28,61,66,65,49,21,2,-3,-1,-9,-16,-13,-19,-39,-61,-69,-63,-47,-20,21,65,111,144,129,95,36,-47,-133,-200,-238,-229,-165,-65,49,163,257,306,290,205,79,-64,-202,-306,-347,-319,-223,-75,89,234,327,356,315,191,30,-130,-263,-351,-359,-282,-149,15,180,296,354,338,239,84,-81,-232,-324,-338,-276,0,26,182,300,353,319,205,44,-134,-270,-350,-354,-277,-131,52,220,334,377,335,205,25,-157,-311,-404,-394,-281,-106,92,272,404,439,360,208,11,-203,-368,-452,-439,-314,-109,122,317,450,484,402,218,-4,-226,-395,-466,-433,-302,-91,146,350,469,470,363,156,-87,-309,-454,-488,-415,-241,2,254,452,542,507,352,101,-187,-432,-586,-618,-501,-259,36,327,563,672,632,448,152,-180,-475,-669,-707,-590,-352,-21,322,590,731,712,526,228,-121,-446,-670,-749,-668,-438,-116,242,544,721,743,609,338,-7,-349,-604,-719,-680,-499,-218,107,403,607,668,573,366,84,-218,0,0
39048,mtk,MTK 7916,2423486923,rx0-tx0,512,-349,-910,-857,516,479,407,290,146,-13,-186,-338,-459,-538,-568,-541,-444,-320,-153,36,220,383,508,582,600,564,463,311,127,-66,-258,-418,-550,-610,-604,-549,-433,-272,-87,103,292,436,527,577,569,498,390,231,60,-103,-261,-383,-467,-506,-494,-438,-351,-230,-83,56,171,282,356,407,426,407,358,287,198,73,-54,-164,-265,-365,-428,-459,-454,-399,-300,-180,-34,117,261,390,493,541,536,479,365,218,38,-143,-309,-451,-559,-590,-563,-492,-357,-194,-11,182,364,495,570,586,538,430,279,103,-72,-238,-376,-470,-512,-497,-433,-334,-202,-45,108,240,343,400,416,398,329,236,131,-511,-90,-186,-265,-305,-314,-297,-250,-184,-109,-20,51,113,172,204,214,213,196,167,124,66,22,-35,-81,-111,-146,-165,-173,-174,-159,-136,-100,-48,3,54,102,150,185,199,195,186,154,111,52,-16,-79,-140,-189,-229,-235,-226,-187,-144,-91,-22,59,132,191,227,250,248,217,176,103,30,-53,-136,-197,-248,-284,-280,-241,-191,-123,-35,65,152,222,274,287,283,243,171,92,12,-78,-167,-235,-273,-279,-258,-223,-153,-67,26,118,185,228,253,258,228,173,105,30,-55,-128,-183,-218,-226,-214,-179,-109,-36,35,108,161,191,203,177,128,60,-13,-84,-129,-150,-142,-657,-804,1179,-1185,-1021,190,221,202,134,33,-82,-194,-282,-317,-305,-249,-154,-33,96,214,307,361,366,329,246,136,7,-127,-249,-337,-386,-391,-355,-284,-174,-40,99,227,335,394,423,410,339,241,118,-27,-168,-292,-382,-439,-439,-408,-338,-214,-81,58,205,325,417,458,453,408,314,183,49,-100,-240,-353,-424,-458,-459,-396,-298,-174,-30,115,249,356,436,477,464,403,305,181,38,-106,-255,-364,-442,-481,-473,-416,-315,-190,-37,119,259,380,460,491,481,425,320,192,35,-122,-281,-400,-473,-503,-484,-421,-315,-174,-18,147,288,401,474,504,471,410,298,152,-9,-158,-298,-407,-471,-487,-330,-381,-265,-140,1,143,269,369,436,462,449,390,287,172,42,-102,-229,-345,-423,-464,-458,-421,-341,-227,-94,56,203,332,428,490,504,477,392,283,136,-28,-196,-350,-464,-552,-584,-546,-475,-348,-169,17,204,372,516,613,638,602,505,353,170,-36,-241,-420,-559,-653,-670,-617,-499,-344,-150,73,284,462,597,672,678,617,481,302,93,-121,-320,-478,-596,-647,-635,-557,-423,-251,-61,138,317,462,555,587,565,490,369,211,37,-129,-275,-393,-473,-502,-485,-417,-331,-205,-70,61,190,297,374,418,424,402,341,249,144,27,-101,-219,-314,-391,-437,-445,-412,-332,-228,-101,-1103,-1224,-729,34,274,-16,-171,-314,-429,-503,-536,-514,-432,-308,-152,16,199,359,483,574,597,554,461,313,138,-52,-242,-405,-531,-602,-613,-561,-450,-294,-99,85,269,430,542,597,598,529,404,247,75,-109,-277,-412,-510,-541,-530,-464,-358,-224,-67,90,222,335,416,459,446,411,344,240,137,11,-106,-210,-300,-378,-426,-428,-391,-342,-255,-138,-14,122,263,376,455,498,488,441,348,210,46,-121,-283,-421,-520,-576,-561,-495,-384,-219,-22,155,332,473,562,596,568,471,327,154,-34,-219,-382,-494,-554,-553,-492,-382,-231,-67,99,244,363,441,476,450,387,286,157,29,-105,-222,-304,-353,1105,-346,-292,-214,-118,-27,70,156,219,255,261,241,219,177,107,40,-20,-75,-120,-161,-181,-184,-183,-162,-134,-104,-61,-18,29,75,113,149,172,181,180,164,134,86,26,-28,-87,-148,-188,-217,-219,-207,-174,-125,-58,14,81,139,185,221,240,233,198,148,93,24,-59,-128,-196,-243,-270,-276,-241,-183,-119,-32,69,146,211,259,289,289,246,196,106,14,-72,-165,-228,-269,-286,-279,-238,-168,-85,7,96,172,238,267,271,244,186,121,46,-36,-118,-183,-220,-241,-235,-197,-143,-68,6,78,150,197,214,209,183,129,63,-10,-89,-146,-181,-185,-156,-101,-37,33,-653,-450,1145,407,710,59,-32,-136,-222,-270,-275,-228,-135,-17,103,216,302,344,336,281,190,70,-61,-185,-287,-355,-382,-366,-302,-203,-80,50,178,285,364,404,403,356,261,138,7,-139,-264,-357,-419,-438,-411,-335,-231,-91,51,180,309,400,441,448,405,322,205,60,-90,-230,-352,-421,-457,-460,-408,-310,-185,-54,97,245,353,431,465,455,401,305,187,44,-105,-244,-362,-445,-479,-471,-414,-305,-182,-35,113,251,363,443,488,475,417,315,177,31,-113,-264,-383,-469,-502,-487,-426,-315,-176,-18,135,275,386,466,508,485,414,300,165,2,-154,-286,-403,-475,-491,-462,-395,-280,-139,12,826,294,389,452,483,455,389,286,156,23,-123,-255,-358,-422,-461,-453,-403,-312,-192,-56,81,213,336,419,472,480,446,363,253,114,-42,-199,-335,-443,-520,-543,-517,-432,-310,-162,23,197,355,497,580,604,572,490,351,168,-31,-224,-399,-537,-629,-659,-614,-507,-360,-169,52,272,458,584,671,686,625,508,333,125,-94,-308,-485,-610,-667,-660,-584,-459,-282,-79,126,319,474,581,628,613,529,400,228,44,-137,-302,-430,-517,-548,-524,-457,-346,-203,-45,113,241,344,425,458,455,407,324,218,98,-23,-140,-251,-335,-391,-425,-416,-367,-289,-192,-73,57,189,304,390,443,-582,-265
39049,mtk,MTK 7916,2423486923,rx0-tx1,512,87,581,437,643,677,656,569,424,233,16,-213,-423,-599,-725,-789,-777,-687,-537,-321,-73,184,433,640,793,880,882,791,636,417,154,-133,-410,-656,-841,-948,-963,-895,-738,-510,-223,84,382,651,854,988,1020,956,803,575,302,-2,-307,-586,-813,-965,-1027,-998,-889,-694,-435,-142,161,451,713,915,1037,1064,1000,841,608,316,-11,-341,-645,-901,-1071,-1147,-1111,-965,-738,-432,-91,275,611,889,1092,1184,1162,1036,810,504,157,-202,-546,-834,-1039,-1147,-1140,-1035,-830,-555,-230,122,446,733,945,1069,1097,1022,859,610,313,-12,-337,-618,-842,-986,-1039,-998,-871,-663,-396,-100,198,487,722,890,985,-689,900,728,503,233,-65,-356,-608,-806,-939,-986,-953,-830,-631,-377,-82,218,502,755,944,1049,1053,955,771,513,210,-128,-471,-769,-1002,-1134,-1168,-1088,-895,-622,-274,113,485,818,1076,1228,1263,1163,954,645,262,-150,-546,-901,-1156,-1289,-1294,-1176,-935,-603,-197,225,613,953,1178,1282,1265,1105,837,485,87,-319,-689,-975,-1163,-1222,-1140,-951,-659,-310,54,409,699,914,1027,1020,911,708,452,154,-136,-402,-618,-762,-817,-796,-696,-533,-315,-83,145,347,507,618,654,626,541,399,220,25,-168,-330,-456,-533,-547,-500,-392,-251,-75,107,263,392,452,453,386,262,103,-65,-198,-284,-294,746,740,0,-620,-580,-143,-184,-191,-157,-89,1,101,187,240,257,245,201,122,29,-67,-157,-233,-276,-289,-274,-230,-161,-74,27,136,222,291,332,336,304,244,163,56,-60,-181,-283,-364,-409,-407,-371,-293,-176,-41,115,262,383,472,518,500,424,310,152,-23,-207,-366,-480,-553,-575,-524,-411,-261,-86,106,280,424,520,568,556,485,363,206,32,-140,-297,-424,-500,-527,-506,-437,-322,-180,-19,129,269,380,447,473,456,399,299,182,49,-88,-211,-312,-390,-428,-426,-388,-310,-213,-97,32,155,260,341,389,403,380,315,229,114,-2,-115,-216,-295,-351,-371,-354,-307,-236,-141,-39,58,155,-130,288,318,319,298,250,178,98,6,-82,-157,-217,-259,-283,-281,-252,-211,-157,-87,-11,59,127,187,232,249,255,252,217,168,112,46,-22,-96,-166,-224,-264,-298,-305,-288,-248,-183,-109,-8,99,199,301,372,408,411,375,307,200,73,-67,-205,-336,-431,-486,-507,-480,-402,-285,-129,34,193,345,461,547,567,536,456,331,175,-5,-179,-340,-468,-543,-577,-553,-476,-356,-200,-31,131,287,411,493,526,511,456,363,241,100,-48,-184,-303,-393,-446,-467,-449,-390,-303,-198,-80,45,160,262,350,409,439,439,406,335,245,127,-6,-142,-271,-386,-477,-528,-534,-498,-410,-275,83,-231,504,-487,-623,194,-11,-216,-408,-572,-680,-734,-720,-633,-484,-282,-49,195,424,619,765,836,832,747,586,368,117,-163,-425,-652,-827,-922,-927,-849,-688,-463,-187,110,396,661,863,985,1008,937,776,548,263,-51,-358,-632,-840,-974,-1022,-973,-842,-635,-366,-66,237,522,767,938,1026,1025,940,766,527,228,-87,-398,-680,-900,-1051,-1103,-1059,-919,-692,-395,-56,301,622,892,1081,1173,1152,1010,783,472,116,-245,-585,-872,-1070,-1166,-1156,-1037,-820,-526,-184,166,497,783,992,1120,1129,1033,850,583,272,-66,-390,-674,-897,-1034,-1078,-1019,-862,-634,-348,-41,268,551,781,936,1004,988,883,687,441,164,261,-416,-659,-841,-960,-989,-923,-773,-566,-304,-16,274,553,779,937,1018,1002,902,716,456,148,-176,-489,-758,-960,-1079,-1112,-1029,-846,-573,-240,119,479,791,1032,1187,1223,1132,941,641,274,-129,-518,-854,-1115,-1266,-1284,-1181,-957,-624,-229,183,584,924,1171,1300,1288,1151,899,541,148,-273,-665,-976,-1183,-1262,-1211,-1036,-755,-403,-7,375,709,967,1106,1131,1034,832,557,226,-112,-425,-672,-841,-923,-897,-791,-608,-368,-111,143,372,563,682,727,700,606,459,273,54,-146,-332,-476,-566,-599,-562,-468,-332,-159,25,206,355,463,516,491,415,282,113,-61,-222,-336,-397,-380,-301,-177,-34,53,-137,0,84,-233,-85,-20,64,145,206,236,224,169,87,-7,-100,-189,-248,-276,-270,-236,-172,-84,11,102,187,257,295,314,288,232,157,57,-50,-158,-245,-316,-357,-368,-339,-274,-177,-48,87,210,329,414,465,467,409,309,176,16,-159,-314,-445,-530,-554,-518,-422,-286,-122,69,258,404,507,568,568,501,387,234,59,-126,-297,-433,-519,-552,-531,-456,-337,-185,-25,141,288,405,482,506,482,418,308,175,36,-107,-237,-340,-410,-446,-439,-386,-308,-204,-80,52,178,286,364,413,416,378,311,220,110,-9,-137,-241,-326,-378,-387,-366,-314,-235,-134,-18,90,186,265,325,345,337,303,245,161,67,-22,-110,-191,-248,-286,-304,-286,-251,-197,-125,-47,39,114,173,229,262,270,258,233,187,126,59,-5,-76,-149,-200,-240,-267,-269,-257,-227,-178,-119,-39,50,133,219,281,328,359,346,316,253,148,37,-88,-206,-319,-407,-460,-469,-437,-361,-241,-105,45,204,346,461,525,539,512,432,309,154,-27,-191,-349,-469,-554,-580,-550,-472,-344,-188,-19,160,320,447,529,557,538,472,360,219,59,-99,-246,-366,-448,-495,-498,-457,-380,-268,-143,-14,114,234,328,396,434,433,400,348,268,159,44,-77,-198,-303,-389,-453,-482,-468,-414,-330,-209,-63,93,249,395,506,618,580
39050,mtk,MTK 7916,2423486923,rx1-tx0,512,0,-419,-608,-616,-586,-516,-386,-209,-12,198,390,550,658,716,696,608,456,252,20,-223,-450,-633,-760,-816,-787,-677,-501,-279,-11,256,496,699,829,885,846,717,521,273,-10,-281,-538,-736,-861,-912,-862,-736,-529,-273,12,286,541,743,883,926,878,755,553,300,12,-269,-522,-731,-874,-921,-891,-769,-567,-328,-47,251,509,706,841,908,875,753,568,320,41,-250,-503,-699,-827,-879,-850,-734,-545,-312,-60,210,458,644,770,830,796,681,512,291,41,-210,-421,-589,-698,-745,-720,-634,-471,-276,-56,175,370,529,632,678,651,562,435,261,54,-144,-325,-466,-575,-611,-587,-524,-406,-245,216,108,277,417,518,569,545,468,364,227,51,-116,-262,-382,-469,-500,-486,-432,-328,-190,-40,104,234,342,415,446,438,386,291,169,45,-94,-213,-303,-369,-384,-367,-322,-235,-120,7,101,193,280,308,324,296,240,179,84,-7,-76,-151,-199,-226,-229,-207,-184,-139,-76,-24,22,66,93,136,160,161,155,145,114,95,56,1,-52,-101,-143,-177,-184,-178,-164,-108,-52,11,71,128,169,189,186,177,128,70,9,-43,-93,-133,-148,-145,-139,-111,-65,-20,24,61,95,112,113,98,87,66,35,4,-30,-48,-64,-75,-79,-65,-50,-27,1,22,43,57,58,51,24,491,223,0,208,645,144,180,180,149,83,-8,-107,-189,-240,-248,-223,-162,-75,18,110,193,240,259,244,201,135,49,-35,-115,-185,-234,-243,-232,-192,-130,-60,22,100,147,178,209,195,170,144,86,31,-27,-62,-105,-130,-138,-147,-145,-136,-98,-65,-35,7,48,89,123,143,160,156,144,119,78,26,-30,-85,-128,-163,-192,-197,-186,-159,-112,-67,7,82,148,192,223,231,220,185,127,68,-10,-85,-147,-191,-226,-240,-224,-191,-129,-74,7,86,151,204,227,242,231,193,144,69,-6,-76,-145,-189,-216,-231,-222,-191,-142,-76,-7,63,122,174,194,208,199,172,136,71,11,-46,-584,-141,-169,-180,-189,-169,-136,-92,-41,5,55,91,119,149,156,149,147,124,85,55,10,-39,-81,-113,-134,-149,-152,-146,-130,-101,-62,-25,14,55,99,124,143,164,167,148,134,103,59,14,-41,-97,-156,-188,-217,-239,-231,-202,-151,-88,-19,72,154,231,296,331,341,316,255,164,51,-77,-204,-322,-397,-441,-437,-390,-303,-184,-42,108,251,367,445,485,464,411,323,190,43,-105,-243,-363,-453,-489,-484,-435,-342,-219,-74,77,233,350,431,487,488,441,360,248,109,-37,-166,-292,-402,-475,-497,-478,-425,-325,-191,-52,101,245,359,455,523,531,483,402,276,121,-944,-714,0,507,240,7,195,363,512,610,659,647,564,420,238,25,-204,-409,-590,-712,-760,-742,-645,-480,-265,-16,238,473,665,801,859,820,706,517,272,-2,-285,-538,-733,-861,-900,-859,-734,-524,-271,11,294,542,748,873,911,859,735,540,292,2,-279,-536,-744,-877,-919,-875,-751,-560,-307,-23,251,524,731,860,929,891,764,567,327,51,-238,-487,-695,-837,-896,-867,-750,-557,-319,-50,223,475,676,798,854,827,701,517,296,45,-219,-451,-625,-748,-794,-754,-647,-483,-277,-47,176,387,563,664,718,688,591,445,262,46,-164,-344,-491,-604,-646,-619,-539,-416,-252,-52,130,302,443,542,757,555,495,384,235,58,-121,-270,-390,-492,-533,-506,-448,-347,-211,-51,98,245,362,443,473,455,406,308,182,47,-93,-227,-333,-393,-418,-410,-350,-267,-149,-22,93,201,296,359,367,336,291,200,96,-4,-108,-179,-235,-274,-266,-250,-213,-145,-76,-4,60,105,150,165,161,171,159,143,114,58,19,-19,-67,-98,-125,-162,-174,-177,-153,-118,-63,-4,47,115,168,193,194,179,142,91,29,-26,-81,-137,-159,-164,-152,-131,-95,-47,-2,45,94,122,129,118,104,77,44,7,-26,-52,-79,-90,-94,-76,-64,-43,-19,10,35,49,62,64,56,45,22,2,-22,-40,432,617,0,-955,-728,102,24,-63,-141,-203,-231,-213,-157,-70,28,123,204,246,256,234,175,94,7,-81,-156,-219,-251,-252,-228,-174,-96,-14,69,146,198,232,233,197,146,98,34,-38,-84,-130,-169,-182,-166,-145,-116,-78,-47,-2,38,84,114,121,134,145,135,124,93,57,3,-52,-92,-127,-157,-175,-184,-170,-136,-101,-48,17,79,138,168,203,223,217,184,123,62,-11,-76,-146,-191,-223,-240,-227,-182,-129,-74,3,75,157,207,233,244,226,192,139,70,-1,-80,-145,-198,-233,-236,-222,-189,-133,-77,-7,72,136,187,213,218,205,177,129,74,12,-57,-105,-153,-183,-192,-185,-674,-137,-82,-35,21,82,119,154,167,168,157,129,106,69,18,-19,-58,-100,-131,-146,-163,-153,-130,-97,-69,-34,11,53,91,124,141,152,151,155,129,93,62,19,-37,-74,-106,-141,-160,-177,-181,-175,-143,-94,-51,15,91,155,212,251,282,287,254,204,117,27,-71,-176,-274,-350,-394,-398,-356,-277,-172,-50,89,223,337,421,461,458,407,307,186,40,-112,-245,-373,-457,-489,-475,-422,-331,-199,-51,97,237,360,444,489,491,446,348,237,96,-59,-203,-324,-421,-474,-481,-446,-389,-288,-150,-4,135,270,388,470,508,502,443,352,238,89,-79,-233,-373,-481,-543,-222,-658
39051,mtk,MTK 7916,2423486923,rx1-tx1,512,0,0,0,-125,220,510,692,728,605,343,-1,-343,-603,-733,-709,-533,-242,106,431,654,732,652,430,115,-224,-505,-666,-684,-546,-281,39,347,576,674,606,399,108,-209,-480,-641,-656,-519,-254,75,384,610,704,643,429,111,-238,-527,-708,-730,-594,-319,31,386,659,784,731,520,196,-172,-508,-738,-810,-701,-440,-93,274,584,771,790,639,349,-15,-376,-649,-774,-736,-545,-244,111,429,645,720,646,437,133,-197,-464,-621,-653,-540,-304,-17,263,484,595,570,421,186,-79,-319,-481,-525,-463,-307,-83,149,338,455,470,373,196,-6,-206,-348,-405,-377,-269,-104,74,231,328,339,274,0,-4,-160,-265,-305,-273,-180,-46,89,205,273,274,203,91,-44,-167,-245,-267,-229,-128,6,135,232,279,261,173,45,-97,-222,-299,-304,-235,-112,40,194,301,348,323,230,75,-102,-268,-374,-403,-350,-229,-46,148,317,419,442,377,238,39,-168,-337,-439,-466,-409,-254,-44,165,334,449,479,414,267,78,-117,-289,-411,-456,-410,-291,-123,63,227,347,401,375,287,155,3,-150,-267,-329,-334,-281,-176,-57,65,168,243,273,257,200,114,15,-79,-153,-194,-207,-194,-149,-83,-16,52,108,141,156,157,137,97,48,0,-41,-83,-114,-126,-126,-117,-92,-63,-33,-5,25,0,0,0,0,0,-16,-28,-41,-51,-50,-44,-33,-16,6,20,31,44,45,31,7,-14,-26,-31,-29,-18,-9,1,20,41,43,26,14,0,-19,-41,-44,-46,-43,-27,1,21,40,49,47,39,23,8,-9,-21,-21,-17,-15,-8,-6,-8,-18,-37,-45,-41,-20,4,37,67,99,113,108,75,31,-28,-93,-159,-191,-187,-149,-74,23,115,195,243,247,203,116,-14,-144,-247,-307,-316,-259,-137,14,156,273,342,339,276,149,-17,-186,-307,-371,-365,-287,-142,29,203,334,394,370,265,105,-71,-240,-348,-385,-339,-213,-52,120,274,369,374,290,140,-36,-207,-336,-381,-347,-235,-59,0,306,402,410,325,160,-45,-244,-396,-468,-429,-298,-95,141,351,484,513,432,258,8,-245,-443,-552,-549,-414,-182,90,351,545,617,552,364,87,-215,-483,-646,-668,-539,-300,19,344,595,718,684,499,211,-130,-454,-686,-765,-674,-439,-105,263,578,756,780,631,341,-23,-387,-664,-800,-766,-560,-221,166,507,738,809,711,452,100,-280,-592,-773,-784,-626,-326,35,386,660,776,714,500,181,-174,-486,-690,-740,-621,-357,-22,314,582,711,676,493,206,-130,-434,-642,-703,-604,-365,-46,286,552,690,674,516,239,-96,-411,-630,-701,-617,-392,-85,243,520,683,692,545,274,-56,0,0,0,0,0,-708,-694,-526,-238,111,434,655,735,658,440,128,-219,-525,-707,-736,-606,-347,-6,331,592,713,679,503,213,-128,-427,-623,-679,-576,-351,-47,273,527,657,631,463,189,-142,-442,-631,-676,-570,-329,-15,313,580,710,681,502,208,-142,-464,-687,-761,-669,-430,-86,283,587,763,779,622,327,-41,-403,-677,-801,-763,-560,-236,142,492,719,784,694,462,124,-240,-542,-715,-741,-608,-347,-16,307,561,692,668,502,233,-85,-370,-560,-634,-568,-374,-106,171,402,539,559,454,262,19,-225,-413,-500,-465,-338,-147,68,260,390,427,367,230,52,-132,-287,-372,-360,-269,-126,40,194,0,320,279,169,26,-124,-243,-297,-272,-198,-75,66,189,261,266,207,98,-30,-149,-231,-265,-242,-151,-20,120,223,277,270,197,69,-80,-214,-301,-330,-286,-170,-7,155,294,380,378,289,140,-41,-215,-352,-426,-408,-305,-142,56,245,386,456,435,322,147,-60,-254,-402,-475,-449,-333,-162,37,234,395,468,446,355,199,3,-185,-331,-412,-413,-339,-212,-52,110,253,351,373,328,237,108,-37,-166,-261,-306,-297,-242,-146,-27,81,166,224,241,221,171,93,9,-67,-128,-168,-183,-175,-141,-93,-34,26,76,116,144,144,135,114,80,40,1,-39,-67,-83,-93,-92,-76,0,0,0,0,0,48,38,27,16,-2,-23,-43,-52,-54,-44,-20,0,11,23,32,31,20,6,-10,-24,-29,-26,-18,-9,6,18,27,38,34,24,6,-17,-35,-43,-53,-55,-36,-13,4,22,37,37,28,28,27,20,14,8,2,-1,3,0,-14,-37,-58,-74,-74,-58,-32,8,60,107,137,152,136,86,16,-67,-149,-209,-229,-203,-135,-43,65,179,261,288,259,183,61,-83,-221,-313,-344,-310,-210,-68,91,241,347,380,334,225,61,-115,-265,-362,-388,-332,-206,-31,149,293,375,382,313,172,-14,-186,-312,-373,-359,-262,-105,75,245,356,369,308,186,13,-170,-314,-397,0,-276,-106,86,273,411,448,378,232,25,-196,-380,-482,-485,-375,-179,67,301,471,547,500,333,97,-169,-409,-560,-588,-488,-278,7,294,522,639,610,455,192,-116,-415,-628,-702,-619,-402,-98,238,540,715,734,593,323,-25,-366,-634,-772,-739,-543,-226,141,475,715,803,716,462,103,-270,-580,-775,-800,-645,-344,25,391,669,802,762,557,230,-150,-497,-723,-788,-676,-419,-73,286,576,735,731,570,276,-76,-403,-636,-727,-654,-439,-118,235,519,680,694,550,280,-45,-361,-602,-704,-641,-440,-141,193,482,663,699,576,325,-6,-336,-582,-698,-663,-476,-186,145,455,654,692,0,0
39052,mtk,MTK 7916,2423486923,rx2-tx0,512,0,0,0,970,858,546,109,-351,-739,-958,-951,-727,-341,126,561,861,966,850,534,96,-357,-725,-929,-916,-687,-298,157,576,856,932,789,463,24,-417,-756,-921,-872,-615,-195,273,670,915,946,748,371,-96,-547,-880,-1003,-889,-571,-112,385,795,1017,1004,760,338,-168,-636,-963,-1068,-918,-559,-64,457,866,1066,1021,739,275,-256,-731,-1038,-1106,-916,-508,23,551,962,1158,1084,751,238,-334,-830,-1152,-1214,-993,-544,31,601,1037,1247,1176,834,311,-284,-823,-1180,-1264,-1073,-644,-70,514,981,1229,1202,900,401,-180,-711,-1080,-1207,-1061,-678,-150,405,862,1115,1111,862,420,-117,-619,-964,-1080,-952,0,-132,371,786,1013,1005,764,340,-166,-626,-936,-1030,-890,-539,-56,440,838,1038,1001,727,287,-233,-703,-1024,-1112,-942,-543,-15,522,955,1190,1147,843,353,-229,-773,-1152,-1286,-1140,-735,-157,463,987,1295,1325,1064,570,-49,-666,-1135,-1373,-1312,-959,-391,254,850,1269,1411,1244,807,201,-451,-1004,-1347,-1397,-1148,-654,-28,605,1105,1372,1347,1044,524,-109,-710,-1155,-1358,-1282,-946,-422,177,725,1110,1263,1163,829,337,-203,-682,-1005,-1115,-1004,-689,-250,216,619,880,950,830,554,180,-212,-542,-747,-797,-683,-448,-138,183,456,620,663,586,407,164,-89,-314,-478,-548,-523,-423,-275,-111,41,166,0,0,0,0,0,-88,18,143,274,380,443,444,372,236,56,-152,-342,-480,-540,-508,-382,-180,65,302,486,578,562,432,216,-48,-308,-512,-617,-590,-442,-203,80,354,564,653,600,424,159,-146,-428,-615,-670,-578,-363,-66,249,511,665,669,518,253,-71,-383,-612,-708,-645,-430,-108,241,537,726,750,606,325,-37,-402,-679,-814,-765,-549,-211,188,547,786,855,741,457,66,-344,-681,-866,-866,-671,-327,89,488,792,925,847,575,184,-253,-634,-877,-926,-773,-454,-36,398,741,919,897,678,310,-125,-531,-816,-918,-816,-533,-139,281,640,853,873,697,368,-38,-435,-729,-850,-784,-541,-176,223,0,784,808,650,346,-41,-413,-683,-787,-708,-465,-114,271,589,764,763,580,251,-139,-499,-740,-809,-690,-404,-24,369,689,849,804,574,208,-212,-593,-845,-902,-753,-425,10,443,780,943,896,636,220,-244,-651,-912,-968,-799,-445,13,477,829,984,911,631,198,-286,-705,-964,-998,-795,-408,76,546,895,1043,943,620,157,-343,-771,-1027,-1046,-815,-398,102,583,939,1080,970,645,170,-350,-787,-1042,-1061,-840,-426,87,575,930,1077,979,653,178,-325,-753,-1011,-1038,-824,-421,68,541,891,1040,943,634,183,-307,-721,-972,-994,-791,-406,66,524,859,989,885,582,148,-316,-705,-932,-946,0,0,0,0,0,13,460,805,968,911,641,230,-242,-660,-923,-971,-798,-441,6,453,799,955,894,620,205,-255,-648,-893,-929,-743,-381,70,497,814,937,832,526,101,-351,-722,-923,-903,-669,-278,187,618,906,983,824,467,-2,-475,-841,-1015,-962,-675,-228,277,720,1002,1052,851,451,-50,-548,-921,-1078,-982,-653,-169,360,809,1064,1071,829,392,-142,-644,-1012,-1151,-1011,-634,-109,445,904,1162,1155,876,393,-180,-718,-1103,-1242,-1094,-695,-140,449,946,1228,1236,965,481,-110,-681,-1098,-1267,-1151,-784,-244,349,856,1162,1209,988,545,-10,-557,-976,-1172,-1103,-785,-294,247,727,1036,1103,921,531,20,-488,0,-1045,-981,-693,-248,257,702,976,1014,823,437,-51,-533,-888,-1046,-949,-630,-163,346,782,1041,1063,841,417,-114,-629,-999,-1151,-1045,-697,-180,389,884,1185,1223,992,540,-39,-630,-1089,-1311,-1244,-906,-359,276,848,1245,1372,1200,771,171,-471,-1018,-1349,-1383,-1111,-606,30,666,1158,1400,1337,995,438,-218,-831,-1256,-1414,-1269,-863,-276,363,931,1293,1386,1191,752,163,-449,-958,-1268,-1314,-1086,-644,-94,462,914,1161,1168,940,532,32,-451,-827,-1021,-999,-780,-419,5,409,715,862,830,639,333,-24,-358,-607,-723,-694,-535,-288,7,283,493,601,601,500,323,106,-107,-277,-388,-430,-406,-330,0,0,0,0,0,-294,-339,-343,-293,-188,-39,133,297,429,503,497,405,237,20,-212,-409,-539,-566,-487,-315,-81,175,411,560,600,524,337,77,-202,-451,-604,-628,-530,-321,-40,263,508,648,651,516,270,-43,-347,-574,-672,-630,-450,-162,159,446,638,687,577,337,17,-315,-579,-721,-701,-517,-211,142,475,717,791,688,437,85,-302,-633,-822,-827,-648,-329,63,451,744,875,809,571,200,-224,-604,-845,-904,-766,-460,-54,372,725,914,902,683,316,-118,-525,-818,-930,-845,-573,-171,266,645,883,919,753,428,7,-419,-739,-889,-849,-628,-264,155,539,795,868,753,474,81,-320,-641,-814,-801,0,-261,129,482,725,802,686,409,38,-338,-634,-780,-743,-525,-183,199,536,747,784,633,333,-55,-438,-720,-835,-753,-493,-112,301,651,855,869,673,315,-117,-529,-824,-933,-822,-524,-102,352,728,940,938,718,334,-128,-563,-874,-981,-859,-541,-93,381,770,979,958,713,303,-179,-626,-932,-1018,-872,-520,-38,450,837,1041,1000,723,280,-230,-688,-989,-1072,-909,-536,-38,468,872,1075,1026,747,301,-219,-691,-1002,-1084,-914,-542,-50,456,857,1057,1013,737,303,-198,-657,-964,-1041,-885,-534,-63,425,818,1013,973,714,296,-190,-629,-919,-994,-843,-498,-44,419,785,962,920,671,264,-206,0,0
39053,mtk,MTK 7916,2423486923,rx2-tx1,512,0,0,0,-514,-474,-332,-124,111,323,455,485,407,237,21,-198,-366,-448,-425,-315,-141,61,247,371,410,355,221,50,-124,-263,-341,-332,-251,-127,17,156,248,278,240,141,24,-80,-163,-204,-192,-123,-21,64,122,154,137,73,-6,-79,-132,-144,-108,-43,45,139,190,192,145,43,-82,-188,-257,-267,-205,-88,50,187,299,353,323,209,38,-147,-309,-417,-431,-348,-188,25,240,416,497,464,328,109,-139,-347,-488,-533,-457,-269,-25,226,442,561,545,419,199,-71,-328,-511,-586,-529,-345,-81,192,429,577,594,476,257,-22,-299,-514,-610,-571,-410,-159,136,394,564,609,519,316,0,-230,-469,-604,-591,-437,-197,79,348,541,606,534,343,76,-212,-455,-588,-582,-450,-214,79,349,533,612,552,350,64,-250,-510,-654,-648,-491,-227,95,411,630,708,643,426,100,-262,-577,-766,-786,-652,-362,22,412,715,870,847,641,280,-146,-544,-835,-949,-867,-598,-207,235,642,922,1003,867,552,127,-338,-738,-982,-1028,-857,-510,-74,384,769,999,1028,848,494,60,-389,-766,-977,-977,-793,-468,-58,350,683,875,887,717,423,53,-320,-606,-757,-764,-625,-361,-47,259,513,659,662,545,338,75,-192,-410,-549,-583,-517,-367,-160,60,247,381,448,439,373,266,137,12,-90,0,0,0,0,0,45,-7,-66,-129,-185,-221,-227,-202,-150,-79,12,108,187,237,250,215,154,65,-38,-131,-206,-239,-217,-168,-94,2,95,165,198,200,165,98,21,-56,-121,-162,-175,-156,-103,-32,34,87,120,127,107,78,36,-1,-33,-61,-75,-65,-55,-48,-31,-10,10,16,22,37,51,58,64,60,47,22,-17,-65,-113,-139,-149,-128,-67,12,90,158,214,232,200,125,23,-92,-202,-276,-294,-260,-179,-61,93,230,322,354,319,215,73,-88,-243,-341,-366,-332,-231,-64,109,259,352,366,317,196,35,-129,-267,-350,-351,-284,-155,9,165,284,342,321,224,80,-73,-216,-314,0,-278,-149,4,150,273,333,310,213,70,-88,-233,-326,-345,-293,-171,-3,167,297,362,340,237,84,-97,-259,-372,-391,-314,-169,8,194,341,413,391,278,105,-97,-283,-405,-437,-374,-221,-22,183,352,440,426,311,128,-80,-268,-405,-442,-368,-213,-5,214,381,455,425,289,79,-153,-343,-470,-489,-388,-196,53,304,490,559,510,349,104,-179,-432,-593,-628,-518,-291,4,296,530,650,644,492,218,-111,-402,-605,-692,-629,-426,-130,194,479,663,703,597,364,44,-292,-562,-703,-698,-547,-280,45,348,574,685,648,475,206,-106,-392,-580,-640,-564,-374,-104,176,409,545,555,0,0,0,0,0,60,-186,-382,-488,-484,-377,-188,43,262,411,464,420,284,85,-128,-313,-420,-428,-344,-198,-14,175,318,375,350,257,106,-69,-212,-296,-303,-243,-139,-15,108,202,240,219,142,35,-73,-144,-182,-169,-105,-13,75,135,148,122,64,-17,-96,-150,-156,-117,-36,68,163,219,224,169,62,-67,-191,-280,-307,-264,-151,6,183,321,386,380,286,108,-102,-291,-418,-460,-406,-256,-36,199,393,501,505,396,194,-58,-301,-477,-548,-509,-352,-118,148,384,538,571,474,268,1,-270,-478,-588,-571,-421,-170,108,369,552,612,537,344,70,-219,-462,-599,-602,-482,-253,36,316,518,0,563,380,121,-157,-407,-564,-596,-488,-270,-2,276,495,601,562,397,137,-153,-411,-582,-622,-507,-278,6,292,516,632,610,437,151,-172,-456,-647,-686,-566,-316,4,341,615,755,723,534,224,-154,-513,-763,-846,-754,-500,-129,285,647,874,918,760,436,19,-408,-761,-960,-957,-757,-393,68,513,846,1012,975,724,322,-142,-580,-909,-1042,-964,-701,-296,171,595,889,1014,943,673,270,-170,-562,-851,-953,-864,-609,-250,146,495,754,855,777,549,226,-128,-436,-642,-720,-663,-482,-204,99,359,547,623,584,444,228,-15,-238,-425,-522,-518,-438,-305,-134,45,194,292,335,327,285,0,0,0,0,0,154,178,178,154,113,51,-33,-116,-184,-233,-247,-216,-156,-76,21,120,197,234,233,194,120,24,-70,-148,-206,-220,-193,-134,-57,39,113,167,199,183,137,72,-3,-69,-124,-159,-150,-109,-72,-20,33,80,89,93,84,62,24,-7,-30,-46,-51,-41,-38,-48,-45,-27,-23,-8,25,51,61,81,93,83,57,18,-38,-101,-154,-185,-178,-135,-52,40,134,210,258,253,194,98,-26,-156,-264,-318,-315,-249,-124,23,169,287,357,358,283,151,-11,-177,-310,-374,-362,-284,-143,36,198,311,375,356,257,105,-59,-216,-322,-350,-308,-202,-47,109,242,320,320,248,123,0,-187,-290,-325,-289,-186,-38,128,262,332,330,260,125,-38,-199,-314,-361,-326,-209,-33,142,283,358,361,279,135,-41,-220,-354,-404,-357,-228,-45,151,321,415,414,327,164,-35,-237,-392,-454,-405,-273,-83,133,322,427,433,345,176,-35,-244,-394,-445,-395,-246,-35,173,351,459,452,332,134,-108,-333,-487,-534,-461,-274,-16,250,467,582,570,431,190,-101,-369,-563,-645,-584,-395,-115,204,486,651,675,559,313,0,-308,-563,-701,-685,-520,-244,86,396,623,712,652,453,157,-168,-449,-645,-708,-610,-383,-87,226,494,645,653,531,300,14,-272,-496,-598,-570,-427,-191,92,0,0
39054,mtk,MTK 7916,2423544076,rx0-tx0,512,-349,321,528,-358,-421,-457,-444,-378,-278,-155,-9,143,294,415,499,531,510,443,324,172,3,-172,-333,-468,-553,-574,-543,-465,-327,-152,30,221,382,502,578,588,543,440,306,133,-53,-230,-390,-492,-547,-560,-510,-409,-275,-117,40,201,328,418,469,477,446,380,278,163,37,-95,-207,-302,-374,-412,-425,-409,-351,-271,-167,-48,78,208,321,419,479,500,478,413,291,143,-24,-202,-359,-486,-579,-600,-570,-480,-339,-162,39,240,414,557,635,637,578,468,300,101,-105,-292,-466,-581,-620,-597,-516,-395,-223,-37,149,318,436,520,545,507,427,301,156,0,-148,-276,-359,-411,-421,-387,-511,-222,-120,-14,93,177,246,286,300,289,250,193,133,65,-6,-59,-113,-163,-202,-217,-228,-217,-197,-165,-117,-55,13,78,149,213,260,286,296,276,229,160,70,-40,-144,-238,-319,-361,-371,-343,-283,-195,-81,45,159,265,345,397,412,376,316,208,80,-46,-177,-289,-375,-427,-449,-406,-325,-222,-83,66,194,313,398,438,436,396,307,184,45,-96,-222,-323,-388,-409,-390,-333,-243,-136,-10,107,220,300,348,365,347,291,205,103,-3,-111,-206,-278,-321,-321,-284,-230,-157,-60,41,129,217,267,293,283,236,167,76,-21,-120,-202,-252,-262,-236,-170,-76,23,111,159,-389,-154,1179,749,978,26,-57,-137,-197,-223,-200,-144,-54,47,136,209,251,251,223,159,71,-18,-108,-187,-240,-258,-248,-211,-147,-67,25,103,175,227,244,241,212,160,95,18,-49,-114,-174,-215,-227,-225,-203,-166,-89,-11,50,125,186,236,256,244,226,169,102,18,-67,-142,-209,-252,-266,-255,-231,-171,-89,2,86,160,222,268,285,268,229,163,88,-15,-107,-186,-249,-289,-309,-289,-239,-164,-66,31,135,221,282,323,315,280,213,117,20,-84,-175,-249,-301,-315,-304,-254,-179,-89,18,118,205,267,310,317,285,230,142,46,-54,-154,-228,-279,-298,-291,-258,-193,-101,-11,76,157,-330,263,281,268,225,160,85,6,-77,-156,-216,-242,-251,-247,-217,-160,-91,-20,54,128,179,232,255,247,228,187,138,63,-25,-100,-185,-248,-280,-298,-296,-255,-189,-102,-4,103,211,298,350,374,363,322,235,122,-5,-151,-275,-383,-446,-460,-440,-367,-244,-99,66,224,356,468,530,529,468,357,213,36,-144,-304,-448,-530,-561,-537,-448,-312,-140,33,214,380,483,544,542,492,398,251,81,-91,-250,-372,-455,-490,-482,-423,-320,-197,-53,98,228,331,400,429,420,374,294,184,70,-52,-166,-262,-330,-366,-372,-359,-309,-233,-138,-26,83,187,279,343,377,388,360,291,-154,166,-729,898,781,-247,-134,-4,140,273,373,453,488,479,416,309,171,12,-154,-308,-440,-522,-554,-532,-458,-337,-169,17,196,356,490,570,592,559,454,317,144,-46,-230,-388,-499,-570,-574,-534,-432,-284,-124,56,227,366,466,517,525,478,387,272,136,-5,-147,-271,-365,-420,-450,-432,-386,-311,-208,-94,21,138,247,342,409,449,452,418,349,243,108,-46,-197,-339,-455,-525,-561,-532,-442,-318,-153,29,212,391,526,612,634,589,485,327,124,-84,-281,-449,-577,-639,-624,-564,-447,-267,-68,134,311,456,553,582,563,475,342,187,3,-159,-301,-409,-470,-486,-451,-369,-256,-131,8,126,1105,309,348,361,335,284,212,126,35,-54,-132,-180,-223,-245,-243,-229,-212,-175,-119,-61,-5,59,109,161,206,242,254,250,226,182,112,36,-56,-147,-222,-287,-328,-340,-314,-265,-186,-80,41,156,260,343,391,394,361,294,201,86,-47,-171,-281,-376,-416,-426,-397,-326,-222,-104,42,188,295,384,440,446,403,328,211,70,-71,-209,-330,-404,-437,-425,-372,-279,-161,-28,105,223,313,374,391,374,313,220,118,4,-108,-207,-283,-326,-338,-319,-263,-182,-82,29,128,206,270,308,301,268,204,122,30,-70,-159,-233,-271,-279,-251,-183,-90,10,106,184,223,222,177,102,892,954,1145,1025,801,-165,-174,-142,-75,17,114,193,243,246,211,145,54,-40,-129,-208,-254,-263,-240,-183,-107,-19,65,147,205,246,252,227,183,111,38,-37,-111,-174,-220,-231,-222,-199,-156,-93,-18,51,118,183,230,238,236,214,160,97,12,-54,-130,-198,-240,-264,-249,-223,-168,-90,-3,74,149,217,255,274,257,222,167,93,0,-88,-169,-233,-281,-298,-272,-224,-158,-78,15,118,203,271,305,313,289,227,141,38,-70,-163,-246,-301,-320,-311,-266,-204,-112,-10,93,193,258,306,317,297,242,164,75,-32,-132,-216,-283,-311,-313,-276,-211,-126,-25,68,154,231,278,290,283,242,826,89,7,-83,-160,-219,-250,-270,-257,-223,-152,-81,-10,59,134,195,232,249,250,214,171,112,29,-39,-114,-178,-227,-267,-269,-260,-228,-156,-77,7,97,189,264,312,343,338,297,218,111,-7,-126,-246,-346,-409,-440,-415,-345,-241,-103,42,186,324,427,491,501,450,360,234,75,-97,-264,-400,-500,-546,-531,-470,-346,-181,-5,177,339,470,541,560,531,428,281,109,-72,-232,-376,-477,-530,-522,-464,-348,-208,-49,111,253,361,431,464,450,384,295,178,50,-76,-193,-292,-360,-389,-389,-357,-293,-201,-98,8,116,217,294,356,381,375,338,265,169,64,-51,-174,-276,1260,1257
39055,mtk,MTK 7916,2423544076,rx0-tx1,512,87,-664,-752,-352,-501,-613,-675,-677,-612,-489,-311,-109,117,343,544,695,786,801,743,612,419,183,-72,-328,-563,-750,-864,-905,-856,-729,-526,-268,14,305,577,791,940,991,955,831,617,355,44,-270,-557,-792,-957,-1030,-1008,-895,-701,-438,-133,179,471,725,912,1020,1038,958,811,578,289,-20,-330,-626,-856,-1012,-1093,-1073,-953,-750,-466,-136,214,545,832,1048,1164,1183,1084,870,581,233,-144,-504,-824,-1056,-1191,-1212,-1120,-923,-641,-297,80,439,759,1000,1151,1187,1114,941,672,354,-1,-353,-660,-910,-1075,-1128,-1081,-940,-714,-414,-93,231,543,795,971,1061,1048,940,750,498,201,-106,-401,-662,-689,-976,-1006,-951,-817,-607,-345,-47,252,518,752,922,1010,1013,924,751,504,214,-108,-431,-716,-943,-1081,-1129,-1070,-909,-651,-322,36,403,734,1009,1191,1262,1205,1022,740,373,-37,-443,-818,-1117,-1296,-1352,-1275,-1060,-736,-338,98,528,903,1182,1354,1375,1261,1016,658,252,-190,-615,-963,-1212,-1332,-1319,-1170,-895,-523,-112,301,689,987,1176,1227,1147,966,680,323,-42,-387,-693,-908,-1014,-1009,-919,-730,-467,-178,110,379,596,736,804,790,696,538,331,100,-128,-330,-493,-606,-650,-631,-547,-408,-225,-26,163,336,465,541,551,497,385,225,43,-137,-298,-408,-454,-432,-337,-195,-35,118,223,-222,-397,0,263,-58,30,109,183,227,231,188,111,9,-96,-193,-259,-293,-291,-248,-169,-77,31,138,226,288,326,328,291,227,133,15,-93,-202,-292,-355,-387,-379,-334,-249,-135,-1,139,267,371,450,479,461,391,271,122,-53,-224,-377,-491,-557,-571,-517,-404,-250,-63,127,311,465,566,610,594,511,372,199,5,-187,-362,-501,-582,-607,-575,-479,-339,-171,22,205,372,494,562,578,539,447,317,154,-22,-191,-339,-452,-521,-538,-500,-420,-304,-164,-4,146,282,385,462,495,475,414,316,190,44,-98,-231,-339,-419,-461,-458,-411,-331,-216,-87,45,183,298,378,419,426,395,330,234,120,-130,-119,-227,-313,-369,-388,-367,-329,-257,-159,-52,60,160,250,305,342,347,322,274,199,108,13,-79,-163,-226,-273,-295,-299,-275,-234,-178,-112,-35,37,115,178,234,279,299,298,282,243,188,108,7,-86,-184,-273,-342,-387,-408,-387,-327,-234,-118,11,145,278,396,473,504,492,434,329,187,26,-137,-293,-425,-513,-560,-556,-493,-385,-237,-73,101,267,409,515,566,570,514,416,280,117,-56,-221,-360,-464,-527,-536,-500,-420,-308,-174,-20,126,255,365,435,472,463,428,359,254,135,10,-116,-231,-328,-400,-448,-460,-439,-381,-292,-184,-48,85,229,363,462,532,558,537,546,621,504,-430,-258,-544,-423,-264,-71,137,343,525,657,734,748,685,555,371,148,-91,-336,-554,-727,-828,-852,-799,-670,-469,-227,44,320,569,774,901,947,912,784,578,311,9,-285,-571,-798,-955,-1023,-987,-857,-653,-383,-82,229,521,764,943,1033,1026,929,747,495,205,-110,-406,-670,-888,-1019,-1057,-1017,-883,-659,-388,-72,264,576,840,1039,1137,1136,1028,823,534,193,-168,-527,-834,-1059,-1195,-1216,-1118,-916,-614,-259,123,486,801,1036,1179,1204,1113,925,650,321,-45,-393,-714,-952,-1102,-1158,-1097,-936,-699,-385,-46,290,599,858,1025,1087,1062,940,732,460,148,-175,-473,-727,-915,-1017,-1025,-947,-784,261,-266,35,324,586,797,941,1005,970,857,674,425,138,-167,-463,-722,-917,-1034,-1068,-995,-829,-583,-275,59,404,721,977,1139,1200,1141,974,706,360,-23,-416,-776,-1061,-1253,-1316,-1248,-1060,-750,-364,50,480,867,1161,1333,1370,1270,1044,716,307,-140,-566,-934,-1199,-1343,-1363,-1227,-961,-604,-185,247,649,985,1206,1294,1257,1086,797,432,26,-361,-701,-966,-1109,-1124,-1038,-847,-566,-239,89,395,659,831,901,884,789,613,392,143,-117,-353,-541,-664,-718,-698,-609,-472,-286,-76,130,319,468,566,597,565,472,330,156,-33,-213,-368,-474,-513,-486,-393,-245,-71,107,255,347,372,326,218,-742,-671,0,551,612,186,167,110,24,-75,-169,-239,-274,-265,-216,-131,-33,75,180,257,304,319,288,226,144,46,-69,-173,-260,-332,-357,-346,-305,-227,-128,-6,119,235,338,402,430,413,350,259,131,-22,-176,-320,-436,-507,-529,-493,-403,-268,-104,81,263,419,532,589,584,519,390,223,37,-159,-343,-489,-583,-614,-583,-493,-354,-176,14,204,377,499,578,599,557,464,324,152,-29,-210,-364,-475,-544,-554,-514,-427,-306,-157,9,166,303,412,486,515,489,421,312,186,30,-125,-256,-367,-443,-479,-471,-419,-327,-208,-70,72,205,318,402,439,441,403,324,216,94,-31,-155,-260,-341,-389,245,-383,-330,-248,-143,-26,89,193,289,347,375,368,329,262,178,82,-26,-124,-213,-281,-316,-324,-313,-275,-214,-138,-57,26,105,171,222,261,279,284,265,227,182,116,39,-41,-129,-205,-270,-327,-345,-341,-318,-258,-171,-71,51,174,291,380,436,454,432,378,280,148,4,-144,-286,-410,-497,-532,-525,-467,-362,-222,-60,113,282,421,515,566,565,511,409,263,94,-83,-253,-396,-504,-557,-558,-506,-414,-283,-130,29,176,308,411,480,505,475,420,324,206,75,-58,-178,-295,-384,-436,-458,-444,-397,-321,-218,-99,32,159,278,375,451,489,487,458,375,259,117,-40,-201,-291,27
39056,mtk,MTK 7916,2423544076,rx1-tx0,512,0,619,412,414,535,603,606,567,458,302,117,-85,-286,-473,-608,-682,-708,-654,-526,-351,-145,92,320,518,677,775,787,726,596,401,160,-103,-351,-569,-747,-844,-865,-784,-633,-423,-161,116,386,629,792,890,900,817,660,439,156,-123,-403,-637,-809,-909,-914,-831,-659,-437,-170,123,394,627,795,908,920,826,671,451,177,-111,-388,-626,-788,-883,-907,-821,-663,-444,-181,93,356,586,755,844,859,782,632,424,172,-87,-335,-541,-692,-782,-782,-713,-589,-408,-172,71,287,473,620,704,714,658,542,374,173,-32,-235,-414,-546,-623,-651,-607,-503,-357,-182,1,186,356,493,573,589,567,216,353,187,4,-173,-321,-440,-521,-534,-502,-435,-319,-176,-16,143,282,405,470,493,473,400,288,162,20,-121,-255,-359,-412,-441,-414,-354,-264,-147,-34,91,220,303,365,385,364,315,241,144,35,-82,-183,-244,-287,-307,-284,-256,-198,-119,-45,31,90,147,197,210,223,221,194,148,103,49,-13,-69,-131,-192,-234,-255,-258,-232,-170,-98,-17,78,159,230,288,302,274,226,157,61,-24,-121,-209,-256,-283,-266,-233,-182,-92,2,82,156,208,226,225,199,151,95,30,-35,-104,-154,-178,-185,-173,-148,-95,-31,30,87,123,148,146,127,87,37,-14,-61,-92,-100,-90,235,520,0,-934,-853,-1,-66,-118,-154,-161,-138,-82,-9,70,135,180,195,189,156,96,27,-48,-123,-171,-200,-211,-190,-142,-80,-1,68,126,175,198,195,176,129,77,15,-46,-91,-128,-148,-151,-145,-117,-84,-55,-15,23,50,76,87,104,110,114,101,85,68,34,11,-23,-69,-95,-135,-155,-158,-152,-125,-86,-42,22,78,129,175,208,213,196,152,94,33,-35,-109,-169,-207,-231,-239,-214,-161,-103,-27,52,129,183,220,232,235,207,159,95,24,-62,-129,-183,-224,-242,-230,-198,-144,-80,-11,62,126,172,212,217,203,181,136,72,5,-53,-107,-157,-182,-190,-186,-168,-120,-64,-584,24,74,117,142,155,154,126,106,81,32,-12,-47,-78,-103,-123,-125,-119,-113,-89,-64,-37,-6,23,56,70,81,99,98,92,90,73,54,34,9,-12,-42,-71,-90,-107,-111,-128,-133,-110,-92,-67,-39,11,58,108,151,185,219,213,195,167,101,18,-69,-155,-228,-290,-326,-322,-283,-216,-128,-25,87,206,313,372,400,395,337,252,148,21,-121,-253,-354,-424,-449,-426,-370,-285,-163,-25,119,249,360,438,480,459,393,308,182,31,-111,-237,-345,-430,-465,-461,-414,-333,-217,-80,62,203,326,423,475,490,454,389,280,142,9,-148,-296,-414,-496,-525,-518,-459,113,-383,0,244,521,415,275,95,-93,-278,-451,-573,-645,-658,-612,-498,-326,-131,85,304,496,636,729,748,690,566,387,154,-95,-333,-541,-709,-809,-825,-760,-628,-424,-170,110,377,602,777,873,879,805,645,419,160,-121,-395,-621,-805,-906,-907,-835,-660,-438,-166,125,406,636,808,909,918,830,662,446,186,-115,-383,-615,-799,-903,-912,-840,-674,-443,-198,89,366,593,775,871,876,808,659,444,191,-81,-341,-557,-728,-818,-821,-744,-600,-405,-171,83,311,506,663,754,747,677,552,380,167,-51,-261,-445,-584,-660,-676,-637,-527,-369,-189,10,212,386,521,593,611,575,490,355,175,-4,-182,757,-470,-549,-570,-534,-451,-336,-176,-1,157,298,419,486,519,487,418,305,158,22,-131,-277,-380,-443,-466,-439,-388,-279,-162,-30,106,218,322,385,407,403,343,250,148,24,-91,-186,-270,-329,-362,-347,-287,-207,-127,-31,61,134,206,243,254,247,222,196,127,66,10,-60,-117,-160,-191,-217,-229,-220,-198,-152,-87,-22,57,143,211,257,281,280,245,183,97,-9,-105,-180,-259,-294,-294,-274,-205,-123,-28,68,138,207,251,251,235,194,127,53,-18,-93,-151,-193,-215,-211,-186,-132,-70,0,58,114,155,167,161,137,93,48,-11,-62,-109,-129,-128,-103,-63,-21,13,-616,-414,0,73,-415,-122,-121,-87,-30,40,110,164,189,182,145,85,15,-60,-133,-186,-206,-201,-167,-109,-51,26,103,160,199,210,194,164,114,45,-25,-89,-140,-168,-182,-168,-140,-95,-50,-6,43,83,105,123,127,122,104,84,64,40,12,-23,-55,-76,-108,-124,-126,-133,-120,-104,-85,-28,24,72,119,149,177,191,174,145,103,39,-26,-87,-140,-186,-214,-229,-211,-161,-102,-44,27,110,172,222,244,238,213,159,99,21,-55,-132,-190,-218,-245,-240,-206,-158,-86,-16,61,125,182,214,228,219,183,139,76,1,-59,-117,-165,-198,-205,-190,-166,-120,-66,-13,38,92,137,157,-674,156,144,113,73,28,-28,-66,-93,-119,-141,-139,-123,-103,-83,-55,-23,7,42,76,90,98,97,100,88,72,53,30,0,-10,-34,-64,-79,-101,-103,-107,-103,-89,-74,-45,-22,-3,42,78,110,136,154,167,160,142,110,66,2,-70,-129,-192,-244,-269,-273,-249,-198,-121,-25,77,174,257,323,361,362,332,249,140,22,-111,-234,-328,-397,-434,-425,-367,-272,-150,-5,136,255,360,434,463,444,378,288,169,29,-124,-246,-355,-434,-466,-455,-404,-326,-202,-59,85,223,339,425,467,471,433,361,254,118,-32,-181,-307,-415,-469,-499,-496,-430,-323,-181,-20,134,294,934,859
39057,mtk,MTK 7916,2423544076,rx1-tx1,512,0,0,0,-460,-704,-797,-712,-471,-123,251,563,761,792,647,361,2,-355,-635,-772,-734,-538,-224,139,463,676,734,628,390,59,-289,-552,-684,-662,-491,-206,126,435,637,687,574,325,-5,-335,-589,-713,-673,-471,-166,180,493,704,755,629,362,11,-354,-641,-784,-761,-567,-239,135,488,730,812,724,480,127,-257,-586,-776,-797,-653,-367,-7,351,630,762,723,537,244,-99,-416,-638,-719,-637,-421,-118,202,468,621,637,516,283,0,-274,-477,-574,-542,-388,-153,102,328,472,505,433,258,26,-194,-362,-449,-434,-318,-141,62,239,350,383,325,190,26,-133,-255,-312,-305,-220,-80,73,0,262,271,211,93,-46,-170,-247,-262,-213,-106,23,151,252,290,257,156,17,-130,-246,-312,-312,-237,-98,68,221,331,370,326,205,36,-149,-317,-413,-422,-340,-181,19,216,378,461,445,341,171,-42,-254,-419,-493,-468,-345,-153,66,267,421,499,465,337,146,-65,-269,-412,-474,-444,-330,-151,47,233,366,425,406,309,156,-12,-166,-280,-335,-333,-268,-158,-33,89,185,238,246,210,143,62,-22,-91,-137,-162,-156,-124,-77,-39,-4,32,60,75,81,82,80,70,52,32,9,-26,-56,-89,-117,-127,-118,-102,-61,-9,42,87,127,152,161,151,123,78,29,-17,-57,0,0,0,0,0,73,52,38,16,-16,-48,-74,-88,-82,-55,-23,17,60,90,100,95,71,26,-31,-87,-125,-137,-124,-88,-27,45,107,153,171,148,99,34,-43,-122,-175,-191,-166,-112,-27,58,126,164,179,147,85,6,-67,-121,-148,-137,-92,-32,29,88,129,130,95,32,-36,-95,-136,-146,-113,-41,41,110,159,181,156,79,-18,-115,-194,-232,-213,-144,-35,93,215,295,310,262,149,-7,-172,-304,-378,-374,-287,-137,42,225,373,435,404,294,118,-88,-272,-410,-461,-420,-287,-87,128,314,437,460,380,218,17,-192,-362,-447,-431,-319,-137,79,279,412,447,389,241,31,-194,0,-473,-460,-344,-143,98,313,463,509,445,275,30,-232,-441,-553,-543,-421,-199,81,353,546,622,559,366,86,-215,-475,-632,-648,-524,-274,44,358,600,712,664,459,154,-193,-512,-723,-773,-649,-370,-13,353,650,807,788,603,281,-126,-504,-771,-870,-776,-511,-127,284,636,854,885,723,405,-2,-421,-748,-904,-857,-620,-252,170,558,829,907,791,501,104,-310,-659,-864,-867,-677,-344,63,455,743,858,776,526,166,-230,-577,-788,-820,-665,-363,20,392,677,808,754,532,195,-185,-524,-750,-802,-670,-390,-25,346,635,781,749,554,238,-139,-481,-706,-782,-680,-423,-71,293,593,0,0,0,0,0,640,364,5,-354,-641,-786,-766,-568,-241,135,474,708,794,707,460,114,-248,-556,-735,-753,-597,-311,34,369,615,716,661,449,131,-205,-493,-666,-676,-526,-265,64,380,609,695,621,398,81,-263,-548,-703,-704,-547,-265,91,434,677,772,698,462,118,-254,-573,-768,-802,-655,-367,9,380,665,801,771,574,253,-125,-472,-712,-795,-705,-464,-126,227,530,713,740,606,340,8,-310,-552,-676,-648,-481,-207,100,367,551,615,537,341,78,-188,-407,-534,-543,-426,-215,33,264,424,484,440,302,96,-118,-295,-402,-409,-323,-171,14,183,308,353,309,200,56,-98,-220,-289,-290,0,-73,61,177,253,270,212,99,-36,-160,-247,-273,-234,-132,7,148,253,300,281,195,58,-106,-249,-338,-344,-273,-138,24,195,334,400,373,268,109,-93,-280,-409,-457,-400,-259,-70,140,332,456,486,414,256,44,-175,-356,-471,-494,-419,-258,-39,179,354,460,480,404,249,51,-153,-323,-425,-448,-378,-238,-60,114,267,362,387,335,229,87,-59,-184,-264,-290,-273,-212,-110,-1,93,167,209,205,169,110,45,-19,-73,-105,-116,-109,-94,-74,-50,-25,0,23,47,74,89,96,99,92,72,36,-6,-50,-92,-128,-153,-153,-131,-95,-46,11,65,106,137,151,144,119,0,0,0,0,0,23,38,57,72,72,60,38,3,-36,-70,-91,-94,-78,-49,-5,46,89,110,121,102,57,-1,-68,-126,-155,-149,-118,-66,6,78,141,175,175,139,76,-13,-98,-158,-186,-181,-140,-66,15,89,147,168,145,98,29,-41,-100,-134,-139,-103,-42,21,80,121,129,98,40,-37,-110,-155,-151,-115,-48,45,133,193,209,173,102,-1,-115,-210,-264,-264,-197,-81,59,200,304,345,318,224,63,-118,-275,-384,-417,-361,-218,-32,162,326,434,456,376,207,4,-200,-370,-459,-441,-334,-164,48,254,398,454,413,282,81,-133,-313,-428,-446,-363,-194,27,245,396,459,428,0,77,-151,-350,-475,-486,-385,-201,35,274,457,541,506,347,104,-162,-400,-555,-587,-489,-282,3,285,504,628,612,444,177,-127,-419,-620,-685,-593,-360,-45,289,569,727,724,558,263,-96,-445,-700,-804,-730,-493,-141,239,581,802,850,701,400,8,-392,-709,-868,-834,-623,-271,152,536,802,903,798,510,111,-315,-666,-872,-888,-715,-383,32,443,753,894,837,596,224,-192,-562,-799,-862,-738,-445,-49,347,658,818,801,604,273,-120,-483,-734,-814,-710,-449,-93,284,601,780,777,593,284,-84,-437,-696,-792,-712,-468,-125,245,558,748,779,633,331,-39,-389,-655,-776,-717,-495,0,0
39058,mtk,MTK 7916,2423544076,rx2-tx0,512,0,0,0,-689,-290,188,632,929,1015,864,514,51,-425,-800,-995,-961,-713,-293,193,632,919,992,838,490,29,-439,-801,-972,-924,-659,-235,244,664,931,977,792,421,-53,-520,-869,-1014,-919,-609,-151,348,766,1013,1022,792,375,-136,-618,-962,-1085,-961,-609,-110,414,837,1069,1048,790,351,-176,-667,-998,-1093,-936,-560,-48,485,910,1116,1059,752,267,-288,-778,-1093,-1166,-962,-529,29,588,1017,1210,1135,801,270,-325,-847,-1180,-1258,-1053,-606,-17,573,1040,1274,1214,890,370,-231,-777,-1153,-1271,-1097,-682,-121,461,932,1191,1181,901,428,-138,-668,-1040,-1167,-1033,-666,-155,384,833,1087,1088,842,410,0,-611,-961,-1080,-954,-608,-118,402,824,1051,1038,784,346,-176,-659,-996,-1098,-947,-577,-74,458,893,1128,1099,817,344,-214,-730,-1097,-1219,-1061,-664,-107,488,975,1252,1270,1005,502,-125,-730,-1177,-1371,-1270,-895,-317,333,922,1313,1420,1223,756,117,-541,-1079,-1389,-1403,-1108,-577,78,710,1200,1431,1351,981,405,-264,-867,-1289,-1435,-1280,-852,-254,389,950,1308,1394,1195,753,159,-462,-975,-1268,-1297,-1077,-648,-97,458,900,1146,1155,935,535,46,-428,-798,-997,-986,-774,-426,-13,379,685,841,818,633,335,-9,-335,-579,-700,-683,-544,-315,-42,224,435,557,579,505,366,183,-6,-167,-274,-325,0,0,0,0,0,-194,-298,-376,-409,-385,-300,-158,24,221,394,512,549,496,353,139,-109,-337,-511,-598,-572,-433,-204,71,335,540,643,610,455,199,-94,-373,-579,-677,-632,-448,-167,153,443,641,706,626,402,88,-240,-518,-691,-715,-581,-310,25,359,620,743,698,493,176,-180,-506,-727,-783,-667,-396,-29,347,651,817,805,618,282,-121,-502,-774,-875,-790,-526,-142,278,641,869,905,743,410,-18,-444,-770,-931,-891,-650,-266,178,583,865,958,837,533,112,-340,-713,-924,-936,-745,-387,56,486,808,950,884,623,222,-231,-620,-870,-930,-787,-464,-41,388,720,896,871,647,280,-144,-531,-794,0,-753,-462,-75,331,656,830,811,600,256,-144,-518,-768,-826,-691,-398,-14,382,688,833,785,543,177,-240,-601,-826,-863,-699,-362,61,477,784,918,843,566,149,-307,-697,-928,-952,-759,-383,85,527,851,986,892,592,153,-323,-724,-955,-970,-759,-366,116,572,892,1010,892,566,102,-388,-794,-1014,-993,-750,-334,166,637,964,1067,924,571,79,-440,-852,-1069,-1050,-789,-337,189,668,1001,1107,958,595,97,-419,-841,-1069,-1056,-801,-368,153,635,967,1073,935,591,111,-388,-803,-1026,-1014,-772,-353,144,602,924,1031,897,553,90,-390,-780,-987,-968,-727,-322,159,603,907,1000,863,527,0,0,0,0,0,-715,-963,-991,-787,-401,74,533,872,1013,921,618,173,-308,-720,-965,-989,-784,-400,80,539,866,993,889,577,137,-332,-729,-956,-951,-725,-327,147,597,906,997,857,514,45,-441,-833,-1029,-978,-701,-255,255,707,999,1066,890,501,-9,-520,-905,-1088,-1023,-718,-244,286,746,1031,1079,869,456,-62,-572,-951,-1104,-994,-654,-151,391,842,1098,1108,853,391,-164,-689,-1065,-1197,-1050,-660,-112,468,945,1216,1214,937,443,-156,-722,-1129,-1283,-1153,-756,-193,409,918,1218,1252,1005,534,-57,-628,-1052,-1239,-1153,-803,-279,303,808,1126,1186,985,563,16,-525,-938,-1136,-1077,-768,-287,247,719,1025,0,903,509,3,-498,-884,-1065,-997,-693,-226,295,738,1016,1066,867,458,-63,-570,-949,-1112,-1027,-705,-214,337,822,1123,1165,947,509,-60,-620,-1052,-1253,-1176,-833,-298,315,866,1239,1338,1149,703,90,-553,-1071,-1358,-1360,-1070,-541,114,749,1222,1430,1328,944,350,-322,-923,-1318,-1438,-1256,-798,-165,502,1058,1386,1421,1157,640,-4,-647,-1148,-1407,-1365,-1048,-516,114,717,1165,1371,1288,944,418,-183,-728,-1111,-1256,-1150,-822,-337,203,675,992,1102,988,682,252,-207,-600,-852,-929,-816,-546,-189,182,504,720,779,679,455,163,-145,-413,-592,-655,-599,-442,-223,13,228,390,481,485,417,305,177,0,0,0,0,0,249,186,83,-55,-210,-354,-459,-503,-471,-358,-180,39,263,446,560,579,489,299,52,-206,-435,-585,-620,-532,-337,-67,220,464,617,654,558,336,41,-267,-527,-676,-683,-547,-292,24,338,587,709,677,492,202,-135,-449,-661,-727,-635,-402,-75,268,557,735,743,581,280,-90,-442,-703,-815,-742,-506,-155,242,591,813,857,709,407,14,-393,-719,-890,-863,-644,-280,150,550,826,927,823,531,123,-314,-686,-908,-930,-752,-409,30,465,799,954,894,641,244,-205,-610,-882,-963,-825,-507,-79,362,727,926,922,709,342,-93,-506,-806,-925,-838,-565,-168,261,630,854,878,708,383,0,-439,-733,-858,-784,-537,-166,240,591,799,821,649,328,-71,-452,-727,-831,-738,-471,-91,319,657,839,824,622,268,-152,-546,-817,-900,-771,-461,-37,399,754,934,900,658,260,-207,-621,-898,-972,-828,-489,-34,434,803,987,941,683,269,-211,-648,-936,-1000,-829,-468,4,478,843,1013,951,662,219,-281,-724,-993,-1036,-838,-441,58,543,914,1077,991,681,214,-312,-772,-1047,-1087,-884,-473,47,549,931,1101,1024,713,239,-289,-741,-1020,-1073,-880,-488,16,517,886,1054,985,685,228,-272,-706,-980,-1032,-842,-459,21,494,857,1020,943,648,207,-279,-695,-952,-990,-800,-427,43,502,841,0,0
39059,mtk,MTK 7916,2423544076,rx2-tx1,512,0,0,0,388,202,-21,-237,-403,-477,-439,-296,-91,112,291,411,438,373,227,33,-158,-312,-394,-383,-288,-148,24,196,311,344,307,212,72,-81,-202,-265,-267,-207,-108,1,104,177,197,163,100,19,-63,-116,-137,-112,-56,15,67,95,93,56,0,-50,-99,-122,-104,-45,39,115,170,192,170,95,-10,-128,-222,-270,-257,-182,-55,98,245,340,358,302,169,-16,-199,-335,-412,-407,-306,-121,87,277,425,483,438,286,67,-171,-376,-502,-523,-428,-236,2,247,448,550,532,401,180,-85,-338,-509,-567,-500,-320,-79,180,403,549,562,447,235,-27,-282,-474,-573,-539,-380,-141,127,0,520,567,482,290,27,-241,-451,-556,-543,-404,-170,102,347,510,562,487,291,35,-226,-444,-565,-566,-431,-186,107,366,545,615,544,330,44,-263,-519,-669,-671,-518,-243,97,428,662,759,698,484,140,-234,-561,-784,-841,-724,-444,-67,345,699,895,895,709,377,-33,-453,-794,-965,-932,-700,-325,118,538,850,1004,947,687,278,-178,-593,-886,-1016,-939,-671,-276,174,587,872,982,913,669,282,-149,-531,-796,-906,-837,-608,-260,120,460,701,796,735,539,245,-76,-370,-586,-686,-643,-480,-232,42,294,481,577,561,448,271,61,-157,-329,-435,-469,-432,-334,-194,-54,68,158,205,0,0,0,0,0,82,130,164,181,182,154,100,33,-44,-121,-181,-214,-220,-189,-131,-53,36,126,193,220,213,170,96,9,-79,-147,-193,-207,-183,-130,-59,22,98,154,188,180,138,79,18,-52,-108,-144,-160,-155,-119,-59,1,54,98,119,125,117,97,54,5,-39,-79,-120,-142,-139,-119,-85,-30,44,109,151,168,165,142,83,-7,-98,-172,-219,-242,-229,-164,-56,59,176,269,317,310,241,114,-30,-169,-286,-350,-346,-280,-173,-18,149,283,363,365,298,182,22,-152,-286,-358,-361,-297,-169,-14,139,268,342,338,261,131,-17,-157,-268,-324,-298,-208,-79,62,191,266,287,247,0,3,-133,-234,-283,-264,-183,-64,72,197,271,281,234,130,-9,-156,-261,-311,-288,-199,-56,98,235,322,330,256,133,-29,-194,-317,-370,-339,-222,-55,123,281,380,395,326,186,-4,-190,-339,-421,-404,-291,-123,79,271,400,431,361,214,22,-178,-339,-430,-411,-287,-99,112,310,436,461,383,215,-14,-254,-439,-523,-487,-344,-127,138,374,539,585,498,299,35,-247,-484,-620,-622,-486,-247,50,350,577,678,633,452,172,-145,-436,-631,-694,-610,-395,-99,220,503,666,689,575,335,28,-278,-525,-660,-655,-517,-266,31,316,535,637,601,433,179,-100,-344,-502,-561,-497,-321,0,0,0,0,0,328,466,486,411,257,45,-180,-353,-452,-447,-345,-171,34,226,360,422,391,266,85,-100,-256,-354,-372,-307,-185,-25,131,244,301,293,213,93,-34,-147,-216,-226,-183,-115,-24,76,146,165,138,85,14,-53,-102,-111,-86,-32,35,89,110,98,53,-18,-85,-137,-159,-136,-75,23,121,195,229,211,128,11,-117,-238,-310,-309,-237,-106,65,233,349,389,345,234,62,-144,-322,-430,-452,-368,-205,9,227,408,503,485,364,167,-80,-321,-488,-542,-485,-322,-88,163,389,533,553,454,252,-13,-266,-464,-560,-534,-399,-176,92,343,515,565,489,304,53,-205,-418,-547,-553,0,-215,44,297,485,558,503,336,98,-164,-393,-536,-558,-447,-237,29,286,478,565,522,354,105,-178,-424,-576,-598,-488,-258,35,330,551,637,590,417,134,-190,-485,-680,-721,-604,-360,-27,328,627,794,789,605,283,-104,-473,-745,-871,-816,-587,-217,202,587,852,940,828,541,133,-302,-686,-939,-989,-844,-531,-92,370,751,975,1008,838,495,56,-389,-757,-974,-997,-827,-488,-60,379,729,930,944,772,453,62,-330,-650,-832,-843,-693,-413,-68,275,548,699,716,609,382,83,-208,-443,-598,-637,-543,-359,-130,113,328,474,532,498,384,218,32,-139,-275,-352,-370,-336,-265,-173,0,0,0,0,0,-119,-93,-52,3,67,128,180,211,213,184,126,49,-38,-118,-186,-221,-219,-176,-115,-34,46,129,199,222,197,144,68,-16,-93,-151,-189,-194,-167,-108,-33,47,116,162,180,161,119,62,1,-53,-104,-133,-136,-121,-98,-57,-4,47,85,113,123,122,106,71,24,-30,-91,-137,-163,-167,-133,-72,-9,53,126,192,222,216,166,78,-23,-129,-219,-273,-285,-245,-153,-44,95,222,304,334,305,211,70,-78,-221,-327,-369,-341,-252,-105,63,217,327,372,344,248,99,-62,-207,-307,-349,-322,-225,-86,75,216,305,324,280,169,31,-110,-229,-294,-288,-222,-110,24,148,0,281,248,155,34,-96,-214,-281,-273,-202,-93,47,175,265,301,267,159,17,-129,-253,-317,-298,-218,-94,62,212,319,352,300,171,1,-169,-309,-387,-379,-283,-130,58,238,365,415,373,247,63,-139,-312,-406,-414,-332,-168,34,230,371,432,390,251,55,-153,-335,-438,-436,-331,-158,60,276,440,502,436,264,30,-214,-420,-533,-535,-416,-204,53,309,506,603,566,392,127,-159,-418,-591,-643,-555,-345,-50,257,509,652,657,525,284,-24,-338,-580,-694,-663,-489,-213,107,398,605,686,626,434,154,-157,-431,-612,-659,-566,-366,-92,196,434,580,597,476,258,2,-247,-442,0,0
39060,mtk,MTK 7916,2423577085,rx0-tx0,512,-349,-713,-555,181,12,-169,-328,-456,-534,-560,-509,-396,-244,-57,145,338,493,593,619,576,458,292,86,-147,-350,-522,-632,-659,-601,-476,-297,-79,151,367,526,630,657,601,470,292,76,-142,-336,-485,-580,-613,-567,-443,-287,-110,80,260,398,492,529,500,436,324,182,34,-113,-250,-361,-445,-473,-469,-424,-325,-199,-54,111,268,411,515,560,556,482,346,171,-41,-257,-448,-601,-682,-676,-589,-427,-211,49,289,501,660,738,724,616,432,190,-79,-341,-543,-693,-745,-698,-562,-360,-125,126,351,533,639,661,598,471,290,83,-129,-308,-445,-522,-539,-494,-392,-245,-77,84,226,336,408,-511,385,319,217,102,-12,-109,-203,-267,-292,-292,-281,-227,-162,-106,-28,58,132,185,236,269,285,268,230,159,79,-22,-133,-234,-312,-372,-387,-351,-275,-165,-28,128,268,386,458,476,429,332,204,37,-140,-302,-426,-503,-524,-481,-379,-226,-51,137,312,460,537,555,507,394,236,44,-145,-329,-479,-565,-577,-512,-397,-233,-33,171,355,492,566,567,485,356,182,-15,-201,-350,-453,-518,-501,-421,-297,-137,36,196,324,410,442,431,362,241,103,-48,-186,-301,-378,-405,-373,-297,-188,-49,85,204,301,359,363,308,221,105,-40,-172,-272,-329,-317,-255,-150,-20,100,190,228,-791,-830,1179,-864,-564,-70,-10,68,138,181,179,144,70,-18,-103,-164,-203,-201,-160,-93,-11,67,131,180,197,190,155,87,17,-55,-126,-166,-177,-171,-137,-86,-25,35,90,130,148,150,132,95,57,3,-42,-92,-117,-124,-124,-106,-82,-48,-7,28,60,96,106,114,104,91,61,28,-16,-60,-91,-115,-135,-127,-106,-80,-44,8,68,122,147,155,159,138,85,33,-21,-80,-145,-175,-179,-170,-130,-79,-7,71,124,175,202,195,175,124,47,-31,-95,-149,-198,-208,-193,-164,-94,-14,56,119,179,212,223,201,148,82,3,-75,-151,-205,-222,-223,-199,-139,-68,22,108,172,220,241,-330,183,127,49,-40,-125,-190,-227,-242,-228,-182,-118,-41,45,120,183,220,230,213,186,135,61,-15,-90,-146,-197,-233,-241,-223,-190,-125,-49,32,120,196,257,289,300,269,204,115,2,-119,-236,-330,-380,-393,-362,-276,-146,-4,151,288,398,474,480,434,318,162,-10,-190,-354,-483,-557,-548,-472,-337,-170,43,251,418,551,609,588,494,340,136,-87,-302,-472,-590,-639,-594,-475,-308,-98,116,321,482,571,599,554,429,270,87,-117,-295,-440,-517,-539,-506,-403,-262,-105,67,222,355,442,476,471,410,298,159,9,-143,-284,-390,-450,-470,-443,-358,-241,-96,66,223,356,-1242,-1220,-729,410,590,-477,-519,-499,-423,-298,-133,58,253,411,525,587,577,495,356,171,-39,-250,-432,-566,-641,-630,-541,-393,-187,48,272,449,585,652,645,556,391,193,-34,-260,-447,-575,-638,-621,-532,-387,-204,5,216,383,492,556,558,487,367,218,51,-109,-260,-383,-459,-487,-465,-407,-312,-183,-40,101,249,371,455,500,504,449,352,197,28,-157,-344,-495,-598,-637,-591,-480,-309,-82,153,380,563,687,720,658,530,324,74,-190,-432,-620,-733,-754,-664,-506,-288,-21,234,458,612,691,687,599,436,219,-14,-237,-422,-546,-605,-585,-493,-348,-172,12,195,337,437,473,459,394,291,155,1105,-109,-224,-308,-348,-346,-316,-261,-173,-85,-2,85,171,212,244,267,265,237,197,142,67,-23,-114,-193,-260,-305,-331,-317,-261,-180,-75,63,188,302,388,437,430,368,259,116,-48,-219,-351,-452,-507,-492,-421,-298,-138,47,222,382,486,537,521,448,314,135,-50,-242,-402,-514,-560,-543,-472,-331,-149,60,252,412,527,572,542,441,290,110,-95,-280,-420,-522,-545,-496,-383,-244,-69,121,273,393,465,475,427,330,192,37,-114,-262,-362,-412,-415,-364,-274,-148,-5,136,252,338,381,361,305,212,88,-58,-186,-281,-346,-355,-305,-208,-77,64,181,267,289,251,165,59,-302,-57,1145,885,1092,117,152,147,106,30,-55,-131,-187,-201,-175,-121,-44,47,126,183,203,192,151,91,12,-62,-134,-174,-188,-186,-149,-80,-13,54,109,146,167,164,137,88,29,-24,-74,-110,-128,-133,-123,-99,-60,-29,13,50,83,109,116,106,102,73,42,5,-34,-75,-110,-125,-129,-114,-86,-60,-17,38,73,101,127,141,136,101,49,6,-38,-97,-139,-158,-168,-158,-122,-56,5,70,133,182,212,196,155,97,19,-50,-116,-176,-208,-205,-179,-144,-75,9,79,145,199,213,201,178,119,48,-33,-108,-165,-205,-223,-215,-177,-107,-34,39,114,181,226,242,220,171,101,13,826,-144,-203,-241,-243,-210,-153,-79,1,82,157,207,232,231,203,153,83,5,-66,-124,-189,-228,-237,-222,-176,-124,-56,29,98,168,230,254,265,240,189,112,23,-74,-176,-260,-317,-342,-329,-276,-181,-63,68,204,330,408,443,422,341,229,73,-90,-251,-391,-485,-521,-493,-401,-262,-79,121,304,446,542,585,532,423,259,44,-170,-364,-522,-613,-626,-554,-413,-230,-8,222,403,543,614,609,539,387,198,-10,-222,-397,-504,-570,-565,-486,-351,-174,3,180,339,441,500,499,445,343,196,43,-115,-265,-378,-444,-461,-440,-372,-263,-127,15,168,310,410,474,481,431,324,-117,254
39061,mtk,MTK 7916,2423577085,rx0-tx1,512,87,280,60,445,284,88,-123,-334,-509,-637,-689,-671,-576,-408,-186,65,315,534,698,784,780,692,515,276,4,-277,-531,-730,-854,-883,-807,-639,-385,-90,222,519,753,906,965,905,739,495,180,-155,-476,-749,-938,-1012,-971,-826,-587,-289,49,386,673,886,1014,1027,917,712,432,100,-245,-572,-837,-1015,-1086,-1034,-865,-603,-263,112,474,797,1032,1149,1138,993,734,389,-14,-413,-770,-1035,-1186,-1205,-1075,-819,-465,-55,346,712,998,1167,1193,1088,855,526,143,-254,-613,-909,-1098,-1160,-1081,-878,-596,-242,145,504,806,1014,1096,1062,903,649,324,-33,-378,-678,-904,-1028,-1030,-914,-709,-425,-93,239,-689,790,943,996,942,793,550,248,-72,-388,-672,-879,-993,-1003,-902,-698,-410,-74,280,604,866,1044,1097,1028,845,550,179,-209,-587,-909,-1118,-1206,-1149,-957,-644,-245,187,608,952,1189,1288,1229,1016,680,254,-204,-637,-1004,-1237,-1323,-1250,-1019,-662,-231,239,677,1023,1238,1306,1210,956,594,153,-299,-713,-1036,-1212,-1238,-1105,-838,-474,-57,358,714,963,1098,1082,926,667,329,-33,-372,-651,-840,-918,-872,-728,-509,-237,52,317,541,685,739,708,597,410,184,-51,-278,-463,-584,-630,-598,-488,-321,-113,102,298,450,535,548,476,341,160,-41,-231,-380,-455,-451,-368,-221,-41,126,248,297,717,612,0,-461,-553,23,-66,-158,-224,-249,-222,-147,-37,78,189,265,298,289,229,137,25,-93,-200,-282,-326,-328,-286,-204,-98,23,151,258,337,377,374,320,224,96,-51,-195,-316,-408,-450,-435,-371,-256,-100,77,251,396,491,530,503,403,248,66,-141,-326,-480,-562,-578,-527,-411,-244,-38,169,359,502,580,590,529,395,217,17,-187,-370,-509,-575,-583,-517,-383,-214,-17,180,352,476,550,557,495,376,221,35,-143,-302,-430,-504,-519,-478,-384,-243,-81,89,246,381,472,499,475,397,275,120,-50,-205,-336,-431,-472,-459,-392,-289,-150,3,154,285,382,434,433,391,303,190,56,-89,-130,-320,-382,-405,-385,-325,-228,-108,24,152,255,335,380,383,339,264,162,42,-76,-183,-270,-324,-346,-323,-278,-214,-118,-22,70,163,237,289,308,307,284,228,148,58,-43,-149,-240,-313,-362,-374,-350,-293,-200,-70,67,202,325,418,466,467,409,301,165,-7,-180,-333,-460,-541,-551,-500,-392,-238,-51,148,331,472,566,594,550,445,283,99,-104,-293,-458,-567,-602,-572,-477,-327,-144,59,249,403,511,559,541,471,351,190,20,-151,-302,-412,-477,-490,-458,-372,-257,-120,26,169,294,387,437,443,416,345,246,123,-18,-153,-275,-382,-452,-475,-455,-394,-284,-138,28,202,265,0,504,-715,-768,-415,-548,-622,-633,-565,-433,-244,-20,208,428,603,717,746,691,554,349,99,-164,-417,-634,-779,-840,-807,-676,-467,-199,101,392,645,830,916,904,786,571,295,-23,-354,-635,-854,-975,-979,-879,-676,-390,-53,286,591,830,978,1024,945,768,506,191,-158,-486,-756,-949,-1046,-1025,-893,-660,-354,-2,353,673,924,1081,1112,1026,818,512,142,-251,-625,-928,-1130,-1200,-1127,-930,-621,-243,172,569,900,1131,1217,1164,980,677,300,-104,-493,-830,-1065,-1178,-1147,-994,-734,-386,7,398,725,970,1111,1120,998,773,456,95,-273,-606,-866,-1028,-1064,-988,-806,-534,-204,149,472,734,924,1004,975,261,620,332,10,-316,-608,-836,-964,-989,-917,-741,-477,-169,166,487,763,956,1045,1017,879,641,316,-55,-418,-747,-1001,-1135,-1137,-1014,-759,-412,-14,401,773,1065,1227,1245,1107,835,464,29,-415,-813,-1117,-1286,-1294,-1151,-863,-462,-13,448,851,1145,1297,1295,1125,820,416,-39,-498,-884,-1152,-1277,-1241,-1057,-737,-325,122,545,886,1109,1187,1117,900,582,203,-199,-546,-820,-982,-1011,-921,-718,-442,-116,206,483,689,808,816,736,572,339,80,-176,-410,-578,-664,-673,-602,-458,-262,-42,181,373,510,581,568,488,345,158,-52,-252,-406,-494,-508,-443,-304,-121,73,242,358,392,347,235,89,-273,-465,0,297,51,-182,-196,-157,-76,32,142,234,278,276,227,134,23,-100,-210,-283,-316,-306,-257,-171,-61,65,183,280,338,359,332,259,155,29,-108,-234,-333,-401,-417,-381,-298,-172,-17,139,289,409,487,500,447,330,170,-15,-205,-375,-493,-561,-554,-475,-330,-136,61,260,426,548,598,568,468,307,115,-88,-285,-445,-551,-590,-561,-461,-302,-115,80,279,433,533,575,541,445,304,128,-64,-249,-398,-500,-541,-518,-443,-315,-154,24,195,348,456,506,501,442,335,186,17,-148,-298,-413,-483,-494,-442,-348,-213,-57,109,250,366,437,457,430,348,231,89,-57,-194,-309,-383,-424,-410,245,-256,-142,-10,119,238,325,379,395,361,293,195,73,-55,-173,-264,-329,-359,-346,-304,-230,-139,-25,81,172,249,304,320,314,280,217,126,32,-61,-155,-237,-298,-330,-341,-317,-261,-179,-73,49,164,271,361,415,422,384,309,189,46,-113,-269,-392,-477,-518,-489,-410,-285,-115,77,254,408,518,573,562,485,351,181,-23,-221,-403,-532,-599,-599,-528,-404,-221,-19,181,362,497,574,587,527,414,253,70,-119,-280,-416,-499,-522,-497,-411,-290,-141,15,168,301,396,451,462,428,349,239,109,-26,-156,-276,-367,-430,-450,-426,-363,-267,-134,13,159,303,421,496,523,491,482,551
39062,mtk,MTK 7916,2423577085,rx1-tx0,512,0,-150,-439,-381,-158,88,317,524,676,754,741,638,456,220,-49,-324,-570,-741,-831,-830,-720,-522,-264,33,337,597,796,903,897,774,572,293,-22,-344,-634,-847,-962,-961,-840,-623,-328,1,339,636,861,982,987,883,657,360,28,-320,-622,-851,-986,-1003,-901,-699,-410,-79,275,592,839,982,1012,922,729,450,109,-239,-567,-811,-969,-1009,-932,-735,-461,-130,217,534,779,927,976,886,705,448,130,-194,-491,-721,-859,-886,-819,-658,-428,-153,141,403,620,750,792,737,603,420,183,-70,-307,-504,-635,-697,-674,-580,-429,-227,-2,214,413,545,626,628,564,442,272,69,-145,-342,-494,-578,216,-551,-440,-290,-99,84,266,424,528,571,535,445,300,138,-46,-238,-383,-487,-534,-512,-436,-310,-159,19,191,333,436,474,474,426,321,174,15,-149,-287,-387,-443,-447,-388,-291,-157,-22,118,264,342,386,386,339,273,164,49,-56,-166,-258,-296,-315,-297,-259,-200,-110,-24,72,164,236,291,318,302,257,197,98,-3,-123,-231,-306,-361,-358,-300,-212,-109,38,174,265,336,370,350,283,169,65,-73,-195,-274,-325,-341,-300,-219,-123,-2,107,202,268,297,279,229,162,63,-29,-123,-199,-246,-256,-226,-170,-81,12,103,176,219,219,180,117,35,-43,-110,-153,-152,-132,648,469,0,-185,258,-37,21,79,128,158,146,108,38,-38,-104,-171,-201,-188,-153,-91,-11,70,136,190,209,192,150,83,6,-65,-139,-178,-186,-191,-155,-98,-27,36,89,130,154,148,121,97,73,33,-12,-52,-79,-92,-97,-116,-112,-97,-80,-50,-14,20,65,112,141,166,171,144,113,60,-8,-65,-129,-194,-217,-215,-188,-135,-67,13,102,182,230,257,257,219,148,64,-29,-132,-206,-247,-278,-276,-223,-145,-57,49,137,214,268,276,266,210,132,51,-52,-145,-229,-260,-270,-259,-211,-138,-49,42,134,200,237,252,241,186,122,53,-32,-107,-166,-211,-230,-214,-181,-125,-48,31,-584,131,186,204,196,161,122,74,9,-56,-113,-150,-166,-162,-151,-124,-93,-41,15,55,83,111,127,117,110,89,62,29,1,-10,-32,-68,-88,-93,-91,-101,-104,-88,-75,-52,-12,31,71,105,156,189,201,194,161,93,8,-79,-165,-242,-295,-320,-310,-253,-164,-44,100,233,342,416,432,399,327,203,39,-130,-287,-431,-507,-516,-465,-361,-211,-29,164,337,467,542,556,497,386,236,41,-152,-327,-472,-551,-565,-512,-403,-240,-58,133,309,454,544,575,545,446,296,119,-79,-263,-414,-524,-565,-560,-489,-357,-189,6,202,372,504,585,599,550,432,269,73,-142,-337,-910,-856,0,661,522,586,684,700,639,507,305,59,-202,-442,-632,-754,-800,-748,-594,-363,-99,189,466,687,830,883,816,666,433,139,-187,-486,-727,-887,-943,-888,-721,-460,-147,186,503,759,928,991,932,759,498,172,-166,-493,-764,-934,-1003,-960,-793,-541,-227,119,459,743,936,1025,988,833,582,262,-85,-423,-709,-925,-1014,-998,-849,-600,-298,54,395,679,885,986,961,827,592,303,-38,-373,-641,-846,-933,-907,-779,-563,-285,16,307,562,745,837,825,722,540,294,26,-242,-462,-630,-730,-733,-654,-502,-304,-75,160,366,530,635,659,615,502,333,141,-80,-273,-441,-558,-616,-603,-514,-363,-178,757,219,380,503,563,556,501,383,219,25,-168,-336,-458,-520,-547,-488,-379,-231,-54,125,293,412,493,519,474,381,229,71,-85,-237,-368,-449,-476,-442,-353,-230,-82,72,208,313,380,407,411,339,221,93,-44,-159,-262,-335,-352,-335,-299,-216,-124,-27,75,162,241,287,301,299,252,188,113,14,-94,-186,-270,-322,-339,-323,-260,-168,-55,81,196,279,344,372,328,248,150,18,-115,-235,-308,-342,-359,-294,-209,-101,20,144,231,295,322,294,235,148,41,-68,-156,-227,-266,-263,-234,-169,-84,14,99,176,228,241,216,155,67,-28,-108,-167,-196,-183,-141,-67,10,73,221,495,0,-900,-886,112,130,108,71,1,-71,-131,-168,-167,-148,-99,-20,59,129,181,200,184,147,82,7,-67,-131,-176,-196,-185,-151,-79,-22,47,113,159,176,165,139,100,49,-7,-50,-85,-114,-136,-134,-113,-89,-54,-32,0,40,64,88,116,128,135,130,97,56,16,-45,-101,-145,-188,-199,-192,-166,-109,-27,45,121,185,229,247,230,174,102,14,-68,-156,-216,-252,-274,-246,-177,-98,-10,90,182,241,276,283,247,192,101,10,-80,-177,-231,-269,-278,-246,-173,-85,-3,90,172,238,270,270,233,163,86,6,-86,-159,-207,-236,-238,-207,-158,-96,-19,59,120,182,214,215,-674,154,102,31,-36,-97,-136,-171,-189,-179,-151,-104,-43,9,58,101,133,158,151,124,99,66,19,-19,-43,-76,-90,-105,-93,-81,-84,-74,-48,-27,-11,5,40,72,96,122,143,141,123,111,81,24,-36,-102,-169,-231,-260,-264,-237,-173,-86,22,140,251,330,383,383,332,237,105,-56,-195,-325,-431,-481,-470,-410,-285,-118,64,235,381,488,542,520,437,300,121,-70,-256,-400,-516,-568,-547,-467,-317,-138,50,234,403,516,567,549,479,346,176,-8,-199,-363,-485,-560,-572,-512,-401,-235,-53,128,310,453,551,585,554,454,316,134,-66,-262,-435,-561,-635,-630,-548,101,-337
39063,mtk,MTK 7916,2423577085,rx1-tx1,512,0,0,0,-718,-493,-173,196,523,744,824,751,534,221,-133,-463,-699,-803,-747,-551,-259,73,389,625,728,686,515,246,-63,-349,-562,-654,-611,-446,-192,97,366,551,622,561,378,118,-166,-421,-577,-624,-549,-351,-71,226,475,632,666,562,347,58,-249,-516,-686,-720,-608,-384,-77,250,524,695,737,641,418,113,-209,-488,-673,-737,-653,-441,-159,147,425,626,703,641,460,194,-103,-368,-560,-644,-594,-429,-198,59,310,492,565,535,403,193,-50,-275,-439,-505,-468,-350,-168,45,239,374,429,395,291,133,-57,-226,-333,-378,-347,-235,-81,83,215,303,330,286,166,13,-130,-239,-302,0,-237,-111,39,180,287,331,306,218,77,-88,-227,-331,-372,-336,-230,-74,107,267,388,439,393,272,94,-108,-296,-434,-494,-464,-352,-172,54,272,440,525,525,432,256,26,-207,-406,-540,-573,-499,-345,-133,107,322,479,564,537,414,225,4,-219,-390,-481,-496,-433,-295,-112,86,269,389,437,416,330,190,28,-130,-257,-323,-342,-304,-216,-100,14,121,200,234,221,178,117,43,-30,-80,-102,-104,-93,-71,-39,-10,2,5,4,0,-5,-5,9,30,54,71,86,98,95,71,25,-31,-91,-137,-167,-181,-171,-136,-79,-11,66,134,181,211,219,201,162,115,65,7,0,0,0,0,0,-24,3,35,70,104,124,121,102,69,21,-39,-101,-147,-173,-167,-134,-75,3,82,153,203,220,198,142,55,-43,-139,-214,-260,-253,-205,-117,-3,116,213,275,286,246,160,36,-94,-201,-276,-299,-269,-190,-65,79,205,286,317,293,209,81,-68,-216,-320,-361,-333,-233,-87,73,226,339,387,357,257,101,-74,-245,-373,-425,-396,-283,-107,95,276,410,474,453,333,146,-82,-306,-464,-531,-504,-387,-190,51,293,485,596,593,474,265,12,-242,-459,-597,-624,-533,-342,-80,195,427,588,638,553,364,118,-153,-396,-562,-619,-558,-385,-134,143,393,563,623,560,383,125,0,-411,-586,-648,-581,-396,-122,183,450,630,696,629,434,147,-171,-469,-675,-745,-672,-475,-181,161,479,709,802,734,525,206,-164,-505,-752,-858,-791,-572,-239,146,517,792,918,869,648,294,-120,-511,-812,-963,-939,-728,-377,53,480,814,985,970,775,429,-5,-436,-783,-982,-994,-812,-468,-40,395,751,955,981,817,490,73,-354,-711,-923,-957,-814,-510,-110,315,675,896,936,798,506,114,-294,-635,-845,-895,-768,-492,-121,268,604,823,869,741,469,114,-254,-576,-796,-846,-727,-470,-119,259,572,772,822,711,458,115,-252,-567,-769,-816,-708,-465,-130,235,547,755,813,717,482,0,0,0,0,0,-381,-660,-813,-804,-646,-365,-10,343,630,790,800,669,411,76,-266,-556,-732,-758,-642,-411,-102,221,490,653,686,579,359,71,-226,-467,-607,-616,-503,-294,-12,273,491,606,601,467,231,-64,-331,-537,-644,-623,-464,-208,94,384,595,687,650,486,216,-98,-401,-628,-724,-689,-524,-259,64,369,597,714,706,555,300,-13,-319,-564,-697,-698,-561,-324,-34,267,513,649,656,544,329,55,-219,-447,-575,-590,-492,-309,-69,181,381,501,528,450,276,61,-155,-335,-451,-468,-388,-237,-50,148,303,393,395,323,187,15,-152,-276,-337,-333,-260,-132,22,163,267,313,291,202,73,0,-212,-288,-306,-260,-154,-10,138,265,339,343,275,148,-9,-178,-319,-400,-400,-321,-179,11,204,362,454,468,379,219,24,-187,-371,-489,-527,-461,-300,-92,134,342,499,563,527,394,190,-46,-271,-452,-553,-556,-465,-290,-71,156,359,498,541,492,365,178,-45,-252,-400,-475,-466,-376,-232,-57,119,273,368,393,353,268,142,-3,-140,-240,-283,-279,-242,-164,-61,29,105,162,184,162,118,68,27,-17,-42,-52,-54,-43,-30,-26,-23,-20,-24,-41,-55,-56,-33,-2,30,67,104,135,150,138,104,50,-19,-88,-145,-192,-214,-205,-171,-119,-59,6,69,119,155,175,166,0,0,0,0,0,-74,-88,-95,-83,-56,-14,33,79,120,147,150,125,78,15,-53,-124,-175,-195,-182,-137,-68,18,112,188,229,237,204,132,37,-75,-175,-247,-282,-264,-191,-83,40,152,249,295,279,218,124,-10,-149,-247,-305,-310,-249,-137,0,141,256,330,331,270,150,0,-150,-275,-358,-364,-296,-173,-11,156,300,391,401,327,190,9,-183,-335,-426,-441,-366,-202,-1,199,374,488,504,424,266,43,-198,-410,-540,-577,-515,-352,-114,146,384,559,625,571,420,190,-86,-342,-534,-629,-604,-460,-241,22,296,515,619,598,474,263,-5,-273,-478,-595,-599,-484,-264,10,277,489,609,0,481,259,-25,-310,-541,-665,-654,-513,-276,23,321,568,706,704,565,312,-15,-344,-606,-750,-764,-627,-354,-12,337,624,798,812,671,396,42,-336,-663,-860,-885,-740,-449,-68,338,683,895,942,815,521,118,-315,-684,-930,-999,-877,-591,-190,252,639,901,997,907,638,245,-199,-600,-881,-996,-920,-656,-274,160,562,852,985,928,682,302,-122,-520,-816,-955,-907,-674,-313,97,492,780,911,872,666,318,-82,-456,-739,-877,-835,-636,-308,76,445,720,851,816,620,295,-75,-429,-697,-828,-795,-609,-298,67,417,687,822,794,608,304,-60,-411,-675,-808,-784,-606,-312,41,389,663,0,0
39064,mtk,MTK 7916,2423577085,rx2-tx0,512,0,0,0,574,865,985,910,657,269,-176,-586,-882,-999,-918,-654,-257,187,589,878,993,899,628,232,-215,-618,-892,-990,-888,-600,-185,263,658,919,991,865,559,134,-315,-706,-961,-1017,-864,-532,-83,382,771,1014,1054,879,525,65,-411,-807,-1043,-1070,-880,-514,-41,441,834,1059,1068,858,472,-9,-487,-864,-1064,-1048,-813,-416,68,550,926,1105,1057,791,361,-147,-631,-998,-1170,-1105,-811,-358,174,683,1057,1224,1156,851,375,-169,-688,-1079,-1256,-1184,-886,-416,134,655,1050,1243,1196,914,455,-92,-616,-1014,-1206,-1165,-903,-464,64,571,957,1152,1126,877,449,-56,-537,-908,-1099,-1072,-831,-427,56,0,889,1071,1033,787,386,-91,-549,-899,-1065,-1015,-763,-361,123,580,923,1080,1028,769,353,-138,-603,-955,-1117,-1059,-785,-354,159,646,1013,1182,1123,841,395,-146,-663,-1058,-1255,-1219,-947,-485,78,632,1066,1299,1293,1036,585,15,-557,-1027,-1311,-1346,-1125,-702,-146,442,953,1281,1362,1192,808,273,-315,-843,-1216,-1360,-1246,-910,-407,175,716,1115,1322,1288,1021,572,29,-507,-948,-1206,-1250,-1075,-715,-232,268,701,1005,1130,1050,792,405,-37,-449,-769,-946,-950,-791,-502,-146,218,532,732,797,728,540,269,-36,-317,-531,-649,-654,-554,-373,-147,93,296,443,523,528,458,336,190,41,-85,-183,0,0,0,0,0,266,338,380,381,332,231,89,-73,-248,-405,-507,-544,-506,-390,-207,13,241,433,560,598,539,385,162,-92,-333,-522,-626,-616,-499,-293,-26,252,488,639,675,591,393,116,-187,-448,-633,-705,-651,-461,-183,127,416,637,741,698,517,239,-85,-397,-641,-765,-738,-567,-290,52,400,667,802,793,635,344,-18,-382,-676,-843,-850,-695,-407,-33,349,672,865,891,749,463,80,-320,-657,-867,-922,-803,-523,-134,282,638,870,944,833,562,186,-231,-603,-858,-948,-857,-602,-237,182,566,839,945,876,638,277,-137,-521,-800,-927,-873,-655,-309,90,472,758,897,854,643,319,-68,-449,0,-861,-823,-624,-302,75,434,705,832,786,587,271,-105,-458,-714,-826,-765,-553,-227,155,504,747,840,765,527,182,-207,-559,-799,-879,-784,-526,-158,243,603,848,922,806,530,146,-273,-639,-880,-945,-820,-528,-131,293,659,891,948,811,508,100,-321,-678,-902,-946,-792,-473,-50,383,737,941,957,770,435,7,-430,-786,-981,-981,-781,-422,21,460,812,1001,993,779,412,-38,-485,-834,-1016,-1001,-783,-406,49,490,840,1023,993,767,392,-59,-502,-841,-1010,-975,-746,-372,73,504,833,993,955,727,354,-89,-515,-835,-984,-939,-703,-329,110,526,835,975,923,682,304,-131,-541,-845,0,0,0,0,0,-796,-476,-51,387,743,950,975,804,470,40,-395,-759,-968,-979,-795,-457,-28,409,767,966,965,773,428,-9,-448,-793,-972,-958,-750,-382,66,503,834,995,960,730,343,-121,-558,-885,-1033,-974,-719,-313,163,611,938,1075,1001,721,291,-195,-648,-969,-1096,-1000,-704,-268,222,670,982,1085,971,656,201,-295,-725,-1013,-1095,-949,-610,-141,363,798,1077,1138,963,589,93,-426,-867,-1143,-1189,-999,-608,-90,446,900,1185,1239,1047,655,125,-431,-898,-1189,-1257,-1078,-688,-165,387,852,1153,1237,1073,701,198,-341,-811,-1109,-1188,-1047,-702,-213,311,758,1054,1143,1004,665,196,-306,-739,-1020,-1095,0,-624,-168,320,742,1012,1079,929,587,137,-341,-757,-1019,-1074,-919,-578,-114,377,789,1046,1104,938,585,108,-395,-825,-1093,-1146,-976,-609,-113,412,864,1157,1224,1049,673,163,-395,-884,-1205,-1302,-1152,-778,-251,323,838,1199,1341,1237,893,376,-211,-760,-1162,-1350,-1287,-983,-494,88,660,1108,1339,1322,1063,605,38,-529,-995,-1284,-1335,-1140,-738,-211,355,854,1190,1301,1191,873,405,-126,-623,-1001,-1192,-1166,-941,-560,-94,367,750,988,1050,928,650,268,-142,-505,-759,-874,-833,-658,-377,-40,282,538,689,721,630,438,184,-82,-322,-498,-590,-589,-498,-342,-151,44,215,343,412,417,377,307,0,0,0,0,0,-172,-88,20,150,279,395,473,496,448,337,171,-32,-237,-415,-536,-579,-533,-400,-198,40,278,474,594,614,529,346,100,-168,-411,-586,-659,-620,-463,-219,68,344,565,687,677,538,301,4,-295,-545,-701,-718,-599,-368,-68,253,531,712,754,650,418,99,-247,-544,-740,-796,-700,-468,-137,225,542,758,837,759,538,199,-181,-528,-782,-885,-818,-590,-248,147,514,790,917,869,648,305,-98,-486,-784,-930,-894,-693,-360,53,454,766,930,916,724,399,-1,-401,-733,-922,-935,-765,-450,-47,361,699,902,930,780,487,94,-314,-652,-865,-914,-781,-500,-126,270,615,833,882,760,0,123,-258,-587,-802,-848,-724,-457,-103,275,593,787,821,696,424,59,-312,-621,-804,-817,-664,-385,-18,362,670,839,837,667,361,-24,-412,-724,-889,-871,-680,-348,56,451,762,924,896,684,340,-71,-476,-787,-942,-907,-693,-334,93,501,805,948,899,663,293,-137,-539,-838,-962,-891,-634,-248,195,598,880,988,897,618,216,-234,-645,-925,-1020,-909,-613,-192,263,672,946,1030,914,615,188,-278,-685,-953,-1035,-913,-605,-181,281,686,953,1022,895,590,166,-291,-682,-936,-1005,-873,-572,-152,301,689,934,994,853,538,117,-319,-689,-925,-977,-831,-514,-96,342,707,930,969,816,501,0,0
39065,mtk,MTK 7916,2423577085,rx2-tx1,512,0,0,0,-236,-446,-575,-593,-497,-311,-71,185,394,525,549,472,309,89,-143,-335,-457,-496,-439,-301,-114,92,268,385,431,398,283,130,-37,-196,-317,-359,-328,-239,-115,29,149,229,258,234,162,69,-34,-115,-163,-176,-149,-94,-22,58,102,106,79,35,-14,-66,-102,-95,-62,-16,65,138,170,154,116,46,-55,-160,-229,-265,-260,-186,-63,77,217,324,378,352,257,99,-86,-258,-384,-458,-445,-338,-157,56,271,428,514,513,422,232,-9,-250,-444,-556,-568,-475,-285,-28,240,448,575,609,516,319,60,-200,-421,-576,-622,-543,-366,-115,159,409,580,629,559,389,146,-125,-377,0,-625,-574,-410,-169,104,360,547,624,573,413,180,-92,-349,-535,-613,-573,-414,-166,105,358,555,637,587,423,167,-125,-396,-596,-683,-636,-452,-176,138,444,677,778,729,536,237,-119,-465,-726,-850,-823,-645,-340,33,427,748,924,930,770,455,63,-352,-724,-966,-1028,-901,-610,-203,243,644,934,1058,999,769,397,-62,-505,-859,-1061,-1065,-894,-572,-141,307,695,963,1072,992,750,371,-64,-476,-795,-975,-986,-833,-547,-172,209,540,782,887,826,627,345,25,-295,-557,-707,-736,-651,-463,-211,59,311,507,609,616,528,364,166,-39,-225,-369,-453,-478,-442,-354,-229,-97,11,97,0,0,0,0,0,-125,-159,-182,-186,-171,-132,-74,-5,70,138,190,224,231,206,157,88,-4,-92,-167,-211,-227,-207,-157,-89,-17,67,136,179,202,195,152,86,9,-54,-107,-152,-171,-159,-130,-89,-35,20,73,106,126,132,116,87,60,21,-16,-48,-83,-104,-110,-109,-99,-72,-41,7,55,108,144,164,171,161,108,35,-39,-119,-190,-238,-255,-227,-163,-64,55,179,279,339,345,296,196,65,-89,-237,-340,-389,-382,-320,-193,-31,136,282,391,426,394,295,152,-32,-221,-354,-417,-414,-347,-225,-60,123,282,372,399,368,264,108,-63,-222,-339,-382,-351,-264,-124,35,185,292,345,0,244,111,-39,-185,-289,-327,-307,-219,-89,57,200,300,327,300,215,73,-90,-228,-321,-353,-312,-205,-54,119,268,363,380,336,216,37,-148,-305,-412,-449,-398,-259,-58,150,335,454,489,430,286,90,-140,-353,-486,-519,-456,-300,-86,145,357,493,528,465,307,74,-172,-390,-527,-571,-492,-312,-71,194,429,581,628,554,365,99,-192,-460,-642,-699,-625,-433,-146,171,462,674,758,697,509,223,-111,-430,-682,-799,-756,-574,-298,39,373,645,796,805,674,410,64,-294,-588,-773,-818,-709,-476,-161,182,496,709,790,729,537,258,-66,-381,-614,-723,-702,-553,-304,-6,281,500,0,0,0,0,0,564,412,183,-76,-322,-495,-574,-544,-408,-196,41,265,434,522,509,396,217,0,-207,-375,-454,-457,-369,-219,-37,151,304,382,387,319,193,42,-108,-222,-288,-300,-247,-143,-33,78,171,216,207,156,75,1,-62,-116,-133,-110,-63,-3,50,82,85,67,21,-33,-87,-126,-129,-88,-18,74,155,202,210,180,110,-8,-141,-252,-320,-333,-276,-153,5,158,300,399,422,355,214,26,-169,-347,-470,-501,-438,-291,-83,151,361,500,543,491,350,143,-112,-350,-518,-584,-554,-416,-175,89,331,513,605,583,453,230,-41,-302,-510,-617,-599,-474,-263,7,280,491,607,615,506,0,27,-248,-472,-601,-618,-514,-311,-48,224,452,596,616,513,315,53,-228,-469,-606,-617,-515,-310,-38,241,487,634,645,531,311,16,-283,-535,-691,-716,-594,-351,-28,302,589,780,823,700,448,98,-274,-604,-837,-911,-812,-565,-210,209,591,866,983,927,708,347,-89,-507,-834,-1026,-1035,-850,-506,-84,364,756,1008,1078,956,663,264,-183,-609,-929,-1081,-1044,-827,-465,-30,402,760,997,1054,921,647,278,-133,-510,-794,-932,-909,-736,-459,-108,258,558,746,805,732,547,276,-28,-311,-534,-656,-672,-584,-407,-177,63,282,452,547,558,490,356,190,23,-134,-258,-336,-357,-337,-284,0,0,0,0,0,79,47,3,-55,-115,-171,-206,-222,-220,-187,-125,-48,33,117,181,217,224,206,156,86,4,-79,-152,-201,-210,-190,-151,-92,-19,57,128,176,199,187,150,92,22,-42,-87,-129,-149,-141,-126,-96,-45,9,48,79,96,104,108,99,83,58,16,-24,-53,-91,-134,-142,-131,-110,-72,-18,45,110,154,188,202,195,134,40,-61,-154,-238,-291,-304,-262,-185,-68,75,205,307,372,381,331,215,53,-124,-272,-375,-420,-406,-317,-176,2,181,321,408,434,382,265,102,-77,-243,-361,-415,-400,-317,-166,17,181,309,380,383,314,189,34,-121,-268,-348,-356,-300,-189,-36,0,240,317,325,269,160,14,-131,-240,-308,-316,-263,-155,-13,139,258,322,328,265,141,-14,-169,-299,-368,-358,-275,-133,42,218,348,411,394,296,135,-61,-252,-392,-466,-459,-355,-173,42,252,416,508,493,389,211,-22,-250,-426,-516,-502,-392,-205,37,264,444,543,521,389,192,-55,-305,-492,-582,-568,-441,-215,62,330,541,660,651,507,262,-39,-341,-574,-716,-721,-581,-332,-21,304,578,746,775,651,412,96,-246,-549,-743,-808,-727,-504,-180,175,494,721,820,769,574,280,-61,-398,-662,-799,-789,-635,-370,-40,282,557,732,761,644,418,124,-187,-454,-635,-699,-625,-433,0,0
39066,mtk,MTK 7916,2423623608,rx0-tx0,512,-349,-713,-555,-565,-529,-439,-295,-135,54,238,399,529,624,647,599,501,345,151,-58,-262,-453,-599,-676,-691,-641,-521,-344,-131,79,288,473,604,676,667,605,480,308,117,-91,-280,-437,-551,-603,-600,-542,-433,-296,-132,36,190,311,415,482,488,466,412,332,226,110,-17,-138,-256,-354,-423,-462,-474,-456,-394,-292,-171,-29,143,297,434,553,616,617,565,453,289,81,-139,-342,-533,-674,-738,-729,-638,-485,-281,-43,193,408,593,719,750,723,612,428,214,-18,-252,-454,-598,-680,-688,-620,-502,-336,-138,54,228,377,483,538,541,492,402,280,144,-1,-124,-233,-338,-401,-415,-405,-364,-511,-200,-95,9,97,192,277,335,366,372,357,316,240,149,41,-79,-186,-294,-378,-431,-458,-436,-384,-287,-147,-3,165,312,443,538,582,569,490,364,199,5,-194,-385,-539,-641,-679,-643,-549,-396,-198,22,245,436,598,699,723,673,554,384,175,-63,-300,-497,-652,-740,-736,-682,-551,-352,-135,114,348,542,676,734,730,632,473,268,51,-164,-376,-536,-632,-668,-632,-541,-388,-194,0,199,377,502,582,603,555,456,310,131,-45,-216,-365,-476,-533,-528,-468,-366,-223,-52,119,275,398,473,489,457,369,233,70,-93,-240,-364,-435,-435,-371,-260,-109,55,199,283,314,287,-791,-830,1179,-864,-564,-19,-59,-88,-93,-87,-59,-12,37,76,103,126,113,78,38,-7,-53,-93,-125,-139,-125,-93,-48,4,55,98,119,136,127,107,67,16,-40,-89,-118,-128,-126,-115,-78,-31,7,46,82,107,119,108,87,65,36,-2,-29,-51,-73,-79,-85,-78,-73,-66,-43,-25,7,38,64,74,77,84,90,74,62,45,5,-29,-56,-83,-101,-113,-116,-106,-89,-60,-23,20,62,92,127,153,159,147,116,76,22,-34,-99,-147,-192,-212,-204,-170,-120,-63,3,77,157,200,238,252,226,188,135,61,-24,-109,-179,-238,-269,-271,-250,-201,-130,-41,58,145,217,273,296,285,-330,198,116,27,-68,-156,-238,-291,-303,-311,-273,-205,-130,-28,70,154,233,285,311,316,279,231,171,77,-27,-123,-202,-273,-317,-332,-332,-298,-231,-154,-59,60,175,270,358,419,436,416,341,233,94,-49,-200,-347,-463,-537,-549,-525,-438,-298,-115,79,253,424,549,621,651,597,478,308,109,-103,-309,-483,-631,-707,-696,-619,-477,-288,-70,163,382,566,677,725,703,609,441,236,15,-222,-416,-564,-661,-692,-652,-544,-389,-201,0,198,379,510,584,611,571,475,355,196,31,-137,-291,-409,-499,-529,-528,-482,-388,-260,-120,35,186,319,428,499,530,513,446,351,216,52,-1242,-1220,-729,410,590,80,253,410,524,592,611,568,462,326,152,-57,-253,-432,-576,-655,-673,-624,-518,-346,-145,65,275,467,613,686,688,630,500,329,122,-96,-293,-467,-581,-644,-645,-578,-460,-296,-114,72,250,388,481,537,541,495,414,306,164,17,-116,-238,-339,-403,-442,-454,-431,-383,-297,-190,-78,47,175,313,423,492,542,545,483,396,249,60,-134,-317,-483,-612,-687,-681,-613,-483,-292,-66,172,395,574,708,765,739,643,483,260,17,-217,-447,-614,-708,-735,-684,-564,-390,-178,51,263,431,555,617,614,561,451,308,135,-39,-195,-330,-421,-474,-479,-439,-383,-292,-167,-48,65,177,1105,335,375,376,361,330,259,167,70,-28,-128,-225,-312,-368,-406,-401,-370,-310,-212,-104,28,171,294,411,479,514,507,440,332,183,7,-175,-350,-496,-598,-638,-615,-535,-394,-209,4,216,411,572,674,711,664,554,389,178,-50,-276,-473,-626,-717,-741,-681,-552,-375,-144,91,310,526,665,738,743,660,522,315,90,-150,-371,-539,-659,-699,-684,-595,-426,-231,-15,193,375,528,614,630,595,490,342,169,-28,-220,-378,-496,-559,-560,-514,-415,-270,-100,79,239,374,474,513,493,421,303,148,-16,-174,-315,-418,-460,-447,-383,-268,-110,64,213,326,386,380,306,184,45,-90,-302,-57,1145,885,1092,-74,-67,-35,4,47,89,109,104,79,46,0,-60,-92,-111,-121,-111,-87,-48,7,57,96,122,133,128,98,58,9,-46,-91,-128,-142,-133,-104,-61,-23,20,71,108,119,116,101,88,55,13,-25,-58,-77,-97,-106,-96,-78,-53,-24,1,24,38,59,70,79,89,82,68,42,25,-2,-34,-62,-71,-96,-110,-104,-91,-71,-43,-12,27,54,88,108,126,132,113,91,66,19,-31,-87,-132,-169,-187,-189,-172,-130,-80,-4,64,130,178,205,219,221,187,132,70,-21,-98,-159,-219,-259,-265,-241,-198,-134,-51,42,130,203,254,284,282,251,201,125,30,-66,826,-225,-276,-305,-302,-273,-214,-118,-28,65,162,233,287,319,310,277,221,135,48,-50,-141,-211,-278,-318,-322,-294,-253,-191,-100,-13,90,193,275,329,371,381,346,284,196,79,-50,-181,-306,-408,-473,-493,-468,-397,-269,-115,55,220,385,511,584,590,555,458,302,116,-82,-291,-466,-596,-672,-679,-611,-487,-316,-94,134,347,533,661,719,705,620,467,264,46,-182,-400,-572,-674,-723,-687,-574,-418,-222,-3,218,406,542,624,644,610,513,361,190,6,-184,-340,-461,-541,-562,-545,-472,-365,-221,-67,78,229,365,460,510,519,482,408,303,166,17,-143,-290,-409,-505,-546,-117,254
39067,mtk,MTK 7916,2423623608,rx0-tx1,512,87,280,60,-631,-619,-558,-436,-266,-67,145,346,521,652,724,730,668,537,354,135,-102,-335,-546,-705,-799,-824,-767,-645,-454,-216,43,304,546,732,863,915,872,749,554,301,15,-271,-543,-761,-911,-978,-952,-839,-639,-385,-93,214,492,737,912,1001,1008,914,739,494,208,-101,-404,-682,-898,-1030,-1072,-1013,-863,-626,-331,2,337,643,896,1075,1146,1106,966,727,419,69,-298,-632,-900,-1101,-1180,-1145,-1009,-763,-455,-111,253,583,855,1043,1138,1114,987,770,488,158,-190,-511,-769,-963,-1066,-1070,-974,-788,-526,-220,96,411,676,869,987,1011,942,793,567,295,-4,-292,-553,-761,-900,-954,-925,-689,-629,-386,-116,170,429,654,828,925,939,872,728,518,254,-39,-332,-598,-816,-959,-1017,-984,-846,-632,-354,-33,301,607,860,1031,1107,1079,932,697,390,44,-315,-652,-928,-1107,-1173,-1131,-971,-711,-371,-1,371,712,977,1141,1196,1128,942,664,319,-52,-429,-754,-999,-1150,-1180,-1082,-873,-574,-222,147,503,800,1002,1087,1069,945,719,423,79,-248,-540,-768,-901,-946,-887,-750,-534,-273,-1,273,493,658,748,763,708,577,395,182,-44,-257,-435,-559,-633,-635,-567,-448,-283,-96,98,273,418,513,546,523,439,303,139,-45,-215,-356,-446,-470,-433,-334,-187,-18,141,256,319,317,249,717,612,0,-461,-553,105,174,215,215,176,99,-1,-107,-199,-265,-296,-281,-229,-148,-50,56,164,247,308,336,322,273,195,93,-24,-146,-251,-332,-380,-394,-368,-300,-199,-71,76,216,334,427,480,476,426,332,187,26,-154,-323,-453,-540,-574,-545,-454,-309,-133,61,252,414,531,599,607,548,426,265,73,-122,-310,-468,-562,-617,-598,-513,-387,-216,-30,156,325,467,556,584,555,476,350,191,21,-145,-301,-425,-512,-543,-518,-454,-345,-201,-42,120,259,376,465,502,499,446,354,229,83,-74,-213,-338,-424,-474,-477,-436,-355,-243,-107,38,172,290,384,435,447,421,354,259,133,1,-127,-130,-327,-386,-410,-400,-350,-274,-177,-59,60,167,260,331,369,372,348,290,211,124,20,-87,-178,-253,-308,-337,-337,-309,-263,-195,-115,-28,63,142,220,282,327,348,341,308,246,166,68,-40,-157,-263,-355,-420,-453,-444,-398,-310,-190,-50,112,266,400,495,546,555,505,398,262,85,-103,-273,-423,-535,-598,-610,-553,-446,-294,-115,73,256,413,537,603,611,563,457,315,144,-45,-221,-372,-490,-560,-578,-542,-455,-334,-184,-21,138,279,397,477,505,496,446,359,249,121,-15,-150,-266,-358,-430,-464,-462,-430,-356,-253,-131,4,135,263,379,458,512,519,487,400,283,136,265,0,504,-715,-768,-25,166,347,509,620,677,674,605,481,306,98,-124,-345,-535,-676,-763,-781,-725,-593,-399,-173,77,323,543,725,832,870,826,697,502,260,-20,-297,-547,-755,-897,-951,-919,-798,-600,-345,-49,250,534,759,913,990,972,869,691,433,147,-162,-454,-709,-902,-1012,-1033,-959,-799,-558,-268,54,374,671,906,1053,1112,1061,919,688,385,38,-313,-639,-903,-1083,-1160,-1126,-983,-754,-449,-84,273,610,889,1069,1160,1137,1000,773,475,133,-224,-551,-819,-1011,-1110,-1100,-980,-777,-508,-188,144,458,727,925,1029,1040,956,773,533,253,-56,-349,-612,-816,-941,-980,-930,-802,-598,-340,-56,222,261,701,855,936,933,840,680,454,178,-103,-379,-624,-817,-941,-976,-922,-788,-573,-304,-4,309,599,834,993,1066,1029,891,668,377,47,-305,-628,-890,-1073,-1149,-1116,-966,-721,-396,-33,337,682,961,1138,1196,1141,970,699,351,-26,-410,-739,-997,-1150,-1191,-1111,-911,-626,-274,102,466,777,1001,1122,1128,1018,801,499,155,-190,-520,-784,-964,-1033,-984,-850,-626,-346,-39,260,522,720,831,866,801,654,458,220,-23,-264,-468,-611,-691,-699,-638,-512,-346,-144,71,264,423,534,591,578,505,378,215,38,-144,-307,-430,-499,-505,-447,-337,-184,-10,158,300,390,411,362,260,126,-21,-134,-273,-465,0,297,51,144,99,18,-75,-167,-237,-265,-256,-202,-116,-8,102,196,264,302,310,277,210,117,6,-110,-210,-288,-340,-360,-341,-284,-196,-81,44,172,287,373,432,438,395,318,200,54,-108,-262,-400,-492,-528,-514,-439,-319,-163,15,203,371,498,574,593,545,436,278,99,-97,-283,-439,-552,-612,-603,-540,-404,-240,-54,146,323,467,569,604,583,501,377,210,25,-152,-317,-449,-533,-563,-538,-463,-348,-202,-32,130,278,402,487,526,505,445,352,219,67,-92,-239,-354,-441,-488,-489,-444,-356,-234,-92,56,195,312,401,454,458,430,356,247,111,-22,-152,-263,-354,-414,-429,-405,245,-255,-151,-32,89,201,289,358,391,383,344,280,188,81,-27,-133,-229,-297,-344,-362,-346,-303,-238,-158,-61,35,124,204,268,312,332,322,295,245,176,95,2,-94,-188,-269,-334,-375,-396,-379,-326,-243,-131,-6,132,259,376,454,502,502,453,357,221,64,-107,-282,-419,-524,-589,-589,-534,-428,-281,-106,84,269,430,552,614,620,565,460,314,129,-58,-243,-403,-519,-596,-607,-557,-461,-322,-161,15,186,332,447,521,545,520,451,345,209,63,-79,-219,-335,-419,-468,-478,-449,-384,-295,-188,-61,67,192,311,399,457,481,471,425,335,214,77,-79,-231,-371,-475,-550,482,551
39068,mtk,MTK 7916,2423623608,rx1-tx0,512,0,-150,-439,683,642,552,392,197,-16,-232,-434,-598,-717,-766,-724,-617,-463,-238,8,250,475,654,776,824,786,678,495,257,-14,-278,-518,-706,-824,-869,-833,-717,-527,-275,-1,276,531,734,861,908,863,739,546,288,5,-272,-526,-730,-878,-930,-894,-776,-565,-310,-19,285,551,758,886,936,906,778,572,306,14,-283,-553,-760,-892,-933,-883,-734,-521,-276,10,301,538,726,858,879,808,667,463,222,-33,-281,-500,-661,-742,-757,-698,-576,-411,-200,22,225,414,553,631,654,613,515,388,224,35,-148,-317,-446,-534,-570,-567,-507,-393,-239,-69,93,257,386,479,530,531,482,383,257,216,-53,-209,-335,-434,-487,-496,-451,-369,-261,-114,38,182,309,416,475,468,421,336,222,92,-45,-188,-294,-382,-429,-422,-375,-300,-203,-79,58,176,273,330,352,342,305,232,135,34,-64,-144,-196,-235,-257,-254,-205,-162,-115,-59,-3,49,90,114,135,161,165,161,162,149,116,77,20,-31,-99,-154,-206,-231,-249,-244,-214,-155,-71,29,128,216,278,304,315,284,206,113,10,-89,-199,-268,-298,-309,-283,-232,-153,-58,42,147,227,278,295,282,242,159,74,-17,-115,-190,-252,-270,-258,-220,-158,-77,14,100,178,228,241,225,174,98,8,-78,-149,-182,-180,-144,-75,648,469,0,-185,258,-13,-62,-112,-148,-153,-130,-78,-5,65,126,173,194,182,152,90,16,-58,-118,-155,-185,-192,-169,-117,-64,3,59,105,148,166,177,163,132,84,44,-1,-54,-93,-123,-135,-150,-147,-130,-114,-76,-46,1,48,92,146,178,210,212,188,141,80,20,-81,-148,-187,-244,-271,-272,-228,-166,-78,17,127,222,293,330,324,283,214,132,33,-71,-175,-256,-312,-323,-307,-263,-205,-94,3,100,194,257,302,309,293,235,161,87,-21,-109,-182,-252,-289,-289,-262,-207,-133,-65,22,104,179,227,244,239,211,184,126,53,-18,-78,-133,-179,-205,-202,-183,-160,-112,-60,-11,-584,96,133,161,162,150,115,96,63,25,-13,-43,-67,-97,-110,-120,-119,-100,-80,-58,-42,-11,20,37,55,77,90,100,111,108,99,87,77,53,18,-13,-49,-94,-136,-170,-202,-201,-187,-162,-115,-52,39,124,197,267,315,333,311,272,193,80,-38,-178,-300,-398,-459,-471,-433,-366,-235,-73,86,253,398,507,567,572,499,373,217,39,-158,-337,-480,-589,-629,-601,-511,-384,-215,-12,196,377,519,608,637,611,522,375,205,-2,-207,-384,-518,-605,-638,-605,-520,-377,-205,-11,175,344,485,578,610,587,518,398,237,54,-131,-302,-450,-552,-617,-620,-562,-452,-307,-130,-910,-856,0,661,522,-32,-239,-425,-584,-671,-707,-678,-582,-426,-228,12,254,457,634,751,781,748,643,472,252,-1,-254,-484,-680,-810,-857,-816,-694,-499,-263,6,273,520,717,837,884,852,732,533,279,6,-276,-526,-730,-869,-909,-866,-745,-555,-311,-21,261,530,738,880,943,913,780,569,305,24,-272,-547,-762,-899,-947,-902,-766,-551,-288,4,293,553,737,866,922,858,703,505,243,-36,-294,-523,-698,-806,-825,-763,-631,-433,-201,34,264,456,599,690,699,649,551,382,194,-5,-198,-364,-485,-578,-611,-586,-508,-381,-218,-50,119,279,416,505,542,542,486,379,246,91,-69,-230,-361,-447,757,-512,-467,-381,-261,-109,50,208,332,426,483,476,435,359,247,97,-54,-188,-304,-389,-434,-447,-404,-321,-217,-80,58,183,283,359,396,391,349,267,169,53,-56,-158,-243,-292,-308,-295,-256,-198,-132,-56,36,108,148,185,202,202,187,161,126,103,62,16,-23,-61,-106,-138,-172,-198,-213,-204,-170,-125,-59,15,103,174,237,287,297,279,224,137,46,-56,-168,-250,-304,-320,-313,-267,-173,-77,20,124,210,274,304,306,274,205,118,22,-72,-169,-242,-277,-285,-259,-204,-130,-34,56,144,206,248,251,227,172,91,1,-87,-162,-209,-220,-195,-143,-60,16,92,132,221,495,0,-900,-886,-127,-114,-82,-21,46,116,163,178,164,131,78,3,-71,-137,-184,-195,-186,-146,-102,-47,20,90,144,179,194,172,152,96,46,-5,-58,-106,-139,-154,-164,-147,-124,-86,-52,-19,24,57,105,132,154,170,162,154,119,75,21,-48,-115,-178,-218,-254,-253,-196,-157,-102,-23,74,169,239,290,302,291,239,161,52,-58,-160,-235,-290,-321,-318,-276,-207,-111,-14,91,179,263,316,317,306,253,180,81,-15,-112,-199,-252,-295,-304,-266,-224,-158,-71,19,105,183,230,262,271,246,198,118,40,-36,-97,-151,-207,-229,-226,-198,-171,-121,-52,16,73,125,158,174,176,-674,137,108,61,10,-46,-82,-99,-124,-131,-135,-123,-107,-80,-45,-14,25,56,76,83,94,102,96,91,90,75,46,27,2,-22,-46,-64,-90,-120,-135,-150,-147,-136,-106,-72,-13,54,111,164,214,255,276,256,224,167,76,-35,-144,-239,-333,-387,-416,-396,-323,-216,-85,67,208,346,465,515,520,477,376,235,64,-121,-303,-446,-544,-598,-596,-514,-387,-218,-9,186,360,500,593,639,612,519,379,192,-7,-208,-390,-530,-616,-649,-608,-514,-372,-200,-2,192,365,507,593,625,594,517,385,215,23,-158,-318,-463,-565,-606,-599,-535,-427,-280,-107,89,279,438,557,624,101,-337
39069,mtk,MTK 7916,2423623608,rx1-tx1,512,0,0,0,-24,-361,-620,-745,-708,-520,-219,124,439,652,721,636,417,113,-203,-469,-632,-651,-518,-278,15,298,496,578,540,376,119,-150,-364,-488,-503,-390,-188,68,301,456,497,421,244,5,-245,-437,-524,-497,-346,-107,153,386,539,573,471,263,-7,-282,-495,-601,-574,-416,-170,108,371,555,615,541,357,104,-176,-417,-559,-581,-480,-281,-20,234,425,523,490,357,165,-53,-261,-395,-437,-378,-239,-57,127,275,357,350,263,116,-55,-208,-297,-310,-252,-147,-11,132,235,277,249,158,36,-85,-184,-237,-231,-167,-55,63,154,201,208,158,68,-34,-134,-203,-215,-170,-84,31,144,0,244,208,122,0,-137,-243,-289,-275,-202,-73,84,227,328,355,301,184,28,-147,-299,-392,-395,-321,-171,15,203,355,436,424,319,151,-49,-243,-391,-456,-426,-304,-129,73,256,386,439,409,287,102,-99,-267,-378,-414,-361,-237,-67,113,261,348,366,314,191,35,-116,-233,-303,-301,-238,-139,-22,90,177,220,209,169,100,14,-70,-124,-140,-119,-78,-30,17,51,55,37,13,-16,-42,-57,-40,-3,36,75,110,118,99,48,-23,-101,-164,-203,-191,-146,-75,22,132,213,256,259,225,145,29,-94,-203,-276,-312,-304,-245,-144,-29,83,182,248,279,275,241,179,95,0,0,0,0,0,30,-5,-53,-106,-152,-181,-175,-139,-73,3,91,173,227,239,210,147,45,-76,-191,-272,-298,-265,-187,-67,75,213,303,337,304,208,68,-91,-244,-352,-384,-333,-207,-30,152,310,404,417,342,187,-18,-214,-379,-465,-448,-330,-137,94,318,467,524,477,322,85,-180,-410,-559,-596,-503,-291,-11,283,511,630,627,494,242,-81,-380,-594,-691,-646,-451,-157,175,478,684,744,641,393,64,-283,-581,-766,-785,-634,-347,24,389,673,818,793,594,269,-112,-472,-732,-829,-752,-522,-183,204,545,761,816,691,421,70,-299,-606,-771,-757,-582,-278,80,425,674,771,689,453,119,0,-555,-735,-757,-599,-299,60,407,675,793,725,500,154,-239,-579,-790,-823,-673,-373,14,406,711,867,824,592,224,-200,-588,-848,-918,-787,-485,-63,381,745,949,946,730,338,-126,-564,-887,-1024,-930,-633,-198,289,725,1001,1053,873,504,35,-441,-837,-1047,-1029,-781,-362,137,607,934,1049,937,624,182,-296,-711,-967,-997,-817,-465,-9,447,787,951,913,671,273,-177,-566,-823,-903,-773,-474,-74,337,659,826,807,606,278,-110,-466,-715,-795,-689,-427,-74,293,589,750,743,565,262,-96,-439,-676,-750,-660,-423,-86,267,562,725,730,566,270,-80,-405,-645,-741,-671,-450,-130,222,0,0,0,0,0,746,655,423,103,-242,-539,-711,-724,-585,-328,-4,320,571,694,661,487,212,-105,-382,-569,-624,-539,-338,-67,207,423,531,509,371,146,-109,-331,-475,-505,-411,-213,33,274,449,511,450,295,61,-197,-412,-530,-529,-409,-188,87,344,530,600,528,344,84,-201,-451,-603,-611,-484,-270,0,281,494,600,571,427,185,-80,-322,-491,-558,-499,-331,-100,144,338,459,479,389,215,9,-191,-338,-396,-371,-262,-90,88,235,317,326,256,131,-20,-160,-259,-290,-252,-150,-20,102,203,256,240,166,53,-67,-168,-229,-226,-164,-66,44,143,199,210,171,82,-36,-148,-217,-226,-183,0,20,144,235,267,238,154,26,-121,-248,-324,-326,-254,-127,34,199,325,384,356,250,92,-89,-264,-385,-426,-374,-245,-62,136,306,423,453,383,232,30,-170,-338,-435,-444,-362,-208,-5,189,334,415,419,329,176,-12,-187,-324,-390,-376,-285,-138,32,182,291,341,320,238,113,-28,-161,-242,-262,-237,-169,-62,38,114,160,170,150,97,22,-42,-76,-87,-79,-50,-13,18,31,33,15,-18,-46,-66,-71,-56,-21,36,102,149,167,149,97,15,-71,-149,-212,-242,-214,-141,-48,62,168,243,284,285,231,135,19,-103,-214,-285,-315,-300,-249,-170,-79,19,105,162,185,0,0,0,0,0,99,130,132,108,61,-2,-73,-138,-189,-215,-200,-152,-73,26,128,213,264,263,209,110,-15,-142,-250,-309,-304,-246,-139,13,165,279,344,351,281,137,-40,-206,-338,-403,-378,-272,-109,86,273,400,444,399,259,60,-156,-347,-471,-491,-406,-223,17,256,447,547,537,409,182,-93,-344,-538,-617,-565,-390,-121,190,459,632,673,569,345,40,-283,-554,-701,-702,-554,-279,62,395,648,767,723,524,206,-152,-493,-735,-812,-710,-469,-129,247,578,785,823,682,399,35,-339,-637,-802,-794,-621,-315,56,419,690,807,743,520,182,-198,-520,-724,-774,-650,-379,-26,328,608,752,0,528,214,-149,-485,-718,-780,-670,-407,-48,326,627,794,783,589,260,-124,-493,-764,-862,-763,-491,-112,301,657,863,878,698,354,-73,-486,-801,-941,-869,-609,-205,255,666,933,992,835,495,38,-448,-829,-1030,-1009,-771,-364,129,602,935,1064,967,659,208,-287,-717,-993,-1047,-870,-504,-26,453,828,1024,995,737,327,-140,-578,-891,-997,-879,-573,-149,291,669,898,920,733,389,-30,-435,-742,-876,-804,-553,-182,217,563,776,813,663,362,-19,-386,-658,-777,-723,-501,-167,202,522,723,752,621,347,-11,-359,-618,-745,-698,-492,-183,164,483,696,747,621,361,24,-313,-588,-729,-701,0,0
39070,mtk,MTK 7916,2423623608,rx2-tx0,512,0,0,0,-978,-938,-688,-283,193,628,921,999,852,515,60,-409,-781,-972,-940,-697,-296,180,612,900,982,835,492,35,-421,-783,-969,-926,-666,-252,220,648,927,987,815,451,-16,-485,-847,-1013,-944,-657,-215,278,722,995,1040,849,463,-38,-530,-909,-1079,-996,-685,-219,293,738,1016,1062,862,452,-64,-563,-929,-1082,-976,-647,-162,364,805,1065,1083,844,402,-133,-648,-1012,-1150,-1027,-670,-154,401,878,1156,1171,926,470,-92,-635,-1042,-1218,-1120,-772,-253,322,826,1142,1203,996,569,20,-526,-960,-1176,-1121,-825,-350,199,697,1034,1134,982,606,102,-414,-833,-1061,-1043,-791,-367,136,603,927,1034,0,581,119,-368,-767,-985,-975,-742,-342,135,589,911,1015,883,558,110,-379,-792,-1016,-1004,-766,-352,148,615,945,1068,950,616,137,-375,-816,-1079,-1098,-870,-451,80,604,999,1177,1102,778,276,-287,-789,-1126,-1221,-1050,-654,-112,465,949,1216,1223,971,510,-61,-619,-1052,-1256,-1185,-857,-348,236,770,1138,1257,1118,743,213,-358,-849,-1161,-1234,-1056,-655,-123,426,877,1141,1166,952,554,59,-431,-831,-1050,-1049,-830,-460,-11,424,757,923,899,691,359,-29,-390,-660,-785,-750,-563,-276,53,353,568,663,629,468,230,-43,-296,-482,-568,-550,-437,-255,-48,153,316,417,448,409,315,194,71,0,0,0,0,0,-34,-156,-278,-384,-445,-447,-383,-253,-71,137,337,489,562,539,422,225,-21,-273,-481,-597,-601,-490,-280,-8,269,495,622,630,509,281,-10,-308,-548,-675,-660,-505,-241,81,389,614,714,666,469,168,-170,-478,-688,-748,-643,-397,-55,303,598,768,774,606,297,-75,-438,-719,-843,-780,-540,-178,221,578,821,893,764,461,60,-364,-711,-896,-890,-693,-340,99,517,824,954,875,608,205,-245,-644,-906,-970,-820,-492,-56,394,758,951,939,722,341,-113,-540,-847,-975,-887,-601,-187,264,655,904,953,797,457,20,-411,-752,-928,-898,-663,-292,139,545,825,911,792,504,110,-308,0,-845,-846,-657,-313,98,473,740,842,743,475,95,-310,-637,-812,-801,-602,-267,136,516,773,844,720,434,39,-370,-697,-863,-837,-617,-249,187,585,854,927,785,464,32,-410,-757,-937,-907,-670,-276,178,597,877,958,819,487,45,-408,-767,-950,-911,-657,-254,207,621,903,968,804,456,6,-456,-814,-981,-918,-647,-224,252,678,946,995,816,447,-24,-489,-846,-1015,-945,-659,-223,264,694,968,1023,839,465,-18,-502,-863,-1029,-963,-679,-235,259,692,971,1032,854,484,3,-474,-844,-1023,-975,-699,-266,227,662,947,1015,855,504,36,-439,-812,-995,-951,-694,-281,196,629,915,985,0,0,0,0,0,148,-319,-721,-957,-984,-780,-399,69,523,857,989,899,608,176,-295,-704,-946,-972,-775,-396,74,523,845,979,888,585,141,-327,-725,-957,-965,-747,-357,121,571,891,1006,884,555,97,-393,-793,-1014,-1000,-758,-339,166,636,958,1068,929,576,88,-425,-835,-1052,-1028,-770,-337,183,665,985,1074,921,552,52,-465,-869,-1075,-1035,-752,-291,248,732,1046,1125,937,530,7,-526,-957,-1171,-1111,-797,-307,256,766,1111,1211,1032,619,69,-499,-959,-1208,-1183,-901,-420,151,688,1069,1207,1080,713,199,-359,-833,-1116,-1147,-923,-497,37,557,939,1106,1022,712,246,-271,-720,-995,-1047,-857,-478,2,0,836,1008,950,666,223,-268,-693,-958,-1010,-826,-451,23,493,858,1019,950,670,235,-262,-705,-983,-1038,-859,-485,6,501,886,1077,1026,739,287,-239,-725,-1058,-1152,-995,-613,-84,468,917,1172,1176,924,463,-98,-643,-1055,-1239,-1156,-830,-318,272,800,1148,1255,1099,697,147,-429,-915,-1210,-1244,-1010,-565,3,566,1007,1234,1200,912,437,-124,-649,-1036,-1215,-1134,-819,-344,188,676,1013,1132,1023,718,272,-215,-640,-923,-1011,-897,-607,-206,217,574,805,859,742,487,145,-210,-503,-687,-726,-614,-388,-103,185,431,584,615,527,349,116,-125,-330,-466,-514,-480,-373,-216,-42,114,233,297,313,0,0,0,0,0,317,317,273,176,31,-141,-308,-438,-515,-515,-426,-259,-43,191,396,540,594,537,368,129,-142,-386,-561,-635,-587,-412,-152,147,410,594,660,597,399,119,-195,-477,-659,-696,-586,-358,-49,280,553,709,716,565,285,-61,-396,-650,-767,-712,-502,-180,198,535,757,818,694,420,48,-341,-661,-840,-842,-657,-324,85,480,781,916,842,582,198,-233,-622,-872,-935,-797,-482,-54,389,744,937,933,722,352,-99,-531,-847,-974,-891,-616,-197,258,657,918,977,817,481,42,-403,-762,-953,-937,-708,-335,114,540,847,957,856,572,161,-284,-657,-880,-910,-746,-417,9,430,744,888,834,0,218,-196,-565,-802,-848,-703,-401,-7,389,689,827,776,543,183,-219,-571,-790,-825,-669,-353,44,442,738,861,783,520,132,-289,-648,-864,-889,-706,-348,85,500,807,939,855,571,157,-301,-688,-921,-942,-752,-384,74,512,833,965,875,580,153,-307,-696,-920,-933,-735,-365,102,544,859,980,871,558,110,-360,-751,-969,-966,-738,-339,147,595,912,1018,891,564,100,-388,-784,-1003,-997,-757,-344,148,603,924,1032,907,578,110,-383,-789,-1014,-1006,-766,-358,129,588,916,1035,917,600,143,-352,-761,-991,-1002,-785,-388,93,557,892,1018,909,594,150,-323,-722,-962,-981,-775,-392,76,0,0
39071,mtk,MTK 7916,2423623608,rx2-tx1,512,0,0,0,563,543,407,188,-66,-307,-473,-525,-463,-306,-89,136,333,445,457,381,218,13,-177,-323,-393,-373,-268,-116,46,192,290,317,276,178,38,-105,-207,-243,-226,-169,-71,35,110,162,167,118,46,-25,-96,-130,-112,-69,-8,51,90,102,79,25,-41,-105,-138,-140,-93,-13,76,158,207,219,181,70,-74,-201,-296,-328,-281,-168,-17,156,310,408,417,323,157,-57,-270,-432,-497,-463,-325,-109,134,364,520,561,478,295,42,-241,-468,-597,-610,-483,-246,43,317,527,632,607,442,174,-128,-400,-591,-654,-582,-377,-90,217,473,629,658,540,299,-14,-323,-560,-667,-628,-452,0,139,409,594,659,582,377,73,-242,-492,-629,-635,-495,-243,64,355,564,657,601,400,102,-207,-463,-619,-647,-527,-280,38,353,585,689,640,448,142,-208,-518,-716,-756,-632,-364,-12,362,665,827,814,625,297,-109,-500,-784,-899,-836,-604,-230,210,617,886,978,858,560,141,-319,-723,-973,-1025,-859,-523,-78,388,778,1004,1033,857,506,38,-428,-800,-1016,-1030,-842,-485,-35,403,764,969,971,790,468,52,-360,-687,-868,-884,-726,-426,-59,299,585,760,785,653,398,76,-237,-486,-637,-669,-580,-386,-128,132,358,517,579,532,407,230,31,-166,-318,-401,-411,-369,-287,-181,-70,0,0,0,0,0,92,138,170,189,186,161,108,38,-44,-129,-187,-218,-215,-181,-115,-36,54,146,202,216,196,151,76,-15,-97,-152,-181,-178,-142,-76,-7,56,117,149,140,99,54,3,-52,-96,-105,-92,-60,-12,28,49,58,53,28,-2,-26,-37,-40,-27,2,27,55,68,62,33,-3,-52,-92,-110,-103,-62,0,72,140,178,176,144,77,-29,-142,-229,-279,-272,-208,-101,29,181,304,355,343,269,133,-41,-204,-326,-400,-385,-291,-146,37,217,349,415,402,312,154,-43,-231,-360,-409,-372,-262,-101,77,243,358,395,345,222,54,-117,-259,-349,-362,-285,-137,30,180,291,336,0,209,65,-97,-242,-326,-327,-254,-127,28,179,294,335,300,196,39,-129,-267,-341,-340,-249,-99,68,223,339,373,323,197,8,-198,-347,-422,-417,-316,-121,100,302,450,494,425,265,46,-196,-404,-527,-524,-412,-211,46,294,484,563,514,346,96,-174,-403,-547,-577,-472,-243,46,329,539,632,593,421,146,-167,-451,-643,-700,-594,-351,-33,296,571,731,731,558,266,-77,-415,-672,-787,-734,-513,-176,187,516,752,822,710,453,96,-291,-612,-793,-821,-673,-388,-20,355,651,808,801,619,310,-51,-391,-653,-783,-746,-553,-240,111,416,630,718,650,437,147,-159,-430,-599,-636,0,0,0,0,0,-109,159,384,515,540,450,259,19,-217,-400,-488,-463,-347,-168,51,255,384,425,376,250,73,-112,-262,-351,-360,-291,-155,0,136,245,300,272,182,69,-47,-149,-209,-207,-155,-76,12,89,130,131,104,40,-36,-83,-103,-92,-50,9,66,113,111,76,10,-63,-135,-178,-177,-125,-34,76,176,252,274,231,121,-34,-191,-312,-372,-344,-240,-73,119,294,414,453,390,232,13,-214,-404,-515,-514,-396,-192,60,301,495,590,552,397,143,-148,-412,-584,-632,-548,-348,-66,228,475,624,648,528,287,-19,-323,-555,-670,-631,-466,-189,132,420,608,675,589,370,82,-227,-498,0,-661,-523,-284,22,328,555,655,608,430,158,-151,-425,-601,-647,-547,-327,-29,275,509,641,625,462,194,-123,-418,-611,-671,-586,-357,-41,289,558,711,700,527,239,-108,-447,-698,-808,-729,-494,-143,245,586,807,868,736,443,39,-371,-716,-923,-933,-744,-396,46,483,822,989,962,730,336,-125,-562,-887,-1030,-960,-702,-290,180,619,930,1052,961,683,267,-206,-626,-910,-1019,-930,-651,-255,178,581,866,963,868,615,258,-140,-496,-752,-853,-776,-553,-248,98,414,637,731,686,513,253,-43,-314,-514,-615,-605,-483,-287,-48,182,360,463,494,454,343,189,36,-100,-208,-265,-270,0,0,0,0,0,-114,-104,-61,-1,68,130,186,220,217,186,128,42,-48,-128,-184,-212,-209,-170,-99,-9,73,144,191,203,169,101,18,-57,-121,-160,-169,-148,-106,-30,45,102,127,124,98,61,17,-28,-71,-86,-70,-50,-19,21,40,41,35,9,-21,-43,-45,-30,-11,10,46,72,78,63,32,-13,-67,-116,-147,-135,-90,-17,62,136,209,236,202,127,25,-100,-218,-304,-326,-280,-181,-34,123,262,363,386,332,221,61,-124,-289,-394,-421,-364,-229,-51,132,294,401,424,357,219,35,-153,-303,-393,-404,-322,-169,4,182,318,375,351,261,112,-67,-223,-331,-356,-303,-183,-19,0,271,334,326,234,94,-70,-209,-304,-328,-281,-162,-6,156,274,337,317,226,79,-98,-256,-347,-352,-283,-145,35,218,359,416,381,256,71,-149,-343,-460,-467,-372,-199,15,241,436,531,490,340,127,-114,-350,-506,-543,-467,-281,-22,246,456,570,554,411,175,-102,-365,-551,-611,-531,-333,-47,259,506,647,655,507,234,-86,-399,-631,-724,-669,-469,-155,200,508,705,758,658,406,52,-320,-623,-789,-790,-623,-327,39,407,687,818,771,568,243,-142,-500,-742,-823,-744,-515,-175,205,543,755,804,694,440,98,-259,-549,-726,-750,-611,-347,-25,293,541,664,640,496,250,-52,0,0
39072,mtk,MTK 7916,2423655523,rx0-tx0,512,-349,-713,-555,407,523,592,615,574,473,336,159,-36,-242,-428,-561,-646,-681,-649,-547,-392,-202,7,217,408,560,653,687,655,554,414,232,30,-170,-350,-495,-593,-640,-612,-539,-412,-256,-86,96,256,391,481,534,534,492,412,299,176,34,-97,-212,-323,-396,-437,-447,-425,-381,-307,-221,-114,8,129,244,350,436,494,505,492,424,308,161,-3,-179,-337,-480,-584,-635,-623,-549,-431,-258,-61,145,341,504,623,688,681,600,459,287,76,-134,-333,-496,-607,-650,-624,-553,-422,-249,-65,115,284,411,496,533,511,447,347,228,98,-31,-147,-242,-318,-362,-379,-358,-313,-258,-182,-107,-20,-511,144,213,268,300,315,309,281,239,177,96,-3,-100,-195,-273,-338,-376,-389,-373,-318,-234,-131,2,130,250,353,442,489,491,440,350,236,85,-84,-241,-390,-502,-572,-593,-548,-457,-311,-132,51,236,406,537,613,648,603,510,357,181,-12,-218,-402,-556,-654,-678,-646,-558,-413,-214,0,201,392,552,664,700,658,563,413,223,11,-208,-396,-546,-640,-668,-639,-539,-387,-205,-9,186,364,507,598,618,579,490,348,171,-15,-200,-357,-484,-547,-561,-523,-422,-276,-105,65,230,369,467,512,496,419,301,152,-18,-183,-324,-415,-453,-428,-338,-204,-47,109,232,305,312,261,-791,-830,1179,-864,-564,69,47,17,-30,-68,-100,-118,-109,-82,-38,12,62,104,130,135,122,105,59,-5,-54,-95,-129,-147,-149,-133,-89,-37,24,77,120,151,170,164,133,86,35,-21,-75,-121,-150,-162,-151,-119,-89,-44,9,56,90,111,124,134,133,118,81,42,5,-37,-74,-100,-127,-139,-139,-107,-80,-57,-10,28,65,97,120,131,133,115,97,69,36,0,-39,-74,-104,-127,-141,-146,-139,-116,-86,-50,3,58,96,141,172,193,196,163,125,75,17,-45,-103,-163,-204,-222,-234,-210,-163,-99,-18,62,136,206,250,262,267,237,175,103,18,-61,-137,-212,-256,-280,-277,-245,-330,-130,-46,52,119,190,255,277,289,267,210,152,81,-5,-78,-150,-204,-250,-279,-284,-249,-222,-162,-92,-2,83,152,230,288,316,330,310,272,196,109,2,-114,-226,-333,-411,-455,-455,-411,-323,-206,-78,86,245,385,496,564,581,527,437,285,105,-86,-277,-451,-580,-649,-668,-614,-500,-342,-135,85,305,490,629,714,727,661,537,368,148,-75,-291,-489,-629,-708,-730,-655,-536,-368,-154,67,274,451,579,657,670,607,499,356,177,-11,-189,-346,-464,-540,-567,-545,-473,-368,-242,-87,65,201,334,430,489,513,495,439,353,226,88,-52,-201,-340,-446,-514,-545,-524,-461,-1242,-1220,-729,410,590,431,287,116,-65,-256,-416,-544,-626,-650,-617,-513,-367,-188,15,226,417,561,654,691,660,562,412,217,11,-203,-388,-532,-634,-673,-644,-558,-416,-241,-43,149,317,457,543,594,579,515,407,276,130,-31,-176,-310,-401,-465,-489,-462,-417,-340,-239,-125,1,118,228,316,387,437,457,441,396,319,219,82,-48,-192,-340,-456,-537,-571,-557,-493,-382,-219,-37,159,332,490,615,669,660,586,454,283,76,-144,-352,-511,-622,-673,-660,-586,-449,-271,-63,128,309,464,567,604,588,512,387,241,75,-89,-228,-337,-413,-446,-439,-397,-327,-244,-142,-34,71,159,237,287,315,321,1105,282,242,174,96,15,-70,-151,-221,-284,-325,-344,-338,-306,-245,-162,-59,51,160,264,344,410,442,429,380,300,185,45,-108,-254,-373,-474,-537,-543,-498,-410,-272,-109,75,255,409,533,596,611,573,483,334,166,-36,-234,-408,-548,-627,-663,-635,-543,-400,-204,3,203,395,557,670,700,665,576,425,233,11,-208,-397,-551,-649,-688,-656,-558,-406,-216,-9,197,387,527,616,643,614,516,377,196,-4,-195,-365,-502,-574,-592,-553,-461,-321,-143,30,205,363,478,533,531,474,369,227,63,-112,-269,-384,-461,-482,-442,-345,-204,-44,122,265,359,397,367,275,146,4,-113,-302,-57,1145,885,1092,-47,-67,-89,-92,-78,-48,2,51,93,119,126,114,82,38,-12,-54,-99,-142,-154,-141,-118,-75,-22,31,89,135,162,164,147,110,67,13,-52,-102,-141,-163,-161,-144,-107,-65,-14,46,90,123,148,150,135,105,77,44,6,-41,-86,-116,-130,-136,-132,-109,-88,-53,-10,40,84,96,124,141,132,115,91,50,18,-23,-60,-84,-111,-125,-131,-125,-114,-89,-65,-26,20,62,102,124,151,169,160,138,113,60,6,-60,-111,-154,-190,-213,-214,-195,-155,-88,-19,60,134,187,231,248,251,228,180,98,24,-50,-135,-209,-253,-275,-265,-241,-188,-116,-36,50,129,826,244,288,284,249,210,132,50,-21,-117,-189,-235,-276,-275,-260,-226,-174,-112,-42,52,128,186,246,268,285,266,240,205,129,51,-40,-136,-226,-311,-365,-388,-382,-346,-276,-168,-34,107,241,361,446,500,522,475,385,252,97,-84,-253,-408,-542,-608,-625,-578,-475,-311,-127,71,280,454,603,688,702,649,524,356,146,-90,-307,-489,-634,-713,-720,-665,-541,-357,-152,80,297,469,616,696,703,641,516,352,159,-53,-245,-402,-526,-601,-619,-575,-484,-354,-201,-35,131,281,398,487,534,521,483,405,293,162,14,-134,-263,-380,-466,-503,-511,-485,-406,-292,-159,-5,153,301,-117,254
39073,mtk,MTK 7916,2423655523,rx0-tx1,512,87,280,60,327,482,601,670,677,634,526,364,175,-50,-272,-467,-632,-742,-789,-767,-674,-526,-326,-91,154,393,607,768,859,886,831,699,502,257,-18,-297,-547,-762,-911,-976,-956,-852,-673,-427,-138,168,456,708,898,1013,1038,965,825,602,325,23,-282,-565,-815,-991,-1083,-1085,-986,-805,-551,-242,91,413,707,953,1106,1172,1132,986,752,450,105,-256,-603,-894,-1110,-1214,-1220,-1106,-893,-605,-253,116,468,782,1025,1177,1213,1141,962,713,393,42,-313,-638,-892,-1064,-1145,-1122,-1004,-793,-515,-205,121,426,694,902,1028,1058,996,862,650,375,86,-217,-490,-721,-892,-974,-983,-905,-755,-541,-283,-689,268,523,736,890,960,956,871,713,495,229,-50,-338,-600,-810,-958,-1019,-1002,-894,-701,-447,-137,184,494,761,971,1091,1116,1047,864,611,293,-60,-419,-740,-994,-1157,-1215,-1157,-982,-726,-389,-19,354,704,989,1178,1248,1204,1050,791,456,76,-310,-662,-950,-1154,-1235,-1201,-1052,-800,-471,-100,280,622,907,1096,1178,1142,984,743,427,82,-266,-579,-833,-989,-1032,-983,-838,-616,-345,-59,227,477,673,795,843,812,697,518,304,71,-155,-369,-535,-643,-684,-665,-587,-449,-268,-63,140,326,474,564,593,562,471,331,155,-33,-215,-366,-469,-510,-483,-386,-236,-58,113,249,337,351,289,717,612,0,-461,-553,-191,-157,-83,20,132,223,283,304,279,213,108,-3,-118,-225,-304,-351,-352,-316,-246,-149,-38,91,204,306,379,412,405,356,264,150,18,-124,-261,-382,-468,-509,-488,-431,-326,-184,-8,170,334,475,573,608,588,503,356,175,-21,-227,-414,-561,-657,-673,-626,-513,-350,-158,53,263,446,579,657,669,618,508,342,150,-57,-252,-422,-546,-623,-641,-597,-499,-356,-173,14,194,354,474,558,586,556,481,372,228,59,-98,-254,-378,-474,-528,-537,-492,-406,-288,-145,17,163,290,405,477,506,492,438,338,213,74,-73,-220,-334,-416,-472,-478,-444,-369,-266,-145,-7,129,250,-130,402,436,424,377,303,206,99,-23,-145,-251,-324,-370,-390,-374,-332,-256,-173,-78,27,130,211,276,318,336,328,295,252,185,112,30,-58,-143,-215,-275,-320,-347,-344,-321,-267,-207,-117,-5,103,212,307,386,441,461,438,372,281,144,-3,-145,-288,-417,-513,-554,-559,-507,-401,-254,-82,89,259,411,529,592,611,577,486,349,183,-1,-181,-347,-486,-576,-610,-587,-524,-407,-260,-95,78,243,389,493,549,558,523,441,329,190,44,-104,-240,-354,-441,-480,-485,-455,-396,-304,-195,-73,54,169,279,371,430,468,474,433,367,273,149,11,-131,-268,-392,-487,-549,-560,-527,265,0,504,-715,-768,553,443,288,101,-102,-297,-485,-622,-715,-750,-705,-605,-446,-244,-18,218,439,626,769,834,828,754,612,404,167,-90,-352,-585,-769,-891,-934,-888,-770,-588,-337,-55,234,507,739,911,1004,1006,918,752,507,224,-90,-386,-652,-876,-1010,-1061,-1025,-908,-705,-433,-128,192,499,766,977,1101,1127,1057,901,659,352,15,-334,-657,-924,-1107,-1198,-1186,-1062,-844,-538,-183,186,545,849,1074,1206,1219,1128,938,661,325,-36,-397,-712,-962,-1124,-1180,-1141,-988,-750,-458,-127,211,525,794,982,1084,1095,1005,836,590,292,-24,-327,-597,-819,-963,-1020,-997,-882,-699,-455,-177,106,382,623,815,932,261,928,809,627,389,118,-157,-425,-657,-843,-951,-987,-940,-802,-598,-337,-49,249,538,783,969,1069,1068,977,787,531,214,-121,-459,-758,-986,-1126,-1168,-1101,-927,-669,-344,18,389,725,994,1172,1236,1186,1026,765,426,49,-330,-684,-973,-1168,-1253,-1216,-1061,-808,-477,-93,289,645,938,1135,1220,1186,1033,783,456,92,-283,-615,-876,-1048,-1110,-1066,-914,-676,-377,-57,258,540,759,889,929,887,762,567,328,69,-193,-420,-597,-710,-757,-736,-643,-487,-291,-75,138,334,491,597,640,617,535,396,219,27,-165,-338,-471,-540,-551,-497,-383,-224,-43,138,298,409,449,414,317,177,14,-116,-273,-465,0,297,51,82,159,225,257,239,179,87,-29,-142,-241,-307,-329,-320,-264,-172,-59,62,175,274,341,381,374,330,253,149,23,-106,-235,-342,-414,-453,-443,-394,-301,-171,-12,147,295,422,514,561,541,471,350,180,-7,-196,-383,-527,-619,-651,-618,-514,-364,-166,48,255,441,574,659,684,634,516,347,146,-65,-268,-447,-576,-648,-660,-606,-495,-340,-159,36,224,389,522,599,611,570,481,352,192,13,-154,-305,-423,-520,-554,-543,-485,-387,-261,-109,51,204,331,433,503,522,487,422,317,183,35,-113,-256,-375,-451,-490,-493,-447,-355,-248,-113,35,176,299,384,438,457,434,372,245,168,49,-79,-193,-290,-362,-407,-419,-395,-327,-235,-134,-18,89,192,274,328,361,369,343,292,224,134,35,-62,-141,-211,-272,-308,-331,-329,-301,-256,-193,-114,-25,70,163,244,312,376,401,395,356,287,193,81,-50,-186,-304,-409,-488,-511,-497,-441,-346,-202,-49,117,283,426,527,581,587,541,452,308,139,-37,-223,-383,-510,-595,-622,-593,-514,-380,-219,-40,136,299,441,536,580,577,526,430,295,138,-24,-183,-323,-425,-497,-517,-509,-453,-366,-246,-113,17,144,260,362,424,464,461,432,371,279,169,54,-79,-207,-317,-413,-478,-505,-500,-458,-373,-255,-107,47,201,482,551
39074,mtk,MTK 7916,2423655523,rx1-tx0,512,0,-150,-439,-484,-625,-702,-718,-672,-569,-399,-193,23,252,459,635,751,794,775,679,524,313,68,-184,-424,-630,-780,-859,-858,-782,-639,-431,-174,98,360,597,791,891,931,876,733,545,300,3,-278,-537,-755,-894,-965,-949,-843,-657,-419,-134,185,465,712,893,1000,1021,944,775,529,244,-79,-396,-667,-880,-1011,-1051,-994,-839,-605,-318,-1,307,593,826,977,1032,991,849,633,368,70,-236,-518,-738,-881,-942,-912,-812,-640,-393,-134,134,392,598,750,831,826,746,615,424,211,-21,-253,-440,-601,-700,-730,-707,-634,-487,-300,-108,99,307,460,574,660,671,620,519,374,198,-6,-195,-365,216,-611,-641,-622,-548,-411,-256,-76,110,278,422,527,592,589,530,437,294,138,-34,-209,-355,-465,-529,-554,-526,-441,-320,-158,-2,153,300,400,467,485,463,395,302,180,42,-85,-213,-309,-377,-398,-391,-354,-292,-211,-109,-3,96,172,238,286,306,312,305,262,200,123,42,-42,-144,-234,-291,-347,-366,-340,-304,-222,-121,-5,120,227,317,378,402,384,329,236,114,-3,-124,-254,-331,-382,-390,-358,-306,-205,-92,22,138,223,293,338,344,318,258,156,47,-53,-146,-222,-281,-307,-294,-247,-179,-94,5,102,188,249,274,267,222,145,46,-48,-134,-194,-204,-190,-140,-61,648,469,0,-185,258,137,127,84,24,-50,-118,-176,-202,-202,-174,-108,-31,47,126,183,219,222,208,162,95,23,-65,-128,-177,-214,-223,-211,-169,-115,-63,4,74,131,179,203,205,196,163,121,77,5,-57,-103,-163,-201,-216,-219,-209,-169,-122,-66,2,76,161,218,259,277,272,248,176,97,9,-105,-193,-256,-298,-316,-309,-256,-188,-94,12,115,218,282,304,320,303,252,181,86,-24,-117,-196,-260,-291,-288,-267,-227,-170,-80,10,89,163,209,248,266,250,212,163,101,25,-55,-113,-157,-191,-199,-203,-186,-152,-112,-42,12,65,106,133,148,157,159,134,112,84,44,6,-37,-584,-87,-115,-140,-132,-123,-115,-97,-78,-58,-15,17,53,80,107,132,140,141,130,121,94,56,19,-38,-83,-126,-164,-186,-180,-171,-158,-123,-76,-39,9,73,132,183,213,233,228,219,182,126,73,-7,-98,-184,-271,-317,-344,-357,-335,-269,-172,-63,49,184,334,413,467,493,464,390,277,130,-41,-210,-362,-485,-558,-591,-562,-471,-338,-169,27,213,373,515,607,635,613,521,402,224,24,-171,-359,-500,-598,-643,-633,-561,-438,-282,-99,96,279,435,558,625,630,579,493,352,185,2,-183,-347,-487,-581,-629,-613,-552,-444,-294,-114,79,252,410,533,612,649,616,535,-910,-856,0,661,522,-502,-339,-133,74,281,480,639,724,757,720,623,466,250,18,-223,-449,-635,-766,-832,-823,-742,-585,-368,-113,149,392,611,783,880,894,825,687,469,217,-50,-333,-566,-757,-903,-954,-908,-791,-589,-338,-62,230,504,729,884,989,987,893,718,472,179,-124,-424,-692,-890,-1015,-1047,-971,-805,-571,-278,35,350,641,865,1012,1055,998,860,635,349,41,-280,-567,-787,-939,-994,-962,-832,-627,-371,-85,194,447,669,819,885,876,780,618,416,171,-83,-313,-511,-663,-749,-781,-728,-614,-462,-258,-45,164,365,535,635,691,700,630,490,339,155,-53,-250,-420,-551,-635,-651,-611,-527,757,-235,-41,146,334,478,573,623,609,541,429,279,109,-83,-245,-399,-508,-561,-578,-537,-448,-320,-155,15,191,335,447,509,514,494,418,307,170,18,-126,-258,-358,-431,-442,-426,-373,-290,-190,-70,45,158,242,311,343,357,335,286,231,149,64,-15,-102,-190,-250,-299,-326,-336,-318,-260,-189,-106,10,121,221,308,363,383,367,312,231,120,2,-121,-237,-327,-376,-384,-375,-314,-215,-107,20,126,232,318,356,373,340,279,189,76,-37,-140,-233,-303,-328,-322,-287,-220,-131,-25,76,165,235,283,295,270,210,128,33,-62,-153,-218,-252,-242,-198,-118,-29,52,122,158,221,495,0,-900,-886,-11,-79,-132,-167,-169,-146,-92,-16,61,135,187,206,210,183,130,55,-26,-95,-165,-203,-227,-223,-188,-143,-76,0,76,139,177,205,219,202,167,119,57,-8,-70,-122,-160,-191,-216,-201,-185,-153,-92,-32,25,89,155,196,226,239,244,211,152,85,-4,-93,-177,-252,-278,-308,-299,-247,-177,-92,-3,112,201,267,316,332,317,269,178,84,-13,-113,-194,-259,-306,-314,-289,-243,-166,-75,21,102,169,238,276,280,262,214,160,97,14,-68,-132,-185,-221,-244,-233,-199,-158,-96,-35,20,84,120,167,188,188,181,141,104,55,22,-22,-62,-89,-112,-127,-136,-136,-674,-99,-80,-41,3,31,63,91,98,123,125,124,120,105,84,41,3,-32,-66,-94,-129,-139,-159,-163,-148,-133,-104,-52,4,49,102,156,183,197,211,204,180,135,79,14,-47,-112,-186,-238,-274,-301,-289,-258,-192,-107,-26,76,189,290,359,402,419,430,347,224,102,-48,-206,-346,-452,-527,-548,-518,-438,-310,-146,32,220,384,510,591,619,574,492,362,181,-4,-196,-365,-498,-604,-636,-625,-547,-407,-237,-42,149,329,472,574,632,627,566,462,317,138,-55,-232,-392,-522,-599,-630,-600,-517,-393,-235,-58,132,293,445,557,622,627,579,487,347,186,-6,-197,-371,101,-337
39075,mtk,MTK 7916,2423655523,rx1-tx1,512,0,0,0,565,712,699,526,239,-108,-433,-653,-721,-636,-414,-101,228,501,667,679,538,280,-34,-336,-546,-627,-566,-380,-106,184,422,551,546,411,186,-83,-333,-505,-560,-469,-255,20,280,471,563,521,346,82,-194,-428,-569,-581,-459,-225,64,345,549,630,570,380,107,-196,-454,-612,-637,-526,-297,-7,287,509,616,592,435,192,-84,-338,-517,-578,-504,-324,-88,157,351,462,464,359,194,-1,-193,-333,-385,-348,-231,-68,99,227,298,299,227,101,-41,-156,-231,-252,-203,-112,-5,105,188,214,186,122,32,-73,-151,-176,-157,-102,-28,53,121,151,133,79,10,-65,-124,-145,-126,0,28,107,163,184,157,86,-18,-118,-195,-234,-227,-150,-34,87,197,279,296,243,134,-4,-150,-273,-346,-333,-247,-108,60,215,329,375,347,246,82,-103,-262,-370,-398,-342,-219,-55,129,285,375,387,317,176,10,-152,-287,-371,-375,-291,-150,15,167,271,317,307,227,104,-29,-148,-238,-265,-241,-176,-74,33,121,176,181,157,107,34,-36,-79,-103,-99,-68,-37,-6,25,34,23,3,-27,-47,-49,-37,-3,41,88,117,117,93,46,-17,-85,-149,-192,-193,-152,-78,15,109,194,251,253,216,146,49,-68,-171,-244,-284,-282,-237,-157,-60,35,120,184,217,217,195,0,0,0,0,0,-98,-74,-38,15,77,132,179,197,179,130,54,-42,-138,-212,-247,-236,-182,-88,29,145,239,289,282,212,95,-45,-179,-283,-335,-316,-219,-78,84,239,346,378,335,212,33,-154,-307,-408,-424,-338,-173,28,232,398,480,449,317,109,-130,-349,-501,-545,-463,-280,-30,240,465,587,578,449,222,-73,-354,-560,-647,-595,-407,-125,195,469,647,697,587,339,22,-314,-590,-731,-715,-533,-240,106,438,677,774,707,474,136,-229,-557,-752,-785,-654,-385,-21,350,640,782,756,573,265,-102,-448,-694,-780,-691,-454,-118,244,545,720,733,578,291,-52,-381,-621,-721,-649,-424,-108,0,533,701,710,550,249,-105,-433,-659,-729,-637,-406,-70,288,591,757,745,563,251,-128,-482,-739,-830,-717,-446,-66,332,647,821,821,623,267,-149,-542,-822,-904,-781,-478,-60,379,736,933,923,697,308,-144,-572,-886,-993,-878,-569,-131,348,740,971,997,798,416,-68,-535,-874,-1008,-935,-653,-221,262,677,929,973,803,461,19,-428,-775,-935,-880,-631,-250,178,562,805,864,725,423,24,-368,-668,-808,-760,-532,-190,186,519,723,754,605,323,-35,-380,-631,-728,-654,-429,-108,231,519,684,690,527,242,-90,-405,-629,-699,-607,-377,-46,292,550,691,677,505,218,-120,-440,-649,0,0,0,0,0,-434,-131,212,512,690,717,590,324,-10,-338,-591,-710,-667,-481,-193,131,421,612,660,558,336,49,-248,-484,-594,-565,-404,-150,132,377,524,544,434,217,-45,-303,-490,-553,-484,-295,-38,232,453,569,548,397,147,-139,-400,-572,-611,-513,-303,-20,281,517,638,620,463,196,-103,-377,-567,-638,-572,-386,-108,187,427,564,583,476,265,4,-244,-433,-524,-491,-348,-139,81,273,402,429,357,215,33,-145,-275,-342,-328,-234,-89,62,196,278,282,222,113,-18,-134,-209,-227,-190,-113,-12,87,160,192,171,110,17,-74,-133,-160,-148,-96,-16,68,132,143,122,69,-11,-90,0,-160,-132,-67,21,108,173,202,186,117,14,-100,-198,-257,-259,-202,-93,52,188,283,324,289,193,49,-110,-254,-353,-374,-310,-180,-16,168,311,383,383,298,149,-27,-195,-331,-399,-377,-275,-121,56,215,331,374,344,235,78,-90,-232,-333,-362,-314,-196,-57,94,221,303,303,246,148,32,-91,-186,-236,-228,-172,-95,-11,70,121,144,138,103,46,-3,-42,-66,-64,-40,-7,25,34,17,-7,-31,-55,-80,-84,-57,-12,42,96,139,156,145,103,28,-59,-141,-204,-229,-210,-154,-67,40,142,224,270,271,227,150,46,-66,-171,-240,-271,-269,-234,-171,-94,-15,56,0,0,0,0,0,-59,-107,-138,-152,-145,-113,-58,14,90,164,211,224,194,129,26,-83,-180,-250,-269,-230,-144,-24,104,217,296,316,260,155,13,-143,-273,-346,-346,-274,-140,30,203,336,403,379,276,111,-94,-288,-412,-452,-396,-245,-26,196,382,488,493,388,194,-53,-300,-487,-568,-525,-358,-110,166,415,584,625,525,307,20,-283,-528,-662,-653,-498,-239,85,402,632,716,644,437,127,-222,-532,-720,-756,-633,-365,-6,353,631,774,751,564,258,-108,-458,-707,-799,-720,-480,-139,233,554,750,778,643,363,9,-345,-621,-754,-721,-530,-218,141,460,673,732,625,368,28,-315,-575,-698,0,-483,-184,160,475,691,739,597,323,-18,-368,-639,-756,-704,-496,-166,219,554,758,786,620,327,-46,-426,-712,-831,-779,-535,-166,248,606,832,867,707,382,-52,-472,-776,-908,-836,-574,-187,264,664,917,962,788,443,-4,-466,-831,-1009,-959,-699,-284,203,646,934,1018,880,538,80,-393,-776,-986,-972,-741,-349,118,554,859,970,863,559,144,-302,-666,-873,-887,-701,-349,69,461,738,843,748,483,117,-270,-588,-764,-756,-570,-262,100,443,681,748,635,371,40,-301,-572,-708,-677,-485,-178,164,466,660,696,580,324,-11,-343,-595,-701,-645,-441,-132,204,487,664,694,558,292,0,0
39076,mtk,MTK 7916,2423655523,rx2-tx0,512,0,0,0,724,300,-195,-650,-950,-1029,-877,-522,-43,443,823,1015,966,690,257,-235,-669,-942,-990,-806,-433,35,500,844,987,895,587,142,-339,-741,-963,-953,-717,-310,171,616,920,996,835,473,0,-479,-844,-1020,-951,-649,-185,318,750,1008,1023,796,376,-133,-610,-945,-1061,-924,-563,-70,444,851,1056,1010,723,256,-274,-745,-1041,-1077,-863,-447,83,599,973,1135,1029,667,138,-429,-899,-1160,-1147,-868,-395,178,720,1102,1226,1071,673,121,-460,-946,-1221,-1200,-909,-420,169,717,1099,1227,1073,680,138,-432,-894,-1151,-1143,-874,-409,144,655,1006,1120,982,613,107,-412,-828,-1050,-1029,-765,-321,189,0,952,1031,866,501,18,-471,-845,-1018,-952,-659,-213,284,715,984,1017,811,413,-88,-565,-917,-1058,-948,-610,-123,396,828,1072,1071,824,377,-168,-679,-1043,-1172,-1043,-667,-130,439,918,1198,1208,950,468,-127,-697,-1120,-1289,-1175,-809,-256,366,906,1247,1316,1094,627,20,-594,-1073,-1318,-1280,-960,-425,200,781,1190,1344,1207,807,246,-366,-900,-1236,-1304,-1107,-675,-107,472,943,1204,1209,957,520,-12,-520,-907,-1089,-1050,-796,-386,88,521,831,956,878,621,252,-151,-506,-739,-804,-702,-468,-152,185,468,644,686,585,373,106,-167,-398,-548,-593,-526,-371,-166,49,236,366,429,421,356,256,0,0,0,0,0,-181,-78,58,211,356,468,520,487,372,189,-38,-272,-470,-588,-601,-507,-314,-52,224,464,614,638,541,334,51,-250,-501,-655,-673,-547,-298,14,327,574,703,680,511,226,-111,-431,-659,-747,-665,-440,-110,251,561,748,771,614,314,-60,-427,-707,-830,-766,-527,-162,248,611,846,890,735,417,-1,-433,-771,-938,-893,-656,-270,186,607,889,976,854,534,86,-373,-756,-976,-973,-748,-358,114,560,879,1008,913,612,170,-311,-724,-967,-988,-793,-423,46,501,843,994,916,635,220,-250,-667,-929,-979,-812,-457,-2,444,785,950,898,648,254,-197,-605,-864,-917,-767,-443,-15,414,0,890,833,582,194,-228,-598,-825,-852,-678,-347,69,467,749,857,760,480,79,-342,-685,-871,-848,-621,-244,189,582,842,906,751,419,-12,-446,-786,-943,-873,-597,-182,284,685,929,953,754,381,-73,-517,-844,-968,-862,-553,-118,348,729,935,921,690,295,-171,-597,-883,-958,-801,-449,7,464,815,967,884,592,161,-318,-721,-955,-962,-741,-343,138,590,906,1008,870,528,59,-425,-805,-1004,-970,-700,-264,228,669,960,1026,846,463,-29,-514,-877,-1039,-957,-651,-192,309,741,1002,1032,822,418,-84,-565,-913,-1047,-945,-624,-152,352,771,1012,1016,780,370,-123,-593,-923,-1036,-905,-566,0,0,0,0,0,740,990,1013,802,411,-77,-548,-894,-1033,-924,-603,-144,343,750,983,984,751,352,-133,-590,-901,-1002,-863,-518,-55,411,787,975,924,653,228,-254,-686,-943,-972,-776,-392,93,557,886,1011,897,563,83,-411,-812,-1027,-995,-726,-286,222,687,986,1051,874,487,-23,-521,-891,-1054,-965,-648,-168,359,797,1040,1037,786,345,-190,-684,-1016,-1104,-935,-548,-19,527,959,1160,1088,770,267,-310,-823,-1146,-1202,-983,-541,32,603,1035,1232,1148,801,273,-320,-845,-1164,-1215,-994,-550,14,576,1007,1202,1121,789,280,-288,-782,-1087,-1145,-942,-524,11,535,927,1099,1020,704,232,-290,-737,-1011,-1042,0,-413,81,558,900,1029,914,580,107,-383,-785,-1006,-989,-735,-307,191,651,961,1043,883,518,22,-485,-874,-1064,-1017,-722,-254,278,753,1056,1120,931,522,-20,-570,-996,-1203,-1137,-812,-299,293,827,1171,1261,1069,638,57,-540,-1026,-1295,-1274,-962,-436,184,765,1180,1338,1204,803,227,-397,-937,-1273,-1329,-1096,-622,-23,580,1059,1302,1269,972,468,-132,-693,-1104,-1279,-1178,-832,-327,237,740,1070,1174,1036,685,202,-298,-720,-979,-1024,-854,-525,-100,329,674,860,862,682,374,13,-336,-602,-733,-709,-543,-276,35,324,535,631,606,471,249,-2,-237,-418,-518,-523,-448,-313,-146,19,153,245,0,0,0,0,0,-290,-371,-409,-390,-306,-164,22,225,408,535,579,523,371,150,-106,-352,-539,-626,-594,-442,-199,91,367,571,661,621,448,180,-133,-426,-629,-699,-625,-416,-110,222,514,699,732,602,338,0,-346,-623,-759,-725,-529,-218,153,500,737,804,692,426,53,-343,-665,-839,-830,-630,-286,130,533,820,926,824,536,127,-314,-697,-926,-953,-760,-399,55,500,841,993,924,649,228,-246,-671,-945,-1007,-843,-491,-29,436,805,996,965,711,296,-182,-617,-915,-1008,-870,-538,-88,379,763,972,962,731,338,-127,-559,-869,-978,-868,-560,-129,327,705,917,920,715,348,-98,-511,-800,-907,-810,0,-112,317,666,856,851,640,279,-149,-535,-792,-860,-724,-416,-11,401,720,859,796,538,148,-275,-638,-856,-873,-679,-330,108,528,822,927,817,506,79,-371,-742,-942,-921,-687,-286,179,603,892,971,816,477,26,-435,-795,-962,-903,-631,-208,256,659,913,953,752,371,-91,-536,-854,-967,-847,-527,-71,398,770,959,926,667,248,-232,-661,-938,-992,-811,-439,40,512,863,1011,921,615,158,-339,-756,-987,-998,-774,-365,136,605,929,1035,903,561,84,-411,-816,-1029,-1002,-743,-311,193,652,962,1051,892,524,37,-460,-847,-1037,-981,-703,-263,239,685,973,1030,845,466,-15,-498,-861,0,0
39077,mtk,MTK 7916,2423655523,rx2-tx1,512,0,0,0,-448,-235,39,300,477,555,508,345,104,-155,-365,-492,-505,-400,-210,13,236,403,468,421,279,79,-123,-295,-392,-395,-303,-147,39,203,323,365,315,188,25,-136,-265,-308,-271,-181,-60,80,198,263,247,168,49,-73,-176,-238,-229,-156,-41,83,183,236,221,137,12,-118,-222,-268,-245,-159,-24,137,271,349,336,230,67,-121,-295,-403,-416,-335,-171,52,267,428,503,472,312,74,-179,-397,-542,-570,-454,-236,27,299,517,617,579,409,145,-153,-423,-600,-654,-549,-318,-24,276,530,667,651,479,197,-119,-405,-609,-678,-589,-369,-75,238,503,648,646,494,234,-78,-373,0,-674,-595,-379,-85,227,492,644,653,513,252,-66,-365,-575,-665,-600,-399,-107,211,478,626,640,505,241,-77,-371,-585,-668,-586,-368,-64,256,519,671,675,515,231,-121,-454,-677,-743,-645,-410,-74,306,632,803,794,611,298,-100,-485,-770,-882,-813,-567,-186,238,618,859,920,786,480,59,-373,-733,-948,-958,-762,-396,45,474,801,984,947,707,314,-126,-541,-841,-965,-890,-636,-250,174,543,806,901,807,556,206,-185,-524,-743,-805,-714,-482,-159,179,465,642,696,613,408,134,-156,-407,-576,-615,-541,-377,-154,97,310,453,517,492,389,233,58,-113,-244,-320,-343,-319,-251,0,0,0,0,0,59,0,-69,-139,-196,-229,-237,-216,-158,-64,39,142,221,258,258,216,132,18,-93,-189,-253,-267,-232,-159,-49,68,167,223,241,215,152,50,-57,-146,-199,-209,-176,-118,-34,55,135,175,168,134,77,4,-69,-124,-149,-131,-83,-15,40,82,107,114,76,17,-43,-72,-76,-70,-53,-14,34,70,81,62,20,-33,-82,-108,-115,-85,-36,41,115,171,197,177,102,8,-97,-184,-248,-261,-215,-117,20,154,260,323,311,222,95,-51,-193,-299,-340,-316,-230,-94,72,227,328,352,301,188,30,-131,-260,-338,-334,-252,-121,27,177,294,336,288,184,48,-103,-233,-306,0,-238,-109,43,191,288,318,267,157,18,-129,-257,-316,-294,-203,-68,99,242,312,316,246,114,-51,-208,-322,-356,-318,-203,-35,157,321,396,380,282,109,-104,-299,-426,-450,-373,-213,3,225,399,489,476,334,120,-122,-339,-480,-510,-421,-244,-4,258,458,541,491,339,103,-162,-393,-535,-559,-443,-218,62,330,530,619,568,376,99,-205,-477,-648,-665,-538,-287,34,350,600,711,662,463,160,-192,-512,-713,-754,-629,-367,-15,334,619,777,763,571,259,-109,-456,-709,-803,-722,-491,-165,202,537,745,785,662,400,50,-301,-572,-719,-704,-541,-269,59,366,579,665,602,402,0,0,0,0,0,-365,-535,-581,-494,-294,-29,228,430,532,510,378,162,-87,-309,-456,-499,-426,-262,-40,186,358,438,417,304,123,-74,-251,-365,-376,-306,-177,-7,168,282,326,287,182,36,-110,-226,-284,-260,-169,-42,89,200,248,233,159,41,-88,-188,-237,-228,-148,-26,96,195,240,219,137,10,-125,-240,-303,-277,-177,-29,138,288,372,366,262,97,-94,-283,-425,-475,-409,-242,-6,234,425,524,505,381,164,-111,-359,-539,-600,-518,-323,-47,252,488,620,619,473,224,-76,-363,-571,-659,-597,-387,-94,205,464,633,662,548,295,-28,-341,-571,-677,-630,-451,-165,164,455,630,660,550,0,10,-298,-539,-661,-628,-448,-169,150,432,619,669,561,318,19,-284,-531,-657,-625,-449,-170,148,430,614,652,544,307,-9,-323,-560,-670,-628,-443,-150,189,486,678,709,577,317,-26,-374,-649,-777,-733,-512,-170,206,546,781,863,729,436,46,-371,-715,-892,-884,-689,-336,95,506,819,951,875,608,216,-225,-628,-903,-970,-847,-561,-137,319,690,925,973,803,487,77,-352,-711,-915,-926,-746,-418,-17,372,678,838,828,653,359,-5,-355,-618,-757,-738,-567,-292,19,321,549,656,636,496,274,2,-257,-457,-568,-564,-457,-288,-84,131,315,424,455,420,332,203,71,-45,-136,0,0,0,0,0,164,188,194,165,112,42,-44,-136,-209,-256,-263,-228,-155,-52,62,159,229,259,246,183,88,-21,-129,-216,-259,-248,-198,-109,4,110,190,230,220,166,79,-17,-104,-168,-195,-184,-133,-58,33,109,150,150,128,80,12,-60,-115,-131,-104,-64,-20,34,69,92,91,55,7,-29,-58,-82,-77,-43,8,55,83,92,77,25,-35,-93,-139,-148,-122,-60,33,123,192,227,211,149,49,-63,-175,-252,-284,-253,-168,-38,109,236,312,332,281,168,14,-141,-264,-340,-344,-267,-135,21,185,306,349,319,224,76,-83,-225,-315,-342,-285,-161,-4,145,262,313,296,216,88,0,-213,-295,-305,-249,-130,20,164,274,321,285,186,43,-110,-241,-321,-316,-234,-96,65,213,322,350,277,143,-22,-192,-324,-392,-349,-221,-52,138,307,418,430,335,154,-64,-270,-418,-479,-431,-286,-69,170,370,480,491,387,182,-65,-289,-463,-538,-462,-288,-56,206,427,534,527,398,166,-115,-369,-545,-596,-510,-297,-18,285,523,641,619,457,183,-133,-432,-633,-696,-601,-379,-63,284,568,717,712,546,257,-94,-435,-685,-773,-703,-476,-142,230,551,754,794,660,382,19,-347,-637,-786,-770,-584,-277,84,423,670,763,691,479,170,-169,-473,-668,-709,-585,-339,-35,269,510,0,0
39078,mtk,MTK 7916,2423719231,rx0-tx0,512,-349,-713,-555,124,268,405,502,572,605,595,539,453,312,144,-29,-209,-376,-516,-611,-671,-673,-627,-530,-400,-230,-45,152,328,475,590,665,686,660,571,442,290,113,-66,-239,-391,-511,-597,-633,-610,-560,-472,-349,-211,-67,80,219,346,435,489,515,512,491,424,337,232,112,1,-114,-230,-332,-414,-470,-507,-512,-482,-433,-343,-236,-103,40,181,326,442,545,610,626,598,518,408,267,91,-94,-270,-429,-556,-645,-682,-672,-606,-488,-338,-153,39,217,382,524,619,656,646,581,473,333,166,-6,-168,-311,-428,-500,-533,-534,-480,-395,-287,-165,-37,85,192,275,333,363,362,348,317,-511,183,105,43,-20,-91,-138,-172,-201,-217,-224,-219,-208,-188,-162,-145,-111,-59,-24,26,88,137,188,238,273,289,297,284,237,173,105,16,-90,-187,-273,-351,-405,-422,-414,-370,-294,-195,-78,44,176,303,388,442,483,481,439,361,263,143,11,-118,-246,-349,-436,-491,-508,-492,-426,-328,-216,-75,57,183,315,410,483,518,513,470,382,272,141,-1,-138,-271,-373,-454,-508,-508,-467,-396,-294,-171,-38,101,229,336,414,469,475,440,380,281,159,33,-94,-212,-314,-380,-426,-425,-390,-318,-214,-111,15,139,242,323,366,377,347,268,169,46,-70,-176,-250,-283,-267,-204,-791,-830,1179,-864,-564,-109,-145,-166,-160,-123,-62,14,87,154,206,230,223,189,130,62,-24,-102,-171,-220,-251,-263,-247,-202,-130,-50,29,120,191,243,278,282,261,215,152,69,-14,-95,-169,-223,-268,-286,-263,-231,-170,-98,-25,61,137,191,232,257,264,250,202,148,82,6,-68,-131,-188,-229,-245,-247,-220,-179,-129,-73,-17,46,106,149,183,208,206,202,179,138,92,42,-7,-55,-101,-148,-177,-183,-190,-183,-160,-123,-80,-36,4,50,102,143,167,190,198,182,166,135,93,38,-14,-69,-122,-159,-193,-213,-217,-212,-187,-145,-91,-33,34,99,160,202,228,246,245,233,185,121,-330,-5,-77,-145,-201,-248,-276,-275,-263,-225,-175,-110,-39,31,108,172,229,258,273,280,264,223,169,116,45,-33,-103,-171,-232,-281,-315,-320,-316,-290,-240,-166,-77,8,107,209,298,366,407,424,413,371,300,194,69,-60,-195,-323,-420,-499,-533,-531,-510,-426,-294,-147,12,181,334,467,569,631,644,598,505,381,224,39,-140,-317,-472,-594,-672,-690,-657,-562,-430,-266,-71,118,293,446,566,640,663,636,555,434,282,121,-42,-203,-340,-454,-532,-567,-562,-516,-443,-339,-221,-82,60,192,303,395,465,499,504,472,419,343,237,113,-11,-139,-263,-368,-444,-502,-525,-514,-1242,-1220,-729,410,590,545,502,421,305,169,9,-159,-309,-446,-562,-624,-649,-626,-551,-426,-277,-102,83,266,434,568,659,696,679,612,499,352,173,-16,-205,-377,-513,-611,-666,-666,-616,-526,-400,-247,-72,95,247,385,487,546,574,565,520,441,327,205,77,-45,-171,-288,-381,-452,-485,-492,-482,-446,-378,-282,-176,-60,69,190,309,417,498,549,560,546,495,399,275,113,-54,-221,-367,-492,-594,-653,-659,-609,-516,-386,-224,-38,155,335,486,597,670,680,636,552,419,249,70,-116,-287,-426,-533,-594,-605,-568,-493,-378,-238,-91,58,197,306,388,440,454,435,389,313,223,120,22,-65,-150,1105,-258,-280,-281,-279,-252,-208,-167,-124,-75,-29,17,58,103,132,161,193,205,216,234,229,205,178,134,70,1,-69,-154,-229,-284,-332,-370,-374,-337,-280,-200,-97,14,131,247,346,415,453,462,437,370,269,165,46,-88,-216,-324,-411,-468,-492,-484,-432,-351,-245,-116,17,159,289,384,466,505,496,476,409,311,194,51,-94,-230,-352,-438,-496,-509,-488,-423,-334,-228,-94,49,186,304,400,462,489,479,428,346,243,115,-28,-157,-274,-370,-429,-451,-442,-396,-311,-205,-83,49,165,276,351,396,410,377,309,211,96,-25,-151,-249,-317,-345,-327,-271,-177,-65,50,131,-302,-57,1145,885,1092,-88,-54,9,80,146,190,209,195,157,92,12,-67,-143,-202,-242,-254,-233,-194,-130,-60,25,107,182,236,263,273,257,201,137,50,-39,-118,-184,-237,-279,-288,-273,-231,-164,-91,6,89,158,219,249,275,270,240,187,123,52,-27,-103,-165,-212,-249,-266,-251,-222,-179,-117,-46,24,98,156,195,212,217,217,191,151,108,51,-9,-55,-110,-146,-168,-180,-181,-176,-159,-130,-76,-38,3,55,105,148,167,180,182,178,157,122,85,47,-10,-58,-101,-151,-190,-205,-203,-197,-172,-138,-96,-40,18,82,140,184,213,232,237,226,190,130,72,6,-54,-121,-189,-228,826,-263,-250,-216,-175,-116,-42,31,97,162,214,255,272,271,254,218,165,97,33,-35,-110,-182,-226,-262,-287,-292,-277,-247,-198,-137,-63,16,93,175,257,319,352,362,361,330,273,183,88,-24,-132,-251,-358,-438,-475,-486,-467,-407,-316,-189,-37,103,250,399,509,572,600,578,514,409,266,104,-77,-252,-404,-531,-627,-669,-659,-596,-484,-335,-152,38,232,402,535,639,683,668,609,501,362,189,9,-172,-334,-465,-559,-607,-615,-573,-488,-379,-239,-91,69,207,333,424,493,533,528,488,413,322,216,95,-36,-159,-269,-371,-444,-484,-493,-482,-438,-362,-259,-141,-9,120,-117,254
39079,mtk,MTK 7916,2423719231,rx0-tx1,512,87,280,60,-125,53,240,409,549,662,732,746,705,613,472,295,100,-112,-323,-512,-669,-784,-836,-837,-782,-668,-506,-305,-77,154,377,581,745,864,920,916,848,727,549,330,82,-175,-420,-646,-820,-941,-1005,-993,-912,-762,-568,-330,-71,201,458,677,861,982,1039,1036,963,817,614,372,105,-179,-461,-702,-904,-1047,-1120,-1118,-1046,-898,-670,-404,-113,201,509,775,978,1122,1188,1168,1066,896,656,362,47,-267,-565,-821,-1021,-1146,-1186,-1139,-1017,-820,-571,-290,15,323,599,821,990,1089,1114,1067,938,740,492,220,-58,-333,-584,-783,-928,-1005,-1016,-963,-842,-665,-449,-204,45,290,516,698,833,-689,937,898,803,658,478,259,23,-208,-428,-621,-782,-894,-943,-928,-860,-740,-561,-339,-91,168,425,654,845,977,1043,1045,967,825,617,346,51,-254,-550,-809,-1005,-1137,-1184,-1142,-1022,-813,-535,-222,108,437,731,976,1144,1222,1203,1100,905,651,357,20,-302,-599,-864,-1061,-1168,-1184,-1114,-955,-725,-437,-128,183,485,743,940,1060,1092,1043,904,701,464,188,-91,-359,-595,-774,-888,-936,-904,-804,-651,-451,-229,1,226,421,583,698,760,752,688,576,420,235,44,-150,-329,-466,-572,-634,-633,-578,-478,-346,-180,-6,168,325,450,520,541,507,413,272,108,-64,-214,-324,-373,-359,-291,717,612,0,-461,-553,138,189,213,199,153,80,-8,-101,-183,-247,-281,-287,-265,-213,-141,-52,42,129,206,267,310,325,310,276,221,137,49,-50,-148,-237,-310,-360,-386,-391,-359,-298,-213,-101,24,149,267,369,448,494,497,461,390,284,147,0,-153,-304,-433,-532,-581,-585,-549,-460,-337,-183,-16,154,320,458,557,615,617,579,489,362,212,40,-132,-289,-422,-528,-592,-607,-576,-500,-388,-248,-101,60,213,343,441,512,548,541,489,402,287,164,24,-105,-226,-337,-414,-459,-470,-446,-404,-335,-236,-125,-4,104,204,293,359,395,411,400,353,293,218,117,14,-84,-173,-256,-322,-362,-379,-130,-342,-279,-201,-119,-23,70,152,223,278,313,324,319,295,244,179,117,36,-38,-101,-160,-199,-236,-253,-251,-232,-212,-181,-139,-98,-54,-4,37,77,118,155,192,222,239,246,255,235,199,155,99,32,-47,-132,-211,-280,-334,-370,-381,-377,-340,-270,-181,-75,42,165,276,372,447,485,495,467,410,316,194,58,-77,-209,-340,-438,-505,-535,-529,-482,-412,-306,-173,-40,101,235,351,438,489,507,493,446,372,275,162,46,-76,-190,-280,-351,-404,-429,-439,-410,-367,-306,-220,-132,-41,55,154,246,321,389,432,453,457,427,367,289,182,66,-62,-200,-331,-437,-525,-587,265,0,504,-715,-768,655,678,658,574,454,298,114,-88,-280,-461,-614,-725,-790,-801,-747,-639,-487,-297,-83,136,350,543,700,816,875,872,811,692,523,313,79,-166,-404,-614,-790,-910,-972,-961,-884,-742,-546,-320,-64,198,452,673,846,969,1027,1018,933,784,588,343,85,-183,-448,-690,-878,-1008,-1076,-1080,-1002,-856,-652,-399,-110,179,459,726,941,1082,1159,1160,1073,902,676,397,82,-238,-540,-799,-1011,-1148,-1193,-1162,-1049,-861,-612,-321,-9,298,585,833,1011,1123,1159,1108,976,783,536,251,-39,-331,-596,-816,-970,-1056,-1072,-1016,-881,-690,-462,-207,60,320,557,745,884,963,976,926,807,642,450,261,-11,-248,-468,-657,-799,-893,-924,-898,-816,-681,-505,-291,-60,175,401,614,795,919,984,987,923,788,595,352,87,-195,-474,-718,-923,-1061,-1117,-1106,-1014,-835,-593,-301,18,335,637,901,1085,1188,1210,1139,974,740,446,115,-214,-533,-817,-1025,-1169,-1215,-1164,-1035,-827,-550,-235,87,402,690,917,1074,1139,1119,1022,846,605,317,9,-290,-561,-770,-925,-1009,-1006,-929,-778,-572,-338,-80,176,407,600,741,820,833,782,674,526,346,140,-75,-270,-444,-576,-659,-690,-673,-589,-466,-314,-135,52,227,377,501,574,592,555,466,333,173,5,-169,-320,-425,-472,-460,-388,-268,-117,32,148,-273,-465,0,297,51,110,58,-23,-109,-186,-243,-262,-251,-206,-137,-49,44,135,212,271,305,307,281,232,167,85,-8,-100,-182,-261,-314,-341,-350,-327,-283,-213,-117,-20,87,196,287,370,427,446,429,381,304,195,62,-85,-224,-349,-455,-520,-547,-534,-479,-380,-239,-74,82,242,385,502,583,611,598,529,421,280,113,-62,-226,-382,-500,-586,-623,-606,-544,-442,-309,-153,16,179,327,445,528,572,578,530,441,328,200,57,-92,-233,-348,-431,-485,-507,-491,-450,-362,-255,-133,-5,110,216,316,388,431,437,417,378,312,220,119,16,-98,-193,-269,-336,-385,-397,-378,-340,-287,-210,-119,-22,245,154,241,296,339,361,347,316,262,196,114,33,-45,-131,-201,-244,-277,-296,-286,-266,-226,-176,-123,-55,4,55,98,147,179,201,219,223,216,207,184,161,130,86,37,-10,-71,-141,-193,-240,-281,-312,-327,-313,-278,-222,-149,-57,38,139,243,333,397,441,455,432,377,297,193,68,-62,-187,-304,-405,-481,-525,-518,-487,-415,-313,-190,-50,97,231,347,448,507,528,523,474,390,278,154,26,-100,-215,-318,-398,-447,-472,-464,-421,-353,-279,-184,-87,23,128,212,294,357,397,421,425,404,357,294,212,113,13,-96,-210,-311,-403,-474,-517,-534,-513,-451,-356,-243,-95,482,551
39080,mtk,MTK 7916,2423719231,rx1-tx0,512,0,-150,-439,-48,-251,-446,-604,-722,-789,-805,-758,-664,-511,-313,-102,130,352,547,710,835,891,881,810,676,496,272,25,-225,-459,-671,-833,-936,-964,-926,-824,-664,-454,-206,60,324,566,771,916,985,997,947,815,623,385,124,-142,-410,-658,-831,-967,-1036,-1018,-943,-799,-592,-331,-58,225,495,724,904,1012,1049,1019,909,732,515,259,-42,-332,-570,-783,-955,-1022,-1021,-959,-819,-628,-388,-125,138,392,614,791,903,951,934,851,696,500,284,40,-203,-417,-600,-747,-830,-854,-822,-727,-593,-424,-222,-1,220,416,588,713,792,806,760,662,516,338,139,-67,-266,-445,-582,-685,-742,-733,-677,216,-414,-236,-50,134,304,460,573,641,672,650,575,470,321,151,-14,-176,-328,-456,-538,-586,-597,-564,-489,-372,-238,-88,65,200,325,431,496,536,535,485,408,304,180,43,-91,-215,-320,-402,-458,-470,-449,-400,-330,-233,-123,-12,97,200,272,329,372,378,358,326,274,205,122,33,-47,-137,-215,-290,-343,-361,-363,-338,-288,-222,-121,-17,70,156,251,305,353,379,358,312,250,167,67,-40,-142,-222,-274,-320,-339,-324,-288,-224,-140,-48,39,126,205,265,298,284,270,242,171,103,26,-63,-130,-186,-224,-240,-232,-198,-156,-91,-15,62,121,161,183,182,145,88,25,648,469,0,-185,258,-48,-117,-171,-192,-186,-154,-93,-14,60,136,197,225,235,216,179,121,43,-28,-100,-165,-223,-245,-252,-237,-188,-143,-80,0,68,133,187,223,237,238,220,178,134,70,1,-55,-97,-143,-188,-212,-228,-215,-196,-172,-121,-61,-7,45,101,154,203,235,243,238,222,188,131,70,3,-62,-142,-209,-241,-267,-275,-256,-221,-178,-116,-41,39,122,192,240,272,283,290,265,215,149,75,8,-69,-128,-176,-229,-261,-273,-246,-214,-170,-110,-62,4,67,122,178,210,232,243,235,203,162,111,60,4,-64,-103,-149,-191,-206,-221,-212,-191,-163,-118,-70,-20,30,76,125,-584,192,203,205,202,175,145,105,53,-5,-49,-106,-153,-177,-204,-216,-225,-210,-172,-131,-89,-36,16,65,114,158,200,220,224,224,204,174,136,81,29,-19,-80,-127,-174,-220,-257,-258,-258,-249,-214,-173,-128,-57,9,85,165,238,303,348,377,384,363,307,227,122,3,-117,-250,-355,-446,-516,-524,-506,-462,-366,-247,-92,67,210,364,482,569,614,613,568,478,354,190,19,-153,-323,-463,-574,-644,-668,-640,-561,-447,-295,-142,33,207,366,502,589,651,664,626,552,434,274,118,-59,-231,-381,-518,-615,-661,-663,-630,-553,-440,-295,-116,56,229,401,537,640,699,710,-910,-856,0,661,522,-742,-715,-636,-501,-327,-128,84,300,494,670,778,842,846,784,667,510,305,67,-173,-405,-604,-767,-883,-928,-909,-821,-673,-478,-238,18,270,516,723,882,974,990,942,829,647,416,156,-100,-362,-612,-814,-957,-1021,-1018,-950,-802,-601,-374,-96,182,445,677,876,998,1047,1032,930,772,551,294,19,-261,-530,-758,-924,-1038,-1068,-997,-868,-698,-452,-171,94,363,605,798,929,985,984,906,765,559,316,70,-180,-416,-622,-773,-871,-914,-885,-793,-658,-463,-241,-13,211,420,587,718,800,824,791,704,570,386,178,-39,-240,-429,-588,-704,-762,-767,-722,-627,-475,-302,-104,97,290,757,595,679,707,690,630,524,372,199,17,-167,-326,-463,-568,-615,-624,-598,-535,-415,-275,-120,34,187,329,445,529,575,567,520,449,342,209,75,-81,-218,-331,-427,-486,-508,-494,-452,-374,-276,-156,-21,99,206,303,377,419,431,415,365,291,216,126,21,-73,-161,-243,-305,-343,-354,-351,-328,-288,-229,-143,-50,39,134,216,297,353,368,360,342,281,199,113,6,-106,-202,-273,-332,-357,-356,-333,-267,-193,-109,-6,80,171,243,289,315,305,278,228,159,72,-8,-75,-155,-215,-244,-259,-248,-211,-166,-107,-36,42,110,165,208,219,200,156,103,44,-25,-90,-126,-138,221,495,0,-900,-886,-136,-120,-67,3,76,146,202,221,214,185,123,54,-21,-100,-166,-220,-244,-246,-234,-196,-135,-55,18,100,158,197,237,244,231,204,158,96,26,-38,-109,-151,-192,-222,-226,-217,-206,-181,-135,-70,-5,56,104,152,193,218,225,225,210,179,137,76,9,-58,-114,-179,-230,-256,-257,-254,-236,-181,-128,-61,14,90,156,216,267,291,293,271,224,169,92,19,-61,-135,-190,-237,-258,-280,-272,-232,-190,-133,-69,7,80,131,187,215,235,247,228,208,163,109,57,-4,-68,-128,-169,-198,-213,-220,-208,-177,-158,-111,-59,-12,49,92,135,178,200,217,208,194,172,-674,93,38,-15,-69,-121,-155,-195,-216,-209,-203,-192,-153,-112,-66,-14,31,92,137,170,200,220,223,209,185,152,110,50,2,-48,-101,-147,-189,-219,-230,-239,-227,-199,-169,-134,-71,-5,44,109,169,215,260,298,312,316,292,242,178,97,5,-94,-197,-292,-371,-433,-458,-464,-423,-352,-265,-127,22,163,303,423,521,583,588,560,484,366,221,53,-112,-280,-423,-534,-618,-639,-625,-565,-459,-329,-171,5,185,353,489,586,644,661,631,556,433,289,127,-54,-222,-378,-515,-605,-657,-673,-630,-556,-436,-285,-109,61,228,387,520,621,678,680,655,572,449,295,116,-71,101,-337
39081,mtk,MTK 7916,2423719231,rx1-tx1,512,0,0,0,795,749,502,119,-298,-640,-821,-780,-537,-161,251,601,796,785,570,210,-198,-551,-755,-754,-557,-221,162,503,712,723,531,206,-166,-487,-676,-676,-488,-174,182,488,655,647,460,144,-214,-509,-675,-658,-453,-124,235,537,701,674,470,133,-236,-546,-715,-697,-493,-161,215,533,710,702,517,191,-191,-515,-698,-703,-530,-219,139,458,649,671,525,246,-90,-394,-591,-625,-501,-250,59,341,525,570,465,240,-44,-302,-468,-509,-417,-216,35,267,420,456,370,186,-44,-247,-378,-416,-336,-164,41,219,334,364,294,144,-44,-207,-310,-318,-241,-103,54,193,273,274,200,73,-81,0,-271,-253,-169,-31,118,227,266,230,128,-13,-160,-261,-291,-239,-125,33,191,296,316,252,126,-48,-212,-325,-363,-302,-156,35,222,351,398,343,194,-3,-197,-347,-409,-377,-255,-63,151,323,418,413,302,124,-90,-273,-393,-420,-340,-178,15,206,342,391,349,228,48,-133,-265,-335,-336,-252,-105,50,181,264,279,230,142,20,-100,-180,-206,-186,-128,-56,20,90,138,140,104,60,17,-24,-51,-62,-63,-45,-26,-21,-25,-23,-11,3,10,30,64,92,94,78,48,2,-53,-110,-152,-159,-138,-90,-21,62,134,187,206,189,140,65,-17,-90,-148,-181,-183,-163,-130,0,0,0,0,0,113,67,0,-77,-153,-217,-243,-223,-156,-49,74,190,275,300,259,162,25,-127,-256,-330,-323,-243,-100,66,226,340,368,312,182,-2,-191,-332,-401,-369,-243,-52,151,320,416,405,293,105,-113,-307,-425,-434,-328,-143,83,296,434,461,368,172,-75,-305,-453,-475,-378,-188,59,300,467,515,426,215,-59,-318,-499,-556,-467,-251,33,310,516,596,507,288,-4,-305,-543,-632,-550,-329,-23,293,549,670,613,395,76,-268,-547,-691,-658,-458,-138,223,528,701,693,508,191,-177,-496,-688,-708,-545,-246,117,446,644,681,548,271,-79,-407,-625,-670,-540,-274,64,386,603,657,0,240,-97,-408,-618,-662,-523,-241,116,444,658,702,553,256,-120,-462,-687,-729,-575,-262,124,487,717,760,607,287,-113,-494,-754,-808,-646,-316,112,522,790,848,683,328,-118,-541,-832,-899,-732,-367,100,551,863,950,786,425,-54,-535,-877,-980,-826,-467,16,510,870,1004,870,513,22,-477,-856,-1003,-890,-549,-62,441,818,984,900,579,113,-376,-765,-946,-878,-589,-148,331,706,894,835,557,137,-310,-669,-842,-786,-518,-121,303,643,801,740,481,98,-312,-639,-791,-723,-463,-82,322,636,777,706,449,71,-332,-647,-785,-717,-461,-77,328,646,794,729,470,90,-316,-637,-791,0,0,0,0,0,-102,306,642,805,766,519,137,-275,-616,-806,-788,-559,-189,224,581,785,778,573,224,-183,-533,-728,-732,-548,-222,158,485,679,686,511,198,-174,-489,-662,-659,-474,-155,200,500,661,650,456,136,-217,-515,-682,-664,-459,-126,239,541,704,684,473,140,-228,-541,-721,-702,-500,-173,198,524,713,722,539,214,-158,-477,-669,-687,-538,-250,106,421,617,655,521,256,-69,-370,-561,-604,-484,-242,51,321,504,547,439,221,-41,-287,-442,-479,-392,-201,39,251,396,432,345,168,-47,-241,-366,-391,-311,-156,37,212,323,343,270,128,-53,-209,-293,-294,-220,-85,66,197,270,265,0,41,-103,-214,-263,-237,-147,-5,139,243,279,233,119,-25,-173,-283,-302,-240,-114,53,208,311,336,277,137,-45,-218,-336,-379,-323,-177,15,199,348,408,358,222,33,-168,-329,-411,-396,-278,-90,121,300,406,410,319,145,-60,-249,-365,-404,-346,-203,-17,162,301,375,349,237,82,-85,-227,-306,-309,-253,-137,8,133,217,249,219,145,44,-63,-143,-174,-163,-123,-59,8,59,86,88,80,61,35,6,-15,-25,-23,-24,-31,-37,-40,-48,-51,-41,-8,29,67,105,129,121,91,35,-29,-94,-152,-185,-182,-144,-76,5,84,157,203,208,185,139,74,2,-58,-102,0,0,0,0,0,107,159,190,187,144,71,-22,-124,-214,-263,-265,-216,-115,20,158,262,313,294,206,67,-100,-251,-343,-357,-286,-143,39,215,341,385,341,214,28,-174,-333,-412,-396,-273,-81,130,314,427,430,323,130,-94,-302,-425,-446,-350,-160,76,294,439,469,373,180,-69,-306,-461,-498,-398,-193,66,317,489,524,436,230,-50,-317,-508,-578,-490,-270,22,313,531,613,535,318,11,-310,-552,-650,-586,-375,-59,281,551,687,647,431,104,-244,-538,-696,-676,-482,-159,194,497,690,702,528,217,-145,-468,-671,-701,-549,-256,101,425,638,680,549,269,-83,-404,-607,-657,-535,-264,78,0,616,653,519,244,-100,-422,-642,-682,-533,-247,113,451,674,718,565,259,-124,-486,-716,-753,-591,-277,124,495,739,790,632,307,-110,-507,-765,-810,-650,-317,119,533,806,876,709,347,-109,-544,-852,-933,-762,-394,84,542,870,973,815,439,-46,-527,-873,-988,-850,-493,-2,488,858,1004,881,525,41,-452,-830,-992,-890,-564,-91,404,793,962,880,577,132,-350,-734,-919,-860,-573,-140,318,684,864,817,545,136,-301,-648,-819,-763,-507,-115,304,635,782,730,480,93,-314,-634,-781,-718,-465,-80,326,642,783,713,452,69,-338,-659,-795,-721,-457,-73,333,645,790,733,473,88,0,0
39082,mtk,MTK 7916,2423719231,rx2-tx0,512,0,0,0,134,-364,-766,-968,-911,-607,-136,367,761,952,892,592,128,-364,-757,-937,-861,-554,-101,376,747,910,821,508,57,-403,-745,-882,-772,-449,-1,452,780,885,737,386,-67,-507,-819,-895,-715,-342,127,568,855,908,710,320,-161,-605,-880,-906,-684,-272,210,641,897,896,634,206,-281,-695,-916,-880,-598,-139,361,764,960,888,560,75,-444,-847,-1017,-907,-548,-27,509,917,1086,959,562,8,-556,-984,-1160,-1030,-621,-37,560,1012,1200,1070,660,79,-527,-995,-1200,-1089,-694,-126,474,956,1180,1083,714,154,-445,-916,-1139,-1066,-710,-175,398,859,1080,1014,681,170,-378,-816,-1026,-958,-638,0,381,802,992,907,579,96,-412,-801,-972,-879,-541,-52,454,834,982,861,503,1,-508,-884,-1020,-877,-483,46,576,958,1090,934,519,-56,-629,-1040,-1190,-1030,-587,21,633,1092,1274,1126,683,51,-601,-1104,-1331,-1218,-791,-153,538,1094,1371,1296,887,250,-450,-1040,-1378,-1366,-1005,-384,336,971,1362,1411,1112,532,-188,-857,-1303,-1430,-1210,-690,-3,675,1185,1403,1274,840,221,-437,-980,-1279,-1267,-946,-410,196,733,1082,1163,959,543,17,-488,-852,-994,-896,-596,-173,271,630,816,800,602,271,-108,-434,-642,-688,-576,-336,-35,258,474,575,549,413,198,-40,-250,-394,-449,-416,-314,-181,-44,0,0,0,0,0,56,-68,-202,-327,-410,-429,-367,-223,-22,191,379,501,523,434,250,6,-250,-460,-568,-542,-392,-152,129,389,560,594,487,260,-32,-324,-538,-620,-550,-339,-47,258,496,617,576,390,111,-197,-463,-606,-586,-412,-128,187,453,597,581,400,111,-210,-480,-629,-606,-412,-95,261,547,693,664,454,106,-281,-599,-764,-738,-522,-153,268,621,820,813,593,206,-233,-615,-847,-870,-658,-265,194,605,862,895,696,319,-146,-577,-858,-922,-744,-364,111,557,856,932,765,402,-68,-524,-842,-941,-793,-436,32,495,828,938,804,466,4,-459,-803,-932,-809,-476,-26,430,776,912,801,481,0,-433,-765,-892,-781,-460,-22,423,764,888,766,438,-6,-451,-773,-884,-755,-417,45,492,806,906,763,405,-72,-531,-846,-937,-779,-400,89,556,879,967,797,405,-100,-579,-906,-994,-809,-401,114,596,918,993,805,393,-128,-612,-925,-985,-777,-354,169,643,938,984,760,317,-214,-685,-975,-1001,-745,-282,254,721,999,1006,739,272,-275,-745,-1014,-1012,-736,-254,293,761,1029,1017,732,240,-315,-779,-1033,-1014,-714,-221,328,791,1041,1006,699,207,-338,-798,-1039,-996,-688,-201,341,792,1032,992,679,192,-342,-784,-1020,-979,-672,-188,342,779,1003,951,652,180,-340,-765,-983,-937,-637,-171,0,0,0,0,0,971,914,608,139,-364,-769,-968,-899,-587,-127,361,755,949,880,572,115,-370,-747,-923,-845,-533,-82,386,751,902,797,472,26,-427,-758,-882,-760,-426,26,470,787,884,725,367,-91,-528,-826,-893,-713,-332,145,586,863,904,695,297,-186,-622,-888,-907,-673,-249,247,672,902,886,622,185,-312,-720,-931,-876,-578,-109,398,804,989,898,548,44,-479,-882,-1055,-938,-562,-25,539,961,1127,996,593,24,-553,-992,-1178,-1047,-638,-59,546,1010,1202,1077,675,101,-507,-982,-1190,-1092,-708,-140,463,932,1152,1074,713,169,-417,-888,-1111,-1034,-691,-167,390,837,1057,991,656,153,-379,-804,0,-945,-613,-120,395,801,981,889,557,75,-430,-813,-970,-862,-518,-23,490,863,999,867,498,-19,-539,-924,-1061,-906,-499,57,601,996,1130,969,545,-41,-637,-1071,-1225,-1068,-627,-12,614,1097,1307,1171,733,100,-567,-1096,-1350,-1263,-845,-202,493,1071,1375,1329,950,322,-397,-1014,-1377,-1398,-1053,-445,272,927,1353,1430,1152,605,-91,-767,-1250,-1418,-1244,-779,-115,566,1093,1347,1281,906,327,-322,-872,-1192,-1220,-964,-488,87,612,965,1077,932,578,103,-375,-737,-903,-851,-600,-223,186,527,721,741,588,309,-28,-341,-559,-635,-566,-377,-117,152,371,499,519,432,275,86,-99,-241,-316,-328,0,0,0,0,0,298,328,303,215,74,-101,-279,-418,-485,-462,-347,-149,88,315,488,556,501,335,85,-193,-424,-557,-566,-441,-209,78,351,543,608,521,307,11,-289,-523,-623,-568,-374,-87,222,477,608,584,406,126,-189,-450,-596,-584,-411,-127,195,461,608,584,397,100,-231,-511,-663,-630,-421,-95,268,577,738,705,480,126,-271,-603,-796,-782,-554,-175,252,625,842,841,621,238,-214,-613,-860,-887,-681,-297,167,589,863,912,721,345,-126,-566,-855,-925,-750,-382,86,538,852,935,778,423,-47,-508,-838,-945,-801,-444,20,475,811,937,815,475,7,-455,-792,-920,-808,-475,-20,427,762,0,790,466,19,-433,-764,-889,-775,-453,-5,441,770,886,762,429,-25,-474,-796,-898,-758,-411,57,507,828,925,765,395,-77,-542,-865,-956,-780,-394,102,577,894,972,798,411,-103,-586,-909,-991,-802,-397,115,601,922,991,793,374,-152,-629,-934,-987,-768,-338,186,663,958,988,753,309,-231,-703,-983,-1003,-745,-277,266,737,1011,1010,735,262,-286,-760,-1026,-1020,-736,-249,306,777,1036,1013,719,231,-326,-787,-1035,-1005,-708,-221,330,793,1038,1005,698,203,-345,-795,-1034,-994,-691,-201,340,789,1024,984,679,193,-340,-785,-1016,-972,-668,-190,337,772,994,951,650,174,-345,-759,-969,0,0
39083,mtk,MTK 7916,2423719231,rx2-tx1,512,0,0,0,-184,105,356,516,545,417,196,-65,-313,-473,-493,-387,-193,45,269,423,460,362,181,-39,-235,-366,-395,-318,-165,24,195,312,332,262,119,-43,-189,-272,-278,-209,-88,58,175,229,207,138,36,-74,-162,-187,-152,-78,15,98,149,147,101,10,-74,-140,-157,-116,-28,72,169,215,190,92,-28,-160,-256,-290,-240,-119,58,232,359,390,312,147,-66,-271,-415,-463,-395,-205,55,305,477,539,464,263,-15,-295,-510,-590,-521,-320,-33,273,512,620,575,380,82,-240,-494,-636,-613,-423,-126,201,486,644,629,454,163,-170,-455,-622,-633,-483,-205,125,418,609,634,488,226,0,-388,-578,-622,-499,-247,63,357,554,602,485,244,-55,-345,-547,-592,-476,-243,51,333,527,573,463,229,-71,-355,-540,-582,-462,-222,84,369,558,597,475,212,-116,-411,-594,-638,-519,-244,116,438,648,695,568,282,-89,-450,-688,-754,-628,-340,42,426,717,816,700,415,24,-377,-701,-861,-791,-518,-116,309,674,877,854,627,252,-192,-598,-855,-909,-735,-392,37,454,766,891,801,525,134,-283,-624,-815,-808,-606,-278,98,454,686,738,623,374,47,-278,-525,-638,-604,-438,-180,114,373,535,560,463,279,50,-192,-377,-472,-469,-377,-212,-23,152,283,345,343,288,199,91,0,0,0,0,0,10,82,149,208,244,240,195,107,-4,-120,-217,-274,-283,-233,-134,-11,116,227,292,293,227,104,-37,-159,-253,-286,-264,-192,-63,89,200,263,269,215,114,-10,-130,-217,-254,-229,-147,-46,62,152,203,203,151,63,-22,-97,-149,-155,-117,-61,2,58,103,116,90,41,-14,-51,-50,-39,-26,-7,17,21,8,-11,-32,-48,-52,-30,14,69,102,116,105,56,-13,-89,-163,-198,-185,-134,-35,76,181,253,257,197,89,-45,-181,-277,-314,-277,-159,-5,148,274,331,305,203,47,-130,-270,-348,-332,-240,-87,88,247,332,331,247,110,-64,-225,-320,-318,-253,-128,48,0,298,318,251,113,-50,-210,-313,-329,-247,-106,68,224,317,322,249,95,-90,-255,-340,-336,-248,-93,101,271,368,359,256,76,-132,-308,-401,-389,-274,-82,134,331,444,432,298,92,-137,-353,-478,-459,-319,-109,135,354,481,477,336,116,-134,-356,-489,-488,-352,-108,169,395,513,505,352,93,-192,-427,-560,-542,-370,-92,210,465,601,572,393,103,-215,-485,-643,-632,-441,-136,201,490,664,677,507,194,-171,-493,-690,-714,-557,-245,132,473,703,749,608,313,-69,-430,-674,-758,-660,-384,-14,358,636,750,681,443,98,-260,-551,-704,-671,-470,-161,184,474,631,630,474,203,0,0,0,0,0,-534,-559,-435,-198,83,329,487,515,403,189,-61,-290,-435,-464,-380,-196,37,246,381,414,336,171,-24,-207,-337,-365,-286,-140,30,195,294,307,239,115,-45,-188,-259,-251,-183,-73,53,156,214,199,115,13,-86,-154,-168,-121,-43,53,128,152,126,58,-40,-134,-183,-176,-112,2,119,215,247,201,94,-50,-201,-308,-339,-274,-122,70,257,388,416,346,178,-68,-298,-460,-516,-433,-231,31,298,500,574,497,290,5,-293,-517,-608,-541,-343,-58,252,514,643,600,395,90,-229,-495,-643,-621,-435,-145,184,465,622,619,459,183,-143,-437,-617,-632,-487,-212,118,414,597,0,501,243,-75,-381,-576,-620,-496,-245,61,348,542,588,480,248,-59,-348,-534,-579,-468,-238,60,336,527,572,462,223,-74,-345,-532,-580,-466,-222,85,381,579,613,490,229,-103,-415,-615,-667,-538,-251,106,434,667,727,596,301,-89,-458,-713,-787,-673,-389,3,407,705,830,748,474,82,-348,-695,-871,-825,-576,-194,254,646,874,887,689,325,-115,-546,-838,-915,-780,-472,-51,383,707,857,811,583,211,-191,-535,-739,-779,-632,-339,27,367,609,693,619,404,99,-206,-451,-585,-589,-455,-226,34,280,464,537,486,339,135,-78,-265,-396,-440,-392,-285,-141,9,135,210,239,0,0,0,0,0,-174,-180,-156,-96,-9,84,175,244,277,247,180,72,-61,-188,-262,-291,-265,-183,-67,65,188,276,298,251,151,18,-127,-233,-286,-274,-201,-87,42,158,240,267,225,142,28,-92,-176,-214,-207,-152,-61,40,129,174,162,128,62,-23,-86,-116,-120,-102,-64,0,54,81,77,51,11,-11,-22,-35,-26,-2,19,28,23,-3,-34,-63,-85,-81,-44,12,70,126,165,155,92,4,-95,-178,-237,-240,-170,-57,65,189,284,301,238,123,-37,-181,-282,-320,-295,-186,-27,138,265,330,312,218,70,-107,-250,-332,-334,-253,-96,78,231,321,334,255,106,-62,-213,-307,-320,0,-107,56,215,311,320,250,115,-65,-227,-323,-319,-239,-101,78,240,334,329,238,85,-102,-260,-355,-353,-254,-80,118,284,378,373,256,68,-135,-317,-431,-423,-293,-84,153,350,458,439,310,96,-145,-359,-476,-467,-337,-114,139,353,477,481,350,114,-150,-375,-503,-493,-341,-103,169,401,528,507,349,84,-215,-458,-576,-552,-382,-102,212,477,620,612,435,140,-206,-501,-664,-644,-460,-159,193,506,696,706,524,213,-149,-483,-700,-732,-575,-270,102,445,680,754,635,348,-19,-389,-654,-750,-667,-419,-67,305,593,725,673,462,135,-224,-508,-665,-654,-474,-178,149,426,595,0,0
39084,mtk,MTK 7916,2423750485,rx0-tx0,512,-349,-713,-555,437,524,576,595,566,502,405,268,114,-72,-245,-410,-550,-649,-705,-695,-649,-547,-397,-222,-34,167,359,523,650,724,740,702,610,479,312,112,-90,-275,-441,-577,-663,-688,-681,-620,-515,-372,-217,-53,114,262,395,492,552,582,576,530,441,342,231,105,-22,-157,-281,-378,-449,-506,-529,-522,-497,-428,-338,-238,-112,28,185,324,441,543,607,632,612,554,446,311,146,-37,-222,-391,-540,-636,-702,-710,-672,-574,-427,-250,-65,142,332,495,617,699,721,682,589,461,292,104,-88,-268,-415,-530,-605,-626,-596,-512,-398,-268,-118,30,177,290,377,437,441,420,375,307,225,-511,45,-38,-110,-172,-205,-227,-236,-227,-208,-181,-159,-136,-96,-69,-41,-7,26,50,80,119,154,197,230,243,247,242,222,179,116,41,-45,-147,-234,-317,-383,-410,-413,-384,-326,-235,-129,3,141,265,370,440,489,496,462,409,309,189,53,-85,-218,-342,-432,-496,-521,-513,-466,-376,-258,-137,12,163,290,390,468,511,519,487,422,320,189,50,-84,-208,-327,-413,-469,-489,-475,-425,-338,-235,-112,15,141,267,356,409,439,440,396,324,230,119,-3,-122,-220,-299,-364,-397,-387,-345,-270,-183,-87,17,118,210,284,326,339,310,250,165,70,-40,-141,-211,-247,-241,-197,-791,-830,1179,-864,-564,-117,-63,18,103,172,222,244,238,200,119,26,-66,-157,-227,-278,-308,-292,-249,-182,-96,-3,92,179,251,311,324,321,288,224,137,39,-54,-152,-233,-296,-331,-335,-320,-281,-211,-127,-37,67,164,236,294,327,344,331,283,213,140,45,-60,-156,-233,-287,-335,-356,-341,-297,-224,-150,-74,23,117,204,273,306,331,331,301,251,181,101,11,-66,-138,-214,-265,-290,-299,-302,-275,-216,-153,-86,-10,66,142,207,262,290,297,300,271,215,151,76,-2,-97,-174,-239,-292,-324,-330,-312,-285,-220,-131,-47,42,125,212,290,338,355,363,327,259,190,100,-2,-99,-193,-330,-325,-372,-381,-358,-309,-241,-159,-46,59,147,221,297,345,360,348,320,269,204,129,37,-55,-139,-210,-264,-298,-329,-337,-334,-300,-242,-174,-96,-7,85,167,254,332,389,424,427,393,330,252,149,38,-84,-217,-336,-425,-510,-551,-537,-491,-415,-304,-162,13,170,319,460,566,639,653,630,551,425,269,83,-113,-296,-460,-605,-689,-732,-714,-628,-504,-338,-147,54,260,446,591,688,731,714,647,536,386,205,10,-177,-349,-482,-582,-644,-647,-613,-525,-410,-263,-117,31,191,324,426,500,540,550,506,449,377,262,134,-1,-129,-251,-352,-428,-491,-520,-511,-476,-408,-305,-1242,-1220,-729,410,590,377,249,112,-41,-207,-345,-477,-574,-639,-656,-616,-542,-414,-265,-79,112,296,477,609,699,735,721,644,524,362,168,-33,-230,-408,-555,-671,-731,-723,-666,-565,-419,-248,-66,110,288,441,557,624,648,625,561,465,344,210,69,-79,-227,-349,-433,-501,-537,-542,-515,-450,-366,-271,-159,-27,96,214,329,422,494,551,570,550,489,404,288,143,-20,-183,-344,-488,-588,-655,-679,-650,-585,-458,-297,-118,83,266,441,581,672,716,710,635,523,369,187,-14,-218,-388,-530,-631,-674,-670,-608,-498,-362,-200,-20,156,308,414,489,530,528,485,399,309,186,61,-53,-162,-246,-309,1105,-343,-324,-290,-239,-178,-123,-58,4,48,84,106,133,152,158,173,179,178,172,172,160,138,115,65,8,-48,-114,-178,-241,-288,-321,-345,-334,-296,-230,-130,-23,87,190,298,383,446,478,456,405,319,216,91,-51,-181,-305,-409,-476,-507,-507,-470,-390,-280,-153,-20,115,252,372,452,501,526,504,437,352,236,98,-42,-181,-300,-404,-472,-502,-494,-453,-379,-272,-148,-19,111,238,337,414,455,459,433,377,282,180,64,-63,-188,-286,-363,-413,-425,-400,-341,-262,-167,-52,58,167,257,319,354,359,333,278,195,97,-9,-116,-208,-268,-302,-298,-252,-175,-84,11,88,-302,-57,1145,885,1092,131,177,202,188,146,76,-10,-96,-182,-245,-272,-276,-242,-184,-112,-16,83,172,247,295,316,306,262,200,114,21,-68,-163,-250,-315,-339,-338,-309,-251,-176,-80,16,108,198,270,313,339,346,304,241,171,86,-1,-102,-198,-262,-312,-343,-344,-319,-262,-195,-110,-7,91,189,263,306,336,347,320,273,198,120,34,-63,-146,-217,-265,-304,-320,-300,-277,-229,-157,-80,-9,71,150,217,256,281,294,285,260,218,158,71,-1,-78,-164,-220,-272,-304,-322,-317,-276,-220,-145,-62,26,101,188,269,316,339,338,317,284,211,122,34,-64,-174,-251,-316,-359,-373,-358,-322,826,-172,-74,32,126,210,281,338,375,365,333,294,227,132,34,-56,-140,-219,-281,-330,-353,-347,-321,-276,-213,-140,-61,18,101,195,258,317,351,372,359,331,291,220,133,39,-78,-184,-282,-368,-429,-470,-482,-456,-385,-293,-180,-30,121,263,395,503,577,605,579,528,421,291,129,-44,-215,-394,-540,-642,-695,-693,-641,-552,-404,-221,-34,170,367,534,666,733,750,706,601,443,267,72,-128,-314,-482,-601,-677,-700,-665,-587,-458,-316,-142,33,197,347,465,551,591,598,559,473,374,247,118,-31,-168,-276,-382,-465,-506,-516,-500,-454,-372,-284,-175,-45,83,212,327,421,-117,254
39085,mtk,MTK 7916,2423750485,rx0-tx1,512,87,280,60,323,485,616,716,760,759,706,590,437,247,25,-191,-399,-586,-739,-836,-877,-862,-788,-658,-479,-261,-26,213,442,645,803,900,950,930,856,715,519,302,55,-205,-456,-669,-844,-963,-1021,-1006,-927,-781,-584,-343,-78,190,447,676,856,987,1059,1057,990,850,655,423,155,-124,-394,-641,-859,-1011,-1106,-1129,-1072,-941,-751,-513,-225,77,378,649,885,1068,1175,1189,1129,996,790,524,231,-85,-394,-669,-901,-1066,-1159,-1175,-1106,-966,-752,-497,-218,84,378,636,852,1021,1116,1124,1056,928,732,486,215,-69,-346,-599,-799,-952,-1036,-1056,-1003,-876,-697,-473,-228,35,285,513,708,849,935,-689,923,830,685,498,281,50,-188,-407,-604,-764,-875,-931,-939,-887,-774,-610,-404,-163,92,334,568,765,921,1027,1058,1013,901,727,491,216,-82,-386,-665,-899,-1072,-1172,-1194,-1119,-958,-732,-446,-123,225,553,830,1053,1196,1249,1219,1084,870,603,289,-59,-398,-692,-930,-1113,-1206,-1191,-1096,-929,-694,-402,-89,230,532,773,952,1074,1104,1047,909,708,473,203,-83,-349,-582,-772,-888,-928,-920,-830,-684,-490,-274,-37,191,402,576,694,765,774,723,629,480,303,102,-106,-293,-447,-568,-648,-665,-619,-526,-393,-227,-46,129,295,437,526,555,533,448,311,145,-29,-187,-302,-362,-362,-296,717,612,0,-461,-553,140,85,-5,-97,-188,-258,-288,-286,-245,-175,-85,13,111,200,276,322,329,313,269,202,127,37,-57,-152,-242,-303,-337,-358,-356,-322,-264,-183,-87,11,119,231,323,397,436,449,426,373,286,176,43,-100,-234,-363,-461,-524,-553,-533,-477,-380,-248,-96,66,229,374,491,569,608,601,542,448,311,151,-18,-191,-336,-472,-565,-616,-620,-571,-485,-365,-215,-53,108,267,406,504,569,587,565,497,397,277,131,-23,-163,-294,-391,-469,-513,-511,-473,-404,-313,-206,-81,45,155,254,330,386,414,411,384,331,264,181,91,-3,-101,-183,-256,-308,-344,-361,-348,-314,-263,-192,-130,-41,42,123,201,255,291,313,312,294,263,205,141,73,-4,-72,-136,-191,-234,-255,-260,-255,-238,-207,-167,-122,-73,-24,24,68,115,155,187,211,231,235,238,230,209,172,124,67,-4,-72,-150,-226,-291,-340,-373,-388,-371,-332,-273,-183,-75,49,166,283,383,455,503,513,496,431,335,210,79,-70,-211,-338,-461,-536,-572,-576,-540,-465,-354,-211,-64,90,240,374,477,544,573,564,510,432,325,194,56,-76,-200,-309,-400,-454,-485,-485,-456,-402,-329,-246,-145,-49,62,170,259,340,398,448,469,462,440,390,310,214,110,-18,-158,-286,-404,-509,-574,-610,-614,-558,265,0,504,-715,-768,657,549,410,237,38,-155,-364,-544,-683,-787,-830,-819,-752,-629,-459,-250,-30,201,421,613,769,871,908,893,813,678,490,272,36,-210,-443,-660,-824,-930,-984,-976,-895,-754,-563,-329,-65,203,461,681,864,986,1042,1028,949,809,613,380,111,-158,-419,-664,-853,-998,-1078,-1079,-1018,-895,-708,-468,-201,89,379,646,869,1042,1145,1165,1110,977,780,526,229,-80,-379,-662,-901,-1073,-1171,-1200,-1131,-992,-781,-513,-220,93,392,665,890,1042,1137,1151,1084,946,752,507,221,-82,-362,-615,-833,-984,-1071,-1090,-1033,-902,-709,-483,-218,49,316,562,767,910,994,1007,952,844,677,470,239,261,-236,-465,-655,-801,-893,-936,-922,-848,-721,-545,-335,-109,123,359,570,749,887,972,984,939,830,666,463,210,-67,-342,-597,-820,-994,-1095,-1123,-1076,-948,-754,-492,-192,131,456,744,980,1150,1232,1228,1119,929,674,361,28,-317,-643,-905,-1092,-1209,-1242,-1171,-1015,-794,-516,-183,154,462,741,970,1112,1168,1139,1022,825,588,305,-3,-299,-567,-775,-930,-1019,-1021,-940,-799,-601,-359,-115,136,382,583,734,825,858,819,725,577,389,186,-35,-242,-422,-571,-672,-717,-703,-633,-520,-374,-190,9,195,354,488,579,607,580,507,382,220,45,-127,-289,-409,-476,-477,-414,-298,-155,-4,127,-273,-465,0,297,51,-150,-210,-241,-235,-195,-116,-16,88,184,258,300,312,293,248,180,87,-10,-106,-191,-258,-301,-329,-333,-313,-264,-183,-98,-8,94,188,270,341,381,397,388,343,278,184,73,-48,-174,-287,-386,-461,-503,-505,-469,-396,-281,-150,0,152,302,431,528,581,586,552,471,354,213,51,-126,-288,-432,-541,-603,-626,-589,-521,-414,-266,-105,69,235,379,497,577,607,598,552,450,318,169,7,-155,-299,-412,-492,-546,-552,-523,-453,-356,-238,-98,40,168,280,371,434,471,462,422,357,278,182,76,-32,-132,-224,-294,-351,-376,-380,-355,-314,-260,-188,-109,-15,76,154,225,275,245,328,328,310,267,205,137,56,-28,-99,-166,-226,-260,-288,-295,-277,-250,-206,-151,-86,-26,37,92,141,179,207,227,233,230,218,195,167,130,93,47,1,-49,-104,-161,-206,-246,-287,-307,-310,-301,-265,-211,-134,-44,53,157,247,332,408,452,465,444,394,313,209,83,-51,-192,-321,-427,-505,-553,-565,-525,-462,-354,-214,-69,79,228,363,479,553,589,590,546,459,336,197,54,-93,-226,-347,-445,-507,-533,-521,-483,-415,-316,-205,-97,26,136,243,328,395,435,450,455,422,370,302,216,128,23,-83,-186,-295,-386,-454,-507,-540,-527,-480,-407,-296,-160,-19,142,307,482,551
39086,mtk,MTK 7916,2423750485,rx1-tx0,512,0,-150,-439,-578,-744,-864,-921,-903,-831,-700,-509,-296,-47,221,473,700,877,1001,1046,1013,918,757,536,274,-20,-302,-582,-827,-1008,-1119,-1156,-1110,-969,-771,-520,-220,92,397,686,931,1109,1207,1229,1152,995,774,489,163,-163,-485,-767,-1003,-1176,-1266,-1258,-1168,-999,-751,-439,-110,232,569,851,1076,1240,1299,1266,1158,949,673,365,35,-312,-639,-906,-1106,-1241,-1275,-1205,-1060,-839,-548,-255,80,397,672,904,1073,1153,1150,1073,911,704,453,169,-124,-393,-632,-825,-959,-1024,-1014,-941,-811,-621,-397,-147,111,361,579,749,873,933,931,874,750,574,353,122,-116,-348,-559,-727,-838,-892,-884,-794,-666,216,-258,-37,188,399,573,709,793,817,786,690,547,365,173,-31,-232,-407,-548,-660,-717,-715,-666,-564,-439,-280,-105,72,240,389,506,578,607,603,564,480,354,218,63,-94,-237,-354,-451,-508,-532,-533,-469,-383,-284,-150,-40,76,179,276,366,407,416,396,361,311,239,159,66,-33,-116,-192,-243,-310,-342,-357,-343,-313,-259,-196,-114,-12,74,160,242,302,348,373,369,328,260,175,87,-9,-102,-199,-277,-327,-349,-342,-313,-264,-194,-101,-3,88,176,255,300,318,318,296,239,154,65,-29,-125,-198,-246,-277,-283,-253,-199,-132,-51,42,124,182,213,214,177,115,46,648,469,0,-185,258,-170,-150,-87,-10,77,166,236,273,269,237,173,91,2,-92,-181,-246,-291,-312,-291,-259,-198,-108,-17,86,164,231,287,307,306,283,232,165,84,0,-72,-169,-234,-272,-293,-297,-289,-247,-183,-112,-30,48,118,178,227,262,287,285,258,227,164,110,44,-33,-108,-182,-252,-276,-290,-305,-288,-244,-193,-128,-46,33,108,188,250,285,315,316,299,252,194,126,40,-44,-121,-192,-245,-296,-316,-318,-288,-241,-185,-115,-31,49,128,195,248,284,301,297,273,227,179,128,43,-31,-95,-164,-209,-258,-276,-265,-264,-229,-183,-127,-50,12,76,141,193,237,257,267,252,-584,194,149,86,20,-46,-102,-153,-203,-245,-254,-248,-239,-207,-168,-127,-69,-6,48,105,152,192,228,242,241,237,209,179,143,91,31,-31,-87,-143,-190,-229,-272,-288,-277,-262,-235,-196,-140,-74,1,92,175,257,330,373,408,419,407,354,284,189,81,-50,-198,-336,-451,-539,-595,-599,-573,-503,-379,-234,-63,130,313,474,601,702,736,727,675,550,382,189,-14,-226,-426,-587,-701,-780,-800,-757,-663,-522,-334,-134,85,286,474,628,730,785,781,729,620,473,313,128,-74,-273,-449,-583,-693,-756,-758,-717,-630,-511,-351,-167,17,221,407,556,683,773,802,781,705,591,-910,-856,0,661,522,-652,-488,-284,-47,200,432,642,808,919,987,975,892,745,542,284,11,-261,-522,-757,-942,-1056,-1101,-1060,-957,-772,-529,-250,44,349,634,869,1064,1177,1192,1130,998,784,513,211,-117,-450,-738,-980,-1149,-1234,-1237,-1155,-988,-756,-473,-144,194,514,805,1054,1215,1286,1277,1166,968,716,406,60,-271,-594,-887,-1103,-1232,-1291,-1252,-1117,-900,-633,-322,24,353,656,925,1100,1198,1223,1136,991,780,514,217,-89,-397,-657,-865,-1017,-1097,-1083,-993,-849,-654,-421,-156,119,373,599,781,900,968,965,899,769,591,375,132,-117,-358,-568,-737,-852,-907,-909,-843,-723,-540,-327,-94,158,385,571,757,822,864,841,753,607,431,226,4,-213,-410,-568,-682,-745,-762,-721,-621,-489,-325,-129,57,236,392,516,610,653,652,606,523,403,246,82,-75,-237,-371,-470,-534,-570,-569,-520,-431,-318,-187,-57,89,231,325,416,461,470,456,407,349,257,148,32,-73,-163,-243,-305,-352,-372,-368,-347,-306,-260,-187,-88,3,93,171,239,295,340,354,347,326,272,200,109,9,-91,-189,-259,-320,-357,-367,-354,-318,-245,-159,-46,62,149,228,294,332,344,323,288,220,128,37,-49,-142,-229,-280,-296,-298,-271,-215,-148,-72,22,110,179,221,246,242,206,144,69,-16,-91,-137,-158,221,495,0,-900,-886,56,133,201,232,236,197,125,32,-60,-152,-233,-277,-290,-283,-239,-173,-88,14,103,174,244,286,306,298,252,200,121,33,-48,-136,-215,-271,-296,-296,-289,-269,-204,-134,-51,24,95,170,225,267,289,283,268,231,179,117,47,-34,-106,-182,-240,-266,-288,-285,-269,-244,-187,-110,-41,35,118,188,241,289,313,313,294,255,187,117,38,-38,-122,-198,-251,-292,-315,-313,-288,-251,-198,-124,-42,45,119,179,237,283,306,306,284,245,178,112,35,-36,-119,-187,-226,-266,-284,-278,-268,-231,-182,-120,-40,24,89,156,202,239,263,258,259,233,187,132,72,5,-68,-674,-173,-215,-253,-267,-262,-234,-200,-157,-99,-32,27,81,143,183,213,246,247,247,234,198,154,95,31,-22,-76,-131,-165,-206,-242,-258,-256,-245,-227,-192,-145,-81,-7,57,114,183,240,284,325,343,344,313,271,200,120,32,-67,-175,-277,-366,-437,-484,-513,-495,-448,-355,-231,-82,79,237,403,537,626,686,689,630,521,386,215,18,-174,-372,-545,-677,-755,-787,-763,-671,-531,-356,-162,50,257,444,612,736,797,797,736,640,500,313,114,-94,-302,-482,-620,-710,-757,-768,-719,-614,-476,-317,-127,60,245,415,564,679,742,772,756,671,544,395,205,3,-205,-394,-555,101,-337
39087,mtk,MTK 7916,2423750485,rx1-tx1,512,0,0,0,637,900,922,708,304,-186,-627,-902,-943,-736,-341,148,596,881,933,744,357,-117,-554,-843,-910,-729,-361,104,534,813,868,691,330,-117,-527,-787,-834,-656,-293,157,561,810,840,635,259,-190,-591,-841,-854,-640,-250,213,624,866,882,655,240,-234,-645,-893,-907,-686,-283,203,632,902,928,708,305,-175,-606,-883,-930,-728,-345,125,561,838,899,740,383,-66,-488,-771,-850,-717,-399,31,440,714,793,673,382,1,-371,-639,-728,-632,-379,-33,309,563,663,579,353,37,-268,-491,-581,-519,-316,-44,226,419,504,444,272,31,-208,-377,-433,-386,-233,-9,201,341,380,322,176,0,-200,-317,-346,-275,-124,57,210,303,313,233,75,-100,-245,-319,-309,-204,-35,136,271,340,314,204,41,-146,-303,-367,-322,-197,-17,180,329,403,370,232,39,-165,-343,-434,-419,-294,-88,142,321,428,441,338,145,-81,-286,-419,-448,-374,-208,10,217,365,426,388,260,74,-126,-287,-375,-381,-296,-145,28,188,300,332,285,186,52,-90,-212,-271,-258,-197,-107,1,93,163,206,191,137,68,1,-65,-118,-136,-123,-100,-70,-22,25,61,86,106,106,92,67,31,-16,-65,-111,-149,-150,-128,-86,-31,35,105,164,195,192,155,92,17,-55,-122,-169,-186,-174,-144,-104,0,0,0,0,0,83,131,166,176,150,91,6,-86,-167,-218,-232,-193,-109,7,126,227,281,270,190,66,-81,-208,-292,-312,-258,-135,22,177,292,340,305,197,40,-128,-271,-347,-334,-231,-76,92,242,333,330,245,105,-61,-222,-315,-315,-241,-107,48,195,290,293,211,82,-77,-227,-305,-289,-193,-39,125,260,323,290,182,9,-183,-333,-386,-334,-193,8,227,388,442,385,228,0,-247,-442,-516,-460,-275,-11,262,475,574,522,337,62,-239,-481,-601,-572,-397,-117,207,483,625,612,447,164,-158,-441,-627,-641,-487,-210,121,411,596,636,497,218,-101,-390,-577,-607,-462,-205,106,389,0,579,444,177,-147,-432,-599,-598,-431,-143,192,483,643,632,446,131,-233,-539,-702,-678,-461,-117,269,594,770,737,500,121,-298,-644,-824,-792,-541,-135,315,688,887,852,586,161,-323,-739,-966,-937,-657,-194,321,757,997,984,717,255,-289,-766,-1036,-1036,-767,-298,256,752,1041,1054,796,340,-216,-727,-1052,-1085,-827,-366,191,700,1019,1069,842,387,-163,-652,-973,-1045,-830,-398,127,613,930,993,791,382,-124,-587,-889,-941,-744,-347,137,580,867,919,713,316,-158,-589,-859,-896,-682,-292,183,612,874,891,664,261,-210,-626,-875,-890,-670,-271,195,618,884,910,685,275,-205,-627,0,0,0,0,0,-686,-282,208,647,912,940,723,321,-159,-611,-905,-952,-750,-357,127,572,859,922,748,370,-102,-533,-822,-895,-717,-341,111,513,789,850,671,306,-139,-547,-802,-841,-650,-277,172,577,822,850,645,261,-202,-609,-847,-862,-647,-251,226,648,892,895,667,269,-205,-638,-898,-917,-704,-301,181,617,889,932,719,325,-144,-574,-861,-919,-731,-360,98,522,810,883,725,387,-45,-456,-743,-825,-697,-392,8,400,677,768,656,383,27,-330,-593,-689,-599,-358,-32,292,527,613,547,337,43,-246,-457,-540,-476,-292,-44,215,405,467,405,249,23,-198,-348,-401,-345,-196,0,196,339,0,288,138,-45,-216,-321,-331,-245,-90,83,230,316,309,212,59,-111,-255,-331,-317,-208,-38,143,285,350,316,194,12,-178,-321,-386,-356,-234,-36,175,340,412,378,251,57,-159,-341,-440,-423,-299,-107,106,310,424,441,355,178,-46,-249,-398,-443,-383,-233,-32,172,328,409,393,274,101,-82,-243,-346,-359,-295,-168,-13,138,256,310,281,198,81,-48,-155,-218,-232,-192,-112,-26,52,114,156,161,134,86,31,-26,-69,-101,-110,-101,-88,-67,-36,9,61,97,116,116,109,80,34,-21,-78,-132,-169,-173,-144,-89,-20,52,125,180,202,194,157,99,32,-32,-85,-118,0,0,0,0,0,-113,-82,-28,47,123,182,210,199,140,60,-47,-154,-231,-258,-235,-155,-33,101,208,279,283,221,104,-48,-193,-290,-323,-280,-163,-5,153,281,345,314,211,64,-105,-254,-343,-344,-254,-97,84,228,313,323,252,120,-44,-202,-308,-318,-227,-83,79,218,282,277,205,68,-102,-244,-316,-293,-184,-16,154,280,341,312,192,2,-201,-357,-416,-361,-203,19,248,422,489,424,244,0,-253,-453,-539,-485,-314,-40,255,482,584,542,359,82,-231,-480,-619,-606,-429,-135,188,473,629,633,479,198,-129,-422,-614,-635,-481,-214,108,408,596,623,484,217,-99,-386,-566,-591,-457,0,131,407,580,593,430,150,-176,-453,-610,-612,-437,-131,219,509,668,649,455,121,-249,-559,-734,-702,-470,-108,291,622,789,755,520,125,-316,-671,-858,-823,-564,-150,318,712,927,901,625,174,-328,-746,-980,-961,-691,-221,311,767,1030,1024,744,275,-279,-766,-1043,-1045,-790,-312,249,739,1036,1064,815,352,-206,-715,-1022,-1064,-829,-386,168,674,1001,1055,833,402,-130,-630,-954,-1020,-809,-388,113,587,905,973,772,368,-129,-585,-880,-930,-721,-325,156,590,859,898,693,298,-178,-603,-870,-902,-688,-284,197,621,873,888,671,271,-204,-629,-888,-906,-682,-275,203,621,878,904,688,0,0
39088,mtk,MTK 7916,2423750485,rx2-tx0,512,0,0,0,646,160,-371,-804,-1018,-951,-632,-144,383,802,1000,932,606,120,-394,-796,-969,-878,-550,-72,419,789,936,828,492,21,-462,-800,-914,-771,-406,71,523,829,904,728,334,-152,-600,-878,-911,-686,-271,231,668,924,920,660,215,-295,-722,-947,-909,-621,-154,358,765,950,869,552,71,-434,-811,-957,-831,-470,35,536,884,982,810,391,-151,-654,-974,-1039,-818,-356,223,759,1090,1128,861,352,-269,-829,-1171,-1199,-910,-369,282,858,1211,1246,951,400,-260,-846,-1210,-1256,-972,-432,224,816,1184,1232,962,439,-193,-771,-1136,-1198,-935,-423,187,734,1082,1137,885,398,-186,-717,-1049,-1083,-823,0,222,719,1009,1027,768,297,-263,-742,-1010,-993,-703,-223,323,785,1024,986,669,166,-385,-838,-1067,-998,-648,-115,466,925,1134,1042,661,87,-528,-1006,-1226,-1119,-706,-101,540,1053,1295,1196,783,154,-524,-1069,-1348,-1276,-859,-220,476,1071,1392,1346,948,301,-423,-1027,-1382,-1393,-1038,-398,341,991,1395,1449,1123,509,-227,-907,-1370,-1483,-1220,-664,59,765,1271,1466,1296,810,145,-539,-1092,-1365,-1295,-925,-352,293,844,1176,1214,957,484,-78,-597,-952,-1067,-921,-563,-94,369,722,890,834,576,200,-196,-529,-718,-729,-570,-292,36,340,548,626,566,392,143,-113,-321,-450,-480,-423,-298,-144,8,0,0,0,0,0,327,328,265,137,-37,-231,-400,-505,-517,-430,-254,-15,240,453,577,578,442,203,-80,-355,-552,-619,-543,-335,-38,269,505,626,599,423,138,-184,-465,-629,-635,-479,-206,119,419,609,634,496,228,-99,-395,-581,-616,-485,-211,120,412,596,618,467,178,-164,-471,-649,-651,-478,-168,207,542,732,723,524,179,-228,-586,-797,-801,-594,-220,215,605,842,858,651,272,-194,-616,-874,-898,-692,-304,171,613,883,921,724,330,-154,-599,-885,-944,-753,-357,136,588,889,957,770,381,-107,-573,-891,-967,-787,-405,85,552,869,959,793,410,-79,-541,-858,-943,-778,-406,75,533,843,924,0,370,-94,-535,-839,-904,-714,-336,130,568,855,904,700,301,-183,-623,-890,-909,-679,-266,231,672,929,930,675,222,-287,-721,-967,-950,-667,-202,324,762,999,966,669,183,-360,-814,-1040,-986,-661,-161,386,833,1059,989,638,120,-436,-873,-1068,-966,-600,-68,485,909,1086,963,569,14,-543,-952,-1098,-941,-535,23,583,980,1114,946,509,-67,-621,-1008,-1117,-922,-479,97,645,1025,1123,911,450,-128,-671,-1023,-1097,-875,-415,163,691,1026,1077,838,372,-198,-707,-1020,-1055,-802,-329,233,729,1019,1039,777,300,-256,-738,-1017,-1021,-747,-265,286,755,1014,1000,711,230,-313,-767,-1014,-980,-682,0,0,0,0,0,804,1015,959,640,152,-376,-803,-1007,-940,-621,-133,394,797,982,902,578,96,-402,-788,-955,-854,-522,-47,438,791,923,798,450,-24,-492,-817,-905,-742,-376,108,562,854,904,699,299,-189,-642,-912,-914,-667,-237,270,703,934,910,635,190,-312,-734,-952,-894,-587,-114,383,773,948,849,509,21,-481,-843,-964,-814,-431,88,588,933,1019,809,362,-192,-700,-1033,-1083,-830,-346,247,793,1134,1166,877,343,-287,-847,-1196,-1229,-937,-390,267,854,1210,1252,962,413,-241,-824,-1186,-1239,-969,-440,207,793,1156,1213,952,439,-189,-760,-1117,-1168,-909,-411,188,724,1060,1107,854,367,-207,-714,0,-1058,-792,-315,238,721,1001,1003,731,255,-295,-765,-1020,-984,-680,-192,359,819,1044,981,656,143,-421,-879,-1097,-1014,-649,-99,496,965,1183,1079,676,84,-539,-1030,-1255,-1158,-751,-135,532,1067,1333,1244,830,194,-494,-1070,-1368,-1307,-904,-266,450,1057,1387,1355,978,338,-396,-1024,-1394,-1420,-1083,-456,295,970,1385,1459,1172,580,-161,-854,-1332,-1478,-1261,-741,-42,664,1199,1435,1314,877,243,-430,-985,-1286,-1272,-954,-431,180,722,1067,1144,949,530,10,-489,-841,-977,-872,-568,-147,281,624,803,779,575,254,-114,-434,-638,-682,-570,-340,-47,240,456,556,541,425,236,24,-164,-294,-356,-351,0,0,0,0,0,26,161,298,409,459,425,306,116,-115,-336,-496,-565,-523,-362,-122,157,414,577,601,496,274,-19,-315,-536,-631,-573,-380,-94,225,487,631,621,459,171,-158,-444,-620,-641,-498,-226,105,406,592,623,490,232,-94,-395,-587,-616,-472,-199,138,436,616,633,471,166,-189,-504,-691,-689,-500,-169,222,563,763,766,558,195,-224,-599,-828,-835,-619,-240,210,607,851,882,672,284,-189,-615,-877,-915,-715,-321,159,596,881,937,743,352,-137,-593,-894,-956,-766,-373,118,579,893,969,780,387,-100,-565,-884,-963,-786,-409,76,547,870,950,778,407,-75,-532,-842,-933,-771,-396,88,0,839,909,737,364,-113,-557,-842,-895,-710,-324,157,598,870,905,683,277,-207,-640,-900,-910,-671,-248,263,701,946,942,670,209,-308,-747,-991,-959,-664,-185,347,792,1023,976,660,162,-377,-816,-1041,-983,-652,-135,415,849,1054,969,619,94,-459,-889,-1072,-962,-588,-44,511,932,1093,955,551,-6,-564,-968,-1113,-948,-521,50,609,998,1122,934,493,-90,-643,-1023,-1125,-915,-461,113,652,1017,1105,892,431,-141,-673,-1019,-1085,-851,-388,180,703,1030,1072,822,347,-219,-722,-1025,-1053,-791,-314,244,733,1023,1030,757,281,-273,-750,-1021,-1011,-725,-247,292,756,1015,989,697,217,-318,-755,0,0
39089,mtk,MTK 7916,2423750485,rx2-tx1,512,0,0,0,-533,-308,1,292,487,566,497,296,30,-233,-437,-528,-475,-296,-48,199,386,469,422,265,56,-162,-330,-398,-362,-245,-59,131,269,320,289,190,49,-92,-204,-257,-232,-142,-27,77,151,185,158,83,-2,-74,-110,-104,-58,-12,33,59,45,9,-37,-76,-89,-59,4,83,141,173,157,95,-19,-144,-252,-296,-260,-143,25,202,340,407,370,216,-7,-233,-416,-508,-467,-292,-34,244,475,601,571,385,96,-222,-498,-655,-643,-461,-174,173,491,688,699,537,237,-125,-469,-696,-743,-584,-290,86,429,667,742,631,339,-38,-410,-661,-737,-634,-361,5,361,624,714,619,374,0,-329,-596,-709,-630,-378,-37,303,564,670,595,367,45,-302,-557,-650,-574,-347,-15,314,554,646,562,316,-8,-339,-593,-681,-574,-301,52,392,640,715,595,324,-44,-409,-669,-758,-642,-344,55,445,723,803,677,383,-31,-455,-753,-858,-750,-444,-3,428,763,919,828,510,57,-408,-777,-964,-908,-616,-166,333,759,983,977,722,286,-225,-677,-973,-1031,-837,-432,65,548,892,1016,907,593,124,-371,-756,-943,-904,-664,-277,169,567,814,854,696,393,19,-364,-646,-765,-704,-480,-156,190,484,650,663,535,295,6,-268,-478,-573,-546,-426,-232,1,207,352,417,406,330,214,87,0,0,0,0,0,-199,-172,-114,-27,74,177,260,314,302,230,112,-31,-169,-271,-325,-318,-234,-97,50,192,296,326,286,185,38,-119,-243,-313,-314,-242,-112,46,187,277,308,262,160,27,-117,-227,-270,-258,-183,-65,63,167,231,233,175,73,-28,-111,-174,-184,-133,-61,10,70,106,109,81,30,-24,-69,-73,-45,-17,21,57,57,29,-12,-53,-93,-119,-101,-42,43,129,191,195,155,62,-50,-164,-256,-296,-254,-143,14,173,295,360,332,210,41,-142,-312,-399,-387,-278,-94,119,297,406,417,324,149,-61,-246,-378,-423,-352,-178,37,234,364,406,347,186,-7,-197,-342,-394,-337,0,11,190,329,379,310,173,-8,-209,-349,-374,-300,-147,50,220,342,383,316,155,-56,-259,-383,-393,-304,-129,83,276,405,409,307,116,-115,-315,-425,-432,-314,-110,133,350,477,465,336,122,-135,-359,-491,-482,-345,-120,136,367,497,491,349,115,-156,-379,-503,-478,-319,-74,187,407,513,468,294,38,-243,-460,-560,-507,-304,-3,295,527,617,537,310,-1,-329,-571,-667,-589,-337,1,329,589,700,629,388,42,-324,-615,-750,-689,-446,-83,315,627,772,719,486,126,-274,-603,-775,-762,-561,-209,188,525,730,760,597,285,-99,-463,-690,-736,-602,-317,37,369,596,665,564,0,0,0,0,0,-314,-525,-595,-517,-308,-22,262,464,543,487,304,36,-218,-408,-490,-445,-285,-56,174,346,425,390,249,57,-142,-298,-367,-328,-202,-44,116,237,299,275,174,41,-95,-194,-221,-194,-114,-13,73,130,148,113,43,-22,-60,-80,-59,-15,32,54,58,27,-40,-99,-127,-123,-72,21,118,194,236,221,129,-22,-185,-307,-351,-301,-168,22,215,373,454,424,256,7,-255,-465,-559,-511,-338,-62,250,506,633,606,431,136,-202,-500,-679,-685,-509,-194,158,478,690,721,561,271,-104,-459,-692,-744,-602,-312,60,417,674,749,629,349,-18,-380,-640,-736,-636,-374,-23,333,606,0,645,391,43,-310,-570,-677,-611,-384,-48,305,557,661,589,359,29,-302,-551,-653,-575,-332,9,330,566,662,581,327,-28,-376,-606,-675,-573,-312,37,390,643,730,612,328,-48,-427,-698,-785,-657,-362,48,451,743,843,718,408,-21,-451,-771,-890,-782,-476,-41,424,778,939,865,572,117,-374,-776,-985,-942,-667,-229,276,721,986,1010,768,337,-157,-621,-951,-1048,-894,-521,-31,452,821,997,920,626,194,-263,-650,-879,-896,-704,-349,80,468,736,822,710,437,79,-284,-571,-716,-690,-510,-228,91,378,568,625,555,368,110,-143,-356,-491,-520,-444,-299,-128,38,179,264,286,0,0,0,0,0,-53,-147,-218,-259,-264,-227,-143,-23,106,217,293,321,280,180,47,-100,-233,-312,-318,-261,-151,2,161,277,320,292,201,73,-72,-211,-303,-310,-257,-146,6,155,263,306,271,175,46,-92,-200,-249,-237,-171,-75,28,126,193,205,162,76,-22,-99,-155,-153,-113,-65,-4,60,89,87,58,6,-34,-54,-56,-22,29,69,83,71,38,-31,-101,-152,-165,-133,-44,63,160,224,243,199,91,-43,-178,-284,-325,-287,-181,-22,157,310,376,353,255,78,-125,-298,-396,-403,-297,-119,84,275,393,410,337,184,-33,-248,-385,-419,-343,-184,20,220,351,389,330,189,-6,-207,0,-394,-331,-179,17,201,334,380,317,157,-39,-223,-348,-379,-312,-153,52,251,372,393,302,135,-70,-275,-400,-403,-297,-119,105,308,423,418,309,106,-130,-339,-462,-466,-330,-103,147,358,488,477,344,119,-143,-364,-480,-486,-364,-123,147,372,494,486,340,96,-178,-393,-503,-478,-308,-48,224,442,543,488,291,14,-275,-497,-588,-517,-298,6,312,542,643,571,330,1,-324,-565,-670,-594,-355,-19,337,612,717,642,410,67,-309,-619,-763,-702,-459,-105,277,602,777,744,524,181,-220,-565,-766,-758,-564,-241,138,490,711,745,585,287,-68,-406,-633,-695,-578,-318,12,329,0,0
39090,mtk,MTK 7916,2423795744,rx0-tx0,512,-349,-713,-555,265,400,515,583,609,591,508,367,205,20,-167,-352,-515,-629,-688,-678,-604,-477,-312,-107,105,315,491,623,710,709,644,531,365,172,-40,-258,-440,-587,-667,-686,-643,-540,-405,-237,-33,165,330,460,553,596,584,528,431,298,148,-15,-153,-281,-389,-463,-498,-486,-455,-384,-285,-180,-52,77,203,307,407,474,501,505,457,365,261,116,-47,-207,-375,-493,-560,-596,-583,-511,-382,-216,-33,157,343,499,600,648,638,569,446,267,70,-137,-324,-478,-582,-618,-617,-540,-412,-250,-60,127,290,414,502,540,515,442,334,204,57,-82,-211,-307,-370,-393,-381,-321,-244,-159,-66,-511,96,170,213,228,220,199,166,123,91,45,1,-24,-47,-63,-83,-93,-102,-116,-123,-137,-135,-111,-104,-91,-50,3,57,120,181,228,266,256,245,193,122,49,-48,-147,-231,-292,-337,-334,-314,-260,-171,-72,40,145,236,303,338,359,348,291,217,114,4,-100,-204,-293,-342,-366,-367,-321,-253,-170,-64,59,178,271,342,374,375,334,271,181,61,-49,-161,-258,-318,-352,-366,-339,-260,-172,-74,42,146,224,281,315,320,279,222,153,52,-38,-116,-185,-235,-258,-258,-228,-174,-113,-46,25,100,159,187,205,198,165,122,65,8,-57,-111,-148,-163,-151,-122,-67,-20,-791,-830,1179,-864,-564,-162,-207,-211,-170,-90,14,124,222,285,310,295,236,144,32,-96,-203,-292,-350,-366,-337,-268,-170,-47,83,206,307,374,407,403,350,263,145,-1,-142,-266,-365,-413,-430,-401,-325,-219,-103,31,167,272,357,411,424,396,317,221,119,-12,-130,-241,-332,-388,-408,-398,-339,-259,-159,-46,81,184,284,368,399,404,361,291,206,102,-9,-118,-222,-297,-354,-379,-370,-340,-269,-184,-79,32,145,252,320,368,388,387,345,272,173,63,-74,-184,-279,-360,-403,-420,-384,-321,-241,-123,8,131,253,344,414,439,435,392,297,191,67,-67,-202,-314,-391,-436,-447,-424,-353,-265,-330,-16,127,251,346,412,443,450,410,332,218,92,-39,-168,-283,-370,-438,-469,-441,-381,-307,-210,-76,52,176,288,374,438,469,464,420,340,238,114,-28,-174,-318,-420,-502,-551,-555,-501,-399,-271,-102,77,254,407,536,621,658,631,550,410,229,30,-170,-373,-536,-655,-727,-730,-668,-545,-365,-146,84,318,532,677,775,812,769,646,452,224,-21,-285,-511,-671,-781,-810,-771,-659,-485,-268,-29,203,419,595,707,742,717,633,494,310,103,-101,-288,-447,-564,-636,-649,-606,-507,-368,-208,-43,124,282,410,499,546,549,512,434,323,198,40,-108,-248,-376,-465,-535,-552,-522,-1242,-1220,-729,410,590,518,432,303,140,-27,-208,-386,-519,-607,-648,-631,-569,-440,-269,-66,147,344,501,624,695,701,638,510,344,135,-91,-291,-469,-605,-684,-707,-651,-542,-381,-189,15,221,391,524,615,653,615,528,416,264,94,-82,-246,-381,-478,-538,-544,-500,-434,-335,-214,-84,48,164,295,380,446,477,473,433,369,282,154,30,-105,-254,-371,-472,-543,-554,-532,-449,-316,-165,-3,178,353,499,590,624,613,547,420,253,64,-137,-325,-490,-605,-648,-638,-562,-433,-255,-67,122,311,450,548,591,571,497,381,227,56,-114,-252,-359,-434,-468,-452,-390,-292,-179,-69,54,168,243,291,308,1105,255,212,142,67,-2,-57,-106,-129,-144,-159,-144,-127,-116,-101,-94,-78,-65,-41,-12,15,52,76,98,142,184,199,197,184,146,93,25,-62,-131,-214,-255,-292,-309,-286,-227,-147,-51,54,147,241,315,351,359,335,274,186,88,-19,-131,-223,-300,-347,-362,-352,-309,-238,-132,-37,77,194,277,332,372,376,341,272,171,55,-61,-172,-259,-337,-372,-366,-338,-267,-177,-79,27,143,243,295,338,344,307,243,165,67,-39,-134,-205,-267,-299,-288,-262,-210,-135,-51,31,115,171,208,225,226,200,144,88,31,-36,-95,-142,-168,-180,-171,-138,-87,-24,34,90,118,123,-302,-57,1145,885,1092,-90,-11,86,179,249,275,256,188,96,-9,-124,-228,-299,-332,-327,-279,-204,-96,31,157,264,338,382,383,342,261,148,27,-109,-235,-331,-402,-425,-401,-338,-233,-108,26,167,289,377,423,437,395,320,225,107,-23,-157,-269,-342,-399,-416,-392,-337,-246,-129,-7,121,228,314,372,404,390,339,279,174,55,-58,-170,-255,-320,-368,-386,-368,-321,-239,-146,-31,70,172,265,331,377,384,365,307,220,119,14,-103,-213,-305,-371,-406,-413,-366,-310,-206,-92,37,164,263,352,420,434,420,365,273,161,37,-90,-226,-334,-403,-442,-452,-410,-328,-225,-102,30,166,281,362,826,453,434,370,283,169,54,-78,-210,-323,-402,-438,-447,-418,-353,-265,-162,-29,107,226,326,415,468,465,431,360,264,153,31,-104,-235,-348,-425,-482,-504,-484,-410,-295,-181,-33,122,287,415,521,590,606,564,477,351,176,-13,-208,-393,-539,-647,-698,-684,-611,-471,-302,-96,132,351,534,681,757,770,725,591,406,197,-45,-297,-525,-693,-788,-827,-790,-663,-476,-253,3,245,461,634,747,791,763,665,501,280,56,-166,-362,-531,-646,-696,-681,-611,-491,-339,-155,38,221,383,497,565,595,576,510,401,268,127,-31,-184,-323,-426,-504,-547,-534,-492,-395,-279,-137,23,174,-117,254
39091,mtk,MTK 7916,2423795744,rx0-tx1,512,87,280,60,99,286,439,568,645,670,644,555,414,237,30,-187,-384,-553,-684,-760,-764,-707,-590,-415,-201,26,256,474,654,782,838,825,743,606,411,174,-76,-325,-550,-732,-849,-902,-885,-785,-617,-392,-137,126,384,612,791,907,946,919,807,625,395,133,-151,-414,-645,-836,-951,-998,-968,-853,-664,-417,-134,161,446,700,904,1037,1086,1026,892,688,408,94,-231,-540,-807,-1000,-1111,-1127,-1044,-874,-618,-322,17,344,630,875,1044,1115,1092,983,784,529,225,-98,-405,-677,-891,-1032,-1075,-1033,-911,-698,-437,-140,167,453,694,874,987,1015,959,822,609,351,76,-212,-472,-691,-853,-930,-937,-689,-748,-549,-313,-57,206,448,657,812,905,926,868,743,566,337,78,-189,-449,-682,-860,-966,-1004,-943,-810,-609,-352,-51,258,556,812,993,1107,1121,1028,845,576,245,-113,-457,-772,-1022,-1184,-1229,-1163,-996,-716,-375,7,386,726,996,1171,1236,1181,1025,774,443,74,-290,-619,-885,-1071,-1152,-1113,-986,-770,-479,-158,178,485,729,908,999,997,899,723,491,217,-59,-328,-565,-736,-825,-850,-792,-665,-492,-268,-36,191,398,558,664,717,692,600,461,283,86,-121,-305,-453,-558,-609,-598,-525,-401,-237,-53,133,294,421,503,524,482,381,229,67,-109,-258,-359,-402,-372,-286,-164,-41,717,612,0,-461,-553,91,173,227,246,220,153,55,-58,-161,-249,-300,-315,-289,-223,-137,-30,73,170,260,310,333,328,282,210,123,26,-86,-183,-271,-344,-383,-379,-343,-276,-185,-75,48,175,300,389,445,467,450,382,270,128,-28,-194,-342,-461,-540,-562,-535,-458,-321,-163,14,199,352,478,566,602,567,493,355,181,7,-169,-336,-471,-567,-598,-569,-499,-380,-230,-59,118,276,417,517,568,558,503,406,266,111,-48,-204,-337,-434,-490,-507,-474,-397,-301,-172,-30,100,230,329,402,436,423,382,308,213,110,-2,-112,-203,-273,-330,-348,-336,-310,-250,-182,-103,-7,87,167,227,272,303,-130,283,237,184,105,23,-64,-133,-191,-249,-271,-273,-256,-215,-161,-99,-30,35,98,148,184,200,208,202,182,150,123,86,49,10,-30,-71,-110,-146,-181,-210,-230,-230,-224,-195,-141,-81,-6,84,168,245,320,364,372,361,311,236,125,1,-135,-258,-368,-459,-496,-495,-457,-373,-252,-100,65,223,369,495,560,579,549,469,348,189,16,-154,-312,-450,-546,-592,-589,-528,-419,-278,-113,58,218,359,466,524,534,508,444,335,206,73,-65,-197,-302,-378,-427,-439,-426,-381,-308,-228,-123,-14,83,176,257,323,381,412,415,390,336,254,156,38,-92,-221,-345,-450,-515,-536,265,0,504,-715,-768,624,562,463,330,151,-41,-239,-421,-569,-673,-727,-716,-634,-507,-331,-114,112,329,525,676,766,796,766,667,510,301,67,-173,-401,-601,-757,-853,-870,-821,-699,-512,-281,-29,232,473,684,837,915,923,854,711,513,260,-7,-276,-527,-729,-874,-958,-963,-883,-742,-533,-271,3,290,555,773,933,1022,1029,948,786,558,284,-28,-344,-619,-861,-1035,-1111,-1096,-981,-780,-515,-209,126,444,729,947,1083,1131,1067,924,703,417,99,-222,-527,-785,-976,-1088,-1100,-1019,-854,-622,-333,-17,288,575,807,960,1038,1031,933,757,527,254,-41,-330,-591,-801,-926,-980,-961,-853,-688,-455,-191,74,261,569,757,876,929,904,805,651,444,202,-66,-328,-556,-745,-879,-945,-938,-854,-700,-475,-223,61,356,609,823,976,1051,1037,927,721,460,155,-178,-504,-793,-1021,-1158,-1182,-1104,-921,-654,-322,45,408,747,1023,1188,1250,1183,1008,741,408,37,-332,-669,-952,-1134,-1204,-1158,-1010,-777,-474,-118,230,547,818,1000,1090,1072,947,751,489,195,-116,-409,-644,-825,-914,-917,-847,-697,-484,-243,11,260,469,636,744,775,735,637,474,289,79,-146,-340,-499,-606,-655,-644,-566,-440,-274,-86,110,285,432,528,571,548,464,336,174,-10,-180,-335,-433,-471,-452,-360,-232,-74,80,205,280,299,-273,-465,0,297,51,179,137,58,-43,-145,-231,-285,-286,-251,-181,-84,22,133,223,289,323,317,283,214,114,21,-87,-187,-268,-326,-355,-345,-304,-239,-147,-37,78,184,280,352,402,412,392,329,225,106,-30,-171,-311,-426,-499,-527,-501,-420,-304,-149,19,197,362,492,563,590,555,465,340,177,-12,-199,-368,-505,-573,-591,-569,-494,-371,-204,-21,153,311,448,536,580,561,500,397,252,83,-91,-244,-381,-482,-532,-540,-494,-401,-277,-141,7,159,284,379,448,464,443,387,296,187,59,-62,-173,-273,-339,-379,-388,-356,-300,-230,-146,-45,45,136,215,268,311,328,312,271,210,141,56,245,-114,-180,-237,-280,-294,-281,-241,-202,-137,-56,15,88,152,198,230,240,235,210,172,128,77,31,-22,-76,-110,-143,-167,-177,-186,-184,-178,-155,-128,-91,-52,-1,57,113,176,229,272,303,307,281,237,170,65,-35,-147,-253,-349,-419,-454,-445,-394,-312,-192,-46,96,242,376,481,539,546,496,424,301,144,-21,-196,-349,-478,-559,-589,-572,-508,-397,-248,-77,100,272,414,521,579,582,537,445,316,158,-2,-146,-287,-395,-460,-486,-480,-430,-350,-250,-140,-26,88,197,283,345,391,404,394,369,310,234,147,38,-71,-178,-283,-366,-432,-472,-472,-443,-375,-270,-133,23,482,551
39092,mtk,MTK 7916,2423795744,rx1-tx0,512,0,-150,-439,-383,-603,-774,-868,-888,-848,-725,-541,-313,-18,285,553,775,937,1030,1023,925,742,506,208,-123,-436,-729,-965,-1104,-1155,-1099,-956,-708,-397,-44,317,654,952,1157,1254,1242,1123,903,586,222,-160,-539,-867,-1122,-1282,-1320,-1237,-1061,-780,-432,-42,362,716,1019,1237,1342,1317,1173,934,615,236,-155,-544,-883,-1131,-1280,-1328,-1243,-1061,-780,-421,-37,345,706,990,1179,1263,1227,1090,862,552,194,-166,-504,-797,-1018,-1134,-1150,-1068,-892,-638,-349,-35,291,561,790,946,1003,987,886,704,486,234,-60,-338,-565,-744,-851,-899,-868,-754,-594,-390,-140,116,346,569,731,826,842,790,663,477,273,216,-192,-423,-608,-733,-781,-754,-684,-552,-345,-124,99,322,491,618,682,701,646,531,386,198,-3,-194,-348,-484,-557,-599,-573,-505,-389,-231,-77,79,232,343,430,476,483,440,364,264,139,18,-105,-211,-295,-362,-393,-376,-321,-263,-183,-87,7,80,152,209,242,268,253,233,211,165,108,51,-16,-84,-135,-192,-226,-248,-262,-268,-238,-185,-125,-35,63,138,214,284,323,322,291,246,179,84,-7,-123,-220,-283,-335,-339,-316,-260,-155,-53,39,143,240,301,324,316,275,208,116,6,-88,-181,-254,-280,-279,-245,-180,-95,-6,84,156,207,228,206,152,78,1,-73,-123,648,469,0,-185,258,-13,-109,-205,-271,-289,-250,-172,-52,84,200,289,341,356,322,244,143,14,-118,-241,-331,-374,-395,-369,-296,-185,-65,60,195,296,369,406,410,364,274,164,40,-106,-229,-315,-396,-431,-419,-390,-302,-179,-53,78,200,301,380,420,421,388,328,213,103,-21,-162,-272,-360,-410,-434,-401,-338,-249,-131,-17,100,222,302,373,391,392,366,297,197,76,-47,-139,-240,-324,-359,-378,-380,-326,-240,-154,-40,76,180,269,331,359,351,323,273,205,102,1,-89,-186,-258,-298,-321,-308,-268,-215,-145,-65,23,107,173,228,263,272,265,226,175,110,56,-25,-101,-137,-182,-222,-584,-238,-214,-176,-118,-62,-6,71,129,170,202,203,203,180,138,98,44,4,-34,-81,-109,-131,-149,-143,-141,-113,-96,-90,-59,-38,-2,21,46,70,83,121,137,149,161,153,145,131,89,37,-21,-77,-144,-200,-249,-296,-313,-305,-256,-193,-105,10,119,245,358,447,490,498,467,368,238,75,-111,-287,-451,-561,-627,-650,-611,-499,-334,-150,70,287,470,614,699,730,701,589,420,231,13,-220,-426,-589,-714,-780,-762,-667,-525,-341,-121,117,326,498,646,732,748,707,599,454,266,63,-150,-352,-519,-647,-721,-728,-688,-596,-440,-263,-67,148,354,528,658,752,778,722,-910,-856,0,661,522,-753,-624,-424,-185,67,323,569,752,902,974,949,840,654,408,116,-196,-497,-746,-948,-1073,-1087,-1013,-861,-613,-311,33,378,692,961,1132,1206,1176,1044,812,495,126,-246,-605,-920,-1149,-1274,-1284,-1187,-981,-685,-328,66,443,793,1075,1262,1337,1285,1118,862,527,133,-268,-635,-946,-1184,-1310,-1334,-1234,-1009,-695,-331,59,450,788,1066,1241,1301,1249,1091,824,490,120,-261,-598,-887,-1101,-1209,-1199,-1084,-879,-596,-270,69,403,691,906,1030,1089,1026,887,687,415,123,-176,-457,-676,-830,-926,-951,-875,-737,-539,-307,-49,218,451,640,786,869,858,776,640,437,206,-33,-280,-501,-660,-756,757,-770,-673,-521,-311,-78,155,361,559,688,738,742,660,525,346,155,-45,-257,-420,-554,-633,-655,-604,-516,-380,-214,-48,127,288,430,515,544,538,478,385,265,123,-33,-170,-285,-381,-437,-449,-421,-347,-268,-164,-45,71,161,228,290,322,318,287,250,188,129,59,-15,-66,-127,-179,-221,-244,-254,-247,-225,-196,-137,-76,-10,66,158,216,269,306,289,257,219,148,60,-40,-128,-199,-277,-317,-326,-318,-252,-177,-79,33,129,235,304,325,334,309,238,145,37,-68,-169,-244,-293,-302,-282,-245,-163,-66,34,126,204,246,255,238,185,114,23,-71,-139,-178,-178,-152,-91,221,495,0,-900,-886,-201,-210,-157,-60,63,179,270,331,330,279,185,76,-54,-178,-281,-350,-384,-368,-315,-208,-90,34,160,267,348,391,405,364,279,174,56,-75,-217,-330,-394,-437,-432,-367,-289,-180,-44,79,199,318,390,423,422,382,304,196,73,-56,-177,-286,-372,-409,-426,-400,-334,-235,-125,6,139,242,328,385,405,407,356,276,170,54,-48,-170,-274,-355,-400,-387,-362,-315,-220,-120,-21,89,207,287,336,373,361,334,272,189,74,-33,-137,-227,-304,-345,-330,-310,-268,-197,-121,-28,74,158,229,277,299,293,263,210,160,85,9,-70,-147,-201,-223,-244,-251,-218,-173,-141,-81,-674,52,104,153,191,211,230,215,174,138,82,24,-34,-97,-131,-153,-166,-165,-170,-150,-115,-83,-46,-15,20,57,67,86,98,110,123,126,126,106,96,80,45,19,-26,-63,-94,-142,-183,-209,-217,-218,-212,-170,-127,-53,38,136,237,304,377,401,402,374,288,168,36,-106,-261,-404,-502,-573,-591,-549,-441,-282,-105,87,282,463,587,669,705,658,556,392,191,-23,-254,-469,-623,-717,-765,-730,-635,-482,-291,-62,176,387,554,682,760,754,673,549,385,180,-30,-237,-427,-573,-674,-723,-708,-636,-521,-359,-167,46,245,444,590,682,738,735,671,540,374,175,-53,-268,101,-337
39093,mtk,MTK 7916,2423795744,rx1-tx1,512,0,0,0,704,825,757,506,145,-251,-591,-806,-833,-659,-336,58,442,719,829,749,496,127,-261,-575,-747,-742,-566,-268,91,427,652,718,617,363,24,-320,-573,-686,-623,-419,-101,246,526,672,669,499,197,-150,-464,-677,-735,-605,-321,43,392,654,778,710,471,124,-252,-585,-780,-787,-620,-317,62,439,714,815,736,484,128,-253,-579,-773,-782,-624,-326,41,386,644,755,687,468,150,-189,-486,-658,-678,-550,-298,12,318,537,620,570,409,146,-141,-379,-525,-541,-439,-243,-2,233,400,477,439,307,111,-100,-271,-375,-391,-312,-168,8,174,287,324,280,176,49,-89,-201,-258,-248,0,-72,57,161,214,209,162,75,-33,-129,-179,-193,-156,-75,21,107,159,169,136,68,-19,-104,-157,-170,-149,-78,20,109,175,204,174,99,1,-103,-192,-241,-231,-166,-64,54,170,243,260,229,150,22,-111,-225,-292,-291,-230,-117,15,144,260,325,323,240,114,-28,-166,-267,-325,-313,-245,-123,23,157,252,307,300,237,136,8,-126,-220,-280,-289,-241,-142,-26,83,177,252,273,239,166,69,-36,-133,-207,-234,-223,-186,-111,-12,85,163,219,233,205,148,72,-21,-112,-183,-227,-231,-198,-130,-51,36,121,188,226,233,203,143,76,5,-67,-127,-168,-179,-163,-131,0,0,0,0,0,30,8,-25,-61,-88,-106,-110,-87,-42,15,69,121,147,141,108,56,-21,-98,-157,-187,-180,-140,-68,25,121,194,224,210,150,60,-46,-142,-216,-234,-201,-127,-29,87,175,224,225,169,79,-13,-109,-179,-194,-160,-91,-2,86,149,175,148,75,-23,-114,-183,-206,-169,-82,37,160,250,286,253,155,6,-159,-296,-366,-358,-271,-104,100,285,419,467,407,256,37,-209,-416,-541,-538,-409,-192,60,324,534,622,560,382,116,-189,-454,-623,-657,-549,-316,-16,287,531,662,648,481,201,-120,-406,-603,-667,-570,-350,-56,250,505,634,611,446,183,-126,-401,-570,-599,-488,0,36,313,525,622,545,335,47,-255,-517,-650,-618,-435,-145,191,492,685,716,576,286,-76,-427,-688,-791,-715,-464,-86,324,658,852,850,648,285,-159,-579,-863,-948,-818,-501,-52,417,800,1008,985,730,309,-196,-662,-971,-1068,-927,-564,-60,448,851,1068,1032,752,312,-202,-682,-996,-1076,-907,-533,-42,465,861,1054,1002,721,280,-224,-673,-962,-1030,-854,-473,5,474,823,979,905,626,205,-266,-658,-885,-902,-711,-348,92,505,782,871,755,453,53,-360,-684,-839,-790,-557,-196,208,569,791,818,649,322,-77,-456,-724,-819,-721,-452,-73,318,635,805,778,565,221,-178,-524,-749,0,0,0,0,0,-411,-46,343,663,826,798,595,250,-164,-531,-770,-830,-705,-421,-39,348,646,794,761,546,210,-164,-492,-705,-748,-609,-321,34,370,616,706,623,391,68,-270,-547,-683,-649,-453,-148,195,494,681,699,547,255,-99,-441,-680,-747,-637,-385,-38,330,635,785,749,542,206,-176,-518,-743,-804,-677,-401,-26,349,644,794,757,551,225,-145,-484,-712,-780,-671,-406,-56,296,572,716,692,516,233,-91,-391,-599,-666,-574,-358,-68,222,457,584,571,427,197,-65,-299,-455,-507,-442,-284,-66,158,335,423,417,314,136,-58,-221,-323,-358,-310,-184,-20,126,233,284,265,182,62,-66,0,-234,-225,-163,-65,43,133,192,201,150,74,-23,-109,-172,-185,-148,-68,23,98,154,178,153,81,-13,-105,-165,-184,-164,-92,8,102,177,217,198,132,34,-73,-175,-240,-252,-205,-98,31,150,242,298,284,194,68,-63,-193,-289,-312,-269,-180,-55,82,213,305,323,278,183,54,-86,-210,-300,-330,-284,-193,-75,68,197,285,311,282,200,79,-54,-166,-244,-280,-260,-193,-107,-4,107,189,237,248,205,126,34,-64,-152,-208,-232,-215,-162,-83,9,99,173,216,225,199,139,59,-32,-123,-191,-228,-228,-197,-142,-64,27,108,171,212,220,198,156,102,46,-11,-65,0,0,0,0,0,69,80,84,70,44,8,-42,-89,-118,-131,-118,-80,-23,49,114,158,174,157,100,18,-65,-138,-191,-208,-181,-107,-5,92,172,227,233,185,93,-8,-103,-185,-232,-224,-163,-68,41,134,196,207,168,93,-7,-101,-164,-180,-151,-91,-6,89,157,177,149,77,-18,-124,-216,-250,-207,-111,18,158,268,329,310,201,39,-133,-301,-406,-417,-331,-174,37,262,437,509,470,334,108,-144,-378,-542,-590,-499,-305,-33,256,495,625,620,465,212,-92,-375,-584,-673,-608,-404,-113,202,476,640,657,535,285,-25,-323,-547,-648,-591,-402,-126,188,454,605,609,478,236,-69,-359,0,-618,-523,-308,-18,288,520,622,575,390,93,-233,-511,-659,-662,-500,-210,145,472,695,757,644,371,-7,-388,-687,-839,-790,-553,-183,240,624,868,911,739,389,-51,-495,-842,-996,-912,-620,-180,308,727,984,1023,827,436,-61,-554,-920,-1078,-979,-656,-192,315,756,1026,1057,844,432,-79,-574,-939,-1076,-965,-638,-165,341,764,1011,1019,795,386,-114,-577,-896,-1011,-884,-551,-101,370,742,940,918,673,267,-182,-580,-840,-899,-731,-397,21,421,724,858,784,510,123,-287,-634,-816,-801,-604,-260,152,522,768,829,688,385,-9,-392,-679,-807,-747,-502,-141,254,589,782,789,616,300,0,0
39094,mtk,MTK 7916,2423795744,rx2-tx0,512,0,0,0,391,-137,-632,-975,-1086,-939,-554,-35,486,885,1074,1006,692,223,-300,-750,-1015,-1015,-774,-353,152,622,936,1016,845,468,-28,-510,-860,-996,-888,-557,-79,411,794,980,927,635,181,-322,-742,-981,-981,-736,-304,205,667,968,1033,842,450,-62,-555,-906,-1030,-902,-551,-69,435,819,999,931,624,160,-342,-756,-975,-945,-675,-227,278,715,976,1000,760,324,-196,-682,-1005,-1084,-896,-476,68,609,1010,1173,1046,672,132,-447,-928,-1193,-1176,-885,-378,224,766,1126,1227,1036,607,34,-545,-987,-1187,-1112,-779,-255,318,800,1085,1119,884,434,-107,-617,-970,-1082,-932,-563,-66,445,840,1021,952,0,190,-302,-719,-960,-960,-717,-299,189,621,900,956,779,409,-68,-524,-861,-988,-863,-518,-46,447,829,1003,940,649,185,-348,-804,-1058,-1048,-804,-361,193,718,1079,1188,1014,595,30,-559,-1031,-1270,-1209,-864,-324,307,884,1252,1334,1119,628,-10,-644,-1142,-1378,-1296,-920,-333,341,941,1323,1403,1163,662,5,-654,-1164,-1414,-1356,-991,-416,251,871,1294,1418,1233,786,183,-456,-994,-1302,-1326,-1066,-592,-1,571,999,1201,1142,848,385,-145,-616,-936,-1049,-938,-635,-212,231,598,822,869,725,434,72,-279,-558,-714,-715,-566,-311,-15,267,487,599,589,472,287,74,-139,-312,-410,-425,-379,-284,0,0,0,0,0,-138,-269,-382,-456,-469,-407,-269,-72,151,367,529,600,566,424,198,-72,-337,-541,-637,-605,-456,-209,90,374,580,664,603,414,135,-175,-447,-622,-670,-566,-336,-29,284,530,650,623,454,185,-132,-413,-596,-628,-511,-277,25,323,536,620,554,343,36,-281,-533,-663,-629,-429,-116,239,546,729,749,587,278,-111,-489,-754,-839,-735,-462,-75,345,693,881,859,634,263,-178,-585,-858,-930,-786,-458,-14,438,784,948,898,631,210,-260,-668,-922,-960,-773,-401,72,527,854,986,890,585,137,-348,-747,-971,-959,-718,-320,158,605,907,984,834,485,19,-446,-799,-971,-909,-621,-185,0,696,930,940,719,325,-154,-596,-890,-963,-806,-457,13,488,846,990,894,577,117,-377,-783,-1003,-983,-719,-277,244,711,1013,1060,852,432,-92,-603,-972,-1107,-973,-611,-90,465,914,1133,1072,758,266,-304,-798,-1100,-1137,-902,-441,134,677,1049,1173,1010,595,29,-541,-984,-1189,-1104,-745,-202,395,897,1181,1179,893,386,-225,-781,-1138,-1227,-1028,-574,22,608,1050,1237,1128,740,172,-431,-928,-1202,-1188,-892,-376,230,773,1124,1201,992,544,-39,-605,-1020,-1191,-1070,-696,-160,418,893,1139,1108,813,322,-247,-748,-1066,-1118,-904,-474,69,597,973,1108,973,602,90,-444,-866,-1078,-1023,-721,-252,0,0,0,0,0,1015,1083,884,474,-45,-556,-938,-1086,-966,-618,-131,387,814,1046,1024,745,284,-233,-692,-977,-1024,-825,-420,92,563,892,1002,861,501,16,-468,-830,-996,-907,-585,-129,363,769,988,956,683,233,-273,-713,-978,-1007,-788,-368,137,618,945,1036,874,505,8,-493,-859,-1011,-910,-585,-117,376,779,980,927,635,188,-308,-729,-971,-967,-717,-277,234,698,999,1045,827,397,-136,-651,-1016,-1129,-968,-581,-37,537,981,1187,1115,777,249,-339,-852,-1173,-1214,-964,-492,98,663,1076,1220,1081,691,148,-432,-898,-1149,-1124,-832,-347,207,708,1042,1113,908,495,-26,-535,-908,-1057,-946,-611,-131,371,0,983,953,683,250,-238,-667,-930,-961,-750,-353,121,570,872,965,816,453,-23,-490,-841,-991,-894,-573,-102,401,816,1033,995,713,250,-288,-770,-1073,-1134,-916,-470,97,653,1067,1237,1119,731,166,-445,-966,-1274,-1279,-986,-467,162,774,1213,1366,1208,776,160,-497,-1047,-1365,-1366,-1047,-487,178,803,1253,1429,1274,827,202,-467,-1036,-1377,-1408,-1134,-611,41,681,1163,1385,1311,956,398,-226,-789,-1172,-1291,-1138,-745,-210,341,803,1084,1121,920,529,44,-418,-770,-951,-916,-685,-330,72,443,699,794,722,511,200,-137,-423,-608,-666,-596,-413,-161,108,335,483,535,497,385,225,52,-97,-203,0,0,0,0,0,324,283,190,44,-132,-311,-464,-551,-548,-451,-268,-30,227,449,596,625,532,335,69,-221,-470,-622,-650,-544,-323,-28,277,521,658,646,500,248,-66,-373,-594,-677,-609,-402,-107,210,473,626,629,488,234,-67,-356,-557,-624,-533,-308,-6,300,533,636,578,375,73,-267,-553,-707,-688,-503,-190,183,522,747,801,669,371,-25,-420,-722,-861,-800,-548,-164,269,649,878,896,710,357,-87,-516,-827,-945,-841,-542,-110,354,731,944,933,706,304,-169,-604,-894,-982,-839,-494,-31,435,806,988,937,660,228,-253,-681,-944,-980,-785,-415,57,522,857,979,869,554,104,-368,-751,-951,0,-665,-260,211,641,916,964,772,388,-89,-538,-864,-983,-854,-514,-49,429,815,1004,945,653,195,-312,-750,-1008,-1020,-783,-350,171,652,983,1082,915,522,-9,-538,-935,-1118,-1033,-693,-181,384,860,1120,1107,832,350,-221,-742,-1084,-1164,-958,-519,49,609,1022,1186,1060,674,127,-468,-946,-1190,-1143,-822,-291,302,828,1156,1207,961,477,-128,-701,-1105,-1241,-1077,-657,-80,521,1002,1235,1162,815,278,-327,-854,-1172,-1205,-947,-459,136,692,1075,1199,1038,630,62,-512,-955,-1166,-1094,-754,-232,333,816,1099,1117,861,393,-160,-663,-1013,-1121,-948,-540,-11,515,918,1096,1010,672,172,-363,-808,-1053,0,0
39095,mtk,MTK 7916,2423795744,rx2-tx1,512,0,0,0,-409,-118,198,453,603,615,484,239,-48,-318,-509,-583,-518,-339,-91,172,389,503,506,391,180,-58,-257,-398,-455,-398,-241,-40,142,281,353,335,235,97,-51,-183,-260,-265,-213,-117,-5,108,175,181,136,71,-2,-58,-93,-95,-64,-17,31,62,60,16,-42,-83,-122,-121,-57,37,127,203,245,221,130,5,-146,-284,-366,-368,-268,-93,110,305,451,495,431,262,7,-258,-476,-596,-586,-439,-190,111,404,622,701,613,378,49,-294,-581,-732,-728,-562,-261,108,454,706,796,699,439,81,-299,-612,-786,-778,-590,-261,119,474,726,810,697,419,50,-324,-628,-787,-759,-557,0,143,496,736,799,671,381,8,-364,-648,-779,-727,-501,-163,210,525,717,754,599,293,-76,-426,-686,-773,-666,-398,-46,326,624,772,728,499,147,-239,-578,-794,-818,-636,-299,114,510,801,911,795,477,54,-393,-768,-975,-958,-716,-303,194,660,980,1075,928,578,83,-444,-877,-1115,-1115,-851,-392,152,676,1057,1209,1090,716,203,-352,-835,-1148,-1202,-1002,-583,-46,497,941,1182,1159,896,452,-80,-592,-969,-1130,-1053,-766,-332,164,606,913,1026,924,635,226,-216,-598,-838,-903,-778,-512,-162,217,538,731,780,674,449,153,-158,-421,-588,-646,-593,-451,-257,-37,161,298,374,393,353,0,0,0,0,0,166,257,318,343,323,256,136,-25,-186,-325,-419,-441,-385,-263,-91,106,278,404,457,430,314,131,-86,-290,-434,-481,-444,-319,-126,94,291,436,497,448,304,100,-108,-292,-434,-482,-413,-264,-71,128,299,408,419,349,224,50,-142,-276,-344,-340,-260,-136,4,132,212,242,218,146,54,-32,-101,-133,-136,-100,-35,18,48,48,30,8,-38,-73,-79,-44,-1,69,126,155,154,108,29,-68,-174,-259,-274,-224,-127,6,158,285,346,326,237,98,-73,-235,-360,-409,-353,-224,-46,142,295,399,415,323,161,-23,-209,-350,-411,-374,-257,-77,113,282,378,383,299,147,-39,0,-336,-365,-313,-189,-18,164,314,373,341,219,50,-122,-267,-359,-361,-259,-92,101,269,372,380,304,155,-42,-229,-370,-419,-356,-201,3,220,385,453,416,287,65,-170,-362,-473,-484,-375,-163,90,311,459,507,436,260,9,-248,-443,-531,-481,-315,-81,170,389,519,515,369,126,-141,-375,-528,-557,-435,-202,74,346,534,606,537,330,22,-292,-530,-644,-623,-452,-159,181,483,668,702,564,296,-42,-382,-645,-752,-684,-458,-124,250,569,756,772,615,307,-71,-435,-702,-804,-730,-486,-126,255,576,773,793,642,346,-38,-407,-666,-769,-710,-489,-154,198,501,686,718,586,322,0,0,0,0,0,-520,-634,-601,-442,-184,116,389,570,607,504,296,23,-248,-449,-552,-522,-373,-150,96,313,444,468,388,221,2,-208,-348,-393,-352,-231,-68,87,214,296,300,230,112,-24,-141,-210,-214,-175,-97,-8,73,123,136,113,61,-1,-47,-59,-50,-14,33,64,64,29,-24,-80,-152,-184,-158,-95,23,158,259,314,295,199,46,-145,-327,-426,-438,-351,-173,61,293,480,568,530,366,104,-199,-463,-622,-652,-534,-287,42,363,612,730,685,473,159,-187,-506,-730,-784,-640,-351,8,370,662,790,737,509,170,-215,-547,-751,-790,-648,-355,22,396,683,807,741,503,157,-222,-554,0,-782,-624,-322,54,427,690,792,708,459,102,-275,-593,-768,-753,-555,-227,152,486,701,758,632,345,-29,-381,-647,-769,-702,-452,-95,280,603,784,775,566,221,-183,-553,-806,-863,-717,-395,35,473,796,940,865,593,173,-303,-722,-984,-1027,-823,-419,76,562,933,1110,1034,719,231,-307,-779,-1090,-1167,-982,-567,-17,528,961,1190,1160,882,401,-171,-691,-1069,-1225,-1111,-757,-265,287,774,1099,1181,1005,629,138,-368,-790,-1044,-1067,-869,-500,-36,415,762,936,927,731,388,-35,-415,-694,-827,-792,-611,-318,27,347,590,716,706,564,330,64,-188,-398,-518,-541,-485,-371,-218,-64,74,0,0,0,0,0,-209,-162,-75,43,169,292,379,412,379,283,133,-45,-220,-365,-444,-442,-358,-212,-24,181,358,456,458,374,222,21,-188,-360,-462,-483,-400,-223,1,215,387,475,470,372,199,-17,-227,-382,-457,-433,-319,-149,40,221,346,388,359,257,97,-67,-196,-277,-297,-258,-163,-36,75,150,189,183,117,45,-16,-62,-97,-86,-47,-6,25,44,48,15,-40,-90,-116,-114,-70,8,95,160,207,214,164,68,-61,-184,-283,-319,-286,-185,-33,131,269,354,359,292,175,9,-176,-323,-403,-388,-280,-106,87,255,364,396,351,216,23,-171,-312,-385,-389,-295,-124,68,237,350,380,0,162,-10,-174,-310,-372,-337,-212,-39,148,292,359,345,243,76,-107,-270,-377,-375,-275,-125,66,249,371,405,340,183,-22,-223,-366,-425,-379,-233,-24,197,374,465,452,327,114,-126,-344,-485,-510,-413,-231,8,265,461,526,454,282,47,-209,-415,-517,-482,-337,-110,157,390,519,527,400,175,-96,-352,-534,-579,-476,-252,37,320,537,626,570,386,91,-235,-510,-677,-681,-513,-228,109,435,661,731,625,377,36,-317,-604,-752,-725,-522,-204,169,508,742,814,691,405,32,-346,-650,-798,-770,-573,-233,144,487,730,804,683,422,69,-297,-586,-738,-724,-548,-251,100,415,622,0,0
39096,mtk,MTK 7916,2423834791,rx0-tx0,512,-349,253,255,-601,-579,-521,-426,-296,-148,18,183,338,490,586,634,641,599,517,384,228,61,-131,-305,-443,-561,-638,-662,-629,-556,-443,-290,-123,63,240,391,499,584,624,602,547,444,308,168,20,-133,-270,-374,-460,-504,-506,-480,-423,-342,-239,-131,-14,91,191,277,331,393,410,407,394,342,283,218,124,19,-85,-187,-286,-368,-428,-466,-475,-448,-393,-295,-173,-40,104,238,366,472,531,556,530,476,387,256,96,-66,-223,-361,-470,-550,-576,-555,-489,-377,-247,-103,50,199,319,414,471,486,460,403,322,207,78,-42,-141,-232,-299,-344,-361,-339,-293,-237,-166,-95,-18,52,112,-511,196,210,203,190,172,150,122,84,47,12,-15,-48,-82,-96,-119,-144,-152,-165,-170,-175,-157,-122,-81,-43,7,72,121,176,228,257,271,260,226,175,108,26,-54,-131,-207,-267,-300,-307,-302,-270,-211,-139,-57,30,109,181,249,286,310,318,289,243,190,111,32,-56,-139,-217,-273,-313,-327,-326,-292,-233,-162,-82,18,115,200,270,316,334,323,300,245,165,75,-28,-120,-200,-268,-302,-313,-302,-270,-210,-126,-46,31,111,183,227,250,254,239,210,157,93,27,-45,-106,-156,-186,-207,-210,-185,-147,-106,-48,13,64,116,148,163,161,142,106,52,-3,-49,-85,42,125,1179,-1097,-1174,36,-38,-128,-195,-238,-254,-226,-167,-81,27,129,222,287,323,326,299,240,155,53,-62,-177,-279,-342,-386,-397,-366,-296,-196,-78,43,173,288,371,426,449,428,367,274,156,27,-100,-222,-338,-419,-453,-456,-422,-350,-249,-134,-19,111,232,322,398,436,429,393,337,261,154,50,-65,-181,-275,-349,-402,-419,-406,-370,-301,-204,-108,-2,116,219,298,353,387,395,378,333,259,174,79,-16,-122,-216,-289,-341,-369,-383,-348,-306,-248,-161,-69,29,125,213,290,361,391,393,374,324,250,157,52,-50,-160,-255,-325,-387,-413,-402,-370,-312,-224,-127,-17,91,191,277,338,-330,407,398,368,308,225,127,17,-84,-180,-282,-353,-394,-423,-421,-384,-330,-248,-148,-36,79,184,281,374,431,460,463,432,380,292,180,57,-70,-197,-319,-415,-494,-539,-538,-511,-451,-338,-197,-49,100,268,406,516,610,643,635,587,488,353,189,9,-172,-348,-508,-629,-703,-733,-707,-615,-486,-318,-127,88,294,477,624,727,788,772,699,570,386,189,-27,-246,-436,-595,-713,-768,-767,-718,-602,-439,-247,-42,160,343,501,613,683,709,670,588,467,315,144,-33,-192,-341,-466,-549,-600,-598,-567,-497,-391,-266,-117,34,178,297,412,492,545,563,545,486,391,272,134,1,-386,-692,-729,116,32,0,160,308,443,542,606,627,591,532,417,262,98,-73,-241,-395,-523,-608,-656,-656,-583,-481,-352,-183,1,185,344,484,582,642,647,600,502,374,232,57,-108,-260,-398,-493,-547,-573,-552,-486,-385,-267,-127,6,126,241,338,407,442,451,428,394,322,252,165,55,-35,-134,-229,-290,-350,-404,-428,-425,-397,-344,-262,-167,-60,66,190,313,414,479,516,518,480,407,290,152,1,-150,-283,-408,-510,-562,-571,-532,-441,-333,-180,-27,127,274,394,479,530,539,493,407,296,165,21,-113,-227,-324,-397,-426,-416,-380,-320,-233,-139,-36,65,141,204,252,279,283,262,226,1105,132,75,24,-26,-69,-102,-123,-143,-152,-156,-155,-153,-133,-112,-104,-71,-41,-15,17,56,111,151,178,200,221,214,188,160,110,47,-22,-99,-167,-224,-273,-296,-289,-264,-223,-164,-81,0,85,168,232,283,312,312,287,257,194,122,51,-42,-124,-191,-247,-293,-316,-318,-293,-241,-177,-99,-13,75,167,239,296,336,352,329,282,213,128,27,-67,-159,-241,-299,-328,-334,-308,-264,-199,-110,-19,70,150,226,271,290,293,266,216,148,80,7,-65,-135,-191,-221,-237,-228,-200,-153,-104,-51,15,81,124,166,190,189,175,143,89,33,-26,-76,-115,-138,-135,-116,-84,272,250,1145,-458,-144,-171,-197,-179,-121,-45,51,148,223,280,297,283,233,149,49,-60,-166,-259,-322,-358,-360,-329,-264,-172,-68,55,182,285,365,408,426,404,339,236,116,-18,-150,-264,-362,-431,-462,-451,-403,-321,-200,-74,55,184,296,376,423,441,433,378,301,203,79,-40,-153,-251,-346,-403,-424,-423,-385,-320,-242,-133,-13,97,205,295,357,392,410,394,337,261,178,83,-22,-119,-216,-286,-338,-370,-382,-368,-317,-253,-165,-76,33,137,210,288,347,376,383,365,315,256,170,65,-40,-141,-237,-312,-369,-400,-401,-375,-320,-244,-148,-27,82,182,274,340,385,409,395,363,294,215,826,7,-91,-183,-270,-342,-385,-402,-392,-369,-315,-230,-135,-31,87,194,280,362,415,441,434,404,352,268,158,47,-78,-191,-300,-394,-454,-492,-497,-473,-397,-311,-196,-55,79,211,351,472,551,583,595,555,460,348,201,30,-140,-308,-461,-578,-655,-686,-663,-601,-491,-332,-150,43,242,419,563,681,752,770,714,602,443,264,54,-165,-364,-549,-682,-762,-799,-760,-663,-516,-326,-113,95,301,486,625,716,748,719,649,524,362,188,-9,-201,-357,-497,-589,-643,-645,-608,-534,-415,-274,-123,39,187,327,438,520,564,572,534,473,385,260,127,-13,-156,-294,-410,-497,-545,-555,-1118,-972
39097,mtk,MTK 7916,2423834791,rx0-tx1,512,87,-79,-71,-587,-611,-605,-557,-456,-330,-170,5,177,358,511,624,701,730,708,632,508,345,158,-44,-253,-439,-605,-730,-797,-812,-781,-684,-537,-351,-137,98,327,532,704,825,895,900,837,714,547,337,108,-143,-385,-592,-767,-883,-939,-936,-867,-736,-556,-333,-90,155,398,607,779,907,977,976,907,773,592,376,125,-146,-400,-640,-831,-957,-1033,-1040,-964,-825,-617,-357,-87,195,467,710,903,1027,1078,1038,940,777,551,298,19,-263,-517,-735,-912,-1015,-1040,-994,-883,-709,-491,-235,35,290,519,724,871,960,985,929,814,645,432,195,-55,-302,-513,-687,-823,-896,-908,-867,-765,-610,-407,-689,23,261,459,637,776,850,886,860,771,638,453,252,20,-218,-437,-639,-804,-911,-959,-949,-865,-722,-527,-278,-9,271,536,770,956,1067,1110,1069,945,738,481,171,-151,-466,-753,-979,-1141,-1217,-1193,-1070,-859,-585,-270,69,407,707,949,1118,1207,1193,1074,872,614,315,-11,-329,-622,-853,-1014,-1099,-1099,-1009,-843,-619,-356,-67,219,483,693,846,942,950,886,761,589,364,125,-122,-346,-539,-680,-765,-797,-765,-676,-543,-370,-171,30,232,404,529,627,674,653,591,477,322,153,-31,-207,-361,-478,-543,-563,-536,-452,-325,-176,-9,154,297,398,454,447,387,278,136,-3,-132,-217,-47,-50,0,-242,-386,-142,-118,-64,7,84,151,201,230,225,190,130,60,-19,-100,-175,-229,-253,-253,-236,-202,-146,-79,-4,67,137,198,244,265,270,257,224,171,109,39,-43,-124,-200,-262,-312,-339,-337,-302,-253,-184,-80,25,133,243,328,390,422,421,393,320,217,97,-36,-165,-284,-383,-440,-471,-464,-413,-328,-220,-105,30,162,276,368,434,456,444,404,322,220,108,-15,-130,-233,-317,-381,-410,-405,-373,-317,-234,-137,-36,63,153,227,290,327,343,325,282,229,158,82,4,-71,-140,-197,-235,-252,-261,-257,-226,-181,-125,-77,-29,27,81,123,155,186,201,199,196,181,149,108,-130,18,-26,-72,-113,-148,-174,-186,-188,-181,-167,-137,-99,-56,-13,30,76,107,134,153,165,176,168,163,145,122,93,56,18,-29,-77,-118,-158,-193,-225,-242,-252,-248,-225,-177,-119,-52,30,116,199,281,347,382,400,393,354,283,176,56,-66,-190,-306,-406,-485,-526,-528,-484,-403,-292,-160,-3,153,296,429,521,587,603,583,511,391,248,83,-83,-249,-402,-511,-584,-611,-597,-539,-447,-315,-163,-10,142,284,397,480,522,532,507,447,360,255,138,14,-108,-214,-301,-367,-409,-437,-437,-404,-354,-295,-210,-122,-21,88,192,284,368,424,464,481,466,423,349,251,127,322,155,504,41,82,-162,-7,148,310,453,561,643,668,660,605,489,344,171,-23,-218,-405,-566,-682,-758,-783,-747,-663,-532,-354,-151,61,280,489,656,779,853,867,816,709,548,349,122,-114,-356,-567,-740,-859,-921,-925,-856,-728,-547,-326,-91,157,394,604,775,897,954,952,887,752,575,363,112,-144,-398,-621,-799,-933,-1008,-1012,-943,-815,-616,-381,-122,160,429,668,871,997,1063,1057,976,822,596,336,50,-233,-492,-736,-916,-1023,-1063,-1028,-914,-745,-522,-259,13,275,528,735,888,986,1007,963,854,680,458,217,-41,-293,-521,-715,-852,-932,-950,-893,-777,-614,-417,-187,47,280,491,667,794,261,897,850,746,612,425,221,-2,-230,-440,-626,-774,-874,-923,-896,-817,-683,-501,-280,-32,224,472,687,866,988,1036,1013,913,755,524,251,-47,-352,-643,-883,-1058,-1162,-1167,-1089,-923,-679,-385,-55,283,593,861,1062,1189,1225,1154,990,749,458,134,-209,-529,-804,-1004,-1131,-1165,-1113,-972,-753,-487,-187,121,415,669,858,985,1034,998,886,704,487,230,-40,-293,-514,-698,-820,-871,-855,-779,-650,-471,-269,-47,177,373,537,652,715,726,682,576,434,272,75,-116,-285,-440,-543,-604,-617,-573,-479,-345,-185,-17,151,308,420,495,521,492,405,275,118,-43,-191,-307,-362,-361,-305,-203,-28,-2,0,367,200,46,119,170,196,190,152,92,14,-74,-150,-208,-242,-251,-234,-190,-125,-50,22,97,160,213,246,256,250,225,179,115,45,-24,-99,-168,-227,-264,-292,-294,-275,-234,-180,-114,-21,79,176,255,324,372,384,371,326,252,154,37,-89,-215,-322,-398,-444,-454,-432,-375,-278,-163,-35,100,226,337,412,461,477,443,376,280,166,40,-84,-212,-317,-387,-426,-436,-414,-361,-284,-181,-61,49,152,243,315,359,373,362,322,261,184,99,11,-85,-161,-223,-269,-290,-294,-280,-248,-197,-136,-73,-11,53,117,167,194,213,226,228,210,172,134,91,39,0,-44,-92,-135,-167,245,-196,-199,-189,-163,-128,-85,-35,10,53,94,128,158,181,187,189,171,149,122,85,46,6,-29,-62,-100,-133,-159,-177,-191,-199,-193,-177,-154,-120,-69,-17,46,109,174,233,272,311,335,323,294,237,152,59,-41,-151,-256,-349,-421,-454,-462,-439,-377,-291,-178,-41,105,246,372,476,545,581,557,504,407,277,129,-33,-199,-358,-481,-567,-614,-611,-576,-482,-350,-200,-34,129,277,405,507,564,579,558,490,390,268,130,-7,-143,-266,-363,-430,-472,-481,-459,-413,-342,-257,-162,-59,56,158,240,313,371,411,431,428,399,352,283,189,87,-31,-155,-271,-374,-455,-508,280,401
39098,mtk,MTK 7916,2423834791,rx1-tx0,512,0,-805,-583,601,585,529,439,305,152,-27,-212,-383,-537,-641,-719,-741,-697,-610,-474,-286,-83,128,346,535,685,794,845,838,766,635,435,207,-30,-282,-517,-703,-849,-943,-954,-889,-757,-572,-341,-80,185,440,670,845,953,990,959,866,699,462,215,-56,-330,-572,-773,-930,-1003,-994,-934,-798,-588,-344,-79,195,454,676,853,971,1004,971,854,670,454,189,-86,-346,-576,-759,-889,-945,-917,-830,-684,-489,-255,-15,216,434,605,731,800,814,763,653,505,328,125,-81,-268,-426,-552,-642,-678,-659,-616,-522,-385,-231,-74,92,250,385,486,556,574,572,516,433,317,174,30,-115,-254,-374,216,-504,-520,-498,-436,-339,-227,-98,51,172,281,367,426,453,454,406,336,253,126,14,-90,-196,-283,-336,-360,-368,-344,-292,-220,-154,-74,19,90,159,206,245,263,259,228,193,148,102,52,-16,-60,-92,-130,-142,-157,-156,-141,-124,-119,-98,-71,-41,-16,11,18,45,68,91,109,126,148,163,167,150,133,87,53,3,-73,-130,-189,-233,-258,-258,-234,-192,-128,-65,14,101,180,246,279,289,292,258,193,116,37,-49,-139,-206,-267,-288,-284,-267,-228,-158,-68,16,100,176,223,255,273,253,207,142,64,-25,-106,-167,-211,-228,-211,-173,-113,-40,30,86,119,144,-330,-644,0,434,472,195,185,140,62,-33,-130,-222,-277,-298,-285,-237,-153,-46,61,163,248,305,337,336,295,228,139,38,-67,-168,-259,-318,-358,-362,-339,-281,-199,-102,-5,106,215,295,354,382,371,333,276,200,92,-18,-126,-241,-318,-369,-397,-388,-361,-303,-218,-118,2,116,204,285,347,398,390,366,313,228,136,39,-79,-174,-251,-307,-346,-364,-347,-313,-251,-170,-86,12,103,183,263,316,336,337,311,273,201,113,35,-44,-128,-205,-265,-309,-317,-303,-270,-212,-142,-76,2,75,149,200,240,261,256,236,214,172,114,51,-5,-66,-119,-165,-204,-211,-217,-199,-183,-157,-111,-59,-584,52,102,140,177,196,197,192,171,134,101,48,-7,-49,-109,-131,-142,-153,-156,-148,-124,-96,-62,-24,10,30,54,67,74,74,70,77,69,49,45,40,40,38,33,36,31,21,5,-19,-42,-68,-104,-123,-151,-172,-175,-177,-152,-114,-72,-10,69,134,208,271,309,327,327,287,222,147,45,-66,-182,-288,-369,-424,-452,-444,-397,-317,-215,-81,56,187,312,422,483,522,512,459,383,269,139,-7,-147,-277,-389,-480,-517,-528,-501,-432,-331,-208,-66,64,193,310,411,477,507,508,472,403,303,192,76,-56,-187,-302,-394,-465,-502,-511,-492,-445,-352,-238,-102,39,-134,93,0,-262,-620,-22,-178,-327,-459,-567,-636,-668,-643,-578,-455,-305,-129,77,275,450,615,728,781,788,735,619,458,260,39,-188,-407,-610,-774,-867,-907,-877,-766,-599,-403,-158,108,365,590,781,909,972,957,879,728,519,270,6,-261,-512,-742,-895,-976,-1003,-949,-824,-651,-425,-152,112,372,625,821,949,1011,992,898,737,527,272,3,-266,-527,-727,-881,-972,-969,-904,-767,-589,-361,-88,168,400,598,757,853,883,851,748,588,394,181,-41,-258,-443,-582,-685,-735,-733,-677,-575,-433,-262,-69,94,253,403,514,580,617,614,566,470,353,204,48,-106,-260,-379,-475,-530,-550,-535,-478,-383,757,-144,0,142,274,378,446,496,492,452,392,297,183,61,-62,-179,-264,-353,-404,-406,-392,-345,-272,-174,-83,13,105,192,245,281,310,303,281,241,184,125,52,-15,-80,-136,-181,-197,-219,-216,-185,-165,-123,-87,-53,-3,37,62,81,96,104,108,121,120,116,116,97,90,69,56,28,-10,-61,-103,-142,-178,-198,-226,-224,-198,-163,-104,-34,46,117,190,237,268,282,277,242,182,95,17,-65,-159,-230,-279,-303,-306,-274,-221,-150,-57,23,104,178,244,278,280,268,221,148,81,-7,-90,-156,-203,-235,-242,-216,-172,-113,-32,47,116,166,185,171,131,82,29,768,526,0,-183,46,-19,-103,-182,-238,-259,-240,-179,-88,15,120,214,284,320,319,283,211,126,30,-73,-175,-256,-320,-351,-355,-327,-255,-163,-61,45,149,249,325,366,381,368,315,238,154,47,-67,-173,-257,-333,-385,-396,-382,-326,-243,-148,-47,66,173,269,340,383,402,382,338,261,182,69,-35,-132,-233,-308,-352,-382,-377,-331,-278,-193,-106,-2,94,176,260,306,340,349,325,293,235,148,62,-34,-126,-208,-280,-315,-325,-319,-290,-246,-183,-109,-19,61,136,211,257,279,287,272,241,195,135,55,-21,-85,-138,-189,-223,-235,-238,-227,-197,-163,-107,-52,4,60,103,151,186,207,-674,207,182,151,107,48,-6,-58,-106,-137,-161,-184,-178,-181,-156,-111,-77,-35,1,47,85,113,130,132,118,104,94,70,51,37,19,0,-30,-32,-27,-26,-30,-45,-48,-61,-74,-86,-94,-93,-104,-104,-95,-66,-36,10,45,91,143,186,222,248,245,226,197,143,66,-16,-111,-213,-279,-339,-386,-401,-378,-316,-229,-122,-3,128,251,350,431,478,484,458,399,295,170,43,-107,-238,-365,-459,-520,-538,-515,-462,-375,-249,-100,38,178,307,405,483,518,513,480,413,312,188,60,-67,-197,-313,-407,-464,-501,-510,-478,-411,-318,-212,-87,42,168,297,408,488,542,556,-457,-467
39099,mtk,MTK 7916,2423834791,rx1-tx1,512,0,0,0,-49,-375,-605,-695,-608,-351,-10,322,572,677,613,402,88,-248,-513,-643,-609,-422,-126,192,449,577,563,402,132,-167,-406,-530,-514,-357,-108,167,395,513,489,329,80,-195,-419,-529,-481,-308,-55,214,432,547,512,337,77,-212,-458,-583,-554,-389,-117,193,461,604,606,446,169,-140,-415,-596,-622,-491,-247,55,351,557,619,525,309,18,-272,-496,-585,-535,-363,-100,178,399,520,513,383,172,-77,-298,-435,-469,-386,-199,23,211,345,396,350,217,40,-132,-267,-322,-303,-211,-73,70,180,242,243,180,82,-30,-130,-188,-190,-144,-73,8,84,128,135,102,45,-8,-46,0,-86,-61,-24,12,44,62,59,36,3,-27,-49,-50,-30,-4,14,30,43,38,16,-13,-48,-73,-73,-57,-19,28,68,95,98,71,25,-32,-86,-118,-120,-98,-57,2,69,122,141,132,102,37,-41,-104,-140,-170,-162,-103,-16,66,134,181,189,151,85,14,-76,-164,-210,-210,-181,-111,-7,96,170,210,218,185,118,26,-83,-176,-233,-247,-214,-139,-25,93,189,242,250,208,123,9,-111,-205,-259,-257,-200,-108,8,135,234,278,258,191,91,-33,-158,-245,-284,-266,-195,-85,46,165,254,295,276,208,102,-17,-132,-220,-271,-273,-231,-161,-69,22,100,147,165,0,0,0,0,0,-90,-79,-54,-11,40,96,141,158,144,103,33,-45,-116,-177,-207,-185,-120,-22,87,174,221,226,179,82,-37,-141,-220,-260,-240,-152,-29,102,203,257,257,185,62,-65,-176,-253,-257,-186,-80,43,168,244,243,189,77,-68,-193,-261,-263,-187,-61,88,225,309,305,209,57,-119,-280,-376,-371,-263,-76,138,324,446,455,349,152,-94,-330,-490,-536,-450,-246,21,297,503,582,526,338,53,-251,-493,-621,-596,-415,-132,187,462,624,631,484,219,-106,-398,-596,-648,-541,-300,16,334,559,638,564,338,27,-278,-510,-610,-547,-349,-63,235,474,582,534,340,63,-220,-450,0,-521,-340,-62,237,470,581,538,339,38,-270,-507,-623,-573,-365,-51,280,545,675,624,402,64,-296,-591,-734,-692,-474,-115,288,613,792,769,545,174,-256,-631,-844,-845,-635,-253,208,613,864,896,707,333,-133,-570,-863,-941,-775,-410,62,518,848,960,831,494,27,-454,-806,-952,-857,-542,-91,377,736,916,854,569,145,-310,-686,-884,-858,-609,-211,237,618,824,814,597,229,-192,-560,-766,-767,-578,-238,162,510,714,730,551,231,-145,-479,-677,-698,-536,-231,135,462,661,683,523,226,-128,-446,-652,-683,-534,-242,113,427,627,670,540,256,-92,-412,-631,-685,-551,-276,63,0,0,0,0,0,679,587,334,-9,-343,-590,-695,-613,-377,-53,283,543,658,611,413,111,-216,-479,-613,-587,-413,-140,167,422,556,533,379,128,-159,-393,-513,-492,-339,-93,182,396,508,480,321,70,-199,-424,-526,-493,-329,-64,227,452,559,530,360,92,-214,-462,-593,-579,-415,-145,168,440,603,610,469,210,-102,-387,-573,-627,-524,-287,21,314,521,598,532,335,66,-220,-436,-548,-528,-372,-129,123,337,471,489,386,192,-35,-254,-399,-434,-365,-217,-21,170,306,363,329,223,70,-92,-221,-287,-279,-201,-84,42,156,214,210,153,78,-16,-95,-145,-159,-127,-64,-2,59,101,106,83,0,-13,-57,-78,-71,-45,-11,19,46,56,43,16,-8,-31,-49,-45,-23,9,30,45,59,53,20,-23,-54,-75,-81,-63,-25,27,70,97,107,87,31,-27,-78,-119,-134,-110,-64,-5,62,118,149,155,129,64,-19,-88,-144,-178,-178,-129,-60,29,110,171,198,189,137,54,-39,-124,-188,-221,-216,-159,-62,37,126,197,237,227,168,74,-44,-152,-224,-251,-238,-175,-68,52,159,236,264,237,169,64,-60,-174,-253,-276,-242,-158,-42,89,198,266,284,240,145,20,-102,-210,-282,-293,-242,-148,-26,103,211,274,292,251,174,73,-35,-138,-210,-241,-233,-196,-142,-72,0,0,0,0,0,-17,-64,-100,-121,-126,-109,-61,8,78,133,171,179,152,82,-10,-110,-184,-220,-213,-157,-56,60,160,228,247,205,120,4,-122,-219,-268,-249,-168,-44,86,198,258,252,184,75,-62,-177,-249,-260,-197,-82,48,168,244,254,189,72,-72,-201,-277,-270,-186,-49,115,261,336,321,225,60,-133,-300,-405,-413,-306,-107,119,323,456,490,399,199,-57,-312,-495,-557,-482,-291,-13,273,503,608,560,377,95,-213,-484,-630,-618,-451,-179,142,433,613,645,521,261,-63,-366,-577,-650,-556,-317,-1,306,536,630,555,347,55,-250,-485,-594,-544,-349,-72,227,468,574,521,333,0,-231,-457,-569,-527,-336,-44,255,493,598,547,354,52,-282,-537,-647,-594,-378,-52,293,571,714,667,437,91,-289,-609,-764,-732,-516,-153,267,622,820,811,590,219,-221,-617,-862,-884,-668,-282,177,604,878,925,747,382,-94,-546,-856,-952,-805,-455,12,477,823,955,845,513,55,-414,-773,-934,-854,-555,-117,344,713,899,855,592,171,-280,-651,-854,-835,-602,-216,221,582,787,785,579,233,-173,-533,-746,-752,-563,-230,154,491,695,705,535,227,-146,-472,-668,-688,-526,-222,138,454,647,681,523,221,-133,-444,-646,-678,-531,-245,103,425,637,681,550,275,-74,-402,-622,-693,0,0
39100,mtk,MTK 7916,2423834791,rx2-tx0,512,0,0,0,-1035,-878,-487,37,546,909,1039,887,496,-25,-531,-895,-1020,-878,-496,16,516,869,992,845,469,-27,-508,-856,-968,-812,-435,56,528,852,940,765,381,-107,-565,-869,-932,-734,-334,166,627,915,953,721,289,-217,-667,-943,-959,-711,-272,238,691,956,958,694,246,-265,-705,-957,-936,-658,-202,308,735,953,904,602,131,-378,-784,-970,-889,-563,-72,451,853,1020,913,549,34,-510,-926,-1093,-963,-581,-22,545,973,1146,1019,617,47,-535,-989,-1184,-1069,-679,-117,487,963,1176,1087,725,176,-415,-890,-1128,-1071,-728,-203,366,825,1064,1023,715,223,-317,-763,-995,-958,-666,-205,303,725,0,912,623,170,-319,-719,-924,-865,-572,-132,346,725,906,836,529,76,-395,-763,-930,-833,-506,-41,441,813,963,849,504,13,-496,-886,-1045,-921,-548,-16,538,952,1128,1012,627,59,-538,-1004,-1219,-1119,-729,-159,470,991,1261,1202,843,264,-393,-958,-1280,-1273,-940,-372,298,895,1262,1311,1029,492,-175,-812,-1240,-1352,-1133,-644,14,671,1164,1363,1227,795,179,-472,-1003,-1285,-1261,-937,-390,235,782,1131,1206,989,550,-2,-526,-912,-1068,-970,-646,-186,291,678,888,885,672,311,-107,-473,-708,-767,-643,-378,-44,283,535,653,622,455,204,-77,-323,-490,-549,-498,-362,-173,25,188,291,331,0,0,0,0,0,-307,-250,-140,19,196,363,482,523,462,308,87,-166,-404,-558,-592,-507,-309,-37,246,480,610,601,452,194,-111,-390,-580,-636,-537,-305,2,309,546,647,585,381,78,-241,-495,-622,-589,-406,-123,192,460,600,575,395,110,-205,-459,-589,-559,-377,-85,250,525,658,617,405,71,-294,-599,-751,-704,-474,-113,297,628,809,785,552,172,-257,-636,-856,-846,-616,-234,215,625,875,894,677,290,-173,-605,-882,-926,-723,-329,149,589,883,955,767,370,-116,-567,-883,-973,-807,-427,68,550,889,991,837,468,-30,-519,-876,-1006,-870,-503,-11,484,860,1014,901,548,46,-463,-846,-1005,0,-554,-67,444,836,1007,907,561,70,-440,-836,-1013,-915,-571,-73,447,853,1026,922,571,64,-462,-869,-1046,-942,-581,-58,487,901,1069,957,594,62,-499,-925,-1107,-991,-610,-58,514,944,1126,1002,609,51,-520,-953,-1145,-1020,-617,-46,537,980,1160,1030,617,34,-551,-993,-1171,-1032,-609,-28,564,1010,1177,1027,604,15,-583,-1026,-1193,-1039,-612,-12,591,1029,1190,1039,607,7,-596,-1034,-1198,-1045,-613,-11,590,1026,1187,1036,610,26,-563,-1001,-1170,-1028,-609,-33,545,969,1133,989,590,43,-519,-942,-1106,-968,-577,-38,505,908,1066,937,554,18,-519,-905,-1042,-904,-522,-8,514,891,1022,0,0,0,0,0,-46,-547,-909,-1035,-884,-494,31,545,912,1037,885,500,-12,-517,-882,-1010,-864,-487,14,516,870,984,830,455,-40,-515,-853,-954,-791,-416,77,546,855,927,745,349,-144,-594,-883,-931,-718,-305,199,652,927,952,717,283,-232,-686,-953,-961,-717,-270,257,700,950,946,683,231,-281,-719,-953,-917,-634,-174,342,756,958,898,588,104,-411,-812,-999,-907,-553,-43,486,887,1056,939,555,13,-544,-960,-1128,-993,-590,-23,556,993,1176,1054,660,86,-517,-979,-1183,-1088,-709,-144,447,921,1158,1089,734,187,-393,-860,-1099,-1054,-726,-219,330,786,1030,993,693,219,-303,-741,-974,-935,-647,0,321,723,921,874,594,150,-336,-725,-909,-846,-559,-109,368,742,910,828,514,58,-419,-783,-937,-835,-503,-22,479,849,994,875,513,2,-526,-929,-1093,-966,-582,-37,536,988,1187,1074,678,102,-515,-1006,-1233,-1156,-791,-203,444,979,1265,1235,885,314,-344,-919,-1266,-1296,-996,-428,249,858,1254,1333,1086,562,-109,-757,-1211,-1372,-1192,-720,-78,576,1088,1333,1250,869,287,-351,-896,-1217,-1244,-977,-485,108,658,1029,1149,990,605,98,-409,-804,-984,-930,-667,-261,188,569,795,817,653,348,-27,-382,-624,-706,-628,-419,-125,185,434,581,598,490,289,49,-182,-354,-443,-449,-376,-254,-111,0,0,0,0,0,-145,-275,-381,-438,-420,-325,-160,54,279,464,559,547,427,213,-53,-316,-516,-606,-559,-389,-124,177,443,605,622,494,252,-53,-349,-566,-645,-567,-345,-43,269,521,643,598,405,106,-213,-470,-606,-583,-408,-128,186,452,592,568,386,96,-223,-488,-625,-590,-386,-69,279,556,699,657,430,82,-296,-616,-788,-753,-517,-142,276,632,831,820,596,210,-236,-635,-865,-869,-651,-263,210,627,884,913,702,314,-164,-602,-886,-942,-754,-363,125,579,885,954,776,395,-89,-556,-885,-984,-822,-444,49,532,877,999,856,489,-8,-502,-864,-1008,-889,-526,-31,469,851,1010,902,556,57,0,-849,-1004,-900,-562,-71,439,832,1005,914,573,76,-441,-841,-1015,-916,-574,-70,457,865,1038,933,578,58,-477,-883,-1059,-950,-577,-48,493,909,1089,981,599,54,-506,-929,-1110,-997,-611,-52,519,957,1137,1013,614,54,-523,-969,-1152,-1024,-619,-39,547,985,1162,1030,615,36,-558,-1003,-1179,-1036,-607,-11,585,1017,1181,1029,595,1,-588,-1028,-1193,-1037,-596,-4,593,1031,1197,1043,611,12,-589,-1032,-1199,-1045,-612,-18,578,1020,1183,1028,608,30,-551,-984,-1153,-1015,-605,-35,531,950,1114,980,590,44,-509,-920,-1082,-948,-561,-33,499,900,1056,917,534,11,-511,-890,-1027,-891,-511,-1,0,0
39101,mtk,MTK 7916,2423834791,rx2-tx1,512,0,0,0,567,564,413,159,-134,-389,-535,-546,-415,-181,93,333,483,512,410,205,-41,-272,-432,-473,-391,-214,5,211,365,421,360,211,25,-163,-292,-340,-302,-191,-36,117,227,272,236,145,29,-88,-163,-183,-158,-92,-4,71,110,108,71,14,-40,-69,-63,-22,27,66,97,90,29,-52,-121,-174,-180,-124,-27,94,212,284,277,194,42,-128,-279,-381,-383,-276,-90,135,333,456,467,362,151,-111,-356,-520,-557,-448,-223,72,362,569,629,525,294,-19,-343,-587,-678,-603,-371,-49,282,551,683,631,421,107,-250,-535,-683,-661,-476,-163,189,500,693,703,517,209,-148,-473,-692,0,-559,-263,103,434,653,717,588,304,-53,-386,-622,-690,-573,-308,32,369,607,674,571,322,-17,-358,-604,-681,-574,-318,26,357,607,692,581,312,-44,-397,-653,-736,-622,-340,40,424,702,798,696,411,5,-410,-730,-873,-800,-502,-82,373,756,947,898,622,185,-304,-717,-962,-969,-728,-293,199,652,965,1035,841,446,-58,-552,-911,-1049,-937,-606,-121,403,819,1032,1012,759,319,-191,-644,-938,-1013,-841,-479,-10,436,769,915,851,586,200,-223,-571,-773,-803,-654,-350,18,366,622,725,659,453,164,-155,-427,-595,-634,-543,-349,-96,156,361,480,503,434,301,141,-21,-152,-229,0,0,0,0,0,223,168,85,-29,-162,-277,-351,-383,-337,-222,-63,109,272,375,412,363,235,58,-141,-319,-428,-429,-338,-181,24,230,380,446,419,302,110,-115,-316,-438,-467,-384,-213,0,217,385,455,426,304,104,-118,-301,-403,-426,-351,-189,8,184,321,371,323,210,60,-97,-216,-280,-276,-206,-88,38,133,195,202,157,86,9,-59,-102,-105,-73,-37,1,29,40,14,-21,-53,-68,-48,-7,47,103,153,156,111,38,-57,-157,-228,-240,-181,-86,33,156,245,276,249,162,21,-142,-268,-326,-310,-217,-66,90,232,320,326,245,107,-56,-207,-296,-313,-257,-135,31,179,269,291,0,131,-15,-165,-264,-281,-227,-110,42,174,252,272,213,92,-54,-185,-272,-278,-206,-75,80,223,289,282,206,64,-103,-243,-315,-303,-206,-49,124,267,349,340,228,41,-149,-304,-385,-360,-230,-41,157,317,403,386,254,56,-160,-335,-421,-397,-263,-52,172,348,439,408,259,31,-206,-384,-460,-422,-265,-22,237,432,517,468,284,19,-257,-466,-563,-510,-329,-52,252,503,610,557,365,76,-242,-506,-648,-618,-419,-105,225,510,675,658,479,180,-180,-498,-688,-704,-543,-248,108,442,666,726,598,321,-31,-369,-618,-717,-636,-390,-55,283,545,675,630,426,120,-208,-480,-626,0,0,0,0,0,-143,153,403,549,554,419,180,-100,-354,-510,-532,-423,-203,64,302,455,497,414,223,-20,-247,-400,-443,-376,-213,-1,189,328,380,340,210,32,-140,-260,-306,-269,-169,-34,104,197,228,208,129,17,-82,-145,-158,-119,-55,11,59,75,60,32,-19,-55,-63,-39,10,66,115,135,93,15,-75,-169,-234,-228,-153,-29,111,243,326,323,230,70,-130,-311,-415,-413,-309,-124,112,343,493,510,398,181,-94,-361,-540,-588,-490,-263,43,349,572,656,570,335,15,-310,-560,-668,-612,-405,-82,271,553,688,651,454,142,-214,-518,-698,-691,-503,-188,170,493,684,697,536,243,0,-452,-665,-710,-574,-287,80,414,631,695,578,302,-45,-373,-600,-669,-568,-318,24,355,593,665,558,304,-21,-353,-589,-669,-577,-320,29,381,626,709,594,320,-48,-418,-692,-773,-659,-376,18,427,726,843,745,455,34,-416,-756,-913,-843,-558,-128,337,733,952,920,656,230,-256,-688,-960,-998,-786,-378,123,601,938,1046,907,535,28,-482,-868,-1052,-985,-680,-215,295,738,1003,1022,804,399,-81,-534,-860,-968,-843,-533,-122,322,666,838,830,629,280,-115,-468,-708,-775,-666,-416,-80,259,525,662,649,502,258,-29,-287,-480,-574,-548,-412,-218,-4,187,328,391,380,312,211,0,0,0,0,0,131,221,287,317,298,222,96,-52,-201,-328,-403,-399,-307,-156,30,213,361,423,396,287,111,-88,-273,-410,-456,-385,-230,-37,171,358,456,445,342,161,-67,-275,-415,-456,-409,-264,-53,169,333,437,432,327,143,-62,-244,-364,-398,-331,-195,-29,139,273,334,316,237,88,-72,-185,-243,-241,-180,-90,10,95,142,150,117,56,-7,-56,-72,-66,-38,-1,25,35,19,-17,-62,-95,-101,-73,-18,54,125,181,202,157,63,-52,-172,-252,-268,-225,-126,15,152,260,308,283,192,51,-109,-249,-320,-305,-224,-98,66,218,314,323,250,119,-34,-180,-276,-298,-237,-117,31,0,268,290,238,121,-25,-163,-255,-277,-221,-98,51,183,264,278,207,81,-77,-208,-285,-288,-207,-59,103,233,295,282,198,59,-115,-264,-338,-316,-206,-34,142,289,368,347,243,59,-151,-318,-401,-377,-255,-63,154,326,405,388,260,54,-167,-346,-436,-402,-251,-26,196,364,448,408,255,23,-222,-410,-496,-445,-269,-20,238,446,548,503,313,29,-264,-490,-592,-545,-347,-50,258,505,631,593,397,96,-242,-521,-669,-646,-457,-151,196,495,675,687,517,205,-153,-475,-685,-716,-568,-284,68,406,649,726,620,363,13,-332,-590,-701,-637,-415,-95,246,516,646,623,441,145,0,0
39102,mtk,MTK 7916,2423865460,rx0-tx0,512,-349,122,167,-266,-94,100,292,454,574,662,695,659,565,427,236,32,-177,-368,-531,-657,-714,-719,-652,-536,-370,-171,50,263,444,580,681,715,685,595,449,264,67,-131,-305,-470,-574,-633,-635,-575,-477,-352,-196,-20,142,278,396,476,513,511,465,393,303,183,55,-65,-177,-272,-354,-408,-437,-437,-413,-363,-285,-186,-63,68,200,314,404,478,519,513,455,360,247,104,-62,-232,-376,-494,-570,-594,-554,-473,-356,-193,-15,180,339,464,562,602,577,504,390,231,59,-108,-260,-389,-475,-515,-504,-438,-345,-220,-83,58,189,286,358,387,372,338,276,184,85,1,-75,-149,-201,-223,-511,-224,-191,-162,-120,-73,-16,30,56,74,95,109,119,115,112,114,104,90,78,62,28,-2,-51,-83,-115,-147,-172,-180,-174,-162,-132,-76,-22,43,110,164,217,238,243,222,191,147,74,4,-78,-143,-188,-230,-254,-252,-231,-198,-139,-78,-17,60,147,201,236,271,274,262,221,155,93,4,-92,-181,-252,-298,-323,-327,-290,-224,-140,-35,66,161,247,305,337,338,307,239,139,49,-51,-149,-225,-282,-307,-305,-269,-206,-126,-41,43,124,185,235,263,252,225,180,114,35,-37,-106,-165,-204,-211,-209,-192,-143,-79,-12,52,111,154,177,177,147,96,35,-29,-68,-2,52,1179,-415,-564,-158,-124,-51,38,139,230,281,292,257,185,87,-28,-156,-257,-323,-365,-359,-310,-231,-124,4,136,258,352,413,427,400,335,228,95,-59,-199,-332,-424,-477,-493,-447,-361,-249,-98,73,220,350,465,510,508,471,369,244,109,-35,-192,-329,-424,-489,-515,-477,-403,-305,-183,-42,113,244,347,440,481,479,450,370,264,139,-4,-144,-276,-374,-436,-473,-463,-416,-333,-234,-112,25,153,272,362,430,455,443,397,314,209,90,-41,-160,-269,-361,-435,-466,-445,-400,-317,-212,-97,32,165,276,366,440,461,447,397,316,210,90,-42,-176,-286,-373,-438,-467,-443,-391,-311,-214,-330,17,161,270,352,420,458,456,419,345,248,131,-3,-141,-264,-368,-453,-504,-516,-478,-401,-300,-164,-25,134,280,401,496,545,554,537,464,347,199,43,-124,-289,-435,-547,-614,-636,-600,-522,-393,-234,-48,151,339,493,621,704,725,684,587,444,250,38,-184,-395,-574,-705,-778,-793,-730,-615,-442,-219,17,264,482,657,787,846,828,741,580,363,135,-132,-374,-574,-731,-822,-838,-779,-662,-495,-266,-20,208,425,594,708,776,770,690,551,377,180,-34,-234,-401,-542,-632,-668,-646,-588,-479,-332,-178,-1,177,334,460,549,601,606,558,476,364,219,47,-118,-285,-426,-531,59,-94,-729,204,172,588,649,661,609,497,351,173,-32,-232,-406,-562,-672,-715,-698,-619,-489,-310,-102,110,312,484,618,700,725,678,567,418,230,13,-189,-377,-531,-633,-682,-662,-600,-480,-313,-136,58,232,372,485,566,590,557,482,377,244,101,-48,-185,-292,-378,-439,-465,-459,-414,-352,-264,-166,-65,56,163,267,349,416,462,470,445,374,284,171,31,-125,-269,-391,-487,-548,-566,-522,-432,-309,-148,28,203,351,474,559,602,580,495,380,224,46,-136,-295,-430,-522,-555,-540,-478,-376,-236,-82,80,226,338,421,454,450,399,318,208,79,-36,-133,-216,-280,-301,-298,-277,-233,-168,-108,1105,37,82,116,146,169,176,165,136,112,94,68,45,10,-9,-33,-61,-82,-97,-120,-138,-146,-156,-137,-121,-88,-38,13,66,118,167,198,210,216,201,166,106,35,-35,-101,-152,-212,-250,-261,-248,-204,-163,-108,-37,40,103,166,220,244,259,268,241,180,130,57,-28,-103,-187,-236,-272,-301,-295,-264,-202,-122,-28,69,168,247,307,346,335,300,234,145,45,-58,-158,-249,-299,-323,-326,-286,-224,-138,-46,43,141,212,261,277,274,244,194,128,41,-41,-111,-173,-222,-236,-228,-206,-159,-95,-29,32,99,156,187,198,186,155,100,36,-28,-90,-131,-152,-141,-107,237,229,1145,-1096,-1015,83,161,212,232,213,149,51,-62,-171,-259,-315,-334,-313,-242,-148,-40,89,208,305,375,399,380,322,230,105,-32,-169,-296,-396,-455,-473,-440,-363,-239,-102,58,213,336,442,507,510,452,372,246,84,-63,-220,-358,-445,-492,-511,-476,-384,-272,-140,10,165,289,391,459,496,484,425,345,229,75,-59,-193,-319,-408,-473,-487,-459,-394,-287,-177,-44,92,220,325,401,449,457,429,366,283,164,31,-93,-221,-322,-396,-445,-454,-422,-359,-268,-156,-28,101,217,330,398,439,453,422,351,267,153,26,-103,-229,-338,-408,-439,-452,-423,-358,-270,-160,-25,110,227,326,389,826,447,429,362,282,179,52,-78,-205,-316,-400,-462,-489,-473,-417,-331,-220,-83,65,208,323,432,500,535,527,464,374,244,97,-51,-206,-358,-479,-554,-589,-590,-533,-432,-291,-135,38,210,384,532,636,687,676,599,490,344,157,-51,-261,-446,-607,-713,-754,-738,-662,-530,-343,-126,111,341,530,689,791,829,797,687,524,309,59,-199,-427,-629,-761,-843,-853,-768,-628,-434,-199,56,295,499,673,792,818,782,682,518,326,104,-124,-334,-503,-627,-709,-726,-670,-567,-426,-253,-65,113,280,439,545,612,633,598,523,412,273,110,-67,-228,-364,-484,-577,-614,-608,-552,-449,-314,-1145,-1163
39103,mtk,MTK 7916,2423865460,rx0-tx1,512,87,-67,-80,-368,-206,-30,152,338,490,609,685,711,677,586,444,256,46,-168,-379,-567,-705,-788,-813,-770,-657,-490,-278,-52,194,427,625,780,869,888,840,721,532,308,49,-218,-470,-685,-835,-931,-950,-889,-765,-565,-324,-56,226,480,699,867,959,974,921,796,604,366,102,-168,-436,-669,-843,-978,-1021,-990,-885,-693,-450,-174,114,413,672,887,1034,1089,1057,947,746,492,190,-127,-443,-725,-937,-1076,-1121,-1082,-950,-737,-471,-163,157,462,731,933,1059,1096,1044,917,702,437,146,-160,-462,-712,-896,-1010,-1039,-992,-857,-657,-409,-125,157,421,649,830,944,977,931,813,631,409,161,-104,-689,-575,-752,-871,-927,-914,-817,-660,-465,-225,35,290,523,718,861,947,958,893,751,551,296,11,-266,-543,-787,-962,-1057,-1080,-1011,-847,-606,-306,27,358,672,932,1114,1195,1178,1049,825,537,180,-187,-543,-854,-1078,-1207,-1236,-1154,-956,-688,-349,15,373,696,956,1120,1185,1154,1004,766,481,149,-194,-503,-777,-960,-1063,-1064,-972,-807,-562,-275,17,315,565,759,879,916,872,764,590,376,121,-125,-355,-539,-679,-755,-764,-715,-594,-432,-227,-10,198,389,537,629,671,641,553,415,239,42,-148,-322,-463,-553,-577,-545,-457,-314,-141,46,225,368,458,473,425,320,174,16,-127,-220,-11,-28,0,-413,-377,126,170,181,158,101,24,-60,-142,-202,-241,-241,-212,-156,-81,7,93,166,221,253,260,239,198,133,57,-22,-97,-168,-224,-256,-275,-259,-227,-180,-114,-38,45,133,213,272,314,335,318,272,205,109,4,-107,-218,-307,-372,-400,-398,-355,-278,-169,-38,92,219,323,395,440,431,391,315,212,88,-46,-180,-290,-375,-421,-432,-405,-336,-251,-142,-18,109,216,302,366,399,393,347,274,184,85,-22,-128,-215,-288,-332,-336,-318,-287,-227,-157,-69,25,101,166,224,266,270,266,250,197,149,89,14,-54,-108,-161,-211,-233,-246,-234,-214,-176,-117,-64,-7,61,121,165,-130,232,235,220,196,159,109,44,-19,-89,-142,-175,-215,-239,-229,-221,-189,-138,-91,-32,28,86,140,185,212,224,237,229,203,170,126,68,10,-65,-136,-206,-267,-307,-324,-323,-299,-248,-179,-82,20,131,239,336,412,454,460,430,364,265,130,-10,-166,-319,-446,-539,-589,-584,-534,-434,-295,-123,66,251,417,551,639,669,640,564,433,268,64,-140,-329,-490,-602,-668,-679,-628,-519,-372,-197,-7,182,346,475,571,613,602,543,443,313,166,10,-147,-281,-387,-470,-506,-504,-473,-408,-326,-226,-103,24,145,252,350,426,476,496,478,430,359,251,113,-29,-174,-315,-434,206,-66,504,-22,-8,513,608,653,654,590,474,321,139,-65,-263,-445,-599,-706,-755,-748,-684,-552,-373,-164,63,295,503,672,790,849,840,754,608,416,181,-73,-325,-565,-752,-870,-931,-911,-820,-653,-436,-187,90,352,590,785,904,964,941,844,686,464,202,-68,-326,-574,-780,-918,-985,-977,-902,-744,-538,-282,3,282,549,782,939,1027,1046,977,827,610,336,27,-274,-567,-813,-992,-1095,-1104,-1029,-858,-625,-335,-16,301,598,838,1012,1103,1102,1008,831,588,300,-9,-314,-596,-835,-987,-1062,-1063,-971,-792,-559,-282,15,308,578,792,940,1010,989,900,746,535,277,-6,-278,-523,-723,-857,-933,-932,261,-721,-535,-308,-61,201,445,647,800,905,932,885,779,608,391,139,-128,-397,-638,-834,-972,-1014,-990,-891,-704,-449,-158,143,455,730,948,1095,1144,1099,959,727,424,86,-263,-604,-883,-1101,-1226,-1228,-1127,-917,-620,-276,91,466,781,1024,1179,1221,1157,986,732,406,65,-286,-613,-867,-1042,-1137,-1111,-998,-789,-518,-215,103,400,667,868,978,1001,941,793,585,329,52,-218,-456,-644,-781,-841,-821,-734,-584,-400,-176,49,270,461,603,698,723,685,579,426,238,37,-167,-343,-487,-587,-626,-599,-519,-384,-212,-23,163,328,454,519,531,475,359,194,13,-154,-289,-367,-379,-325,-219,-44,-47,0,60,-185,78,28,-49,-123,-184,-218,-217,-184,-120,-36,53,134,202,244,257,239,199,137,62,-22,-101,-170,-227,-255,-261,-245,-207,-148,-80,0,85,154,218,265,287,289,273,229,158,76,-22,-123,-212,-290,-344,-367,-366,-319,-240,-139,-24,94,214,320,397,429,423,377,294,187,61,-74,-202,-311,-388,-429,-435,-403,-332,-232,-109,17,149,259,343,401,424,403,344,266,165,54,-70,-180,-268,-332,-361,-371,-339,-287,-215,-118,-17,73,159,231,282,313,307,278,238,181,101,20,-41,-119,-177,-211,-246,-253,-241,-213,-180,-126,-66,-7,54,105,167,208,230,242,236,201,163,245,52,-13,-70,-123,-174,-216,-234,-236,-218,-182,-146,-102,-30,31,85,147,186,203,220,222,215,195,149,88,38,-17,-79,-132,-184,-227,-255,-270,-268,-250,-212,-156,-88,-7,74,163,249,319,368,390,383,349,275,181,53,-76,-209,-333,-437,-506,-532,-519,-455,-352,-215,-54,123,291,440,556,621,636,591,498,362,191,-3,-193,-379,-527,-637,-695,-677,-608,-482,-318,-135,68,267,435,558,640,662,631,536,410,255,76,-96,-256,-393,-488,-544,-563,-531,-459,-365,-243,-109,28,159,272,360,433,476,487,460,408,329,225,108,-20,-149,-269,-381,-472,-526,-539,-522,-464,-354,359,407
39104,mtk,MTK 7916,2423865460,rx1-tx0,512,0,-321,198,268,86,-108,-314,-489,-620,-718,-759,-729,-630,-481,-283,-51,181,407,606,747,840,859,807,669,475,246,-13,-266,-520,-727,-872,-947,-935,-840,-668,-440,-170,112,397,651,850,964,1003,951,819,625,373,85,-223,-497,-738,-911,-1011,-1010,-938,-783,-559,-296,11,310,577,793,940,1018,1005,899,723,484,205,-97,-386,-645,-839,-952,-983,-937,-812,-608,-369,-90,195,453,658,807,891,899,830,674,471,241,-1,-232,-445,-625,-736,-777,-759,-671,-542,-368,-162,42,232,395,522,598,640,632,548,446,314,151,-27,-185,-329,-457,-529,-553,-546,-494,-409,-288,-144,15,164,307,405,487,216,502,438,347,225,94,-33,-170,-290,-382,-432,-455,-428,-366,-291,-172,-50,56,167,245,310,352,352,324,280,206,122,45,-43,-118,-177,-233,-258,-274,-265,-236,-184,-126,-68,-8,52,105,151,179,201,211,198,185,154,115,69,10,-38,-69,-118,-144,-168,-196,-205,-209,-191,-155,-124,-65,7,86,168,236,274,313,315,287,229,146,40,-61,-167,-252,-319,-370,-374,-331,-265,-181,-70,53,159,254,327,359,365,336,281,195,73,-43,-136,-233,-308,-338,-332,-301,-247,-158,-53,62,164,240,290,317,299,247,175,83,-27,-124,-205,-264,-275,-244,-180,-96,2,86,142,152,-590,-804,0,419,225,-125,-204,-236,-225,-181,-85,28,138,228,302,323,300,244,159,44,-81,-184,-273,-340,-364,-353,-297,-206,-94,17,142,250,319,374,394,360,302,206,88,-34,-152,-268,-349,-397,-400,-378,-332,-236,-118,7,126,245,332,392,421,406,345,273,166,41,-83,-206,-310,-370,-418,-415,-373,-306,-215,-97,27,142,245,329,382,402,383,334,250,141,55,-58,-169,-263,-330,-365,-371,-350,-292,-205,-121,-16,97,190,260,326,353,339,319,246,162,72,-28,-124,-205,-255,-297,-314,-290,-242,-187,-112,-28,59,123,186,237,257,258,231,186,128,70,16,-46,-106,-145,-177,-183,-180,-584,-144,-107,-61,-18,33,80,116,140,148,144,137,123,82,47,1,-31,-66,-85,-91,-93,-89,-77,-41,-22,-11,9,17,13,18,6,2,-4,-19,-17,-5,-1,17,37,53,89,106,114,122,122,96,44,-20,-73,-120,-182,-229,-257,-262,-234,-187,-124,-19,93,191,284,362,396,412,375,298,190,67,-71,-209,-334,-436,-494,-515,-484,-407,-286,-149,14,188,333,460,549,591,570,498,387,237,79,-94,-268,-425,-528,-595,-609,-565,-483,-353,-190,-20,153,315,439,534,588,575,538,459,320,163,5,-158,-298,-436,-523,-581,-586,-549,-473,-354,-207,-38,134,294,443,552,60,310,0,-763,-811,-616,-674,-688,-640,-522,-373,-189,32,258,461,627,749,806,795,724,576,383,150,-103,-352,-581,-749,-860,-898,-870,-763,-578,-345,-76,195,457,684,856,959,974,908,758,538,265,-23,-318,-583,-804,-960,-1029,-995,-877,-702,-460,-181,124,410,672,862,991,1029,977,840,634,386,99,-206,-491,-727,-892,-995,-1006,-934,-790,-564,-297,-13,275,542,746,879,951,934,833,658,435,176,-88,-347,-573,-735,-824,-842,-790,-681,-518,-302,-81,144,345,513,646,707,707,650,545,402,230,62,-126,-291,-414,-528,-601,-613,-575,-497,-371,-214,-53,100,247,375,471,534,539,509,431,320,196,757,-122,-243,-345,-428,-470,-475,-445,-370,-266,-143,-7,126,221,309,378,393,392,355,282,203,98,-10,-106,-188,-257,-287,-307,-302,-273,-221,-160,-90,-23,45,112,161,192,215,226,228,208,163,117,69,17,-29,-74,-124,-160,-188,-204,-187,-193,-176,-133,-98,-51,-2,55,122,173,216,254,269,267,229,167,96,21,-74,-166,-247,-311,-346,-347,-322,-258,-185,-73,59,167,250,327,377,377,341,273,182,75,-41,-147,-243,-322,-368,-359,-323,-264,-173,-63,40,140,235,301,342,341,296,221,136,33,-70,-167,-239,-294,-301,-264,-207,-119,-8,97,180,225,228,189,124,48,554,87,0,200,400,-144,-87,8,100,196,268,289,269,209,112,-12,-128,-227,-306,-349,-342,-295,-225,-124,-8,117,229,313,361,374,357,282,191,96,-31,-151,-261,-349,-398,-405,-375,-313,-215,-99,23,139,262,358,409,413,395,333,244,142,24,-106,-224,-320,-393,-417,-408,-362,-280,-184,-76,60,178,272,356,403,408,376,319,237,134,13,-111,-217,-309,-345,-371,-380,-346,-273,-177,-76,25,134,235,298,343,369,355,302,233,148,33,-57,-151,-242,-288,-323,-332,-305,-244,-170,-94,-1,90,159,220,271,291,274,233,189,127,58,-17,-91,-151,-190,-212,-223,-221,-186,-143,-88,-31,6,-674,108,139,161,170,177,155,118,74,25,-10,-43,-87,-116,-137,-138,-119,-102,-65,-35,-6,16,44,54,50,56,52,31,24,9,-7,-6,-4,8,29,39,43,65,65,66,50,10,-15,-49,-87,-136,-177,-191,-184,-174,-137,-79,-11,72,158,236,304,341,334,299,244,152,45,-76,-206,-318,-399,-455,-471,-435,-356,-238,-103,39,196,340,457,519,555,525,454,344,197,23,-159,-312,-452,-544,-588,-593,-540,-434,-292,-136,51,217,370,496,574,599,584,506,400,261,86,-89,-239,-390,-502,-560,-588,-563,-506,-394,-251,-99,68,221,370,491,570,602,591,541,445,295,-446,-327
39105,mtk,MTK 7916,2423865460,rx1-tx1,512,0,0,0,633,400,78,-263,-536,-692,-680,-502,-213,115,414,620,675,576,348,41,-274,-512,-623,-587,-412,-146,148,401,549,558,432,196,-84,-328,-484,-520,-423,-219,32,273,450,514,441,258,8,-247,-438,-528,-486,-320,-67,211,438,557,548,414,170,-122,-386,-562,-617,-523,-300,-8,288,517,634,605,435,168,-131,-411,-591,-641,-543,-317,-32,241,458,584,580,445,207,-74,-322,-484,-546,-488,-322,-91,144,347,465,468,370,202,5,-175,-314,-383,-356,-255,-111,51,195,284,305,257,154,26,-87,-177,-222,-205,-146,-61,24,97,146,161,136,84,19,-40,-89,-117,-109,-68,-16,0,42,60,64,55,29,-1,-16,-24,-28,-18,0,11,17,12,3,-7,-17,-29,-25,-14,2,17,36,51,51,33,5,-24,-48,-69,-83,-61,-32,-3,38,80,103,104,80,38,-11,-57,-99,-129,-137,-114,-63,3,71,117,157,172,153,101,24,-56,-123,-174,-202,-191,-145,-63,35,129,200,240,241,201,120,13,-106,-211,-270,-281,-245,-164,-45,86,208,290,315,284,192,61,-81,-201,-286,-318,-293,-212,-82,64,199,303,336,302,216,93,-53,-192,-294,-337,-313,-230,-107,35,176,280,325,318,264,157,27,-103,-211,-283,-313,-298,-234,-139,-38,52,124,170,192,0,0,0,0,0,29,-21,-63,-103,-145,-163,-144,-102,-46,32,113,177,204,195,148,71,-27,-124,-203,-246,-228,-167,-72,47,163,237,263,238,159,39,-96,-204,-267,-270,-214,-107,26,158,253,284,247,149,15,-123,-230,-282,-264,-179,-45,98,223,301,308,231,85,-91,-243,-353,-383,-308,-156,41,242,391,457,422,271,53,-184,-395,-529,-534,-409,-194,67,329,532,620,555,366,89,-217,-480,-637,-649,-506,-257,55,371,600,696,634,424,107,-233,-511,-678,-696,-548,-280,53,371,601,699,632,409,98,-231,-503,-655,-659,-507,-233,91,385,586,641,540,305,0,-291,-521,-633,-581,-380,0,225,474,608,594,434,158,-169,-452,-624,-648,-507,-237,95,418,643,706,606,351,1,-353,-626,-761,-720,-487,-126,258,590,794,815,630,290,-123,-521,-810,-893,-763,-455,-35,417,766,935,890,643,230,-234,-652,-921,-976,-797,-427,41,514,853,986,892,593,151,-332,-728,-947,-949,-737,-345,130,566,867,960,829,504,64,-386,-740,-913,-872,-624,-234,210,594,830,862,684,348,-57,-443,-713,-808,-705,-430,-62,313,615,757,705,482,145,-217,-521,-700,-700,-526,-233,120,445,663,705,577,315,-30,-365,-601,-691,-614,-395,-71,274,544,680,655,468,176,-157,-458,-656,-689,-553,0,0,0,0,0,330,580,694,651,456,150,-195,-492,-671,-693,-558,-292,41,352,567,653,586,385,99,-205,-453,-582,-576,-428,-184,99,353,512,530,417,205,-50,-301,-475,-520,-436,-239,17,270,452,521,458,280,28,-231,-440,-549,-529,-367,-113,163,417,577,587,461,233,-52,-336,-538,-623,-563,-370,-86,218,473,621,620,483,247,-49,-331,-541,-635,-577,-391,-126,161,408,555,573,474,279,26,-233,-423,-504,-476,-353,-159,63,260,388,424,367,234,64,-111,-254,-326,-327,-256,-136,7,144,234,257,226,158,58,-53,-140,-190,-193,-152,-84,-1,73,119,131,114,78,29,-16,-57,-82,0,-52,-24,4,27,45,46,38,22,-2,-15,-18,-13,-4,8,8,6,7,-3,-26,-33,-28,-16,-10,7,35,59,61,64,51,23,-16,-46,-81,-92,-78,-47,-12,25,66,104,124,115,80,28,-28,-84,-131,-153,-149,-114,-49,30,104,159,184,179,144,81,-6,-96,-170,-220,-235,-204,-133,-35,70,161,233,271,254,189,84,-39,-160,-253,-299,-297,-234,-123,16,149,250,303,303,241,136,2,-141,-251,-311,-314,-257,-152,-19,122,249,322,323,271,170,26,-126,-250,-324,-338,-288,-189,-60,83,209,298,331,314,247,142,21,-97,-190,-258,-280,-259,-212,-147,-64,0,0,0,0,0,103,113,109,84,38,-26,-94,-145,-179,-187,-156,-95,-19,72,158,211,224,195,124,20,-90,-189,-252,-259,-205,-110,6,124,215,266,262,191,74,-53,-174,-257,-281,-232,-137,-5,133,233,268,245,165,35,-114,-232,-293,-288,-212,-72,95,241,329,331,247,111,-69,-252,-385,-421,-358,-200,4,223,405,498,479,344,112,-145,-379,-538,-582,-497,-291,-5,286,518,634,606,439,164,-150,-435,-623,-676,-578,-345,-28,284,550,694,669,491,196,-147,-447,-642,-694,-587,-353,-30,301,559,683,646,456,164,-160,-445,-629,-658,-529,-283,31,334,549,625,557,350,52,-259,-510,0,-575,-403,-127,196,471,624,619,467,193,-136,-433,-631,-679,-556,-286,57,391,638,746,665,417,61,-315,-620,-786,-766,-556,-204,200,565,796,846,700,373,-53,-467,-785,-923,-836,-551,-130,329,712,935,943,722,331,-138,-573,-884,-989,-852,-514,-61,410,793,980,928,673,260,-217,-646,-915,-965,-780,-430,29,478,810,941,852,566,157,-291,-667,-880,-871,-661,-295,137,517,768,835,696,397,-1,-383,-664,-775,-699,-459,-114,261,571,724,694,494,185,-177,-489,-680,-705,-553,-267,80,408,633,697,598,353,13,-327,-577,-695,-644,-443,-130,219,503,661,671,521,238,-104,-415,0,0
39106,mtk,MTK 7916,2423865460,rx2-tx0,512,0,0,0,-426,-827,-1022,-968,-672,-207,314,752,1000,1001,757,329,-181,-642,-938,-1002,-819,-434,50,521,858,977,847,504,39,-426,-787,-942,-849,-544,-104,368,743,922,868,587,152,-323,-715,-929,-896,-636,-209,270,694,953,965,731,315,-181,-636,-936,-1005,-813,-410,93,567,895,1000,853,486,-9,-499,-852,-989,-879,-534,-56,445,835,1005,917,596,114,-403,-825,-1039,-991,-693,-208,342,811,1078,1086,812,334,-239,-758,-1104,-1180,-971,-521,64,643,1069,1235,1099,712,159,-438,-942,-1206,-1171,-863,-366,221,756,1103,1175,967,534,-26,-568,-956,-1107,-988,-628,-130,393,808,1019,972,683,229,-262,0,-929,-940,-709,-307,160,589,864,913,729,359,-99,-529,-826,-912,-760,-421,27,475,804,933,817,482,21,-452,-823,-987,-901,-593,-123,404,841,1072,1056,768,281,-284,-792,-1123,-1193,-975,-524,61,643,1088,1273,1150,763,180,-451,-981,-1288,-1292,-983,-447,193,798,1226,1373,1194,728,92,-567,-1101,-1378,-1336,-989,-419,251,872,1289,1410,1220,763,127,-531,-1061,-1345,-1330,-1021,-499,118,697,1115,1274,1145,776,253,-307,-774,-1059,-1115,-921,-538,-54,421,779,949,910,678,310,-103,-471,-713,-792,-699,-465,-138,197,469,633,662,548,333,66,-201,-412,-527,-543,-462,-305,-119,62,211,305,343,0,0,0,0,0,80,-56,-204,-348,-453,-494,-461,-343,-155,77,304,485,585,579,459,244,-32,-307,-518,-625,-606,-455,-202,97,368,569,656,595,400,111,-208,-480,-637,-656,-532,-285,40,353,571,654,590,384,86,-231,-486,-622,-605,-439,-154,168,449,623,645,494,215,-121,-435,-651,-711,-594,-322,42,410,680,794,720,471,92,-314,-656,-841,-830,-622,-267,166,569,837,902,747,412,-23,-453,-781,-927,-847,-554,-127,336,722,936,926,692,284,-193,-620,-904,-973,-807,-445,29,500,857,1004,910,591,126,-369,-772,-991,-973,-724,-295,212,667,965,1025,833,441,-52,-539,-897,-1038,-928,-584,-98,0,814,1026,987,704,247,-269,-722,-995,-1019,-796,-374,146,632,966,1063,893,504,-8,-524,-920,-1081,-976,-631,-121,423,857,1083,1043,747,260,-297,-782,-1075,-1104,-855,-392,174,697,1050,1144,955,533,-31,-593,-1001,-1160,-1032,-653,-104,474,933,1158,1098,762,232,-354,-852,-1141,-1144,-856,-356,237,773,1113,1171,942,476,-113,-681,-1071,-1193,-1021,-601,-29,561,1015,1212,1109,726,164,-429,-920,-1190,-1164,-845,-325,276,811,1144,1191,953,483,-107,-670,-1060,-1187,-1023,-611,-61,501,935,1135,1050,707,190,-360,-816,-1066,-1053,-774,-307,231,706,999,1036,822,406,-114,-600,-935,-1029,-864,-486,13,505,0,0,0,0,0,927,610,129,-378,-790,-1017,-998,-723,-269,244,690,969,1006,796,392,-105,-575,-896,-990,-833,-474,-1,472,821,957,846,524,73,-400,-765,-929,-856,-571,-133,343,730,932,886,611,180,-299,-712,-944,-941,-687,-258,243,681,948,980,769,360,-142,-611,-923,-998,-827,-455,41,535,889,1004,866,512,32,-459,-837,-1000,-896,-566,-86,423,817,1008,944,635,149,-376,-820,-1059,-1033,-751,-265,303,794,1094,1130,888,418,-164,-719,-1099,-1213,-1042,-624,-44,551,1006,1216,1147,803,264,-334,-852,-1157,-1178,-921,-450,119,657,1029,1148,990,585,52,-476,-879,-1064,-988,-670,-190,327,746,970,950,0,277,-210,-634,-891,-916,-712,-334,125,553,840,906,743,387,-67,-508,-823,-925,-783,-443,10,471,823,965,860,535,72,-426,-829,-1033,-981,-673,-190,344,820,1100,1107,849,385,-191,-738,-1120,-1240,-1068,-639,-46,571,1054,1292,1233,887,324,-327,-905,-1274,-1344,-1098,-598,44,681,1167,1383,1271,863,255,-419,-993,-1336,-1378,-1109,-584,72,710,1185,1399,1297,909,324,-333,-904,-1259,-1333,-1124,-671,-85,506,966,1190,1150,871,421,-111,-592,-924,-1041,-930,-627,-200,246,607,824,854,693,396,28,-333,-598,-716,-677,-503,-236,68,347,536,605,561,414,197,-45,-260,-406,-464,-442,-360,-242,-105,0,0,0,0,0,335,380,364,281,139,-48,-243,-413,-525,-554,-487,-326,-91,173,409,570,617,545,360,93,-201,-456,-619,-645,-542,-320,-18,296,539,663,638,473,190,-132,-417,-609,-665,-566,-333,-26,287,529,642,600,414,128,-187,-460,-615,-609,-457,-188,136,436,624,662,533,260,-95,-433,-673,-756,-650,-378,-18,360,673,825,779,546,176,-242,-607,-837,-871,-696,-340,104,522,819,923,806,494,59,-397,-763,-941,-887,-625,-210,260,663,914,947,748,367,-104,-555,-870,-977,-852,-515,-44,436,813,995,939,652,213,-285,-721,-981,-1001,-780,-374,129,599,924,1029,884,520,26,-475,-861,-1037,0,-654,-185,336,773,1014,1013,757,314,-209,-675,-980,-1042,-855,-449,73,577,939,1072,932,565,58,-471,-888,-1082,-1011,-690,-198,349,817,1079,1070,796,323,-235,-739,-1058,-1124,-903,-457,109,655,1041,1158,995,585,31,-536,-964,-1151,-1063,-707,-165,422,901,1156,1123,805,287,-296,-813,-1126,-1159,-901,-416,183,728,1090,1179,981,538,-48,-625,-1039,-1203,-1070,-667,-93,504,974,1208,1137,790,249,-359,-879,-1179,-1186,-903,-405,187,738,1104,1198,998,553,-28,-594,-1001,-1165,-1048,-667,-129,431,879,1104,1051,741,252,-290,-755,-1030,-1051,-806,-356,176,657,968,1037,844,444,-67,-552,-897,-1021,-890,0,0
39107,mtk,MTK 7916,2423865460,rx2-tx1,512,0,0,0,73,354,553,622,541,334,52,-241,-472,-584,-558,-404,-158,114,357,509,544,444,245,-6,-240,-416,-487,-450,-309,-99,122,303,406,414,322,159,-27,-203,-311,-344,-300,-182,-37,102,210,253,224,158,59,-49,-126,-160,-155,-111,-48,8,47,65,45,10,-22,-34,-28,8,61,101,120,109,62,-23,-130,-215,-253,-234,-142,-10,138,272,362,364,269,101,-98,-288,-421,-469,-409,-249,-14,245,455,548,523,373,132,-147,-413,-594,-631,-522,-285,20,325,570,682,634,437,138,-202,-498,-686,-717,-576,-284,67,401,648,741,665,431,94,-261,-567,-738,-729,-547,-248,115,456,0,749,622,360,26,-329,-602,-720,-675,-478,-160,210,518,696,703,540,253,-98,-424,-644,-706,-593,-333,10,357,610,714,646,412,63,-298,-590,-740,-710,-509,-163,225,559,772,808,643,317,-84,-483,-778,-891,-795,-513,-91,364,728,930,925,694,311,-159,-607,-913,-1000,-869,-529,-60,424,814,1025,1001,742,319,-181,-646,-955,-1057,-932,-592,-103,390,794,1033,1042,822,424,-64,-531,-881,-1033,-949,-670,-253,210,609,873,955,822,511,106,-299,-634,-825,-831,-655,-360,-3,347,608,736,713,542,257,-58,-339,-541,-635,-606,-467,-243,10,245,419,511,505,420,280,117,-35,-159,-241,0,0,0,0,0,-49,49,149,246,322,357,338,266,141,-20,-186,-320,-406,-418,-353,-218,-32,156,313,411,436,376,232,33,-170,-339,-442,-459,-381,-218,0,211,376,469,464,354,163,-42,-240,-392,-466,-429,-306,-122,84,271,398,433,380,254,72,-135,-283,-356,-362,-300,-176,-11,144,256,300,290,219,102,-29,-134,-205,-221,-185,-124,-51,28,87,111,110,99,61,19,-5,-19,-15,9,30,32,-5,-45,-88,-119,-134,-119,-71,12,92,154,199,207,164,84,-26,-144,-240,-279,-249,-168,-45,93,210,275,288,248,140,-15,-168,-268,-305,-282,-200,-69,79,205,276,285,220,95,-52,0,-262,-288,-241,-128,10,148,257,297,248,145,4,-147,-260,-301,-268,-166,-25,124,250,311,297,207,59,-115,-251,-324,-327,-256,-109,74,241,341,369,300,142,-46,-225,-357,-411,-351,-197,0,188,347,418,388,263,67,-150,-334,-436,-429,-303,-110,111,319,450,460,351,149,-89,-313,-468,-502,-406,-215,40,304,498,556,488,292,18,-271,-494,-608,-572,-393,-102,207,474,631,645,508,242,-98,-417,-635,-705,-616,-372,-35,308,583,729,706,512,201,-164,-496,-717,-763,-631,-367,-11,352,633,765,730,529,201,-175,-498,-707,-753,-633,-361,-1,342,594,709,664,458,149,-177,0,0,0,0,0,-628,-523,-292,6,299,517,603,548,372,108,-176,-406,-543,-557,-438,-222,51,302,465,518,455,281,52,-177,-359,-450,-431,-309,-127,74,254,372,388,313,171,0,-152,-256,-296,-265,-167,-44,75,166,204,195,139,58,-15,-74,-108,-91,-57,-22,17,34,12,-21,-57,-79,-75,-37,28,97,155,181,162,90,-24,-141,-248,-305,-289,-199,-53,119,287,396,417,338,166,-52,-277,-454,-534,-478,-305,-53,209,439,575,583,458,215,-86,-380,-588,-666,-582,-376,-68,266,543,690,685,513,203,-147,-454,-661,-725,-615,-365,-22,333,611,744,698,493,174,-190,-512,-709,-741,-603,0,37,380,634,745,664,419,83,-262,-551,-714,-703,-518,-207,145,455,655,698,574,296,-53,-389,-630,-713,-617,-379,-38,325,600,732,688,469,129,-260,-596,-770,-757,-568,-244,161,538,788,857,711,397,-13,-438,-774,-923,-861,-600,-191,267,671,931,969,791,428,-47,-521,-869,-1015,-932,-646,-205,295,725,994,1040,846,457,-38,-519,-882,-1052,-991,-702,-257,237,683,976,1045,890,554,102,-376,-762,-972,-962,-755,-398,47,465,758,888,835,602,252,-143,-490,-714,-781,-695,-457,-139,195,485,668,692,578,366,99,-183,-412,-547,-581,-517,-363,-157,53,241,362,414,396,326,218,0,0,0,0,0,-242,-276,-269,-212,-111,19,152,281,371,398,353,250,97,-81,-251,-378,-432,-412,-315,-147,58,245,380,446,428,311,124,-89,-283,-420,-476,-429,-293,-98,121,317,444,469,398,254,47,-175,-345,-438,-445,-353,-193,9,206,354,416,389,288,123,-63,-220,-318,-356,-313,-203,-53,93,201,254,266,219,123,15,-78,-152,-177,-161,-118,-60,0,41,55,53,41,20,11,12,26,48,65,70,57,20,-33,-96,-147,-161,-150,-107,-31,72,175,242,250,223,137,10,-126,-223,-277,-283,-224,-95,53,184,268,293,262,168,32,-119,-241,-297,-285,-210,-86,58,190,274,282,0,119,-27,-168,-258,-280,-234,-128,8,150,256,292,258,154,12,-135,-257,-311,-279,-190,-47,113,246,319,319,227,74,-97,-242,-336,-354,-277,-127,57,237,352,374,311,169,-20,-219,-362,-421,-382,-238,-30,174,347,439,415,285,80,-150,-342,-441,-437,-323,-130,102,309,451,471,368,172,-75,-314,-478,-532,-446,-242,24,291,493,582,534,346,63,-233,-480,-618,-606,-444,-179,138,438,637,684,564,301,-32,-361,-610,-724,-667,-449,-118,247,555,732,743,582,285,-83,-437,-688,-781,-696,-446,-95,267,567,742,755,584,273,-87,-417,-650,-734,-645,-410,-87,260,531,668,650,0,0
39108,mtk,MTK 7916,2423901251,rx0-tx0,512,-349,122,167,281,136,-26,-192,-360,-497,-606,-689,-724,-715,-663,-564,-433,-270,-93,88,273,432,578,682,736,741,708,628,502,339,171,-2,-184,-347,-492,-603,-673,-702,-682,-623,-532,-399,-248,-90,77,225,353,467,546,581,583,548,492,412,309,200,85,-22,-130,-224,-312,-382,-429,-447,-461,-446,-405,-360,-301,-217,-115,-5,98,206,312,395,465,514,535,524,467,392,288,161,17,-127,-257,-389,-499,-560,-588,-588,-540,-448,-336,-200,-47,99,237,374,476,533,559,542,487,399,285,162,31,-101,-212,-306,-379,-412,-427,-404,-351,-275,-193,-102,-9,70,142,199,227,228,230,216,181,-511,112,70,35,4,-31,-54,-63,-66,-65,-69,-64,-63,-68,-76,-75,-75,-75,-87,-90,-74,-71,-63,-41,1,32,68,106,140,165,182,191,184,160,124,90,49,-1,-57,-109,-153,-187,-211,-221,-217,-211,-175,-142,-106,-53,2,59,111,168,215,255,278,279,272,243,190,135,76,-2,-89,-169,-233,-293,-339,-359,-344,-312,-259,-180,-98,-6,99,196,275,337,372,372,347,300,240,158,60,-37,-135,-214,-275,-311,-336,-333,-293,-240,-179,-102,-20,65,134,197,244,269,271,256,220,173,119,52,-19,-86,-147,-191,-219,-225,-216,-183,-128,-65,1,62,113,147,151,131,-2,52,1179,-415,-564,173,224,243,227,171,81,-19,-127,-226,-304,-355,-368,-339,-295,-213,-101,14,134,237,335,407,442,445,414,343,255,144,5,-129,-259,-373,-459,-515,-541,-522,-451,-364,-234,-87,70,214,337,449,524,569,570,532,467,346,215,72,-74,-214,-345,-451,-532,-573,-580,-542,-472,-378,-265,-131,12,152,280,400,480,533,569,560,504,427,328,203,71,-70,-201,-315,-407,-475,-524,-531,-522,-476,-394,-295,-184,-57,69,190,297,394,469,512,527,515,467,399,301,192,67,-66,-191,-303,-409,-477,-516,-536,-523,-476,-392,-294,-175,-47,77,215,324,406,473,521,533,517,472,388,-330,176,57,-63,-179,-295,-397,-489,-537,-556,-553,-513,-444,-354,-245,-112,29,164,293,411,515,588,614,619,575,505,407,289,142,-17,-164,-316,-449,-548,-631,-670,-665,-634,-565,-456,-331,-181,-9,158,328,481,614,702,749,762,733,648,530,381,205,12,-181,-371,-548,-678,-777,-845,-847,-806,-697,-557,-383,-182,31,242,443,629,771,849,890,879,794,659,495,294,83,-133,-342,-532,-688,-792,-851,-845,-788,-699,-565,-395,-197,1,193,374,515,634,712,739,720,675,573,452,317,157,1,-149,-296,-421,-519,-592,-629,-631,-607,-555,-466,-353,-227,-87,67,219,353,463,557,616,59,-94,-729,204,172,-596,-659,-686,-669,-604,-498,-370,-211,-33,149,324,480,600,687,732,736,690,600,482,321,142,-47,-230,-404,-554,-653,-705,-731,-703,-632,-527,-381,-218,-40,132,286,429,545,616,648,633,580,506,407,273,138,3,-130,-253,-362,-440,-481,-499,-499,-476,-421,-356,-273,-179,-93,2,105,201,283,356,421,462,481,474,458,403,326,230,114,-13,-153,-283,-391,-484,-547,-569,-553,-514,-449,-331,-189,-46,105,259,386,491,563,593,574,529,446,328,195,52,-100,-236,-351,-430,-477,-499,-481,-433,-354,-242,-132,-21,91,187,256,300,331,329,306,266,211,144,81,22,-44,-85,1105,-147,-152,-145,-139,-129,-103,-84,-64,-54,-44,-32,-27,-20,-8,0,4,13,17,51,65,82,108,131,145,135,137,120,90,58,24,-20,-69,-117,-151,-172,-196,-209,-204,-184,-154,-121,-74,-18,32,86,142,174,207,228,235,232,219,193,152,104,42,-22,-84,-160,-218,-261,-297,-321,-321,-288,-236,-181,-103,-10,88,184,269,326,358,376,362,320,254,174,74,-29,-127,-214,-281,-337,-357,-354,-329,-278,-206,-123,-38,58,139,202,261,298,306,290,256,209,144,70,-2,-71,-135,-182,-219,-244,-245,-230,-197,-140,-72,-3,61,123,170,194,198,177,138,82,22,-34,237,229,1145,-1096,-1015,112,41,-49,-144,-232,-291,-314,-307,-256,-176,-73,46,148,245,337,391,410,393,342,272,163,46,-75,-204,-315,-396,-460,-488,-477,-442,-358,-245,-114,24,176,310,425,519,563,566,522,457,363,230,79,-83,-226,-359,-467,-532,-568,-564,-525,-455,-361,-241,-104,43,191,320,425,509,558,570,545,497,414,297,178,43,-108,-241,-346,-443,-511,-547,-559,-518,-452,-354,-245,-120,5,127,254,362,436,497,530,523,495,436,343,236,113,-3,-135,-250,-356,-440,-494,-536,-531,-497,-433,-344,-231,-116,11,137,259,368,450,507,527,528,496,422,334,240,115,-18,-145,-267,-375,826,-504,-533,-531,-505,-446,-374,-268,-148,-27,101,238,356,449,530,575,583,562,515,439,336,198,56,-97,-247,-374,-484,-573,-633,-640,-621,-571,-484,-371,-236,-70,88,237,390,510,610,690,720,708,656,557,425,266,99,-79,-263,-439,-579,-692,-770,-800,-785,-736,-633,-476,-308,-94,114,317,506,659,788,861,875,843,765,634,447,243,38,-190,-409,-593,-744,-840,-880,-871,-808,-699,-543,-352,-142,81,279,456,604,721,783,799,772,685,571,433,262,78,-92,-254,-405,-514,-610,-660,-664,-649,-592,-504,-392,-252,-106,40,176,309,428,517,581,621,637,602,532,436,320,173,-1145,-1163
39109,mtk,MTK 7916,2423901251,rx0-tx1,512,87,-67,-80,368,245,99,-59,-221,-368,-505,-614,-695,-740,-735,-687,-592,-466,-305,-133,54,242,421,583,704,789,845,841,784,688,546,370,165,-51,-277,-480,-658,-801,-891,-941,-941,-876,-755,-586,-386,-173,54,282,499,683,832,930,970,972,910,798,642,450,233,8,-227,-445,-638,-813,-934,-1009,-1029,-983,-892,-755,-561,-335,-99,151,413,638,829,982,1083,1106,1066,968,808,601,363,97,-171,-428,-661,-861,-1016,-1104,-1128,-1085,-976,-811,-595,-352,-83,174,426,659,841,979,1065,1080,1030,929,763,561,331,90,-156,-401,-607,-779,-908,-983,-989,-948,-854,-711,-530,-327,-107,114,331,523,675,-689,882,904,876,823,723,570,395,200,-10,-211,-413,-595,-742,-851,-916,-934,-902,-817,-684,-507,-303,-88,147,390,608,805,948,1038,1075,1038,942,782,568,323,42,-245,-520,-760,-962,-1103,-1180,-1187,-1101,-949,-743,-481,-183,127,417,687,919,1079,1180,1192,1127,1005,798,547,276,-14,-296,-560,-780,-949,-1065,-1110,-1079,-973,-798,-592,-350,-88,179,418,626,790,895,936,927,852,721,555,367,162,-50,-261,-442,-587,-695,-756,-773,-737,-656,-535,-378,-205,-24,159,320,465,577,637,656,627,555,444,305,144,-28,-190,-338,-458,-531,-555,-532,-464,-344,-201,-37,125,258,348,383,358,282,-11,-28,0,-413,-377,35,-35,-105,-168,-206,-223,-211,-171,-113,-37,50,124,194,236,257,263,245,209,153,91,15,-65,-137,-189,-235,-275,-287,-275,-254,-217,-157,-91,-22,55,128,194,251,296,323,333,323,294,244,163,77,-8,-112,-213,-297,-360,-411,-427,-414,-378,-300,-215,-112,4,110,226,320,384,430,447,432,391,329,236,144,40,-78,-185,-277,-344,-394,-428,-423,-389,-336,-267,-180,-86,17,114,207,280,334,366,380,373,330,273,214,143,58,-27,-106,-177,-232,-273,-308,-317,-308,-288,-252,-198,-133,-71,-13,53,119,170,218,250,271,282,270,248,218,173,118,60,3,-61,-122,-130,-215,-251,-270,-273,-266,-243,-208,-159,-103,-47,14,76,134,183,210,235,254,261,249,228,195,149,109,56,12,-42,-97,-150,-192,-230,-256,-272,-280,-282,-268,-239,-193,-137,-74,-6,74,149,218,286,356,404,426,426,407,360,286,198,82,-51,-172,-294,-403,-483,-545,-573,-576,-536,-464,-357,-222,-72,90,246,387,508,606,665,675,646,585,479,339,177,1,-159,-315,-461,-568,-640,-668,-664,-618,-523,-407,-276,-131,34,183,302,417,503,547,564,551,507,440,359,263,158,47,-65,-170,-258,-341,-407,-458,-485,-489,-467,-430,-379,-301,-211,-116,-3,112,228,345,437,524,206,-66,504,-22,-8,-517,-603,-661,-675,-651,-589,-496,-363,-207,-31,148,322,477,615,717,777,797,770,700,581,427,257,59,-161,-361,-542,-691,-810,-879,-905,-869,-780,-650,-477,-278,-60,167,389,589,753,875,950,966,930,834,694,518,297,72,-149,-378,-574,-751,-883,-962,-997,-976,-898,-776,-605,-400,-176,71,312,529,725,895,1000,1055,1067,999,874,703,490,234,-33,-295,-542,-767,-938,-1059,-1119,-1111,-1041,-908,-719,-486,-218,47,315,561,775,937,1052,1100,1083,1015,873,690,474,222,-46,-295,-536,-742,-895,-1001,-1039,-1035,-954,-814,-638,-431,-202,32,257,467,650,794,895,945,939,882,772,621,261,247,32,-163,-356,-551,-704,-811,-875,-895,-875,-810,-693,-539,-360,-161,53,278,487,681,832,932,986,997,936,828,664,454,219,-41,-305,-551,-776,-954,-1082,-1140,-1126,-1039,-883,-672,-412,-129,168,471,726,946,1112,1201,1202,1123,990,783,529,241,-72,-358,-631,-871,-1026,-1125,-1160,-1113,-991,-803,-577,-323,-42,240,501,711,871,983,1035,1010,915,774,582,355,117,-118,-343,-535,-684,-790,-844,-848,-796,-691,-549,-383,-191,4,198,369,515,626,691,712,681,606,507,359,193,21,-159,-315,-448,-546,-601,-610,-569,-486,-360,-206,-41,124,280,396,468,491,453,368,244,99,-44,-154,-44,-47,0,60,-185,-163,-174,-162,-119,-53,20,100,167,217,250,251,231,185,116,44,-34,-107,-175,-224,-258,-282,-274,-245,-198,-151,-89,-9,63,134,201,249,277,295,300,282,248,196,131,56,-24,-106,-189,-266,-327,-359,-381,-380,-340,-274,-200,-103,10,112,223,317,380,425,436,429,397,321,226,123,5,-109,-211,-304,-370,-405,-432,-428,-393,-331,-250,-166,-61,50,155,241,317,370,400,407,385,339,271,191,106,21,-81,-167,-232,-282,-326,-344,-337,-318,-282,-236,-175,-101,-21,50,114,178,232,267,283,293,288,264,224,182,126,71,4,-59,-114,-169,-216,-246,-265,-270,-267,-245,245,-169,-115,-52,4,66,125,184,228,251,262,269,257,236,192,146,104,50,-10,-71,-124,-168,-204,-230,-251,-257,-256,-245,-218,-185,-149,-98,-45,14,73,140,201,252,289,313,333,346,332,293,247,177,97,3,-92,-196,-295,-380,-447,-500,-511,-494,-455,-375,-277,-154,-19,125,273,399,514,593,638,640,598,521,423,292,134,-41,-206,-359,-498,-600,-672,-693,-670,-615,-514,-382,-229,-64,98,259,400,503,574,621,631,589,527,440,314,193,69,-66,-195,-304,-392,-451,-492,-506,-499,-463,-413,-347,-271,-172,-70,36,136,223,320,399,455,501,528,519,494,430,347,238,359,407
39110,mtk,MTK 7916,2423901251,rx1-tx0,512,0,-321,198,-281,-109,63,231,403,549,672,746,787,792,728,615,472,295,82,-120,-323,-519,-685,-816,-896,-914,-879,-781,-654,-477,-253,-12,232,460,659,816,928,993,989,913,787,613,396,153,-94,-327,-562,-756,-894,-982,-1016,-977,-878,-740,-546,-330,-94,147,384,604,784,901,976,1005,956,854,697,493,267,34,-202,-432,-641,-805,-912,-962,-959,-905,-777,-608,-405,-180,54,278,484,638,765,861,878,851,765,635,485,304,107,-96,-287,-448,-575,-667,-726,-746,-699,-625,-533,-406,-259,-108,62,221,362,476,553,605,620,606,557,481,364,232,101,-34,-179,-314,-429,-508,-547,-557,-544,216,-422,-323,-199,-73,59,188,309,389,448,490,492,460,414,345,244,139,38,-67,-170,-258,-312,-357,-382,-389,-367,-335,-275,-204,-130,-45,29,95,162,215,262,286,290,283,272,245,203,154,99,37,-11,-63,-114,-171,-210,-246,-268,-267,-278,-264,-230,-187,-136,-76,-17,44,117,182,241,287,323,350,351,323,274,223,135,24,-86,-183,-274,-348,-389,-412,-415,-382,-319,-229,-140,-42,76,179,273,361,398,408,397,357,302,225,127,20,-84,-192,-268,-332,-374,-370,-354,-314,-241,-156,-64,33,133,223,280,320,337,310,256,187,90,-17,-116,-192,-232,-248,-233,-177,-98,-590,-804,0,419,225,-58,22,119,197,264,300,290,243,162,60,-46,-155,-261,-328,-361,-365,-335,-295,-217,-118,-15,98,205,287,354,399,412,383,331,263,166,48,-69,-183,-269,-338,-402,-426,-427,-404,-348,-266,-163,-51,63,178,276,362,431,454,460,429,367,293,189,65,-57,-180,-277,-356,-416,-449,-442,-420,-363,-290,-210,-94,16,118,226,307,372,407,423,411,366,307,231,141,45,-53,-158,-237,-304,-357,-379,-391,-368,-319,-264,-173,-88,-11,88,164,229,294,329,346,339,316,274,207,127,47,-37,-120,-160,-202,-254,-279,-288,-273,-237,-194,-136,-86,-26,42,93,129,167,209,232,-584,206,178,150,116,65,17,-24,-72,-106,-132,-160,-171,-171,-160,-134,-103,-75,-29,10,34,60,82,91,90,85,69,60,38,18,-5,-29,-36,-35,-26,-15,-8,21,62,85,86,93,86,67,50,17,-21,-83,-129,-169,-205,-232,-256,-241,-205,-142,-75,-1,87,190,266,327,394,417,411,376,314,219,109,-8,-137,-258,-372,-464,-517,-539,-522,-475,-394,-291,-157,-10,133,278,394,503,589,616,607,563,487,377,225,72,-76,-225,-362,-477,-563,-618,-638,-607,-544,-450,-325,-194,-42,105,257,387,489,570,614,618,596,544,452,331,205,62,-103,-245,-369,-492,-581,-634,60,310,0,-763,-811,650,708,726,703,626,517,370,202,27,-180,-369,-532,-673,-788,-845,-842,-807,-712,-565,-383,-172,47,273,485,667,826,923,954,937,860,732,550,330,89,-170,-410,-622,-799,-923,-995,-1001,-960,-853,-679,-472,-246,-1,257,483,689,847,947,989,983,918,800,624,421,199,-55,-300,-514,-712,-852,-950,-980,-963,-883,-743,-568,-352,-124,108,343,558,732,861,932,939,896,787,634,465,251,28,-193,-402,-563,-685,-775,-819,-797,-733,-635,-504,-348,-181,4,174,318,458,574,635,666,669,627,551,440,312,169,24,-126,-261,-389,-493,-552,-583,-593,-565,-502,-407,-288,-159,-25,110,757,347,451,511,539,536,505,432,327,225,111,-14,-120,-220,-317,-385,-422,-441,-438,-407,-337,-258,-179,-89,9,100,180,249,288,322,334,320,307,278,233,175,100,33,-27,-87,-144,-193,-227,-261,-272,-266,-261,-243,-206,-160,-117,-62,-11,40,109,167,213,253,278,290,305,293,264,215,154,92,4,-88,-178,-250,-312,-374,-400,-394,-365,-314,-239,-142,-38,74,183,283,349,397,428,422,380,320,233,121,23,-84,-183,-269,-343,-386,-400,-385,-342,-270,-202,-96,13,101,197,268,319,343,350,326,267,184,95,-7,-112,-192,-262,-308,-310,-274,-211,-128,-37,61,136,180,554,87,0,200,400,193,229,218,170,96,-4,-113,-207,-284,-330,-342,-321,-260,-166,-66,43,141,233,317,364,390,384,338,264,181,83,-30,-143,-239,-322,-385,-423,-425,-396,-333,-260,-160,-40,66,169,277,362,429,452,450,420,358,274,161,49,-59,-180,-276,-360,-431,-459,-468,-431,-364,-280,-190,-72,37,150,253,328,400,438,429,409,366,294,208,112,11,-95,-189,-260,-324,-370,-395,-399,-364,-309,-243,-160,-76,19,117,197,275,329,346,359,349,305,265,200,122,33,-53,-127,-204,-262,-305,-319,-326,-295,-243,-208,-144,-74,-4,63,128,175,211,239,253,247,211,177,152,103,40,-674,-61,-106,-142,-170,-191,-194,-198,-181,-144,-105,-73,-32,8,48,87,103,123,140,130,121,103,74,42,14,-10,-32,-41,-56,-59,-58,-42,-21,0,20,30,38,42,32,3,-12,-29,-64,-94,-118,-142,-158,-154,-133,-108,-67,-15,63,141,212,263,297,322,333,314,251,185,89,-16,-122,-226,-333,-415,-455,-472,-467,-422,-359,-254,-128,1,138,275,392,488,554,576,571,520,437,339,198,40,-110,-252,-382,-502,-585,-616,-619,-589,-515,-417,-290,-149,13,177,319,444,530,591,622,614,573,487,385,259,111,-43,-181,-315,-434,-521,-586,-632,-633,-586,-525,-429,-298,-152,-446,-327
39111,mtk,MTK 7916,2423901251,rx1-tx1,512,0,0,0,-610,-352,-4,350,610,697,592,332,-21,-368,-604,-672,-553,-282,60,378,591,632,492,225,-100,-381,-555,-575,-423,-162,141,393,521,495,333,76,-201,-414,-501,-440,-242,19,274,441,487,386,160,-115,-349,-481,-475,-328,-87,187,412,520,477,302,34,-249,-468,-560,-493,-294,-10,280,500,584,510,296,-3,-292,-500,-582,-520,-308,-21,265,477,567,500,305,41,-234,-437,-513,-463,-307,-76,169,361,453,427,295,96,-124,-291,-379,-363,-255,-91,74,213,291,286,213,90,-52,-171,-224,-218,-165,-78,22,107,155,163,133,60,-19,-79,-108,-119,-98,-53,4,56,87,90,0,38,2,-30,-56,-60,-48,-25,0,20,31,38,37,27,15,4,-11,-25,-35,-37,-36,-23,-15,4,14,12,16,30,37,32,14,-3,-16,-38,-50,-48,-36,-16,7,25,50,68,74,58,27,-12,-38,-67,-88,-90,-77,-46,13,68,112,142,135,95,34,-44,-126,-180,-200,-180,-114,-14,90,183,245,254,200,90,-44,-171,-258,-294,-261,-164,-29,114,248,322,319,242,109,-59,-212,-315,-345,-294,-175,-14,157,291,347,320,230,84,-87,-241,-336,-349,-283,-155,14,180,300,356,334,231,80,-80,-221,-320,-348,-309,-213,-79,66,187,267,294,268,205,122,28,0,0,0,0,0,106,133,135,104,49,-23,-97,-161,-199,-196,-154,-67,45,150,222,249,212,130,10,-123,-225,-271,-251,-162,-27,110,225,289,275,184,43,-108,-232,-299,-290,-195,-35,123,253,316,291,171,11,-151,-276,-331,-283,-151,20,191,321,361,287,121,-90,-277,-394,-409,-302,-98,150,362,486,474,319,75,-194,-429,-557,-523,-350,-73,235,491,619,583,391,89,-243,-526,-669,-625,-409,-77,283,565,696,642,409,69,-287,-575,-709,-643,-397,-46,325,604,712,636,378,17,-346,-607,-702,-604,-338,25,379,614,672,561,294,-63,-402,-621,-656,-500,-210,142,443,616,620,433,109,0,-508,-647,-593,-366,-29,319,588,679,571,301,-64,-412,-647,-708,-553,-226,159,512,726,744,535,162,-259,-607,-796,-763,-502,-93,350,694,860,788,476,18,-433,-776,-913,-791,-442,35,515,857,961,790,396,-104,-588,-904,-972,-770,-359,169,639,925,960,731,299,-227,-686,-952,-943,-673,-222,286,706,932,893,609,149,-348,-741,-915,-842,-532,-80,380,721,858,742,426,-1,-428,-726,-803,-651,-319,101,476,706,724,539,206,-185,-522,-703,-672,-445,-88,284,575,698,619,356,-7,-370,-616,-686,-557,-276,90,429,649,683,515,195,-179,-494,-671,-657,-462,-135,228,529,679,638,0,0,0,0,0,-332,-587,-689,-604,-343,16,363,608,692,576,305,-47,-376,-599,-652,-525,-254,79,379,574,601,460,194,-118,-386,-532,-528,-375,-116,169,397,500,456,289,34,-234,-431,-494,-413,-204,60,306,462,482,358,117,-161,-383,-499,-486,-327,-65,215,442,540,489,301,29,-267,-484,-567,-506,-305,-2,293,500,579,505,301,13,-282,-501,-572,-509,-314,-32,247,464,553,494,305,50,-205,-395,-489,-449,-296,-77,144,330,422,392,274,101,-95,-259,-340,-333,-245,-101,60,192,256,250,186,83,-36,-135,-192,-195,-151,-68,29,109,149,141,104,44,-22,-75,-102,-101,-79,-41,5,0,73,78,60,32,2,-23,-44,-58,-49,-23,-3,12,23,27,26,31,22,12,6,-7,-27,-29,-25,-30,-23,-17,-12,0,14,31,42,40,29,6,-17,-31,-45,-55,-46,-33,-9,14,49,73,82,82,58,16,-26,-66,-110,-123,-111,-75,-16,61,122,166,178,145,75,-14,-105,-178,-215,-211,-157,-55,67,176,256,284,237,133,-6,-146,-260,-309,-285,-199,-73,80,223,313,331,270,144,-19,-184,-302,-349,-316,-207,-43,127,264,341,344,263,112,-64,-221,-329,-365,-318,-196,-35,129,266,342,348,279,152,-4,-153,-268,-326,-318,-257,-161,-43,72,159,203,212,0,0,0,0,0,-49,0,60,118,162,177,159,106,26,-72,-161,-220,-225,-184,-105,9,134,224,261,233,143,20,-116,-227,-281,-264,-182,-46,104,226,294,288,190,49,-107,-239,-310,-290,-183,-30,136,263,319,284,167,1,-171,-298,-336,-280,-142,52,238,363,384,289,100,-123,-323,-436,-441,-311,-82,172,389,516,493,334,82,-208,-455,-580,-555,-380,-88,243,508,637,603,404,81,-277,-549,-686,-635,-414,-70,290,567,688,635,406,56,-321,-601,-721,-644,-397,-32,342,620,715,620,359,-2,-362,-614,-700,-591,-315,48,382,612,675,536,241,-107,-422,-622,-644,-471,-169,176,471,629,0,412,76,-282,-548,-656,-588,-341,11,358,613,698,570,270,-113,-475,-700,-728,-548,-200,214,566,766,753,528,140,-298,-658,-833,-772,-490,-62,391,741,888,787,464,-4,-479,-824,-934,-788,-419,69,545,883,971,779,373,-127,-606,-924,-977,-751,-312,204,664,939,958,710,263,-263,-706,-942,-924,-647,-192,311,724,933,875,575,128,-351,-733,-897,-803,-494,-51,398,727,835,700,374,-51,-448,-703,-764,-609,-271,135,498,703,695,490,156,-229,-542,-689,-626,-383,-39,322,598,695,581,301,-59,-397,-628,-679,-535,-236,129,461,656,664,485,162,-208,-516,-679,-650,-440,-100,262,0,0
39112,mtk,MTK 7916,2423901251,rx2-tx0,512,0,0,0,444,860,1024,885,488,-51,-572,-932,-1017,-798,-355,189,680,970,966,682,212,-322,-768,-979,-891,-544,-40,476,852,958,771,363,-152,-621,-904,-910,-648,-188,337,759,949,854,505,-6,-530,-891,-979,-780,-350,196,688,977,977,691,200,-361,-816,-1034,-941,-575,-38,501,897,1021,835,401,-148,-658,-963,-976,-696,-206,345,799,1007,907,530,-6,-553,-940,-1032,-817,-362,208,738,1057,1056,740,201,-406,-907,-1147,-1053,-648,-48,568,1033,1205,1038,565,-74,-687,-1110,-1217,-979,-472,170,759,1122,1162,876,341,-277,-804,-1099,-1086,-761,-220,373,851,1067,971,597,64,-484,-878,-1005,-831,-428,0,588,897,935,692,248,-262,-687,-908,-855,-536,-66,424,785,912,758,379,-118,-586,-887,-924,-671,-216,314,752,975,906,567,56,-496,-916,-1071,-913,-484,95,660,1047,1147,913,411,-212,-793,-1171,-1221,-915,-352,319,910,1259,1254,889,277,-411,-994,-1312,-1256,-852,-201,512,1080,1351,1246,801,122,-589,-1143,-1387,-1247,-762,-79,633,1166,1381,1241,771,97,-609,-1138,-1356,-1212,-758,-117,538,1043,1266,1150,736,149,-455,-924,-1132,-1043,-695,-180,358,773,976,921,624,182,-278,-640,-819,-780,-547,-187,204,517,686,677,494,202,-122,-401,-568,-596,-481,-268,-12,226,401,471,441,334,184,28,0,0,0,0,0,277,375,412,373,253,67,-154,-366,-514,-561,-484,-295,-28,251,482,604,585,420,143,-175,-449,-617,-629,-480,-202,129,430,617,644,506,232,-115,-429,-627,-655,-507,-218,129,438,622,637,468,167,-179,-466,-616,-591,-393,-78,267,533,638,557,306,-50,-400,-625,-672,-529,-217,180,537,743,738,531,164,-271,-642,-823,-772,-511,-99,351,705,866,786,479,25,-435,-776,-897,-768,-413,67,535,847,913,723,326,-177,-625,-891,-907,-666,-227,285,717,945,906,608,130,-385,-793,-979,-888,-536,-27,493,874,1001,842,445,-85,-589,-930,-1011,-793,-346,196,684,973,981,712,238,-309,0,-1013,-961,-624,-105,439,862,1035,903,505,-37,-565,-938,-1036,-831,-373,189,705,1015,1024,735,232,-344,-826,-1064,-991,-629,-81,494,936,1104,944,509,-84,-661,-1036,-1111,-870,-366,249,785,1096,1087,759,200,-418,-915,-1147,-1046,-638,-31,582,1028,1168,959,471,-160,-743,-1111,-1155,-851,-286,359,905,1174,1100,709,102,-540,-1027,-1215,-1043,-565,73,703,1125,1222,958,412,-250,-835,-1186,-1192,-850,-259,405,954,1219,1136,726,107,-550,-1031,-1211,-1048,-584,47,658,1065,1162,922,421,-193,-751,-1086,-1087,-774,-253,338,827,1066,986,624,84,-482,-898,-1038,-871,-445,105,623,949,994,748,276,-277,0,0,0,0,0,-910,-542,-15,517,903,1028,847,416,-127,-636,-956,-998,-749,-288,256,726,977,931,611,119,-407,-812,-973,-839,-458,49,544,871,931,709,278,-239,-688,-926,-877,-568,-82,434,833,977,818,416,-115,-622,-942,-994,-753,-279,277,755,1003,958,636,121,-429,-855,-1028,-894,-484,57,585,928,996,768,310,-247,-728,-987,-944,-616,-101,450,862,1016,863,449,-107,-646,-992,-1045,-784,-282,325,844,1110,1055,697,130,-494,-977,-1180,-1046,-613,11,629,1072,1222,1021,516,-127,-733,-1124,-1206,-942,-416,229,795,1125,1130,819,279,-329,-827,-1081,-1033,-688,-143,429,863,1042,910,509,-25,-541,-886,0,-755,-334,182,638,900,891,613,151,-342,-730,-903,-801,-454,26,507,841,916,719,301,-217,-675,-929,-908,-620,-132,405,833,1017,907,524,-28,-586,-988,-1118,-927,-456,164,749,1129,1192,924,386,-273,-860,-1210,-1232,-911,-321,361,952,1280,1248,863,236,-461,-1041,-1325,-1244,-817,-158,543,1100,1356,1236,771,97,-613,-1154,-1382,-1238,-765,-82,621,1156,1379,1230,759,95,-580,-1091,-1306,-1182,-753,-131,502,986,1204,1104,720,169,-403,-844,-1052,-973,-653,-184,316,705,889,839,577,178,-248,-577,-745,-720,-515,-190,160,462,631,631,482,228,-65,-326,-497,-550,-479,-315,-109,97,256,344,361,0,0,0,0,0,-210,-92,65,247,405,494,491,395,199,-57,-311,-506,-591,-544,-361,-92,204,455,608,611,454,175,-144,-431,-618,-644,-495,-219,119,435,630,658,516,234,-115,-432,-629,-651,-496,-209,139,456,635,624,435,123,-213,-491,-623,-572,-345,-11,325,572,653,533,251,-114,-464,-691,-712,-525,-178,227,580,778,764,520,128,-310,-674,-854,-787,-497,-66,391,744,890,783,447,-23,-484,-809,-908,-749,-374,119,583,875,915,693,274,-225,-667,-919,-909,-636,-182,335,759,965,891,565,74,-444,-841,-1000,-870,-486,32,543,899,1003,819,400,-143,-644,-962,-1006,-755,-288,262,738,1002,976,0,169,-379,-817,-1023,-934,-572,-40,505,898,1031,864,446,-107,-631,-979,-1038,-782,-299,275,772,1048,1015,693,164,-418,-881,-1089,-977,-577,-11,573,990,1108,905,442,-161,-722,-1067,-1111,-822,-282,338,859,1135,1080,706,122,-503,-977,-1162,-1010,-555,66,664,1064,1167,920,387,-260,-829,-1150,-1135,-783,-201,447,958,1193,1075,638,14,-623,-1080,-1219,-1002,-497,162,775,1163,1205,906,340,-330,-905,-1220,-1179,-797,-186,475,995,1225,1099,658,28,-602,-1050,-1192,-989,-502,124,703,1077,1128,854,340,-273,-799,-1083,-1046,-702,-161,416,862,1053,929,534,-18,-556,-929,-1018,-804,-355,190,680,972,970,0,0
39113,mtk,MTK 7916,2423901251,rx2-tx1,512,0,0,0,-31,-345,-555,-605,-488,-240,65,354,543,576,441,186,-108,-365,-517,-526,-397,-159,122,358,479,464,333,115,-132,-326,-419,-395,-271,-69,135,288,364,338,213,38,-130,-251,-312,-266,-147,-21,93,178,200,163,89,8,-61,-103,-107,-77,-38,-4,29,32,10,-8,-15,2,35,79,118,117,66,-18,-116,-208,-251,-217,-123,14,167,298,346,305,177,-23,-234,-379,-433,-373,-198,49,287,456,510,421,206,-77,-356,-540,-576,-465,-219,106,408,597,626,490,209,-133,-440,-630,-648,-494,-189,184,504,676,672,482,151,-219,-530,-695,-666,-449,-120,243,551,711,653,416,73,0,-587,-700,-618,-368,-4,354,601,682,569,288,-69,-412,-635,-661,-504,-206,150,468,653,649,449,115,-256,-551,-681,-615,-363,-14,350,630,720,594,304,-89,-471,-723,-772,-600,-249,175,569,804,820,608,214,-250,-647,-880,-866,-601,-161,314,709,925,889,598,155,-346,-762,-973,-917,-603,-115,396,804,1005,917,582,92,-431,-842,-1010,-914,-580,-98,420,822,1002,926,604,123,-384,-787,-990,-923,-623,-169,315,699,897,874,623,220,-226,-601,-806,-806,-603,-250,152,500,711,734,585,302,-54,-380,-599,-665,-568,-340,-50,232,450,557,537,406,203,-22,-221,-359,-412,-384,-292,-165,0,0,0,0,0,-195,-261,-292,-269,-192,-70,82,229,335,378,347,234,73,-108,-271,-379,-407,-337,-176,23,215,365,429,380,244,47,-172,-353,-434,-409,-287,-89,140,326,433,429,311,119,-96,-287,-410,-429,-339,-159,54,252,379,402,318,162,-29,-219,-343,-368,-307,-175,-2,170,290,326,282,167,17,-126,-222,-256,-233,-152,-45,55,131,168,148,103,49,-6,-41,-55,-42,-30,-24,-18,-23,-49,-62,-66,-30,21,83,135,157,139,85,-10,-112,-189,-226,-204,-131,-19,122,226,270,257,172,43,-103,-227,-289,-270,-178,-35,127,251,303,278,173,10,-154,-267,-303,-262,-147,15,168,0,297,236,100,-68,-217,-310,-308,-215,-63,110,249,310,280,169,10,-166,-297,-336,-273,-139,43,220,336,354,263,93,-105,-268,-360,-349,-224,-30,171,325,384,339,191,-19,-234,-383,-417,-321,-134,91,292,417,421,292,87,-149,-351,-448,-399,-228,2,245,425,471,379,182,-78,-326,-483,-496,-359,-112,174,416,540,505,329,45,-263,-498,-594,-524,-301,27,354,577,642,531,253,-98,-425,-641,-686,-537,-233,146,495,703,714,528,192,-203,-544,-734,-716,-499,-146,244,580,768,738,503,132,-265,-590,-759,-723,-486,-117,279,589,744,687,439,83,-289,-572,-687,-621,-384,-37,0,0,0,0,0,624,522,264,-63,-363,-560,-593,-473,-223,92,367,529,544,418,177,-108,-354,-501,-506,-368,-130,137,360,468,433,284,86,-128,-318,-404,-366,-234,-58,125,262,312,284,181,26,-127,-228,-249,-202,-112,-5,95,156,166,130,69,5,-43,-63,-63,-35,-3,11,-16,-45,-58,-66,-49,3,77,145,180,170,105,-10,-139,-240,-286,-254,-142,23,205,342,388,332,183,-27,-254,-434,-488,-409,-225,46,314,499,554,447,211,-84,-368,-562,-603,-479,-211,124,424,625,653,495,200,-149,-466,-662,-667,-479,-156,215,518,686,670,468,132,-245,-554,-707,-670,-435,-73,296,583,711,0,376,24,-335,-603,-699,-594,-320,35,367,602,670,540,246,-110,-440,-643,-657,-482,-169,201,512,673,634,404,55,-315,-597,-700,-609,-351,36,423,680,742,596,273,-142,-530,-777,-799,-602,-235,214,622,851,846,613,193,-278,-678,-893,-875,-612,-166,331,738,949,905,603,137,-363,-778,-977,-898,-581,-119,395,806,1002,908,571,89,-413,-828,-1020,-933,-601,-112,403,813,1000,926,623,145,-354,-747,-950,-912,-633,-200,269,649,857,841,602,222,-196,-550,-761,-766,-587,-270,106,434,643,693,573,318,-10,-314,-528,-618,-561,-371,-114,144,359,488,506,423,274,96,-75,-205,-269,0,0,0,0,0,148,71,-36,-157,-270,-340,-349,-291,-165,-2,165,307,390,387,295,137,-62,-252,-378,-416,-357,-212,-6,203,364,434,397,267,66,-166,-344,-429,-421,-314,-115,111,306,432,441,333,142,-82,-285,-417,-428,-331,-162,47,239,361,393,330,180,-11,-184,-302,-345,-293,-162,-8,148,263,294,245,147,31,-86,-178,-200,-175,-129,-50,28,85,116,99,68,42,24,6,-6,4,6,-5,-29,-64,-103,-121,-105,-59,17,92,162,192,173,106,-1,-113,-201,-261,-241,-145,-13,122,234,286,266,179,34,-120,-243,-301,-280,-175,-28,129,246,302,277,174,8,-158,-272,-293,-228,0,29,181,287,295,211,67,-98,-235,-304,-296,-195,-34,144,280,336,291,160,-19,-185,-309,-344,-274,-123,70,246,337,340,243,71,-129,-291,-375,-342,-204,-7,198,353,404,338,161,-62,-261,-396,-426,-322,-114,125,318,427,414,275,50,-199,-379,-451,-392,-214,31,278,451,482,375,157,-124,-377,-511,-500,-336,-69,217,451,572,526,323,12,-306,-534,-623,-536,-285,48,378,610,671,534,246,-121,-457,-666,-692,-522,-209,169,508,716,725,521,173,-223,-561,-749,-732,-514,-153,251,588,758,728,507,130,-277,-597,-755,-704,-454,-85,294,581,709,649,408,71,-287,-565,-670,0,0
39114,mtk,MTK 7916,2423932786,rx0-tx0,512,-349,1103,1027,598,625,624,571,473,342,176,-3,-182,-351,-498,-607,-675,-690,-649,-567,-443,-275,-94,91,277,444,580,664,696,677,610,493,336,165,-18,-199,-347,-484,-585,-629,-628,-574,-493,-371,-228,-69,83,223,335,436,498,513,501,458,386,288,189,73,-34,-142,-243,-310,-365,-401,-418,-409,-383,-341,-275,-183,-89,24,134,243,345,421,477,500,490,440,353,233,107,-42,-186,-332,-445,-516,-554,-548,-511,-423,-298,-154,11,171,307,427,515,552,543,498,397,269,125,-25,-172,-293,-392,-457,-479,-447,-386,-299,-196,-84,37,142,223,280,308,311,284,234,179,110,48,-18,-70,-511,-135,-146,-145,-133,-107,-88,-69,-45,-27,-15,-9,-5,-4,2,8,18,33,51,66,82,97,106,119,118,109,82,52,12,-33,-78,-115,-156,-184,-187,-188,-169,-141,-103,-52,13,69,117,166,198,217,222,209,194,153,100,50,-6,-68,-123,-184,-230,-255,-268,-259,-230,-186,-127,-55,29,109,193,270,318,342,337,299,239,152,54,-47,-149,-228,-300,-345,-358,-339,-287,-216,-127,-23,81,174,246,300,322,316,289,240,162,77,-5,-94,-167,-220,-256,-273,-256,-223,-173,-102,-35,35,102,158,196,210,213,197,157,101,35,-26,-87,-141,-169,-168,-152,-116,-61,-7,1044,1089,1179,576,452,-31,61,163,247,297,307,276,199,88,-41,-167,-271,-353,-405,-406,-367,-290,-173,-46,84,215,330,422,473,483,447,363,248,120,-34,-195,-332,-448,-525,-559,-537,-480,-375,-239,-80,90,247,387,497,567,591,564,489,380,248,83,-85,-239,-384,-493,-569,-598,-578,-516,-426,-301,-148,22,189,320,437,520,572,577,534,458,355,211,62,-91,-243,-376,-475,-540,-570,-556,-507,-417,-295,-161,-14,131,262,382,475,537,557,547,492,402,290,155,4,-142,-276,-403,-493,-554,-573,-546,-480,-383,-256,-106,35,195,335,440,534,576,579,541,469,357,219,69,-81,-232,-362,-472,-330,-578,-579,-536,-458,-343,-207,-63,85,231,366,477,555,603,610,563,484,370,226,63,-97,-256,-407,-527,-610,-654,-644,-594,-504,-378,-221,-53,123,287,442,564,646,694,694,646,544,405,230,40,-148,-330,-487,-628,-716,-751,-733,-675,-570,-414,-228,-21,180,381,559,687,784,818,786,705,575,405,190,-31,-256,-460,-635,-772,-845,-853,-800,-687,-524,-319,-94,135,363,559,703,795,832,807,714,576,396,183,-29,-229,-418,-570,-680,-737,-731,-686,-590,-452,-290,-113,66,234,379,495,574,615,620,577,502,404,275,128,-21,-173,-312,-429,-513,-567,-585,-576,-517,-431,-306,-164,760,719,-729,-241,-438,193,28,-141,-309,-453,-567,-647,-673,-653,-583,-467,-319,-146,48,233,399,546,647,690,693,639,538,394,218,36,-148,-322,-478,-585,-651,-668,-625,-545,-439,-287,-115,59,218,353,469,545,583,572,516,436,333,195,55,-75,-193,-297,-373,-430,-450,-444,-421,-362,-294,-212,-128,-26,76,169,257,337,388,427,444,429,390,319,220,111,-16,-145,-277,-390,-471,-521,-540,-515,-451,-336,-207,-60,93,248,388,489,552,573,546,471,370,224,63,-94,-247,-377,-465,-514,-521,-485,-405,-302,-171,-32,106,217,310,371,399,390,344,277,191,103,12,-73,-140,-186,-217,-226,-217,-182,1105,-106,-68,-30,12,42,57,69,67,61,58,57,52,57,56,62,63,66,69,64,53,33,13,-18,-51,-88,-117,-137,-157,-159,-152,-133,-112,-56,-4,47,99,140,177,211,221,206,184,145,95,41,-16,-70,-123,-176,-203,-223,-236,-230,-210,-178,-117,-54,9,81,149,218,271,303,307,290,255,188,107,14,-84,-182,-262,-319,-349,-351,-319,-260,-186,-92,11,117,212,279,323,343,334,296,232,150,51,-41,-124,-202,-266,-295,-301,-276,-226,-166,-102,-19,64,133,195,224,236,233,212,172,111,47,-18,-89,-143,-179,-198,-194,-176,-128,-61,1,54,104,131,135,377,177,1145,-554,-659,211,237,211,141,40,-72,-187,-284,-349,-370,-340,-273,-180,-54,78,199,312,396,437,440,401,320,210,72,-72,-218,-347,-434,-495,-522,-495,-422,-314,-175,-16,146,293,429,520,578,575,530,436,312,155,-15,-180,-325,-443,-538,-589,-586,-544,-457,-329,-182,-15,140,280,402,510,576,603,558,482,380,250,102,-67,-220,-352,-463,-545,-575,-571,-525,-437,-312,-177,-25,122,264,387,474,533,552,532,480,392,284,144,1,-138,-278,-389,-478,-537,-561,-540,-494,-404,-279,-145,14,167,307,423,525,566,579,558,473,379,249,85,-68,-221,-356,-466,-541,-571,-573,-532,-447,-340,826,-63,93,245,371,477,539,577,579,540,471,359,226,83,-88,-241,-379,-495,-579,-625,-620,-583,-505,-380,-234,-61,111,276,420,546,627,665,664,613,520,391,233,60,-125,-305,-467,-590,-688,-721,-713,-655,-553,-409,-229,-33,162,343,516,650,742,780,764,703,577,416,227,0,-219,-424,-593,-731,-814,-836,-802,-709,-569,-378,-154,80,310,513,686,805,855,851,777,639,457,252,29,-197,-406,-579,-712,-782,-791,-749,-654,-506,-327,-132,57,236,405,539,631,675,669,621,531,411,267,113,-52,-209,-336,-450,-532,-578,-589,-565,-503,-406,-290,-157,-12,142,292,418,514,560,-148,-281
39115,mtk,MTK 7916,2423932786,rx0-tx1,512,87,286,349,534,607,637,624,569,474,341,184,5,-189,-369,-524,-646,-729,-758,-738,-665,-540,-375,-180,37,249,448,622,754,834,858,827,732,582,387,158,-71,-300,-522,-702,-839,-925,-936,-876,-769,-599,-384,-141,110,350,571,751,882,951,959,892,773,615,397,158,-92,-339,-565,-749,-899,-989,-1010,-960,-849,-674,-453,-196,82,355,599,799,958,1050,1070,1018,884,695,460,179,-117,-399,-654,-865,-1006,-1082,-1086,-1006,-854,-652,-400,-108,179,448,682,859,994,1052,1031,936,774,571,331,61,-197,-448,-664,-832,-938,-983,-951,-856,-717,-511,-282,-39,204,432,621,770,863,887,858,775,651,-689,279,60,-156,-359,-537,-677,-778,-837,-837,-779,-672,-527,-345,-140,77,293,493,672,800,880,905,868,769,617,426,191,-57,-313,-555,-769,-919,-1016,-1040,-981,-849,-651,-403,-122,177,469,720,931,1070,1124,1092,985,798,542,246,-67,-377,-660,-893,-1048,-1122,-1119,-1028,-856,-618,-339,-35,273,544,776,945,1048,1063,996,844,638,389,119,-161,-415,-635,-806,-908,-940,-897,-788,-614,-417,-188,56,283,485,638,747,789,777,703,580,412,211,10,-186,-369,-516,-624,-684,-675,-613,-507,-357,-183,6,188,349,476,561,591,559,482,347,181,2,-178,-328,-426,-464,-440,-359,-229,-81,49,10,93,0,562,-231,143,128,82,16,-60,-132,-192,-232,-237,-209,-156,-86,-3,80,153,212,249,268,254,221,171,99,21,-58,-130,-196,-248,-275,-278,-266,-233,-185,-120,-37,48,125,197,261,300,328,333,303,253,179,88,-14,-120,-221,-305,-369,-402,-394,-358,-302,-224,-112,10,131,241,324,387,417,414,391,324,237,129,17,-96,-199,-291,-357,-391,-400,-382,-337,-264,-174,-72,37,143,226,292,341,367,366,328,274,212,124,29,-65,-145,-214,-271,-301,-308,-302,-275,-228,-167,-102,-38,37,105,158,207,244,261,259,247,216,175,124,60,3,-64,-126,-175,-217,-247,-252,-255,-233,-201,-130,-100,-34,29,93,158,206,230,248,250,235,208,165,109,59,0,-56,-112,-164,-199,-224,-226,-222,-215,-202,-171,-128,-77,-21,28,81,135,178,214,245,260,268,262,229,190,129,57,-17,-97,-186,-263,-322,-375,-405,-400,-369,-321,-237,-132,-7,119,245,363,457,519,540,524,466,372,250,109,-47,-209,-353,-470,-564,-616,-622,-575,-488,-362,-210,-43,127,293,437,542,617,636,610,531,424,295,138,-29,-181,-310,-424,-504,-548,-551,-512,-443,-354,-252,-126,-2,120,236,322,384,429,444,442,415,361,295,214,126,25,-85,-186,-286,-373,-444,-482,-494,-490,-445,-366,-249,897,1485,504,439,362,314,166,1,-166,-329,-476,-594,-674,-714,-691,-618,-503,-362,-186,13,211,399,567,695,780,810,772,693,563,384,176,-46,-273,-487,-667,-804,-880,-894,-863,-758,-594,-394,-155,99,335,555,743,874,944,945,890,770,596,377,140,-111,-356,-570,-754,-896,-966,-980,-926,-805,-637,-432,-187,73,332,568,773,923,1015,1042,995,872,697,467,200,-86,-375,-634,-838,-989,-1081,-1090,-1020,-884,-678,-426,-150,143,425,670,867,1014,1079,1059,971,816,617,371,91,-188,-453,-677,-859,-979,-1026,-997,-906,-746,-539,-301,-45,218,448,649,805,893,932,906,820,675,495,274,43,-184,-397,-583,261,-819,-855,-838,-770,-652,-493,-311,-101,114,317,497,652,771,842,857,809,716,573,390,177,-57,-297,-516,-699,-844,-941,-967,-924,-813,-641,-423,-174,110,383,638,844,997,1080,1089,1002,844,625,343,37,-272,-563,-819,-1014,-1123,-1148,-1084,-941,-723,-444,-139,174,473,733,930,1054,1105,1065,945,757,512,232,-65,-352,-605,-805,-949,-1013,-999,-905,-748,-532,-280,-18,238,475,661,790,864,860,795,672,510,314,94,-125,-332,-501,-638,-711,-728,-699,-612,-482,-314,-119,82,264,421,545,614,637,597,509,376,214,27,-149,-317,-450,-527,-548,-506,-398,-250,-80,86,228,322,351,319,532,509,0,1281,1332,-40,-105,-160,-191,-194,-168,-117,-42,46,125,191,235,254,243,207,151,81,3,-77,-147,-210,-255,-272,-268,-244,-200,-135,-54,24,102,171,227,273,301,300,277,239,179,105,24,-73,-163,-242,-310,-356,-377,-364,-321,-245,-154,-44,68,173,268,349,407,421,402,350,270,177,63,-51,-169,-273,-346,-394,-411,-402,-363,-294,-201,-97,9,119,219,299,350,383,387,358,303,229,146,53,-48,-146,-220,-284,-331,-343,-330,-301,-252,-189,-105,-24,53,126,192,236,265,277,277,251,210,166,110,45,-17,-81,-140,-188,-226,-248,-255,-252,-222,-187,-148,-85,-21,44,111,158,245,233,250,249,237,204,153,101,43,-22,-81,-132,-179,-212,-234,-241,-228,-206,-175,-140,-85,-28,22,72,116,164,200,225,232,234,227,202,165,126,73,12,-48,-117,-175,-233,-285,-316,-329,-327,-303,-252,-187,-107,-3,105,205,305,393,450,474,462,428,357,255,127,-12,-159,-302,-424,-513,-569,-593,-567,-493,-383,-243,-78,94,255,395,512,591,631,624,570,469,336,175,8,-162,-314,-438,-536,-594,-601,-560,-491,-388,-259,-119,27,162,279,370,447,488,495,475,422,341,250,149,46,-56,-161,-252,-325,-381,-426,-452,-447,-419,-368,-297,-202,-85,29,157,283,392,477,-1342,-550
39116,mtk,MTK 7916,2423932786,rx1-tx0,512,0,1174,1158,-650,-697,-684,-610,-500,-339,-153,37,228,419,586,715,797,814,772,669,514,322,100,-129,-360,-568,-742,-856,-897,-879,-802,-661,-469,-235,19,273,507,707,856,948,969,905,783,600,369,123,-142,-396,-613,-784,-907,-970,-952,-863,-726,-521,-278,-31,225,463,673,830,919,945,903,813,656,444,209,-41,-296,-509,-708,-849,-919,-926,-866,-749,-570,-357,-115,124,356,573,724,815,866,845,749,619,436,227,5,-203,-395,-549,-660,-734,-756,-709,-621,-494,-343,-174,26,188,333,473,564,624,631,611,543,439,307,147,-7,-166,-308,-434,-526,-575,-580,-550,-494,-392,-267,-122,20,216,311,422,488,534,537,500,434,332,210,78,-59,-198,-321,-398,-449,-470,-455,-422,-356,-253,-147,-36,78,182,274,332,376,394,380,349,291,206,120,39,-50,-132,-209,-278,-316,-337,-333,-301,-267,-206,-136,-71,4,81,153,200,247,276,298,297,271,236,196,127,48,-30,-103,-173,-244,-303,-340,-354,-344,-306,-239,-161,-59,41,145,249,328,386,413,398,358,286,198,82,-33,-146,-256,-337,-391,-404,-390,-349,-274,-187,-81,39,145,235,307,356,366,351,297,235,139,27,-74,-157,-230,-296,-321,-321,-291,-227,-137,-34,69,157,234,281,280,246,178,88,-7,-86,-137,-88,423,0,1018,544,-201,-184,-124,-35,77,185,265,317,332,297,224,120,5,-114,-229,-309,-358,-385,-369,-314,-234,-126,2,128,226,325,387,407,406,367,292,193,72,-51,-174,-275,-370,-429,-445,-433,-390,-312,-199,-82,42,178,297,381,454,481,475,415,331,223,91,-42,-167,-285,-377,-432,-464,-461,-410,-331,-240,-120,16,140,248,340,412,433,424,401,336,250,159,51,-64,-175,-259,-331,-387,-393,-380,-349,-286,-196,-95,14,99,183,262,318,362,367,339,290,221,139,42,-49,-142,-208,-277,-324,-327,-308,-278,-223,-151,-75,3,80,143,204,237,245,253,242,197,148,97,38,-24,-584,-143,-166,-192,-202,-189,-166,-143,-105,-54,-16,28,66,106,135,151,163,146,121,86,59,27,-15,-55,-81,-92,-92,-85,-75,-57,-22,11,29,48,44,47,37,16,-6,-38,-70,-93,-108,-119,-105,-75,-37,16,76,129,184,229,244,248,231,186,114,22,-77,-171,-262,-337,-392,-406,-369,-322,-249,-136,-10,126,254,370,460,506,517,491,419,319,186,26,-131,-278,-416,-512,-573,-593,-571,-507,-396,-240,-86,87,249,395,513,592,623,612,552,445,314,163,-6,-171,-325,-453,-544,-602,-620,-585,-521,-413,-277,-129,35,188,330,453,550,605,635,603,524,422,286,134,-134,663,0,-295,421,-156,4,197,367,529,652,726,750,729,652,510,342,141,-77,-295,-497,-664,-783,-842,-848,-791,-676,-505,-285,-47,198,434,637,801,906,947,913,804,642,426,183,-85,-352,-578,-773,-900,-966,-966,-891,-747,-556,-337,-75,187,429,645,813,914,955,936,847,692,478,230,-22,-264,-490,-693,-845,-926,-955,-902,-787,-628,-408,-162,88,329,547,722,844,901,893,824,689,496,287,62,-184,-389,-565,-702,-786,-812,-775,-682,-539,-373,-199,5,204,374,512,610,674,688,635,575,457,307,148,-12,-173,-328,-446,-543,-601,-616,-587,-516,-418,-286,-141,11,150,294,417,510,557,567,757,479,365,237,98,-55,-183,-309,-412,-479,-516,-506,-469,-384,-287,-179,-52,69,183,290,373,413,432,422,382,318,236,145,38,-68,-164,-248,-310,-343,-365,-361,-325,-282,-213,-128,-53,34,104,172,246,282,303,310,300,265,225,163,96,23,-57,-126,-179,-234,-282,-304,-311,-294,-270,-223,-159,-71,9,97,187,269,337,379,389,379,330,248,146,23,-97,-210,-304,-377,-418,-416,-397,-333,-238,-131,-23,84,196,286,344,383,382,347,289,209,112,5,-98,-189,-260,-321,-345,-333,-295,-244,-155,-53,49,148,230,289,316,303,267,193,88,-17,-111,-181,-223,-224,-186,-121,-766,-644,0,537,959,59,146,220,266,277,238,164,62,-57,-176,-272,-333,-356,-348,-296,-203,-104,12,132,235,320,381,411,386,343,269,148,33,-80,-202,-301,-380,-423,-431,-401,-342,-252,-135,-12,112,234,339,413,445,457,434,354,254,145,19,-113,-239,-342,-423,-468,-466,-434,-370,-271,-161,-47,90,223,320,393,446,450,422,366,291,187,63,-37,-147,-253,-329,-386,-410,-397,-357,-295,-231,-133,-20,73,174,263,332,378,386,362,329,256,175,79,-31,-126,-215,-279,-328,-345,-340,-302,-254,-192,-101,-3,77,146,215,260,289,298,267,234,179,108,46,-12,-81,-139,-178,-206,-221,-219,-674,-171,-127,-85,-25,22,66,108,152,169,174,170,147,121,84,55,9,-35,-72,-96,-109,-123,-126,-114,-81,-58,-23,11,40,63,66,57,48,33,14,-5,-35,-59,-72,-72,-51,-27,1,45,95,134,156,176,171,152,119,59,-6,-76,-152,-236,-300,-331,-335,-307,-251,-179,-75,54,170,265,364,431,466,460,418,336,224,90,-56,-204,-337,-439,-512,-553,-547,-505,-420,-295,-146,18,186,340,476,559,607,609,564,481,354,202,40,-128,-293,-433,-540,-607,-629,-602,-528,-420,-292,-143,22,183,326,450,536,593,605,574,513,413,281,133,-28,-199,-337,-464,-559,-613,-1420,-1224
39117,mtk,MTK 7916,2423932786,rx1-tx1,512,0,0,0,230,498,643,629,461,169,-158,-443,-623,-641,-492,-231,87,378,569,621,517,282,-22,-313,-516,-584,-512,-302,-21,255,454,530,466,290,43,-214,-414,-502,-452,-278,-32,210,395,483,427,264,30,-212,-399,-476,-431,-268,-32,213,405,494,456,296,51,-208,-412,-510,-488,-339,-105,167,397,535,533,405,179,-91,-340,-504,-548,-464,-268,-3,254,446,528,493,344,117,-132,-342,-463,-479,-380,-195,26,228,372,420,371,240,58,-127,-264,-335,-337,-255,-121,29,162,244,265,223,133,18,-87,-162,-197,-187,-135,-47,31,98,140,145,107,49,-16,-70,-100,-102,-80,-47,-3,0,64,69,62,40,10,-15,-37,-54,-54,-37,-18,5,18,32,37,36,16,7,1,-6,-13,-13,-18,-21,-22,-17,-19,-14,-5,4,12,29,38,40,37,33,12,-15,-37,-56,-68,-71,-49,-16,19,55,92,116,112,88,43,-8,-65,-120,-156,-158,-119,-52,23,101,174,206,190,151,75,-34,-143,-218,-255,-241,-177,-80,43,168,266,306,279,195,71,-67,-199,-291,-318,-280,-189,-53,99,232,321,338,281,167,22,-131,-256,-325,-333,-270,-144,12,163,280,337,327,249,126,-20,-157,-269,-323,-314,-251,-147,-9,123,225,291,299,259,186,88,-9,-89,-144,-172,0,0,0,0,0,15,-43,-95,-137,-167,-172,-144,-86,-9,79,160,213,227,191,108,1,-101,-190,-251,-257,-195,-91,38,161,249,284,252,153,15,-124,-236,-297,-283,-202,-75,72,201,284,302,245,117,-46,-201,-302,-323,-260,-130,31,201,313,345,287,146,-41,-219,-355,-405,-340,-189,14,235,403,470,423,262,30,-222,-429,-545,-515,-360,-113,170,423,579,592,462,218,-85,-378,-585,-643,-543,-305,13,324,562,668,607,395,85,-246,-523,-673,-644,-456,-160,177,466,639,657,511,232,-100,-401,-606,-657,-542,-288,38,350,568,646,554,315,-3,-311,-535,-625,-556,-337,-29,273,510,616,0,347,45,-274,-525,-637,-577,-366,-61,267,535,665,614,401,76,-276,-561,-698,-654,-439,-109,265,572,733,706,501,159,-230,-573,-774,-771,-576,-221,205,575,793,826,651,302,-140,-549,-822,-883,-723,-386,56,495,807,921,798,466,22,-428,-776,-919,-837,-541,-103,363,721,900,862,602,189,-264,-640,-864,-859,-632,-253,176,560,808,834,641,293,-119,-491,-731,-787,-633,-316,65,423,669,728,598,311,-54,-392,-613,-673,-562,-302,37,358,584,655,544,295,-29,-352,-582,-645,-540,-293,27,341,565,643,556,320,-4,-320,-553,-646,-569,-341,-27,293,542,650,589,378,75,-243,0,0,0,0,0,-615,-421,-127,198,474,636,642,479,192,-129,-413,-598,-636,-511,-260,53,344,545,611,517,292,5,-277,-484,-557,-486,-290,-24,241,433,513,459,289,36,-218,-412,-496,-442,-273,-41,209,402,472,416,260,35,-206,-394,-475,-439,-281,-48,207,416,519,477,316,71,-191,-409,-532,-521,-373,-138,133,374,523,541,432,221,-41,-294,-479,-542,-473,-297,-57,192,393,503,499,369,154,-86,-289,-415,-446,-387,-233,-25,169,313,386,362,252,96,-67,-206,-286,-293,-241,-140,-10,116,203,235,209,133,40,-59,-135,-172,-164,-121,-53,27,89,120,114,93,53,2,-49,-80,-89,0,-38,1,26,48,65,64,41,19,-6,-29,-37,-36,-31,-22,-8,10,16,20,23,20,16,11,4,4,0,-11,-18,-23,-26,-32,-30,-21,-12,2,28,47,58,64,52,27,-2,-32,-62,-81,-85,-76,-50,-5,46,86,118,130,111,70,4,-65,-124,-158,-166,-151,-103,-18,79,159,211,230,199,124,17,-98,-198,-264,-283,-234,-131,-1,124,236,305,309,247,130,-21,-156,-263,-316,-309,-241,-117,42,189,300,341,312,217,78,-77,-210,-307,-339,-299,-196,-51,102,226,308,335,293,188,51,-86,-207,-292,-319,-291,-213,-101,16,122,205,250,249,215,161,90,0,0,0,0,0,113,124,112,73,16,-53,-125,-180,-203,-194,-148,-66,37,134,209,243,221,153,51,-75,-190,-258,-271,-222,-125,-1,135,243,292,271,185,55,-93,-222,-298,-303,-234,-99,61,200,295,311,245,117,-41,-197,-310,-343,-274,-135,42,218,340,374,312,166,-33,-226,-378,-429,-379,-223,0,236,422,512,478,316,65,-206,-432,-566,-561,-407,-154,139,416,586,616,501,256,-62,-360,-582,-666,-581,-349,-38,289,543,665,627,422,114,-217,-495,-650,-642,-482,-207,127,438,625,655,525,267,-61,-372,-584,-650,-552,-308,16,326,553,634,558,326,19,-286,-511,-609,-551,-344,-34,0,514,620,563,351,45,-277,-535,-650,-591,-378,-60,281,553,681,632,418,89,-274,-570,-719,-689,-477,-133,257,587,762,745,534,178,-222,-579,-792,-798,-598,-251,170,559,821,872,694,332,-114,-530,-813,-900,-764,-429,21,468,800,927,823,511,71,-382,-735,-911,-848,-569,-146,313,688,885,862,625,226,-224,-619,-851,-859,-643,-278,145,519,761,807,639,308,-92,-464,-703,-756,-611,-316,57,408,645,709,583,309,-38,-368,-597,-663,-546,-291,35,360,591,654,544,289,-33,-343,-565,-641,-551,-315,16,342,566,647,563,333,16,-310,-556,-656,-582,-363,-48,272,523,635,588,0,0
39118,mtk,MTK 7916,2423932786,rx2-tx0,512,0,0,0,950,677,220,-296,-727,-968,-954,-680,-224,283,716,956,946,685,243,-260,-689,-932,-916,-652,-218,268,683,906,879,615,185,-300,-693,-893,-851,-576,-136,344,729,917,851,548,86,-397,-783,-962,-879,-548,-63,438,826,999,901,558,70,-442,-837,-1008,-912,-566,-69,441,827,991,887,539,51,-450,-824,-970,-847,-491,-1,493,851,972,825,445,-55,-552,-909,-1011,-827,-422,102,611,966,1062,870,440,-115,-647,-1018,-1126,-934,-494,74,635,1039,1164,981,552,-13,-580,-1000,-1160,-1022,-618,-56,514,940,1122,1023,654,118,-433,-863,-1063,-981,-645,-147,378,790,984,916,610,148,-350,-746,0,-858,-560,-113,360,730,891,811,519,88,-374,-731,-883,-786,-478,-38,419,761,897,793,469,12,-455,-808,-937,-817,-473,12,511,878,1019,892,520,-2,-528,-927,-1105,-997,-617,-73,497,953,1167,1076,716,173,-439,-942,-1210,-1171,-829,-274,350,887,1201,1212,916,385,-244,-822,-1191,-1255,-1005,-503,131,737,1159,1295,1108,645,25,-592,-1069,-1290,-1193,-800,-221,406,928,1218,1221,925,415,-178,-715,-1072,-1165,-992,-587,-53,464,847,1023,963,675,241,-227,-610,-838,-865,-686,-357,38,400,651,733,641,413,106,-214,-471,-608,-603,-469,-243,21,265,436,512,483,367,197,10,-156,-263,-304,0,0,0,0,0,142,19,-132,-288,-418,-491,-479,-370,-179,50,286,479,582,565,432,199,-83,-350,-543,-622,-556,-360,-79,226,481,624,621,477,213,-102,-401,-601,-654,-551,-319,-1,318,549,642,572,358,52,-260,-508,-619,-567,-365,-72,239,491,608,553,345,44,-281,-542,-655,-595,-369,-33,325,601,729,673,441,80,-315,-639,-802,-764,-523,-147,272,623,819,809,586,209,-223,-607,-838,-846,-627,-246,196,587,832,861,670,302,-155,-577,-846,-898,-716,-342,129,563,848,918,753,387,-86,-536,-854,-955,-806,-441,40,509,849,968,838,493,13,-476,-840,-985,-869,-530,-51,441,816,978,884,0,81,-409,-795,-973,-894,-577,-109,390,781,968,901,587,110,-392,-793,-986,-916,-599,-121,392,809,1014,940,619,129,-403,-831,-1037,-959,-627,-133,405,847,1060,990,656,141,-414,-861,-1079,-1015,-678,-160,404,864,1099,1032,683,165,-404,-873,-1104,-1034,-687,-154,425,891,1119,1051,698,151,-444,-913,-1144,-1065,-700,-140,455,931,1153,1075,710,147,-456,-940,-1180,-1103,-739,-175,449,946,1190,1124,766,201,-415,-922,-1186,-1130,-781,-235,373,879,1148,1115,793,263,-330,-830,-1106,-1087,-783,-278,291,770,1044,1045,764,279,-272,-739,-1006,-1000,-727,-262,272,725,975,966,701,244,-279,-720,-964,-952,0,0,0,0,0,303,730,974,955,679,223,-285,-719,-963,-949,-685,-235,276,706,943,927,670,233,-266,-688,-914,-896,-635,-200,279,678,897,871,599,163,-321,-716,-906,-850,-561,-111,373,752,933,860,544,75,-420,-811,-984,-888,-555,-64,448,838,1006,909,572,73,-440,-835,-998,-900,-565,-77,438,826,983,868,519,28,-467,-835,-975,-839,-474,26,525,876,986,827,437,-83,-581,-929,-1029,-849,-429,112,632,990,1092,898,458,-110,-652,-1030,-1146,-968,-532,51,623,1031,1164,1005,590,26,-547,-974,-1147,-1022,-640,-97,463,894,1090,1002,646,137,-395,-823,-1022,-949,-627,-148,358,765,958,890,594,0,-347,-728,-906,-834,-538,-100,363,723,881,796,496,55,-399,-744,-884,-785,-470,-27,435,781,915,795,465,-5,-481,-837,-978,-851,-492,4,517,908,1063,933,558,34,-520,-958,-1145,-1038,-658,-110,475,951,1190,1132,784,225,-396,-920,-1213,-1196,-879,-336,297,851,1190,1230,957,435,-196,-782,-1176,-1278,-1055,-561,64,674,1119,1295,1151,724,114,-521,-1020,-1274,-1218,-871,-324,290,826,1150,1201,969,515,-45,-580,-962,-1102,-979,-635,-160,337,729,930,904,680,306,-126,-508,-743,-799,-665,-390,-41,305,561,672,630,447,173,-125,-374,-527,-565,-482,-309,-88,132,312,414,430,371,263,125,0,0,0,0,0,308,377,389,330,203,22,-188,-375,-506,-552,-495,-326,-84,182,416,568,597,495,282,-1,-289,-516,-630,-600,-426,-151,161,434,607,648,530,276,-47,-352,-571,-652,-574,-349,-35,280,516,626,571,369,72,-244,-489,-602,-555,-355,-58,260,509,633,577,356,36,-306,-580,-699,-638,-407,-51,324,620,773,724,481,111,-295,-631,-809,-779,-552,-183,248,619,828,825,612,228,-214,-601,-835,-856,-652,-274,175,582,840,876,684,314,-142,-571,-853,-913,-734,-361,105,551,852,933,776,413,-66,-526,-852,-963,-821,-463,11,493,845,978,855,511,33,-452,-825,-982,-881,-551,-80,416,0,978,891,572,96,-406,-796,-977,-895,-580,-113,392,798,984,910,592,116,-395,-802,-994,-928,-611,-122,402,818,1018,959,633,130,-408,-833,-1036,-969,-648,-143,408,851,1070,1000,656,143,-410,-858,-1090,-1024,-682,-155,411,867,1093,1032,691,161,-413,-878,-1107,-1032,-685,-151,428,900,1124,1045,684,139,-446,-914,-1141,-1065,-698,-141,457,930,1168,1093,712,146,-455,-943,-1186,-1119,-755,-188,433,937,1190,1133,779,215,-397,-899,-1169,-1133,-795,-251,347,846,1124,1102,790,278,-302,-797,-1074,-1058,-766,-280,281,758,1030,1019,740,269,-271,-733,-990,-981,-712,-249,278,726,968,951,683,231,-282,0,0
39119,mtk,MTK 7916,2423932786,rx2-tx1,512,0,0,0,-587,-535,-353,-87,196,434,550,529,378,136,-143,-378,-517,-518,-389,-177,78,309,452,477,390,204,-27,-232,-367,-415,-362,-216,-27,163,301,352,314,206,56,-98,-223,-277,-261,-186,-77,38,132,189,190,147,77,10,-53,-96,-107,-86,-57,-28,-5,-2,-6,-4,14,40,68,91,107,104,68,-2,-89,-175,-218,-218,-158,-51,88,215,308,335,275,138,-36,-215,-365,-428,-380,-231,-11,221,413,502,464,313,85,-177,-409,-550,-554,-406,-157,133,391,564,592,477,242,-62,-359,-566,-631,-540,-307,8,326,562,661,598,378,66,-265,-533,-657,-617,-426,-115,225,499,649,0,461,169,-170,-451,-614,-636,-487,-206,124,420,602,628,494,221,-113,-414,-612,-649,-503,-234,98,408,607,648,525,256,-87,-414,-639,-701,-563,-267,96,437,683,760,640,353,-34,-429,-729,-842,-749,-451,-33,388,722,885,818,548,148,-300,-699,-920,-902,-658,-254,212,624,894,942,745,366,-99,-546,-864,-965,-827,-493,-25,444,804,968,903,612,169,-308,-718,-953,-969,-744,-354,120,552,849,952,834,525,98,-339,-681,-857,-836,-617,-266,135,490,716,777,665,407,72,-265,-534,-670,-652,-493,-237,68,335,521,594,542,382,154,-93,-298,-428,-475,-439,-335,-186,-26,104,188,0,0,0,0,0,-90,-12,84,185,269,325,326,265,152,9,-143,-278,-368,-380,-316,-189,-16,167,309,388,396,314,157,-31,-215,-352,-413,-375,-256,-89,111,289,396,409,339,188,-11,-197,-346,-423,-388,-260,-87,111,275,368,371,305,174,-21,-200,-311,-346,-320,-222,-69,92,217,292,298,234,118,-22,-131,-202,-227,-209,-149,-56,37,105,140,143,120,83,36,-2,-30,-37,-28,-26,-34,-50,-64,-72,-64,-38,-3,53,105,149,169,151,76,-11,-107,-182,-224,-217,-165,-60,62,162,238,264,219,120,-2,-136,-236,-276,-247,-160,-29,105,215,282,262,173,48,-91,-217,-281,-268,-190,0,102,220,283,283,200,54,-98,-229,-306,-299,-210,-65,96,242,333,328,242,92,-86,-241,-338,-350,-265,-108,79,236,340,356,263,101,-81,-253,-356,-363,-267,-102,88,263,379,390,289,110,-103,-284,-394,-405,-303,-110,106,294,421,430,324,121,-121,-339,-456,-449,-320,-116,126,340,475,487,353,124,-139,-374,-520,-535,-403,-158,142,400,561,583,453,201,-105,-399,-596,-637,-506,-253,72,388,606,671,564,304,-42,-369,-605,-693,-612,-376,-42,314,590,723,673,438,98,-251,-540,-712,-701,-518,-211,153,478,681,708,565,281,-68,-390,-606,-670,-571,-334,-16,297,525,615,0,0,0,0,0,54,-238,-461,-570,-544,-373,-113,172,415,536,520,388,154,-114,-341,-482,-503,-394,-183,57,273,417,450,371,212,13,-185,-332,-391,-351,-220,-43,132,258,318,296,202,69,-72,-185,-236,-230,-173,-74,32,101,132,140,119,68,7,-42,-58,-52,-45,-36,-31,-43,-58,-60,-46,-24,22,85,139,162,152,115,26,-90,-196,-266,-280,-222,-96,72,228,338,380,331,191,-15,-231,-387,-454,-415,-268,-45,205,416,518,504,364,116,-171,-415,-571,-587,-452,-204,91,371,571,631,524,278,-39,-341,-568,-657,-572,-346,-30,296,542,658,608,399,96,-231,-515,-668,-638,-446,-154,0,471,643,646,474,189,-144,-440,-625,-639,-484,-216,108,415,605,631,494,229,-96,-392,-596,-642,-509,-232,101,417,633,683,550,264,-96,-441,-670,-732,-600,-318,66,445,715,806,689,404,7,-411,-725,-858,-782,-512,-100,346,714,900,862,607,200,-267,-670,-905,-921,-707,-313,160,596,885,950,783,422,-41,-505,-839,-973,-876,-564,-118,371,777,983,937,674,252,-226,-644,-911,-972,-805,-449,1,437,762,895,826,573,189,-231,-581,-788,-810,-652,-350,24,384,637,736,662,440,140,-172,-445,-614,-637,-525,-306,-41,212,411,527,533,439,266,63,-132,-278,-356,-366,-324,-239,0,0,0,0,0,-204,-252,-263,-231,-156,-41,102,231,325,362,334,245,109,-62,-223,-342,-397,-368,-258,-94,90,260,379,408,346,211,24,-167,-321,-406,-400,-304,-139,66,258,382,424,368,226,42,-146,-311,-402,-388,-281,-120,49,212,335,366,316,200,29,-147,-267,-334,-321,-227,-86,58,179,251,258,216,131,18,-87,-162,-197,-178,-128,-72,-13,55,92,91,75,61,41,26,17,17,21,9,-25,-54,-90,-119,-116,-91,-44,26,107,166,200,193,134,24,-93,-195,-241,-234,-187,-93,30,161,252,286,255,162,20,-121,-233,-278,-259,-173,-37,112,226,283,268,185,55,-87,-206,0,-273,-192,-56,95,225,299,294,206,71,-91,-237,-315,-313,-229,-72,99,240,325,326,243,96,-75,-235,-335,-351,-268,-103,92,252,350,361,272,111,-84,-253,-359,-380,-291,-108,107,285,384,388,291,112,-105,-306,-425,-419,-298,-115,106,310,428,438,321,110,-132,-335,-455,-461,-348,-122,146,366,491,501,373,139,-141,-384,-533,-552,-427,-170,134,402,573,609,483,227,-97,-404,-607,-655,-533,-268,59,373,605,688,592,342,0,-340,-593,-711,-644,-408,-74,284,576,719,678,482,161,-202,-520,-700,-704,-540,-249,103,428,644,698,571,299,-34,-341,-561,-650,-568,-339,-33,0,0
39120,mtk,MTK 7916,2423972059,rx0-tx0,512,-349,156,127,569,605,596,526,390,216,15,-196,-390,-548,-643,-666,-628,-515,-352,-148,81,288,483,613,672,664,578,435,252,31,-191,-386,-544,-638,-649,-604,-487,-322,-139,72,269,417,514,562,562,488,374,232,71,-89,-242,-354,-433,-470,-451,-393,-310,-198,-82,48,163,264,344,385,403,388,351,275,176,63,-65,-188,-309,-409,-468,-483,-453,-371,-244,-78,94,255,404,523,577,566,496,372,191,-15,-210,-396,-531,-601,-611,-548,-420,-229,-34,166,358,506,577,580,525,407,244,50,-140,-307,-426,-489,-494,-446,-350,-212,-64,94,225,317,370,373,332,261,172,62,-49,-129,-187,-511,-219,-205,-171,-123,-75,-22,19,57,78,88,98,92,80,77,71,63,50,34,36,14,-18,-46,-76,-107,-132,-146,-143,-129,-92,-49,1,65,125,171,203,214,196,154,82,13,-47,-125,-182,-213,-228,-219,-188,-130,-69,5,76,140,191,224,238,234,204,149,81,-5,-89,-174,-235,-274,-284,-268,-229,-143,-49,50,153,240,305,319,307,258,178,78,-40,-154,-245,-311,-323,-310,-266,-181,-82,35,134,227,290,302,289,239,158,65,-41,-136,-208,-257,-273,-255,-199,-128,-39,40,118,176,208,214,189,150,88,9,-64,-122,-160,-174,-163,-127,-66,0,55,97,117,140,156,1179,133,177,-230,-262,-240,-155,-31,116,251,348,388,363,278,143,-15,-185,-321,-418,-460,-440,-364,-228,-69,113,288,421,503,527,490,381,221,40,-152,-334,-482,-561,-579,-532,-411,-233,-39,162,347,488,583,604,548,435,277,88,-109,-303,-463,-566,-612,-588,-491,-353,-170,25,214,386,520,597,617,557,445,284,88,-118,-310,-462,-574,-620,-599,-512,-380,-206,-14,185,360,490,575,603,563,466,318,143,-53,-233,-385,-509,-578,-598,-545,-442,-296,-116,77,263,426,546,614,611,541,419,249,57,-157,-348,-493,-596,-643,-613,-525,-373,-183,21,226,401,536,618,621,563,467,307,117,-330,-259,-428,-554,-618,-624,-567,-460,-300,-109,89,281,442,574,642,651,588,457,287,76,-136,-331,-508,-628,-682,-671,-591,-448,-257,-40,188,394,565,678,728,693,598,434,220,-7,-230,-442,-610,-727,-763,-723,-616,-430,-192,50,286,511,667,765,788,732,599,403,160,-96,-347,-563,-732,-826,-828,-744,-597,-382,-117,176,445,654,805,869,832,709,517,261,-24,-314,-556,-731,-840,-840,-752,-602,-388,-123,150,408,599,732,782,743,627,454,243,14,-207,-415,-558,-634,-664,-625,-515,-363,-186,11,192,359,477,554,584,556,470,345,199,25,-157,-314,-438,-538,-578,-558,-492,-362,-68,-3,-729,-77,-100,242,42,-152,-344,-501,-600,-645,-619,-529,-380,-183,26,242,435,577,668,665,604,478,291,83,-142,-348,-509,-623,-671,-636,-539,-388,-188,23,228,407,529,600,618,552,430,276,100,-88,-268,-397,-488,-530,-518,-448,-342,-211,-58,90,220,317,384,419,417,379,320,221,117,9,-99,-210,-313,-381,-419,-428,-395,-338,-232,-94,54,210,350,465,530,535,488,389,240,52,-136,-314,-464,-567,-595,-567,-475,-317,-126,80,284,464,576,608,588,495,338,139,-55,-243,-403,-518,-563,-540,-449,-308,-138,40,201,327,410,441,427,355,250,128,-4,-124,-212,-278,-309,-296,-247,-191,1105,-25,44,103,140,160,162,144,123,85,61,32,3,-9,-20,-33,-41,-54,-57,-73,-95,-98,-95,-88,-68,-39,3,52,100,145,163,177,174,142,97,41,-27,-94,-159,-202,-216,-221,-202,-143,-79,-12,56,132,194,227,239,222,187,138,74,1,-70,-149,-203,-250,-261,-257,-217,-146,-69,19,99,194,266,291,302,272,211,120,5,-96,-196,-276,-319,-331,-294,-229,-132,-17,81,186,267,315,316,286,225,124,15,-84,-177,-247,-279,-287,-246,-180,-99,-8,82,156,213,235,231,201,145,70,-11,-82,-140,-184,-199,-179,-139,-83,-17,49,108,144,144,124,82,30,60,27,1145,219,171,-74,32,158,266,324,323,254,138,-14,-169,-306,-396,-436,-403,-306,-173,-5,152,308,423,486,494,427,296,137,-42,-230,-395,-505,-554,-540,-459,-310,-129,66,259,431,540,587,574,481,339,159,-52,-248,-417,-537,-595,-591,-524,-393,-224,-29,174,353,494,583,605,571,476,326,139,-71,-268,-421,-542,-603,-602,-531,-414,-247,-47,157,337,478,576,604,572,477,341,170,-17,-208,-376,-508,-587,-606,-550,-451,-309,-138,61,251,409,530,596,601,549,431,275,90,-115,-302,-463,-573,-629,-621,-530,-395,-220,-18,190,379,534,619,643,594,485,338,145,-63,-249,-420,-552,-613,826,-574,-460,-298,-109,82,269,434,563,625,628,569,454,291,94,-112,-313,-477,-601,-665,-653,-584,-459,-273,-64,155,363,533,650,706,682,590,440,251,25,-204,-413,-592,-701,-737,-710,-604,-433,-215,27,258,471,652,753,770,725,597,401,180,-72,-312,-526,-693,-791,-812,-742,-598,-395,-136,138,391,608,766,854,850,741,562,318,35,-248,-498,-700,-835,-875,-812,-658,-453,-188,102,360,579,741,820,810,701,522,300,48,-202,-421,-585,-691,-717,-680,-569,-396,-209,-2,210,395,522,602,620,580,485,342,187,10,-171,-332,-455,-534,-576,-551,-472,-359,-214,-29,147,314,456,233,243
39121,mtk,MTK 7916,2423972059,rx0-tx1,512,87,134,257,529,626,666,629,528,380,174,-54,-272,-477,-638,-731,-758,-716,-587,-394,-158,92,348,573,732,826,844,770,622,406,134,-152,-423,-659,-840,-924,-916,-827,-636,-379,-90,219,513,745,912,993,960,835,617,347,33,-275,-561,-793,-946,-1004,-965,-835,-618,-339,-36,285,581,815,983,1043,1004,878,652,363,30,-310,-616,-873,-1039,-1105,-1059,-903,-656,-340,13,373,693,943,1097,1144,1065,885,611,277,-84,-448,-754,-980,-1108,-1124,-1015,-806,-521,-178,175,501,775,976,1070,1053,928,715,429,103,-227,-529,-776,-940,-1005,-969,-837,-628,-356,-50,248,516,727,867,921,886,756,560,308,-689,-225,-464,-668,-798,-850,-832,-729,-561,-343,-98,163,412,614,766,850,844,766,610,396,141,-145,-408,-648,-831,-931,-942,-854,-694,-442,-134,186,503,772,963,1068,1052,918,689,381,19,-348,-673,-942,-1107,-1147,-1067,-874,-574,-214,172,541,859,1073,1169,1133,971,711,376,3,-377,-701,-946,-1082,-1117,-1014,-792,-502,-159,197,522,795,978,1027,975,831,584,289,-28,-345,-608,-790,-900,-905,-805,-624,-377,-104,170,422,620,747,790,747,612,418,192,-48,-283,-492,-637,-695,-681,-585,-417,-214,19,243,427,556,614,592,493,326,122,-100,-301,-446,-515,-501,-400,-244,-54,131,264,319,-277,-158,0,-604,-871,65,133,183,195,166,102,13,-84,-171,-233,-255,-240,-187,-112,-21,81,170,235,272,280,246,188,101,4,-98,-188,-252,-301,-306,-279,-218,-134,-37,71,171,260,319,346,340,298,212,102,-11,-141,-259,-351,-403,-416,-377,-290,-163,-21,127,262,371,444,456,422,335,219,81,-71,-221,-341,-422,-448,-438,-376,-271,-134,13,150,274,370,427,440,403,316,204,72,-66,-194,-302,-374,-402,-386,-337,-245,-135,-15,110,210,286,335,352,327,274,194,96,-9,-102,-192,-244,-276,-290,-277,-242,-180,-104,-18,69,147,203,250,273,267,244,191,121,48,-37,-123,-190,-236,-265,-130,-231,-187,-130,-50,28,101,164,217,242,244,222,185,127,63,-7,-68,-128,-176,-203,-212,-202,-189,-156,-108,-55,1,48,103,154,194,221,232,225,202,162,99,20,-65,-152,-221,-285,-329,-347,-322,-259,-179,-75,47,172,292,378,442,458,419,346,225,74,-88,-244,-386,-494,-547,-551,-494,-373,-220,-29,163,338,485,580,627,597,498,352,162,-47,-242,-421,-554,-624,-627,-561,-445,-278,-83,115,291,442,546,585,566,490,370,214,44,-124,-270,-387,-464,-487,-477,-424,-336,-216,-78,52,165,272,353,417,443,431,394,317,210,84,-59,-201,-335,-436,-511,-542,-516,-443,721,328,504,506,456,361,179,-27,-243,-426,-581,-685,-707,-667,-564,-387,-170,62,305,521,683,779,801,743,601,394,156,-116,-381,-607,-785,-879,-883,-802,-640,-400,-105,184,469,715,877,963,951,830,627,363,56,-257,-550,-779,-938,-1000,-957,-830,-613,-339,-28,285,571,803,953,1020,990,852,637,353,26,-293,-593,-840,-1005,-1077,-1035,-897,-660,-354,-9,337,651,906,1069,1125,1065,898,636,312,-54,-413,-721,-965,-1109,-1141,-1048,-842,-560,-230,131,480,769,983,1097,1089,977,765,479,138,-211,-522,-782,-963,-1043,-1022,-896,-675,-386,-71,247,526,757,911,966,922,791,586,329,44,-244,-504,-707,-845,261,-839,-734,-554,-320,-68,193,438,632,771,837,832,742,581,373,115,-154,-408,-633,-792,-890,-899,-814,-659,-423,-142,161,447,703,903,1003,1002,903,697,420,90,-264,-591,-857,-1049,-1127,-1072,-910,-652,-308,66,436,767,1016,1142,1152,1037,803,479,112,-276,-622,-905,-1090,-1156,-1088,-898,-616,-276,90,460,756,967,1076,1058,930,709,398,52,-277,-579,-811,-936,-970,-894,-716,-474,-193,110,388,622,778,845,816,702,522,289,31,-227,-461,-621,-714,-727,-665,-530,-327,-97,136,357,524,629,661,601,473,289,78,-147,-345,-492,-567,-563,-474,-316,-116,99,279,399,439,390,267,113,431,499,0,711,316,143,111,42,-43,-130,-196,-227,-218,-173,-94,3,99,186,244,274,263,218,141,51,-48,-144,-220,-275,-294,-280,-225,-159,-66,38,134,221,282,318,318,282,213,121,14,-96,-206,-303,-352,-377,-367,-297,-201,-77,61,200,320,407,437,425,361,260,123,-30,-180,-307,-403,-451,-455,-401,-304,-174,-26,119,260,368,431,446,416,345,237,106,-37,-180,-296,-377,-421,-419,-374,-281,-164,-35,84,196,297,351,377,354,299,219,119,3,-106,-197,-267,-312,-321,-301,-249,-171,-99,-11,75,163,224,267,283,270,236,183,118,34,-46,-127,-197,-245,-271,-272,-247,-195,-130,-49,245,116,182,233,262,256,230,188,125,52,-21,-91,-151,-201,-225,-225,-211,-186,-141,-81,-14,39,85,135,174,200,204,202,186,155,108,53,-14,-80,-137,-193,-243,-271,-284,-262,-211,-148,-59,43,157,249,324,378,400,380,312,219,89,-67,-212,-338,-438,-491,-500,-460,-371,-225,-56,122,296,441,544,600,577,500,366,195,-1,-206,-385,-523,-614,-628,-583,-481,-323,-131,81,279,441,560,615,601,530,406,238,54,-130,-296,-428,-514,-542,-517,-442,-335,-194,-52,90,223,334,418,456,448,415,350,258,146,15,-105,-225,-337,-419,-470,-481,-447,-375,-265,-131,31,196,345,594,868
39122,mtk,MTK 7916,2423972059,rx1-tx0,512,0,507,994,-672,-724,-699,-611,-442,-227,17,266,493,678,797,832,779,644,431,180,-99,-386,-639,-813,-905,-911,-811,-613,-367,-68,252,538,765,920,984,937,790,557,260,-70,-395,-670,-880,-997,-1013,-916,-717,-455,-142,191,507,756,932,1017,991,871,655,367,33,-299,-589,-828,-975,-1016,-961,-814,-570,-274,64,379,654,868,983,1000,896,716,451,146,-171,-475,-715,-876,-949,-929,-794,-580,-317,-24,260,502,699,829,858,793,652,461,210,-46,-282,-486,-638,-730,-744,-689,-557,-382,-171,52,261,440,575,655,673,617,501,343,151,-63,-262,-437,-569,-639,-648,-594,-477,-319,-113,89,288,216,552,616,603,534,400,238,55,-141,-317,-461,-556,-587,-558,-474,-335,-165,12,189,338,452,506,513,477,386,258,96,-48,-192,-329,-417,-464,-467,-426,-339,-204,-70,66,202,311,392,422,414,362,272,169,43,-84,-187,-286,-338,-353,-351,-306,-237,-146,-51,45,148,237,289,314,324,297,262,185,83,-16,-130,-223,-296,-352,-361,-342,-284,-184,-74,45,167,278,350,376,369,321,243,123,-7,-134,-241,-328,-366,-363,-331,-253,-128,-12,99,213,296,342,342,296,228,132,15,-107,-208,-275,-306,-301,-253,-179,-78,30,128,213,270,275,227,144,45,-55,-142,-190,-196,-150,-1141,-737,0,-40,147,-67,-185,-272,-304,-278,-193,-51,95,226,340,395,376,310,191,37,-117,-255,-360,-420,-433,-381,-279,-142,19,180,316,399,447,445,386,276,131,-24,-180,-319,-416,-462,-466,-419,-322,-171,0,166,304,407,486,497,443,335,207,63,-113,-262,-399,-478,-508,-471,-390,-268,-120,45,205,338,423,470,476,413,315,178,21,-118,-258,-366,-432,-459,-423,-347,-233,-104,21,163,290,368,410,407,366,291,180,48,-85,-199,-305,-367,-397,-383,-311,-223,-110,15,125,231,300,345,351,313,245,147,45,-69,-184,-238,-271,-282,-263,-223,-165,-85,-6,72,152,188,210,219,196,160,-584,60,-6,-65,-104,-147,-176,-178,-157,-122,-79,-36,13,60,98,125,135,137,117,85,35,-5,-36,-62,-81,-90,-86,-69,-44,-16,18,34,45,42,26,8,-15,-38,-69,-80,-66,-50,-7,34,76,130,160,174,175,144,89,11,-87,-179,-254,-301,-324,-303,-228,-134,-13,118,256,364,438,454,406,316,187,26,-139,-301,-436,-516,-559,-524,-423,-286,-100,101,295,461,570,613,607,523,382,206,-7,-232,-426,-564,-651,-655,-593,-470,-290,-89,122,323,489,600,650,640,543,404,219,9,-179,-363,-513,-599,-638,-610,-517,-379,-204,-2,203,381,529,622,648,632,539,393,-386,-343,0,-1120,-716,-245,-12,212,433,612,726,773,735,632,453,217,-55,-326,-568,-745,-844,-864,-797,-629,-396,-124,173,468,707,870,960,939,807,593,317,-2,-324,-611,-838,-974,-1009,-937,-767,-514,-203,137,465,730,913,1017,1009,890,681,412,91,-235,-541,-789,-957,-1030,-987,-842,-615,-308,21,337,628,855,988,1020,934,763,514,210,-122,-426,-688,-878,-969,-968,-854,-651,-390,-96,214,503,716,861,916,863,724,529,269,-13,-283,-511,-681,-789,-797,-736,-598,-414,-186,49,277,471,617,699,713,653,529,358,152,-66,-268,-438,-568,-648,-666,-613,-500,-337,-139,69,270,440,564,628,628,570,757,285,83,-121,-302,-450,-543,-590,-577,-498,-371,-206,-18,164,327,452,523,547,517,428,290,122,-44,-205,-342,-448,-493,-489,-454,-353,-226,-83,67,203,330,411,437,445,396,308,191,51,-80,-202,-297,-359,-393,-370,-333,-256,-149,-39,68,170,252,306,329,330,301,235,154,74,-23,-121,-208,-287,-321,-343,-323,-268,-193,-94,17,127,243,323,364,374,352,277,157,25,-98,-205,-301,-367,-381,-355,-288,-187,-66,61,172,282,339,350,340,283,184,70,-54,-155,-241,-304,-331,-305,-247,-155,-56,52,154,236,284,288,250,181,80,-33,-135,-207,-240,-234,-178,-90,7,92,-522,-1014,0,-380,-337,-224,-194,-94,33,167,285,352,342,288,181,29,-125,-256,-367,-417,-402,-332,-217,-83,72,217,335,416,441,406,314,192,49,-106,-261,-376,-445,-461,-432,-346,-211,-63,88,238,367,459,490,463,383,279,137,-43,-206,-342,-434,-502,-493,-428,-317,-165,-1,170,312,419,482,493,445,348,214,70,-94,-248,-361,-437,-455,-436,-376,-269,-146,4,150,282,380,417,421,397,315,204,75,-55,-174,-291,-371,-414,-398,-348,-264,-153,-28,110,224,309,366,369,345,276,179,75,-38,-144,-235,-294,-324,-327,-276,-192,-111,-12,81,160,218,251,257,247,198,127,65,-10,-76,-123,-674,-181,-192,-172,-146,-103,-51,15,70,108,143,156,164,149,115,74,26,-17,-59,-96,-113,-106,-94,-74,-47,-10,24,43,52,58,52,34,7,-17,-36,-41,-43,-43,-26,12,44,83,115,119,112,82,22,-33,-100,-164,-214,-244,-248,-212,-147,-65,39,163,271,352,394,384,333,228,98,-57,-215,-345,-453,-511,-500,-438,-311,-158,18,222,381,513,588,595,540,419,240,50,-156,-358,-509,-611,-653,-616,-502,-342,-141,82,287,470,593,652,644,561,425,247,52,-160,-359,-509,-618,-645,-616,-539,-386,-208,-13,191,371,511,604,649,616,523,386,201,9,-187,-380,-532,23,-172
39123,mtk,MTK 7916,2423972059,rx1-tx1,512,0,0,0,233,507,684,720,599,367,67,-259,-528,-691,-712,-588,-348,-42,281,537,676,676,542,296,-1,-292,-515,-635,-624,-477,-233,53,321,519,601,549,379,141,-124,-357,-517,-564,-488,-303,-59,190,399,524,533,424,219,-31,-271,-465,-557,-529,-380,-154,109,347,519,583,525,354,113,-157,-395,-556,-610,-540,-348,-96,172,409,564,616,541,355,100,-156,-387,-546,-584,-508,-352,-132,125,343,481,530,481,344,137,-86,-270,-403,-458,-418,-304,-138,47,206,313,359,334,238,110,-29,-153,-236,-268,-244,-166,-71,24,114,178,199,183,120,34,-45,-104,-138,-138,-107,-62,-8,48,0,104,100,71,21,-22,-59,-87,-98,-80,-33,8,32,56,73,65,45,10,-17,-38,-54,-55,-34,1,28,46,59,58,38,-2,-35,-58,-82,-98,-85,-49,7,66,112,141,141,116,69,5,-73,-145,-187,-191,-163,-107,-30,56,143,206,234,222,180,103,-7,-109,-201,-267,-289,-262,-199,-88,39,161,240,296,306,271,190,80,-53,-182,-277,-323,-317,-263,-175,-52,77,193,280,327,316,256,159,35,-93,-200,-282,-321,-307,-236,-134,-13,108,214,283,310,285,214,117,6,-112,-208,-276,-301,-282,-224,-136,-34,71,164,229,265,265,234,179,108,35,-26,-78,-121,0,0,0,0,0,-59,-96,-119,-130,-124,-95,-46,4,62,126,179,204,193,149,83,-1,-88,-165,-217,-235,-210,-149,-61,47,146,212,245,241,186,90,-25,-136,-219,-260,-253,-199,-107,7,124,217,259,245,178,75,-46,-159,-241,-274,-243,-159,-35,109,228,294,304,250,139,-15,-188,-326,-395,-394,-307,-140,66,261,415,496,479,368,180,-60,-299,-476,-562,-541,-422,-211,48,306,508,613,597,464,236,-48,-314,-524,-642,-631,-488,-256,34,324,539,641,622,495,258,-33,-315,-533,-646,-615,-462,-227,57,327,534,623,586,432,188,-99,-367,-551,-619,-553,-367,-106,168,408,570,604,499,0,28,-260,-495,-614,-603,-472,-228,67,356,571,670,629,453,171,-153,-448,-662,-739,-660,-440,-120,230,535,740,796,676,411,62,-308,-632,-834,-865,-697,-386,-7,380,716,904,901,708,366,-53,-475,-801,-958,-924,-710,-353,90,515,822,968,928,695,309,-141,-553,-843,-969,-902,-647,-262,170,570,857,959,863,586,196,-221,-585,-831,-903,-779,-499,-129,258,593,803,839,700,411,40,-323,-611,-769,-754,-577,-291,51,380,625,727,669,471,174,-163,-459,-652,-699,-602,-377,-66,249,511,676,686,541,293,-16,-330,-571,-692,-666,-494,-218,103,399,613,700,642,440,148,-173,-456,0,0,0,0,0,-671,-504,-230,90,396,626,730,679,487,199,-125,-419,-632,-722,-654,-458,-179,135,419,607,667,591,403,135,-161,-426,-587,-616,-521,-323,-52,226,443,559,562,445,226,-36,-281,-462,-548,-515,-370,-152,106,344,501,548,481,300,56,-197,-414,-546,-556,-459,-264,-11,254,471,590,578,451,235,-31,-292,-498,-598,-573,-455,-234,34,293,488,598,582,448,237,-18,-269,-455,-548,-538,-430,-249,-20,207,388,481,484,393,235,35,-163,-313,-391,-395,-327,-204,-47,103,232,306,312,251,152,34,-86,-177,-227,-227,-182,-107,-19,76,143,172,158,112,49,-26,-88,-118,-118,-94,0,-16,43,87,105,96,66,29,-11,-44,-67,-80,-74,-45,-10,32,55,58,56,39,14,-23,-51,-58,-56,-34,-6,34,67,75,68,60,23,-25,-77,-113,-129,-110,-70,-24,37,97,144,168,161,115,54,-22,-105,-175,-214,-211,-175,-104,-20,77,170,233,256,248,196,104,-16,-135,-226,-281,-289,-259,-185,-80,45,158,246,306,322,276,182,60,-66,-181,-273,-323,-321,-269,-172,-47,86,199,279,315,305,239,141,15,-110,-213,-287,-318,-290,-221,-121,4,115,207,279,306,284,218,123,11,-99,-198,-263,-290,-278,-233,-161,-69,24,107,170,210,220,205,172,126,0,0,0,0,0,63,44,13,-25,-70,-118,-156,-171,-159,-125,-71,-2,74,147,199,220,208,156,75,-19,-113,-195,-238,-245,-213,-132,-24,83,181,251,261,232,161,54,-71,-179,-242,-266,-227,-143,-28,84,192,258,266,211,115,-10,-135,-238,-290,-277,-200,-67,80,208,310,351,319,213,48,-142,-307,-419,-445,-382,-246,-55,155,361,504,534,458,301,75,-181,-405,-556,-604,-534,-349,-96,180,422,588,639,565,371,102,-180,-432,-605,-651,-568,-385,-121,180,445,616,660,570,375,108,-188,-441,-603,-639,-542,-340,-67,221,456,590,607,501,287,6,-268,-477,-590,-576,-435,-208,68,336,0,620,568,394,132,-169,-435,-602,-648,-561,-349,-54,255,519,681,699,561,302,-28,-360,-622,-759,-742,-568,-273,94,445,708,829,771,560,227,-170,-540,-798,-896,-817,-564,-189,228,606,869,950,829,541,147,-282,-662,-920,-975,-829,-520,-108,328,701,934,983,825,498,65,-379,-730,-936,-951,-775,-443,-25,396,731,912,902,697,364,-41,-432,-724,-864,-819,-609,-284,98,455,708,799,725,505,182,-187,-510,-712,-752,-637,-392,-62,271,540,693,693,536,274,-42,-350,-588,-697,-652,-470,-192,134,432,638,703,621,406,102,-223,-496,-663,-694,-582,-341,-29,286,543,692,692,550,0,0
39124,mtk,MTK 7916,2423972059,rx2-tx0,512,0,0,0,1014,728,292,-208,-662,-971,-1069,-931,-589,-134,347,750,992,1017,824,451,-15,-473,-818,-981,-922,-667,-266,193,607,879,949,803,482,54,-391,-753,-940,-909,-668,-279,180,601,897,992,857,522,78,-388,-782,-1010,-1009,-788,-392,100,565,906,1052,972,681,232,-264,-692,-973,-1045,-879,-514,-42,439,822,1015,980,721,305,-193,-641,-947,-1042,-902,-549,-68,428,836,1061,1054,808,378,-144,-644,-1016,-1171,-1072,-739,-242,325,823,1144,1233,1068,670,121,-453,-925,-1208,-1239,-1010,-572,-19,540,980,1209,1183,907,453,-91,-613,-997,-1160,-1073,-765,-302,214,680,993,1083,936,595,129,-351,-745,0,-984,-774,-397,57,494,820,958,884,614,211,-246,-644,-901,-954,-799,-464,-21,430,786,974,945,697,292,-180,-616,-931,-1050,-941,-617,-144,361,802,1083,1138,944,554,38,-510,-959,-1206,-1198,-957,-504,57,608,1038,1271,1242,949,456,-130,-682,-1107,-1297,-1216,-891,-388,208,763,1161,1316,1198,840,312,-286,-823,-1190,-1324,-1189,-810,-266,322,841,1199,1324,1182,805,281,-287,-786,-1137,-1268,-1156,-821,-337,198,672,1000,1135,1055,781,368,-101,-526,-830,-971,-925,-709,-368,24,387,657,792,778,622,356,36,-271,-509,-642,-651,-550,-361,-122,128,335,475,533,502,401,256,95,-61,-184,-256,0,0,0,0,0,-132,-269,-385,-468,-501,-467,-364,-197,17,237,434,577,632,583,433,202,-66,-324,-537,-657,-656,-535,-315,-32,262,507,656,683,584,372,86,-223,-490,-658,-694,-593,-376,-87,219,482,644,671,559,331,30,-272,-513,-644,-631,-483,-225,86,383,599,685,617,410,108,-233,-532,-727,-767,-637,-372,-31,326,633,813,823,660,356,-30,-413,-710,-868,-845,-640,-298,108,496,776,896,831,587,212,-210,-582,-834,-915,-806,-515,-111,318,680,897,920,755,427,4,-432,-780,-960,-937,-718,-353,98,539,856,985,917,664,266,-194,-617,-909,-1005,-885,-578,-163,292,694,948,999,833,489,0,-413,-777,-971,-955,-736,-358,96,534,860,993,910,624,200,-264,-669,-931,-989,-834,-495,-43,423,799,1001,991,755,349,-141,-601,-929,-1053,-952,-644,-190,321,756,1026,1082,910,527,19,-498,-901,-1112,-1088,-822,-369,160,651,1008,1153,1048,704,200,-344,-811,-1111,-1166,-962,-545,-1,543,972,1188,1149,851,370,-202,-741,-1120,-1246,-1105,-726,-186,399,902,1215,1265,1040,591,13,-569,-1029,-1274,-1249,-954,-454,140,704,1108,1281,1180,826,301,-280,-807,-1159,-1257,-1079,-677,-139,424,897,1169,1188,949,517,-21,-549,-954,-1144,-1087,-796,-334,194,675,1002,1114,980,633,151,-358,-782,-1041,-1068,-857,0,0,0,0,0,392,791,1030,1051,848,456,-31,-509,-878,-1051,-992,-721,-303,178,619,915,1008,887,575,134,-334,-720,-941,-949,-747,-383,68,503,820,947,861,581,168,-284,-671,-912,-946,-762,-400,52,498,839,1003,938,657,235,-250,-685,-973,-1050,-895,-540,-75,415,816,1033,1021,792,389,-94,-564,-909,-1042,-933,-621,-171,315,731,980,1005,812,426,-64,-540,-897,-1056,-983,-682,-221,298,757,1061,1127,949,562,36,-499,-935,-1176,-1169,-906,-451,105,644,1055,1245,1174,852,351,-220,-741,-1111,-1247,-1122,-759,-247,310,792,1109,1183,1010,624,115,-413,-840,-1081,-1089,-866,-469,24,511,877,1038,971,702,0,-203,-621,-893,-972,-833,-507,-78,363,736,940,920,702,331,-120,-550,-856,-979,-882,-589,-160,313,715,958,999,818,451,-23,-505,-884,-1079,-1057,-795,-345,185,678,1037,1188,1095,764,267,-295,-807,-1160,-1275,-1120,-736,-204,375,889,1217,1292,1099,681,127,-456,-942,-1251,-1297,-1073,-618,-42,537,1004,1272,1283,1027,566,-8,-585,-1048,-1298,-1293,-1028,-560,17,583,1030,1273,1273,1023,576,29,-513,-937,-1175,-1192,-985,-593,-108,382,784,1019,1053,888,564,149,-267,-611,-824,-884,-771,-517,-181,166,465,661,727,656,468,208,-75,-323,-505,-593,-577,-464,-289,-83,121,290,393,429,407,335,232,0,0,0,0,0,347,313,230,98,-70,-252,-422,-544,-593,-553,-426,-224,15,264,478,616,649,571,388,132,-150,-412,-605,-685,-635,-470,-216,89,380,598,699,665,500,234,-76,-364,-585,-694,-660,-487,-216,89,374,583,662,602,418,141,-169,-439,-611,-648,-538,-311,-8,314,577,712,689,520,237,-114,-448,-689,-793,-741,-522,-189,191,543,789,872,767,506,129,-276,-619,-834,-882,-747,-448,-59,350,693,888,886,697,365,-51,-465,-779,-922,-872,-638,-268,171,571,850,951,862,590,176,-283,-673,-922,-984,-837,-514,-84,368,747,966,980,789,432,-15,-463,-815,-999,-965,-724,-327,133,562,869,0,907,624,212,-250,-666,-929,-987,-832,-505,-61,400,774,979,961,733,350,-115,-560,-880,-1009,-918,-629,-198,279,704,975,1034,860,495,22,-458,-847,-1059,-1034,-783,-353,161,644,987,1117,1010,677,197,-332,-796,-1089,-1142,-949,-547,-17,516,931,1142,1116,840,378,-172,-688,-1055,-1191,-1065,-707,-186,385,864,1160,1202,974,532,-19,-572,-1013,-1243,-1193,-888,-391,197,750,1140,1285,1153,776,232,-360,-878,-1213,-1285,-1085,-657,-87,496,974,1237,1232,972,511,-61,-617,-1032,-1226,-1153,-835,-338,221,726,1071,1187,1037,668,165,-368,-823,-1088,-1110,-895,-490,16,517,905,1091,1031,751,314,-191,-652,0,0
39125,mtk,MTK 7916,2423972059,rx2-tx1,512,0,0,0,-617,-558,-379,-121,159,398,548,592,510,329,89,-164,-381,-517,-544,-460,-293,-67,169,362,473,491,407,248,50,-153,-324,-414,-414,-334,-202,-34,130,250,320,334,272,159,24,-99,-198,-246,-242,-191,-108,-19,60,113,137,130,102,64,37,2,-19,-12,-10,-16,-27,-47,-68,-98,-118,-110,-65,0,74,150,205,235,222,151,40,-89,-221,-318,-351,-327,-230,-66,121,286,404,464,422,290,106,-117,-331,-487,-548,-499,-338,-115,133,374,547,605,548,372,118,-171,-429,-606,-652,-562,-365,-94,201,465,633,672,573,352,61,-235,-495,-663,-692,-569,-341,-44,269,529,669,0,527,281,-18,-310,-546,-666,-643,-484,-230,69,355,575,665,607,417,142,-162,-436,-616,-668,-580,-358,-49,266,530,683,688,563,296,-59,-394,-639,-773,-740,-542,-228,123,476,741,853,796,565,205,-198,-564,-831,-927,-839,-576,-196,232,611,875,965,862,588,189,-259,-657,-914,-988,-874,-573,-157,291,682,930,988,863,568,153,-296,-688,-951,-1018,-883,-590,-190,258,664,937,1024,918,651,272,-159,-560,-843,-956,-899,-681,-329,68,439,712,839,825,666,383,41,-294,-564,-712,-736,-634,-420,-142,138,386,565,630,593,473,280,48,-168,-340,-456,-493,-464,-379,-250,-112,8,108,0,0,0,0,0,76,162,235,291,316,302,244,150,28,-111,-248,-343,-388,-377,-312,-196,-37,135,279,381,430,393,284,141,-32,-216,-371,-446,-436,-359,-224,-36,152,317,433,459,409,289,113,-82,-257,-379,-441,-422,-318,-160,18,185,313,382,386,308,174,26,-121,-247,-321,-328,-282,-198,-70,63,160,219,247,232,175,94,3,-71,-128,-155,-156,-137,-99,-66,-19,23,38,42,51,65,79,90,93,81,61,39,-7,-48,-96,-142,-180,-169,-124,-65,12,105,182,232,249,214,132,24,-95,-196,-260,-279,-244,-153,-37,89,199,267,291,247,145,16,-109,-217,-278,-286,-235,-129,16,0,259,309,303,223,89,-59,-200,-298,-330,-300,-207,-74,82,232,331,354,306,191,34,-129,-280,-372,-372,-291,-149,21,188,317,381,358,256,103,-67,-242,-367,-400,-350,-226,-49,147,309,406,411,324,161,-26,-211,-365,-441,-421,-309,-126,92,290,424,470,408,259,51,-190,-389,-502,-507,-400,-205,35,273,462,549,523,386,145,-132,-377,-542,-603,-542,-362,-97,196,456,627,670,566,342,46,-266,-525,-676,-693,-564,-313,0,313,572,722,713,555,290,-35,-359,-622,-752,-728,-557,-280,52,375,625,748,718,548,269,-57,-369,-603,-717,-676,-500,-229,76,367,573,665,619,0,0,0,0,0,12,-266,-489,-605,-588,-451,-234,22,281,469,554,527,405,200,-45,-277,-444,-519,-485,-362,-166,55,255,403,463,416,294,132,-53,-221,-338,-382,-346,-243,-102,47,172,260,291,266,184,72,-41,-133,-187,-197,-166,-120,-55,16,60,73,76,66,56,52,51,47,50,42,30,15,-20,-78,-133,-168,-171,-139,-72,27,136,236,294,299,253,147,-12,-177,-307,-394,-410,-333,-180,8,210,383,483,495,399,212,-20,-257,-453,-560,-568,-458,-248,23,289,497,609,604,484,253,-44,-330,-548,-655,-634,-486,-239,71,366,583,677,639,473,216,-96,-389,-600,-686,-634,-447,-161,0,441,618,673,604,404,118,-198,-469,-634,-663,-557,-334,-43,256,510,654,652,504,248,-63,-360,-574,-680,-640,-442,-154,163,468,680,750,662,426,88,-275,-579,-773,-814,-676,-391,-24,358,678,867,875,704,388,-4,-408,-737,-918,-920,-738,-393,32,455,797,972,942,730,381,-52,-479,-813,-980,-955,-737,-375,63,487,817,988,971,748,369,-79,-502,-828,-1000,-989,-794,-441,-11,427,784,982,983,810,499,92,-319,-651,-857,-910,-787,-528,-181,188,505,723,802,737,541,257,-69,-365,-580,-686,-670,-543,-327,-69,186,391,527,574,532,416,246,61,-116,-253,-335,-362,-349,-301,0,0,0,0,0,-216,-198,-148,-73,26,137,241,325,369,360,297,186,40,-114,-250,-358,-413,-397,-312,-173,1,176,325,416,439,390,267,92,-98,-272,-395,-451,-428,-327,-173,13,209,359,442,435,366,244,69,-127,-294,-393,-413,-360,-249,-91,65,210,331,375,343,253,127,-20,-151,-250,-286,-276,-228,-144,-28,86,168,205,211,186,129,65,9,-51,-98,-110,-104,-88,-77,-65,-55,-40,-27,2,33,57,87,111,123,120,104,65,-1,-75,-141,-188,-211,-200,-147,-57,48,159,232,262,248,195,101,-24,-156,-238,-276,-276,-219,-100,29,152,247,287,270,205,85,-63,-181,-267,-310,0,-181,-49,96,218,302,323,268,151,2,-150,-276,-341,-338,-262,-124,32,182,305,365,350,258,113,-65,-234,-347,-376,-335,-220,-49,136,284,366,374,306,178,-8,-200,-347,-414,-388,-279,-112,76,262,404,453,392,246,57,-147,-333,-444,-455,-373,-195,39,250,411,487,449,315,115,-120,-332,-481,-529,-466,-289,-37,218,431,565,585,470,250,-26,-296,-516,-633,-606,-455,-211,83,367,583,681,641,462,182,-144,-438,-646,-715,-638,-444,-156,181,481,669,735,654,428,117,-212,-507,-709,-767,-661,-429,-118,217,507,686,734,632,401,90,-228,-485,-650,-686,-579,-353,-60,239,0,0
39126,mtk,MTK 7916,2424024717,rx0-tx0,512,-349,156,127,396,295,185,48,-83,-217,-349,-455,-531,-564,-564,-538,-462,-361,-227,-76,75,231,361,476,563,604,598,558,488,375,238,90,-73,-221,-353,-454,-526,-562,-555,-512,-438,-337,-217,-80,47,168,273,362,419,451,453,420,373,313,231,138,52,-39,-129,-196,-256,-295,-322,-343,-343,-323,-297,-255,-195,-141,-69,4,81,172,254,328,382,419,434,417,384,317,223,111,-21,-146,-275,-392,-474,-533,-555,-537,-474,-377,-261,-112,46,210,348,456,544,591,597,554,465,332,187,33,-126,-272,-389,-471,-530,-539,-497,-426,-322,-198,-81,49,174,265,343,385,392,377,330,260,190,-511,-3,-76,-144,-196,-226,-234,-229,-204,-166,-127,-84,-37,0,30,57,76,81,71,58,46,37,31,33,34,36,47,62,78,83,77,67,43,15,-11,-42,-74,-125,-152,-176,-188,-176,-151,-120,-82,-38,15,68,126,169,192,213,220,212,189,159,123,64,4,-61,-111,-161,-203,-231,-249,-258,-244,-207,-165,-94,-25,39,104,178,231,255,275,280,253,230,176,102,28,-53,-129,-191,-250,-288,-301,-288,-260,-219,-150,-71,8,80,154,219,261,280,279,253,205,149,78,-2,-72,-135,-190,-224,-238,-231,-207,-159,-102,-34,36,95,141,168,180,168,131,83,29,-7,140,156,1179,133,177,-202,-208,-179,-109,-20,84,182,260,313,329,303,249,164,63,-39,-148,-243,-312,-354,-370,-363,-313,-241,-149,-35,78,184,271,349,398,407,391,348,279,181,81,-33,-151,-249,-336,-397,-428,-438,-406,-332,-259,-167,-58,53,157,253,342,401,440,445,416,367,295,196,81,-31,-151,-258,-347,-416,-455,-466,-449,-396,-313,-210,-97,16,132,248,348,415,455,460,450,407,325,241,137,13,-107,-218,-304,-378,-427,-458,-457,-423,-354,-285,-193,-80,47,164,272,366,430,461,476,453,402,327,225,107,-21,-138,-253,-347,-420,-468,-479,-455,-413,-347,-255,-149,-24,95,194,292,-330,434,468,470,437,380,298,211,109,-8,-126,-236,-329,-399,-449,-482,-482,-450,-380,-298,-201,-76,41,167,286,381,457,504,520,497,452,386,286,155,36,-92,-219,-339,-441,-511,-553,-558,-532,-477,-381,-268,-134,9,153,300,423,513,589,623,615,575,500,379,246,98,-71,-238,-393,-525,-621,-689,-712,-676,-594,-474,-320,-151,46,238,409,562,672,730,747,701,602,464,307,126,-65,-241,-410,-554,-647,-698,-688,-638,-556,-423,-278,-119,52,199,336,447,526,572,577,551,488,392,291,169,38,-81,-194,-298,-388,-451,-485,-505,-480,-428,-355,-267,-171,-60,62,181,288,377,-68,-3,-729,-77,-100,-341,-427,-493,-535,-535,-511,-441,-334,-207,-67,74,222,365,472,556,595,601,558,475,371,235,82,-76,-221,-357,-477,-553,-598,-597,-546,-469,-357,-222,-77,74,205,327,421,487,521,511,479,408,318,209,104,-16,-125,-209,-285,-344,-377,-386,-386,-355,-308,-255,-190,-123,-47,29,98,159,227,275,317,345,359,367,349,305,236,159,66,-39,-149,-254,-350,-433,-486,-502,-487,-448,-364,-246,-115,28,163,299,414,509,581,602,571,487,374,236,84,-79,-236,-376,-486,-548,-577,-560,-489,-392,-271,-135,18,159,282,389,443,467,469,416,339,243,128,28,-76,-174,-242,-282,1105,-309,-277,-239,-182,-125,-66,-6,53,100,130,148,148,132,116,100,76,50,29,12,5,6,4,9,4,6,10,2,-14,-42,-60,-82,-108,-120,-131,-130,-128,-105,-68,-34,13,66,107,144,177,194,204,202,183,138,90,41,-8,-62,-116,-158,-206,-228,-234,-231,-211,-188,-139,-79,-21,38,103,158,213,253,267,271,263,234,163,97,33,-47,-114,-176,-243,-280,-298,-292,-263,-220,-167,-98,-20,64,137,207,260,286,285,271,241,185,118,47,-28,-108,-172,-223,-258,-263,-240,-207,-160,-98,-32,38,111,166,197,214,208,182,136,77,15,-48,-96,-128,-135,-123,60,27,1145,219,171,-5,78,168,237,275,277,237,170,73,-37,-141,-232,-303,-341,-351,-328,-270,-185,-87,16,126,226,301,362,391,382,342,284,206,99,-11,-117,-218,-313,-374,-410,-420,-397,-347,-268,-170,-62,54,167,260,330,399,435,431,401,354,280,183,71,-53,-164,-257,-349,-417,-447,-455,-433,-380,-311,-209,-92,32,152,271,360,423,456,459,439,393,315,220,109,-8,-124,-247,-337,-397,-446,-468,-453,-412,-349,-267,-166,-52,72,196,298,375,440,473,479,446,392,308,200,84,-36,-157,-260,-351,-424,-471,-480,-465,-417,-336,-236,-118,11,126,229,329,401,445,467,452,423,370,826,181,69,-51,-164,-272,-359,-414,-450,-464,-459,-417,-347,-257,-153,-37,80,200,298,382,452,489,491,479,423,343,238,121,-9,-135,-253,-356,-453,-508,-531,-532,-499,-431,-332,-215,-80,58,189,317,426,511,565,578,570,519,429,323,193,43,-114,-265,-410,-525,-599,-650,-660,-625,-550,-436,-298,-128,58,242,400,539,644,717,740,692,614,495,326,147,-58,-257,-425,-562,-663,-723,-718,-675,-587,-455,-296,-120,67,227,385,509,582,629,633,587,519,412,284,143,-5,-143,-273,-372,-450,-509,-529,-512,-471,-402,-317,-213,-106,15,132,231,323,397,453,480,482,453,401,325,233,243
39127,mtk,MTK 7916,2424024717,rx0-tx1,512,87,134,257,541,465,358,230,75,-82,-242,-401,-535,-640,-702,-729,-708,-645,-545,-400,-231,-48,155,339,516,668,771,827,836,801,718,586,410,207,-15,-247,-455,-640,-793,-902,-948,-940,-877,-752,-582,-375,-141,105,341,553,740,879,961,988,959,866,725,551,337,102,-133,-361,-569,-751,-890,-980,-1014,-989,-914,-780,-599,-382,-134,117,377,610,807,968,1073,1107,1072,968,809,605,356,79,-202,-468,-711,-915,-1056,-1135,-1136,-1070,-946,-758,-512,-241,43,325,578,790,961,1072,1107,1079,976,820,624,383,118,-151,-404,-633,-821,-947,-1016,-1019,-966,-859,-690,-488,-269,-29,208,422,607,748,849,-689,889,836,744,601,425,237,32,-170,-361,-531,-670,-778,-846,-857,-827,-748,-642,-491,-300,-91,130,340,534,706,838,925,953,929,847,705,516,289,43,-217,-472,-696,-866,-995,-1063,-1058,-981,-841,-645,-399,-130,148,429,680,874,1021,1084,1093,1022,879,679,443,181,-102,-361,-597,-803,-934,-1016,-1031,-971,-864,-689,-460,-225,36,297,516,716,849,923,947,902,790,629,430,206,-24,-242,-441,-606,-729,-790,-798,-757,-672,-538,-367,-188,9,200,364,505,607,668,677,634,549,427,272,97,-74,-235,-382,-492,-558,-576,-542,-459,-340,-199,-30,134,270,376,427,422,365,264,136,12,-277,-158,0,-604,-871,129,160,160,137,91,23,-51,-124,-180,-225,-240,-231,-206,-156,-92,-21,58,130,194,237,268,272,259,230,173,116,50,-25,-92,-169,-226,-271,-300,-303,-299,-269,-221,-166,-87,2,89,177,263,332,377,398,397,361,302,217,110,4,-115,-229,-333,-415,-462,-476,-464,-420,-341,-238,-117,10,133,251,349,434,480,495,480,433,348,250,133,5,-113,-233,-335,-418,-463,-481,-468,-423,-353,-256,-145,-30,80,192,283,351,399,428,427,388,335,262,183,91,-8,-99,-181,-250,-312,-357,-376,-377,-351,-312,-246,-173,-94,1,84,168,246,300,337,355,353,332,284,216,142,-130,-26,-103,-170,-227,-286,-324,-327,-312,-285,-230,-175,-111,-42,24,80,138,181,215,236,234,231,217,194,168,136,103,60,18,-17,-58,-93,-126,-155,-188,-213,-238,-247,-253,-250,-222,-177,-127,-60,15,93,184,260,323,379,413,418,403,364,293,201,99,-26,-154,-278,-383,-468,-530,-558,-547,-504,-428,-317,-184,-39,115,263,395,505,578,619,620,572,496,388,247,96,-65,-218,-361,-469,-547,-596,-600,-571,-506,-403,-287,-157,-19,118,226,323,404,454,479,478,446,403,342,253,167,82,-9,-104,-192,-272,-330,-380,-417,-435,-428,-411,-373,-306,-236,-147,-36,79,199,307,721,328,504,506,456,-276,-404,-513,-598,-650,-656,-628,-556,-447,-307,-148,28,211,378,533,657,739,785,784,723,633,488,311,119,-88,-290,-483,-652,-781,-866,-908,-880,-801,-675,-505,-288,-56,174,401,610,781,903,970,975,917,810,649,446,219,-13,-249,-467,-655,-817,-934,-991,-984,-927,-823,-668,-472,-243,4,241,473,681,843,974,1042,1054,1006,881,716,508,257,-13,-281,-544,-767,-955,-1085,-1139,-1123,-1039,-892,-686,-437,-164,125,399,651,867,1023,1111,1142,1088,970,796,577,318,44,-235,-499,-718,-897,-1021,-1076,-1061,-984,-850,-660,-434,-190,62,305,534,723,848,932,965,935,847,709,542,345,261,-100,-303,-488,-646,-757,-828,-860,-842,-782,-675,-532,-366,-167,37,239,429,591,737,839,891,895,846,752,609,420,198,-36,-267,-492,-691,-849,-961,-1018,-1012,-934,-786,-593,-364,-96,176,439,674,874,1019,1087,1091,1020,869,672,427,159,-115,-391,-638,-840,-983,-1067,-1070,-1000,-883,-694,-461,-209,69,324,551,762,902,984,1012,943,829,663,444,214,-25,-263,-479,-653,-788,-864,-872,-829,-729,-589,-401,-191,15,216,396,552,658,719,733,689,605,485,330,155,-25,-204,-352,-483,-576,-616,-610,-560,-465,-338,-182,-15,152,302,413,492,524,487,405,281,130,-21,-157,-261,-313,-302,431,499,0,711,316,52,-1,-69,-127,-183,-211,-216,-193,-149,-83,0,74,142,199,239,258,256,233,188,130,59,-12,-84,-154,-212,-249,-281,-288,-279,-253,-196,-136,-62,9,90,175,240,292,334,351,345,321,269,195,105,8,-100,-205,-286,-367,-416,-441,-441,-402,-332,-237,-116,5,124,243,345,427,479,490,473,419,345,245,125,1,-128,-254,-358,-431,-484,-495,-478,-433,-361,-259,-146,-24,105,217,317,396,443,457,441,407,338,261,171,67,-49,-150,-237,-302,-351,-389,-397,-382,-340,-283,-215,-131,-40,52,142,217,283,322,354,369,351,323,269,199,126,38,-47,-139,-222,-282,-318,245,-348,-324,-280,-231,-168,-88,-3,68,143,203,240,267,281,277,262,233,185,139,77,24,-21,-75,-108,-143,-158,-180,-198,-202,-208,-202,-183,-162,-142,-119,-86,-38,16,61,121,182,231,279,316,331,340,325,275,217,140,46,-52,-156,-266,-365,-430,-479,-503,-490,-442,-366,-266,-141,0,140,264,386,492,561,597,597,549,476,362,223,76,-89,-238,-373,-493,-579,-627,-626,-588,-510,-399,-272,-124,26,162,300,410,489,539,553,530,477,411,316,204,95,-23,-128,-220,-312,-370,-405,-421,-427,-411,-380,-331,-263,-192,-112,-22,67,159,259,338,404,460,496,499,473,410,594,868
39128,mtk,MTK 7916,2424024717,rx1-tx0,512,0,507,994,-553,-445,-303,-142,30,209,385,544,663,757,797,770,705,605,452,261,55,-155,-369,-557,-699,-815,-879,-877,-829,-717,-562,-368,-149,82,325,544,719,856,933,960,918,817,663,459,247,-2,-253,-480,-683,-839,-939,-976,-957,-882,-737,-552,-341,-103,148,384,601,778,891,949,959,907,795,631,429,210,-38,-287,-511,-689,-819,-906,-929,-891,-805,-655,-480,-271,-53,160,365,548,685,766,810,809,752,650,521,354,171,-12,-196,-359,-484,-597,-674,-702,-698,-661,-574,-450,-309,-154,20,183,319,459,563,625,662,667,625,544,427,281,111,-58,-208,-355,-487,-584,-637,-659,-641,216,-466,-330,-180,-19,147,296,433,541,603,634,621,571,472,354,214,51,-82,-221,-353,-459,-519,-562,-562,-528,-455,-361,-247,-111,27,157,288,383,460,513,520,494,440,356,248,130,13,-116,-213,-292,-371,-411,-413,-409,-371,-310,-232,-139,-41,39,119,183,238,278,305,306,287,254,221,171,125,68,-1,-55,-108,-167,-223,-250,-278,-280,-271,-267,-213,-163,-93,-22,51,135,195,249,286,304,307,291,239,174,94,11,-63,-147,-214,-251,-283,-296,-286,-252,-189,-122,-44,41,116,175,227,258,255,240,207,151,84,12,-62,-129,-182,-214,-216,-191,-141,-77,-15,51,93,-1141,-737,0,-40,147,-145,-207,-229,-216,-164,-80,10,110,198,267,307,308,290,234,158,68,-36,-137,-225,-282,-331,-355,-337,-294,-227,-142,-48,43,139,229,297,328,346,333,312,262,172,96,10,-83,-173,-251,-314,-339,-359,-352,-315,-258,-184,-101,-10,88,176,244,306,346,355,348,311,262,191,109,21,-67,-146,-220,-282,-320,-332,-328,-312,-263,-194,-126,-47,43,128,193,245,277,299,299,286,255,201,148,80,-4,-74,-133,-187,-239,-266,-273,-270,-246,-214,-164,-104,-38,31,100,165,201,219,234,237,226,198,151,92,45,-4,-53,-102,-140,-156,-166,-180,-178,-166,-143,-107,-73,-32,-584,39,63,96,122,133,147,143,123,104,79,46,11,-3,-21,-54,-74,-74,-83,-78,-60,-63,-56,-38,-31,-25,-17,-8,1,-7,-9,-14,-22,-18,-11,-9,1,19,50,82,108,129,143,162,166,147,124,76,24,-44,-117,-175,-241,-294,-324,-351,-335,-294,-225,-142,-37,87,208,317,407,478,513,509,464,379,282,150,4,-143,-294,-415,-521,-585,-608,-594,-537,-436,-300,-159,4,168,324,459,554,620,646,620,561,462,333,177,26,-126,-277,-411,-522,-589,-617,-614,-572,-485,-381,-252,-114,34,176,301,419,500,571,602,585,553,479,374,255,125,-25,-174,-302,-429,-386,-343,0,-1120,-716,382,525,632,691,718,700,638,526,381,212,8,-187,-364,-537,-688,-785,-832,-831,-779,-658,-508,-327,-97,128,345,540,708,835,912,925,885,766,612,415,192,-49,-300,-517,-715,-849,-942,-981,-947,-856,-712,-517,-284,-40,200,434,641,800,916,980,968,898,777,601,388,158,-86,-333,-556,-735,-858,-933,-961,-918,-807,-643,-450,-233,-1,219,430,616,757,850,871,846,767,648,483,306,117,-85,-278,-445,-582,-686,-736,-749,-724,-648,-546,-413,-249,-82,86,249,409,528,611,660,679,642,591,504,369,222,63,-106,-274,-411,-525,-614,-671,-668,-630,-560,-454,-317,-163,5,177,757,475,568,627,653,632,565,473,336,202,47,-113,-269,-407,-508,-583,-610,-592,-552,-478,-366,-238,-97,56,199,324,421,489,529,520,497,434,348,250,122,-13,-130,-241,-340,-421,-452,-469,-452,-400,-347,-253,-128,-19,84,185,265,315,362,366,357,337,281,224,150,73,0,-68,-118,-172,-218,-249,-270,-278,-261,-249,-224,-170,-121,-66,11,66,138,200,241,283,292,295,271,229,176,103,21,-51,-129,-197,-251,-291,-303,-304,-278,-218,-153,-80,-3,77,153,209,250,277,274,242,200,149,69,-6,-77,-146,-198,-229,-242,-228,-196,-142,-69,9,82,137,164,168,149,106,-522,-1014,0,-380,-337,-122,-50,38,124,205,256,284,273,226,152,55,-42,-140,-227,-288,-326,-336,-310,-255,-179,-99,5,106,194,268,319,348,350,330,281,207,123,24,-70,-157,-247,-302,-331,-350,-342,-317,-262,-182,-95,-9,87,178,255,309,346,362,354,315,266,192,102,15,-66,-148,-224,-289,-337,-351,-340,-312,-265,-199,-111,-22,55,138,216,262,293,315,320,298,262,204,137,65,-15,-87,-161,-218,-257,-294,-305,-280,-252,-211,-159,-91,-25,40,114,168,215,248,265,262,248,213,160,110,45,-21,-78,-133,-174,-199,-204,-211,-205,-186,-143,-95,-58,-22,20,57,102,129,146,158,-674,149,130,106,72,42,11,-29,-53,-69,-95,-116,-112,-101,-102,-98,-73,-49,-34,-1,9,13,37,35,40,43,40,35,21,15,21,20,31,41,47,59,75,85,88,69,53,28,4,-28,-78,-121,-171,-212,-241,-261,-249,-223,-183,-114,-37,54,153,243,321,384,429,436,406,345,264,153,22,-120,-264,-383,-476,-545,-573,-572,-525,-429,-299,-153,-3,154,316,458,553,610,632,616,554,453,329,181,4,-161,-310,-444,-547,-612,-634,-623,-574,-488,-365,-218,-64,87,238,367,472,553,599,610,577,517,426,311,189,38,-99,-233,-370,-476,-551,-597,-619,-595,-538,-452,23,-172
39129,mtk,MTK 7916,2424024717,rx1-tx1,512,0,0,0,-538,-177,239,594,784,760,532,159,-266,-620,-807,-773,-532,-144,282,624,793,750,499,116,-291,-608,-757,-698,-449,-79,311,597,713,632,372,6,-363,-619,-693,-571,-293,61,394,621,668,519,217,-146,-468,-660,-664,-473,-151,221,527,680,644,431,86,-288,-579,-707,-640,-398,-47,322,605,719,636,380,24,-343,-616,-723,-636,-377,-18,339,592,688,598,343,0,-326,-558,-642,-552,-315,1,308,524,588,499,272,-19,-292,-465,-512,-428,-231,28,263,411,438,347,169,-49,-247,-366,-376,-277,-114,67,227,320,305,204,59,-94,-224,-285,-252,-149,-12,121,215,248,214,121,0,-155,-230,-228,-164,-62,55,160,220,209,131,20,-90,-174,-205,-174,-90,18,118,179,191,145,51,-62,-158,-205,-192,-117,-1,112,189,229,203,108,-22,-155,-246,-269,-218,-110,30,175,270,291,237,126,-35,-190,-294,-324,-274,-147,19,182,301,344,302,184,20,-154,-292,-359,-339,-231,-62,106,244,335,345,275,138,-27,-188,-296,-326,-289,-186,-44,101,218,288,284,217,107,-14,-130,-222,-260,-229,-154,-60,41,141,202,216,187,128,44,-51,-130,-179,-188,-166,-118,-48,27,96,156,179,165,129,73,-2,-77,-128,-160,-172,-154,-111,-56,8,67,104,124,127,112,0,0,0,0,0,10,1,-15,-41,-61,-75,-71,-50,-24,15,61,97,115,115,84,30,-32,-92,-133,-142,-119,-72,-11,57,126,164,156,108,40,-43,-112,-153,-158,-125,-63,6,77,127,140,116,67,12,-44,-86,-98,-83,-49,-3,33,47,33,2,-31,-50,-51,-26,12,58,103,131,117,62,-24,-108,-185,-214,-186,-111,9,142,245,299,280,177,25,-141,-291,-376,-358,-238,-55,141,317,423,413,288,94,-125,-327,-448,-447,-336,-137,108,333,470,482,370,166,-89,-329,-481,-500,-388,-170,92,317,462,485,375,166,-80,-306,-450,-470,-358,-143,107,330,451,444,307,82,-172,-384,0,-438,-263,-17,240,437,513,445,247,-37,-317,-513,-569,-467,-222,100,392,582,622,493,210,-147,-470,-662,-679,-507,-200,177,514,718,727,540,185,-221,-575,-773,-767,-544,-163,270,632,831,814,571,165,-293,-673,-881,-843,-575,-152,316,698,886,832,557,128,-338,-714,-897,-826,-519,-82,374,739,897,808,495,41,-420,-760,-885,-763,-438,-3,438,755,851,712,380,-57,-467,-745,-806,-647,-311,111,500,737,770,580,228,-187,-540,-740,-727,-508,-145,251,571,734,685,441,68,-327,-622,-735,-646,-376,0,377,649,744,629,331,-60,-437,-684,-748,-604,-286,114,481,718,748,562,0,0,0,0,0,-574,-776,-764,-538,-160,259,610,800,778,539,156,-271,-623,-809,-770,-528,-144,276,610,774,721,476,106,-294,-612,-746,-668,-406,-38,336,612,708,604,333,-29,-373,-607,-672,-547,-259,105,439,646,669,495,182,-180,-490,-658,-651,-457,-116,258,560,700,637,403,58,-304,-588,-713,-644,-398,-38,334,609,718,631,376,16,-340,-604,-700,-614,-358,-8,334,577,668,578,336,15,-304,-538,-621,-521,-295,0,291,497,560,463,246,-18,-267,-439,-488,-395,-197,42,252,382,409,316,136,-65,-233,-331,-342,-251,-87,91,230,302,277,174,33,-112,-225,-271,-234,-122,15,138,227,0,193,84,-44,-156,-221,-210,-139,-35,79,170,212,191,116,9,-101,-175,-194,-152,-71,34,127,181,183,133,36,-81,-173,-210,-186,-110,1,124,223,246,196,100,-27,-166,-268,-283,-228,-102,44,176,269,297,241,124,-28,-182,-299,-338,-296,-164,10,170,297,357,322,208,44,-129,-274,-361,-352,-247,-100,66,219,320,349,294,170,11,-139,-261,-320,-300,-207,-78,61,183,257,272,234,142,21,-88,-171,-224,-220,-174,-99,-8,87,158,189,183,147,82,-7,-83,-141,-171,-173,-141,-89,-21,54,114,152,170,156,116,56,-10,-75,-127,-158,-164,-146,-108,-58,-10,30,0,0,0,0,0,24,38,47,42,26,-3,-35,-63,-84,-95,-83,-52,-5,44,89,122,127,101,55,-14,-82,-132,-155,-141,-93,-27,47,111,155,166,128,59,-16,-84,-138,-159,-130,-75,-18,48,100,114,99,69,18,-26,-58,-64,-46,-19,20,44,38,14,-20,-56,-77,-80,-52,13,94,153,168,146,80,-22,-136,-225,-264,-242,-148,-9,142,266,335,320,218,53,-140,-294,-383,-383,-277,-79,137,321,428,432,312,111,-122,-325,-454,-471,-363,-152,105,331,474,497,382,167,-88,-322,-470,-494,-387,-179,80,308,452,471,362,155,-91,-318,-457,-464,-332,-109,139,341,458,439,281,0,-208,-405,-487,-432,-251,10,273,472,541,448,226,-70,-360,-551,-594,-469,-209,122,425,623,656,501,197,-164,-488,-695,-710,-529,-190,201,547,747,752,543,180,-249,-622,-824,-790,-552,-168,274,660,856,827,581,163,-305,-682,-883,-849,-572,-134,326,697,887,834,545,107,-366,-736,-897,-822,-517,-67,398,751,887,773,457,15,-433,-762,-875,-747,-412,30,462,761,839,679,341,-84,-488,-747,-791,-616,-275,141,514,737,747,545,191,-211,-556,-737,-703,-467,-104,284,597,739,667,405,31,-353,-640,-745,-638,-352,34,410,672,749,607,296,-96,-455,-701,-746,-583,-256,142,496,0,0
39130,mtk,MTK 7916,2424024717,rx2-tx0,512,0,0,0,772,1014,963,637,132,-411,-834,-1017,-912,-541,-21,492,857,981,822,422,-91,-569,-880,-929,-702,-277,225,657,889,855,567,117,-369,-748,-900,-777,-420,62,529,832,891,684,270,-231,-668,-912,-888,-597,-121,394,796,974,869,512,3,-515,-892,-1001,-821,-399,136,621,922,960,712,243,-288,-735,-963,-904,-569,-74,450,847,1003,850,434,-110,-629,-975,-1031,-783,-305,274,786,1081,1062,730,187,-423,-925,-1164,-1076,-684,-92,533,1012,1214,1078,639,20,-603,-1059,-1219,-1039,-567,56,660,1074,1184,965,478,-136,-700,-1061,-1119,-866,-378,210,729,1032,1037,744,249,-307,-767,-994,-931,-612,0,406,797,947,818,454,-38,-514,-839,-918,-724,-316,190,637,895,891,624,171,-332,-745,-946,-868,-530,-29,490,878,1015,861,450,-103,-636,-992,-1082,-869,-390,211,760,1113,1159,877,349,-279,-846,-1187,-1198,-880,-320,337,912,1236,1223,875,285,-386,-950,-1254,-1210,-838,-245,423,983,1266,1203,811,194,-477,-1010,-1269,-1194,-793,-168,489,1012,1270,1191,797,193,-456,-973,-1230,-1172,-806,-239,375,878,1148,1117,800,295,-270,-752,-1021,-1020,-765,-326,175,611,872,898,691,326,-100,-482,-724,-772,-626,-334,30,362,586,662,573,348,58,-233,-451,-557,-534,-402,-199,27,228,359,403,367,279,0,0,0,0,0,111,-30,-194,-357,-476,-513,-451,-288,-61,197,425,573,596,490,266,-32,-325,-546,-636,-575,-373,-74,254,520,661,637,450,144,-204,-500,-661,-654,-472,-167,188,487,660,660,480,167,-186,-486,-659,-638,-434,-111,238,523,656,599,375,34,-321,-589,-693,-594,-312,62,432,693,758,605,273,-142,-527,-783,-827,-639,-270,184,598,849,866,639,243,-224,-639,-883,-874,-625,-205,280,689,903,860,572,129,-354,-744,-924,-839,-512,-43,438,806,944,816,466,-23,-509,-861,-969,-800,-413,90,571,894,968,774,356,-166,-636,-936,-976,-740,-295,227,688,954,955,683,222,-299,-731,-958,0,-605,-123,383,772,949,852,505,18,-476,-826,-936,-777,-398,106,581,882,931,702,263,-248,-691,-938,-908,-611,-138,383,799,987,884,523,4,-521,-897,-1019,-844,-419,132,646,980,1036,790,309,-269,-776,-1062,-1039,-714,-186,394,871,1098,1002,606,38,-544,-973,-1126,-948,-487,124,700,1084,1160,892,356,-279,-839,-1168,-1162,-819,-236,418,962,1233,1152,743,123,-542,-1054,-1262,-1120,-670,-14,654,1128,1279,1064,554,-102,-732,-1158,-1255,-997,-459,208,813,1177,1203,896,342,-304,-859,-1170,-1148,-797,-223,405,907,1142,1053,671,99,-496,-938,-1099,-948,-534,31,582,962,1058,848,398,-162,-673,0,0,0,0,0,-678,-188,362,807,1021,941,590,77,-453,-855,-1005,-865,-483,32,533,872,955,760,350,-160,-615,-882,-888,-637,-199,296,696,884,806,491,29,-447,-788,-890,-725,-335,156,601,875,891,631,192,-314,-740,-955,-884,-555,-63,450,838,984,845,451,-73,-575,-908,-981,-765,-326,214,685,950,936,652,172,-366,-795,-982,-874,-505,18,540,908,1006,802,366,-192,-708,-1025,-1043,-759,-243,355,862,1126,1073,710,134,-480,-968,-1193,-1084,-656,-48,574,1040,1223,1055,598,-28,-643,-1071,-1202,-1004,-526,96,683,1071,1160,921,430,-171,-714,-1046,-1074,-805,-315,256,747,1011,983,679,182,-353,-770,0,-878,-534,-39,461,821,933,771,385,-109,-573,-863,-894,-668,-243,265,700,928,880,572,94,-418,-810,-967,-856,-487,36,563,935,1044,851,412,-160,-708,-1062,-1111,-862,-367,251,816,1153,1175,877,333,-316,-883,-1217,-1222,-879,-298,360,923,1238,1213,857,261,-409,-965,-1253,-1196,-816,-215,450,994,1272,1199,799,182,-479,-1015,-1274,-1196,-796,-185,474,995,1253,1179,795,207,-431,-944,-1197,-1143,-806,-273,324,819,1087,1071,787,311,-229,-687,-945,-955,-731,-332,131,539,799,837,661,332,-59,-416,-654,-713,-592,-336,-15,296,522,617,563,377,120,-141,-357,-481,-496,-414,-260,-78,82,203,0,0,0,0,0,333,397,388,296,136,-71,-291,-475,-570,-550,-413,-175,111,374,559,621,543,330,29,-292,-536,-649,-606,-418,-113,222,507,665,649,464,154,-196,-494,-669,-669,-485,-174,183,491,662,651,460,143,-208,-501,-651,-616,-402,-76,276,553,671,594,345,-12,-388,-647,-723,-601,-305,104,494,747,798,630,272,-165,-565,-823,-852,-646,-260,202,614,863,876,642,220,-257,-665,-892,-872,-606,-166,319,715,913,855,550,87,-402,-775,-932,-831,-495,-7,488,840,956,810,437,-60,-553,-890,-977,-786,-379,133,611,925,977,758,330,-192,-659,-944,-962,-709,-264,257,702,957,935,646,177,0,-761,-953,-872,-549,-75,419,798,944,808,439,-50,-523,-849,-927,-732,-323,184,639,910,914,658,210,-309,-748,-970,-906,-573,-71,455,849,1002,871,473,-65,-587,-943,-1032,-823,-373,197,714,1021,1034,752,250,-333,-826,-1079,-1024,-674,-117,476,932,1116,972,554,-36,-623,-1033,-1149,-926,-426,198,771,1125,1155,851,290,-363,-913,-1208,-1159,-783,-182,481,1010,1253,1148,707,60,-603,-1095,-1277,-1102,-620,40,688,1139,1268,1039,516,-150,-772,-1172,-1238,-951,-398,262,842,1179,1177,842,279,-352,-878,-1154,-1099,-734,-166,443,918,1126,1007,602,31,-540,-949,-1085,-906,-471,97,633,980,1038,803,0,0
39131,mtk,MTK 7916,2424024717,rx2-tx1,512,0,0,0,-362,-574,-622,-492,-232,82,373,552,578,446,204,-91,-359,-522,-539,-407,-168,104,340,475,473,346,128,-113,-317,-426,-411,-280,-85,116,271,350,330,218,50,-127,-248,-303,-272,-167,-25,104,198,218,170,84,-10,-96,-136,-125,-71,-14,47,80,60,9,-29,-56,-63,-42,19,87,130,134,90,1,-113,-203,-237,-216,-124,19,175,305,360,310,161,-43,-248,-401,-455,-376,-181,64,301,473,527,424,197,-85,-357,-547,-595,-474,-231,88,386,584,628,501,231,-109,-416,-620,-655,-507,-225,121,438,639,668,514,200,-174,-490,-672,-683,-504,-183,191,510,692,689,490,154,0,-515,-676,-649,-441,-119,231,524,671,622,399,71,-279,-554,-674,-592,-342,-2,338,576,657,549,273,-83,-415,-631,-666,-506,-202,168,495,687,692,498,146,-252,-586,-768,-726,-478,-97,320,659,815,751,485,87,-360,-722,-879,-801,-507,-61,417,771,921,828,510,47,-439,-812,-967,-862,-526,-37,457,818,965,855,516,42,-454,-841,-994,-882,-551,-69,440,827,990,910,603,142,-356,-771,-981,-934,-660,-227,263,674,905,909,682,293,-154,-550,-792,-826,-665,-349,40,398,650,741,645,402,75,-259,-518,-640,-614,-456,-206,83,329,486,541,483,331,136,-60,-217,-312,-338,-299,0,0,0,0,0,-72,27,127,218,289,317,280,188,53,-107,-258,-359,-377,-316,-188,-16,158,296,381,385,292,124,-81,-262,-384,-418,-346,-182,11,201,349,421,380,241,44,-153,-308,-393,-388,-277,-101,94,255,349,363,285,141,-40,-205,-300,-315,-254,-136,-1,129,229,268,232,145,21,-101,-181,-201,-172,-105,-20,58,103,115,106,72,19,-20,-36,-34,-24,-24,-24,-16,-24,-48,-64,-55,-28,16,78,130,157,134,78,-4,-100,-190,-237,-211,-133,-25,94,210,272,261,178,52,-92,-207,-277,-277,-201,-65,81,221,307,312,220,71,-94,-230,-311,-303,-204,-43,121,244,305,287,0,18,-140,-255,-307,-279,-157,14,191,306,333,265,120,-71,-238,-340,-345,-256,-90,114,289,373,356,241,56,-154,-321,-394,-361,-218,-2,214,372,426,355,191,-36,-267,-422,-460,-367,-161,93,320,452,464,341,117,-135,-343,-470,-467,-317,-77,196,403,491,446,273,12,-257,-451,-518,-431,-217,74,353,525,542,409,158,-151,-428,-591,-587,-406,-110,219,495,640,607,397,78,-270,-558,-699,-634,-388,-33,332,622,741,648,379,11,-372,-656,-761,-654,-373,8,395,684,789,678,389,1,-391,-686,-790,-673,-387,-5,385,657,744,640,372,4,-364,-624,-704,-596,-333,18,354,0,0,0,0,0,515,257,-70,-367,-559,-596,-473,-219,94,371,528,546,417,180,-108,-358,-501,-497,-368,-143,112,328,441,439,318,114,-116,-299,-391,-374,-252,-67,120,258,317,287,187,43,-103,-212,-253,-219,-125,-3,107,170,165,117,47,-26,-84,-96,-68,-25,18,48,53,23,-36,-85,-95,-72,-14,67,149,189,180,110,-11,-149,-256,-296,-251,-134,37,212,345,399,331,165,-53,-273,-439,-487,-399,-204,50,319,511,558,454,216,-91,-382,-571,-614,-488,-225,94,398,603,644,501,222,-118,-438,-640,-660,-508,-214,145,467,659,678,504,196,-166,-487,-680,-681,-502,-182,193,519,688,0,468,138,-226,-514,-667,-635,-424,-90,265,545,673,606,371,36,-315,-575,-660,-556,-304,37,378,615,667,525,237,-117,-445,-656,-673,-492,-169,204,536,729,703,480,113,-299,-632,-797,-744,-477,-70,357,690,851,790,507,72,-393,-754,-903,-819,-517,-58,416,781,948,848,508,42,-445,-813,-963,-857,-525,-44,458,833,978,873,534,53,-454,-841,-1008,-907,-571,-97,402,813,1007,936,633,175,-321,-727,-946,-919,-671,-257,209,616,847,862,672,326,-86,-464,-723,-786,-653,-373,-15,328,579,687,632,425,129,-176,-432,-580,-588,-477,-276,-32,207,377,453,445,357,218,70,-74,0,0,0,0,0,-204,-243,-237,-177,-78,42,174,290,350,340,268,136,-38,-208,-332,-384,-351,-238,-64,128,294,396,396,309,155,-38,-228,-363,-419,-365,-215,-17,181,341,410,381,266,91,-116,-291,-379,-369,-270,-116,67,235,332,334,268,142,-20,-177,-273,-294,-238,-132,1,127,215,233,201,118,12,-71,-134,-165,-137,-84,-25,30,71,90,80,51,26,7,-2,8,16,21,16,-24,-68,-99,-105,-94,-57,7,97,163,187,180,119,10,-107,-198,-251,-243,-168,-38,105,214,272,272,204,71,-89,-226,-300,-302,-224,-71,101,240,316,308,218,63,-104,-234,-299,-289,-190,-36,129,0,319,281,170,1,-169,-287,-322,-260,-126,52,218,319,332,261,107,-90,-260,-356,-355,-250,-68,135,300,385,364,237,34,-186,-360,-423,-361,-204,16,229,387,435,355,175,-60,-286,-439,-466,-355,-137,122,347,475,465,333,104,-154,-377,-493,-461,-293,-49,212,428,511,443,242,-33,-306,-497,-549,-432,-184,115,390,556,566,410,133,-189,-465,-612,-598,-409,-93,257,539,681,628,398,56,-310,-596,-714,-636,-386,-22,352,633,755,672,397,-2,-386,-662,-770,-676,-394,0,398,682,782,681,399,3,-386,-663,-759,-655,-382,-8,375,651,738,627,355,-8,-356,-611,-694,-578,0,0
39132,mtk,MTK 7916,2424144094,rx0-tx0,512,-349,156,127,178,317,442,546,613,647,623,554,466,340,174,-1,-166,-328,-472,-585,-667,-702,-681,-624,-513,-366,-204,-20,157,330,483,592,673,693,673,612,498,357,193,23,-141,-288,-425,-528,-583,-607,-593,-542,-460,-349,-227,-96,32,158,267,364,435,479,504,492,465,412,322,237,148,39,-75,-183,-289,-383,-465,-520,-546,-551,-515,-439,-340,-208,-67,87,241,384,504,601,653,657,622,538,414,264,95,-83,-263,-422,-556,-641,-676,-673,-610,-504,-376,-213,-39,127,289,425,515,573,586,553,487,395,277,144,14,-113,-222,-314,-375,-400,-406,-384,-339,-282,-214,-131,-56,10,76,-511,175,199,216,235,237,222,209,203,172,131,97,60,14,-37,-96,-145,-194,-239,-272,-294,-300,-296,-277,-227,-164,-89,5,105,199,290,373,424,455,456,423,353,256,141,8,-129,-266,-387,-477,-537,-566,-541,-487,-387,-260,-131,8,160,307,424,510,567,584,549,487,386,251,102,-48,-194,-320,-434,-519,-566,-563,-521,-451,-344,-220,-85,56,191,305,400,467,501,505,465,396,312,201,73,-49,-176,-283,-369,-424,-460,-465,-430,-364,-276,-168,-38,81,193,292,361,411,423,402,349,274,169,54,-64,-179,-271,-347,-380,-376,-345,-268,-164,-43,76,175,247,278,265,214,140,156,1179,133,177,98,97,80,44,1,-48,-94,-130,-149,-150,-134,-104,-58,-5,51,98,142,173,188,177,158,124,65,14,-42,-99,-154,-187,-210,-204,-191,-159,-110,-48,20,78,135,174,208,224,215,191,160,107,58,-4,-74,-130,-179,-208,-214,-219,-200,-164,-119,-73,-22,35,92,147,175,195,208,202,187,158,120,67,10,-41,-90,-134,-169,-198,-204,-200,-185,-160,-122,-80,-36,17,69,112,147,173,193,213,210,182,158,116,70,22,-35,-89,-141,-187,-219,-227,-233,-226,-191,-148,-94,-35,23,90,154,205,245,260,264,254,221,177,120,44,-22,-96,-167,-216,-261,-282,-277,-330,-237,-186,-125,-55,15,79,148,205,249,279,281,276,258,213,161,101,32,-32,-95,-164,-211,-244,-277,-301,-297,-283,-246,-195,-133,-62,15,88,163,232,298,345,370,379,368,332,268,179,77,-31,-150,-267,-368,-451,-505,-534,-518,-467,-382,-267,-127,27,180,334,460,561,631,649,625,559,450,305,133,-46,-233,-400,-538,-639,-706,-714,-674,-574,-446,-285,-98,82,264,425,559,647,694,691,639,552,417,262,97,-81,-241,-386,-497,-572,-610,-610,-569,-496,-396,-273,-137,12,151,274,370,447,509,545,538,494,432,345,243,118,-19,-144,-268,-371,-463,-518,-550,-553,-513,-68,-3,-729,-77,-100,577,511,424,301,160,-1,-174,-317,-449,-569,-646,-671,-662,-605,-501,-364,-204,-24,156,332,485,599,674,710,692,630,512,368,200,16,-156,-325,-468,-573,-639,-661,-640,-580,-485,-347,-199,-55,102,244,366,456,515,542,540,511,452,371,269,166,51,-66,-173,-284,-361,-410,-456,-491,-494,-471,-420,-343,-247,-137,-17,114,253,374,477,553,598,608,571,503,394,260,92,-78,-249,-405,-531,-624,-677,-684,-639,-541,-409,-247,-81,99,278,425,545,626,650,633,572,462,326,176,13,-139,-272,-379,-454,-494,-495,-464,-405,-325,-225,-126,-22,76,161,220,271,301,305,301,289,1105,208,150,104,53,5,-41,-69,-110,-154,-176,-197,-218,-230,-237,-231,-212,-183,-143,-92,-32,39,112,187,255,309,358,382,376,345,296,222,123,12,-106,-228,-340,-428,-497,-521,-513,-469,-388,-277,-137,14,157,289,415,506,556,574,561,490,392,268,125,-34,-182,-314,-432,-516,-564,-575,-539,-473,-375,-246,-96,62,202,326,428,494,531,537,494,424,324,202,73,-57,-181,-283,-372,-447,-483,-483,-451,-385,-293,-188,-74,53,177,280,362,426,451,432,391,323,229,121,-4,-124,-224,-312,-375,-402,-400,-359,-289,-189,-69,45,161,261,324,347,324,269,182,77,-31,-118,60,27,1145,219,171,2,-38,-80,-109,-127,-127,-108,-73,-21,30,85,129,157,171,168,146,114,60,-3,-58,-107,-158,-185,-196,-196,-184,-148,-92,-30,37,91,145,188,220,223,209,173,129,73,8,-55,-111,-159,-194,-211,-223,-211,-180,-143,-83,-27,27,91,141,171,194,209,213,204,165,116,72,19,-38,-91,-138,-176,-202,-214,-208,-190,-156,-115,-67,-13,28,73,118,158,181,196,202,187,164,139,103,66,19,-47,-95,-138,-178,-204,-218,-215,-200,-173,-138,-77,-20,30,91,146,193,229,244,248,246,214,171,105,40,-20,-91,-160,-210,-259,-276,-279,-268,-223,-170,-113,-41,26,826,167,215,253,274,280,276,246,199,141,71,3,-60,-133,-194,-232,-264,-280,-276,-270,-237,-188,-137,-83,-10,55,118,182,235,279,312,325,322,301,262,203,124,35,-60,-153,-248,-331,-391,-430,-449,-450,-407,-329,-230,-110,24,164,299,411,503,568,590,580,520,420,297,139,-35,-199,-364,-503,-610,-673,-691,-664,-580,-457,-303,-121,70,257,423,554,662,715,717,665,572,437,276,99,-91,-261,-421,-542,-616,-660,-657,-605,-519,-395,-258,-108,50,200,333,438,513,558,571,544,478,392,297,188,61,-80,-204,-312,-404,-476,-525,-535,-517,-469,-399,-300,-174,-49,90,219,233,243
39133,mtk,MTK 7916,2424144094,rx0-tx1,512,87,134,257,-122,27,186,342,479,596,674,707,711,658,559,420,252,60,-145,-347,-529,-683,-796,-860,-867,-820,-731,-581,-387,-174,66,307,529,722,874,967,1000,973,884,736,538,296,31,-239,-494,-722,-903,-1025,-1092,-1084,-1003,-872,-687,-443,-174,97,373,623,844,1008,1112,1164,1128,1025,856,633,373,81,-219,-506,-765,-981,-1140,-1225,-1237,-1165,-1017,-805,-533,-224,93,407,695,937,1126,1239,1264,1208,1079,877,626,329,16,-286,-576,-827,-1016,-1142,-1198,-1171,-1070,-906,-696,-442,-161,135,406,647,850,1000,1078,1094,1046,928,751,534,297,41,-215,-456,-666,-827,-948,-1002,-996,-936,-814,-651,-455,-689,5,246,463,654,812,918,970,966,909,795,630,434,207,-43,-289,-516,-718,-893,-1003,-1055,-1042,-958,-832,-628,-383,-107,182,457,712,924,1071,1153,1167,1097,952,740,474,176,-141,-446,-720,-954,-1123,-1215,-1223,-1151,-997,-773,-502,-186,139,451,726,957,1122,1205,1201,1122,958,731,455,151,-159,-462,-727,-928,-1067,-1128,-1102,-1014,-841,-613,-346,-69,202,460,673,841,941,963,916,809,655,462,244,16,-203,-393,-552,-672,-738,-757,-718,-629,-506,-346,-171,10,190,340,463,557,600,607,568,477,355,214,60,-100,-253,-374,-466,-507,-504,-454,-357,-222,-73,80,213,308,348,335,275,-277,-158,0,-604,-871,-173,-228,-241,-217,-156,-67,36,141,233,297,329,334,301,234,151,55,-45,-142,-228,-295,-346,-366,-362,-333,-273,-193,-106,-3,98,200,294,363,418,440,434,395,331,240,123,-14,-145,-268,-383,-486,-544,-563,-551,-492,-387,-257,-110,62,237,394,520,607,653,653,606,509,376,210,40,-139,-314,-458,-570,-647,-667,-646,-580,-480,-343,-188,-10,159,314,451,548,611,631,606,547,449,322,175,19,-129,-266,-394,-492,-552,-573,-562,-518,-440,-333,-202,-72,66,195,314,408,470,508,506,481,427,345,241,125,3,-124,-235,-328,-396,-441,-461,-454,-417,-348,-263,-163,-55,47,-130,238,321,374,399,403,381,343,275,198,117,29,-57,-138,-208,-261,-298,-319,-315,-296,-268,-228,-181,-122,-62,-5,53,104,147,191,226,248,264,272,272,258,237,199,153,92,18,-62,-141,-228,-301,-363,-405,-430,-427,-393,-337,-253,-154,-31,99,226,336,440,514,551,558,528,456,360,236,88,-65,-216,-347,-461,-554,-604,-617,-588,-517,-418,-290,-142,13,170,310,427,518,570,587,566,514,420,313,183,42,-89,-212,-314,-393,-449,-471,-472,-445,-393,-327,-240,-152,-62,28,113,188,250,300,342,368,381,370,356,320,272,208,128,49,-44,-144,-252,-340,-416,-478,-511,721,328,504,506,456,599,621,617,567,473,345,182,14,-166,-348,-515,-650,-749,-798,-799,-744,-642,-499,-319,-109,112,327,525,707,834,915,948,908,810,661,458,221,-30,-283,-522,-732,-898,-1010,-1058,-1033,-942,-799,-598,-363,-98,185,446,681,884,1031,1107,1120,1068,947,764,532,275,-9,-300,-567,-807,-998,-1131,-1197,-1184,-1101,-943,-725,-456,-159,150,454,731,969,1152,1244,1259,1194,1052,845,577,274,-42,-353,-644,-893,-1081,-1202,-1233,-1192,-1082,-898,-659,-384,-84,221,502,741,937,1069,1141,1137,1054,916,726,484,221,-48,-311,-554,-758,-910,-1006,-1048,-1023,-935,-788,-596,-374,-128,121,359,572,743,871,261,982,946,855,723,546,328,96,-138,-364,-577,-758,-897,-989,-1014,-972,-875,-731,-538,-297,-46,222,472,704,904,1038,1114,1113,1042,898,693,433,150,-152,-452,-722,-948,-1110,-1198,-1209,-1132,-982,-768,-489,-181,134,449,732,960,1129,1221,1227,1148,988,765,479,165,-152,-457,-731,-955,-1109,-1179,-1174,-1076,-907,-680,-413,-112,189,470,716,901,1013,1049,1022,916,753,539,289,30,-212,-436,-626,-759,-838,-851,-804,-708,-568,-396,-203,-5,189,364,505,608,661,674,637,550,436,288,128,-34,-197,-342,-453,-527,-560,-549,-486,-385,-250,-97,62,209,333,416,447,431,358,248,111,-25,-138,431,499,0,711,316,-108,-34,60,152,232,286,305,285,226,137,39,-63,-164,-249,-311,-347,-353,-329,-277,-204,-117,-16,78,178,266,328,371,392,386,356,293,210,115,0,-115,-225,-327,-413,-478,-506,-490,-447,-376,-264,-121,26,181,335,460,552,611,631,598,515,390,242,71,-106,-279,-434,-554,-635,-667,-663,-599,-494,-360,-200,-18,152,314,454,561,635,658,630,566,462,324,169,3,-154,-295,-421,-517,-577,-598,-577,-527,-440,-322,-189,-49,92,233,356,451,508,535,535,498,426,325,218,93,-33,-159,-275,-368,-434,-471,-485,-470,-423,-348,-254,-145,-31,84,191,290,360,412,433,424,245,345,270,179,85,-11,-104,-195,-267,-317,-350,-367,-360,-326,-278,-212,-144,-70,8,74,135,186,227,258,267,268,263,245,222,193,149,102,49,-5,-61,-116,-174,-230,-276,-315,-340,-343,-332,-300,-244,-172,-83,12,119,225,321,404,466,499,501,463,402,314,194,61,-78,-219,-347,-453,-544,-594,-604,-569,-496,-403,-273,-122,33,191,331,450,544,597,613,589,522,429,301,159,12,-135,-269,-381,-461,-519,-540,-523,-477,-402,-309,-200,-88,20,126,218,296,351,385,404,404,378,334,285,229,161,86,5,-69,-143,-222,-290,-352,-393,-419,-429,-424,-385,-323,-252,-157,-38,594,868
39134,mtk,MTK 7916,2424144094,rx1-tx0,512,0,507,994,-116,-259,-398,-513,-596,-652,-665,-626,-549,-441,-293,-123,56,248,423,565,671,746,783,755,669,542,380,190,-17,-233,-434,-610,-743,-833,-871,-841,-763,-626,-451,-243,-4,232,444,639,791,886,927,901,815,688,503,292,66,-177,-409,-598,-759,-878,-933,-928,-866,-745,-570,-376,-147,107,340,550,737,868,938,960,904,797,637,432,208,-40,-284,-499,-685,-827,-910,-935,-896,-801,-655,-466,-245,-20,205,422,603,743,823,858,845,771,644,478,282,74,-112,-299,-479,-616,-714,-766,-767,-728,-644,-513,-343,-170,5,196,372,520,627,696,728,705,639,540,411,246,59,-119,-285,216,-565,-657,-702,-696,-652,-559,-438,-288,-114,58,223,378,519,622,678,690,658,574,458,308,141,-26,-184,-346,-486,-585,-646,-656,-632,-564,-449,-316,-154,4,173,333,440,541,598,615,588,526,421,291,150,-5,-147,-275,-393,-486,-544,-547,-522,-473,-393,-287,-167,-36,98,217,313,394,460,486,481,441,381,286,184,73,-50,-170,-277,-353,-414,-445,-450,-418,-354,-274,-169,-57,60,171,263,328,376,396,379,352,283,201,103,-5,-96,-190,-259,-307,-323,-325,-306,-250,-181,-112,-27,59,136,198,234,255,262,236,185,122,55,-16,-82,-142,-183,-196,-188,-154,-100,-41,12,-1141,-737,0,-40,147,126,150,160,145,106,43,-29,-96,-164,-207,-228,-222,-185,-136,-72,-4,66,133,190,224,243,238,206,167,108,43,-32,-95,-150,-198,-225,-229,-217,-193,-162,-115,-58,0,61,107,148,170,200,209,201,188,158,116,73,34,-14,-59,-115,-161,-183,-208,-217,-217,-206,-167,-107,-56,-8,52,119,177,213,235,241,234,208,163,117,68,-8,-73,-129,-183,-215,-243,-240,-229,-198,-150,-102,-41,4,70,125,161,183,198,204,194,187,160,116,66,19,-30,-78,-120,-146,-165,-175,-187,-172,-148,-121,-76,-39,6,47,79,106,125,139,147,146,129,107,84,51,21,-12,-584,-71,-91,-103,-114,-113,-108,-102,-93,-69,-42,-24,-1,24,44,55,62,68,76,76,76,70,61,44,44,31,27,18,4,4,-8,-27,-42,-50,-67,-87,-101,-115,-119,-124,-127,-104,-79,-41,-1,43,85,131,182,214,240,257,259,232,181,121,37,-54,-130,-211,-279,-350,-391,-398,-375,-336,-260,-167,-58,68,191,301,392,457,499,506,466,398,300,169,33,-98,-238,-356,-444,-525,-547,-536,-497,-415,-308,-186,-45,100,237,362,461,528,547,545,516,436,331,213,81,-60,-188,-300,-399,-473,-519,-535,-513,-461,-393,-295,-173,-48,83,215,328,418,490,538,553,534,-386,-343,0,-1120,-716,-598,-562,-492,-381,-246,-92,82,248,401,538,645,708,730,700,616,488,336,167,-38,-250,-434,-593,-709,-790,-823,-799,-719,-589,-418,-219,5,237,452,639,778,870,908,876,798,664,480,267,31,-211,-436,-633,-786,-880,-927,-914,-841,-712,-546,-331,-94,144,373,581,746,861,947,949,880,774,616,411,185,-65,-311,-525,-711,-847,-936,-965,-919,-807,-652,-455,-227,14,249,466,650,797,883,903,873,788,651,462,256,45,-173,-378,-553,-681,-772,-800,-783,-736,-629,-477,-306,-121,64,245,417,568,671,720,739,712,639,528,383,214,29,-153,-321,-467,-590,-681,-713,-697,-640,757,-429,-271,-94,87,263,422,546,640,684,688,648,573,460,310,142,-31,-213,-372,-509,-612,-662,-667,-636,-565,-454,-312,-161,6,173,340,475,574,634,642,616,534,432,313,158,-5,-165,-309,-434,-516,-567,-583,-558,-504,-417,-306,-163,-14,119,249,358,439,491,517,498,448,371,282,176,51,-66,-181,-286,-375,-429,-458,-460,-436,-376,-292,-191,-68,48,165,263,345,402,428,420,390,329,241,143,25,-77,-177,-263,-319,-361,-368,-354,-311,-236,-150,-62,18,118,202,250,279,293,282,249,192,124,55,-25,-103,-168,-211,-231,-230,-206,-164,-102,-34,36,95,133,148,148,-522,-1014,0,-380,-337,72,25,-37,-102,-157,-193,-197,-184,-151,-86,-13,68,140,189,224,236,226,197,149,81,14,-62,-123,-181,-226,-248,-243,-215,-184,-137,-74,-8,60,114,159,189,206,218,210,187,149,114,70,7,-43,-89,-129,-160,-174,-190,-197,-192,-181,-137,-93,-47,2,50,108,168,205,218,226,230,210,172,118,64,-1,-62,-124,-172,-213,-248,-260,-242,-216,-171,-114,-53,13,65,129,170,203,210,209,212,182,149,106,61,0,-47,-89,-132,-160,-179,-181,-180,-167,-147,-118,-71,-32,18,63,94,127,148,159,164,156,138,112,81,43,2,-35,-64,-85,-101,-117,-120,-127,-674,-117,-92,-67,-33,-4,19,41,60,81,88,91,100,95,80,69,52,34,13,-3,-14,-30,-44,-43,-45,-51,-52,-61,-59,-58,-72,-73,-65,-67,-64,-50,-32,-7,13,35,71,108,136,163,176,185,179,171,133,76,27,-31,-101,-169,-234,-286,-326,-332,-320,-285,-229,-152,-48,55,160,259,350,411,449,456,433,375,292,188,60,-79,-207,-327,-431,-502,-529,-524,-487,-403,-307,-187,-42,95,238,362,452,518,554,551,508,427,325,190,53,-77,-211,-337,-430,-503,-543,-547,-506,-442,-352,-238,-124,6,142,255,358,447,500,526,531,496,432,343,235,110,-25,-161,23,-172
39135,mtk,MTK 7916,2424144094,rx1-tx1,512,0,0,0,782,711,447,56,-352,-663,-797,-707,-430,-50,344,647,771,682,408,27,-347,-623,-726,-632,-357,2,350,593,667,548,270,-79,-386,-588,-613,-463,-177,154,438,594,570,385,89,-236,-499,-620,-557,-327,-3,322,558,646,550,283,-62,-384,-608,-668,-540,-258,94,422,636,686,540,247,-114,-444,-655,-680,-527,-233,119,443,641,654,499,212,-123,-419,-607,-618,-459,-185,132,409,561,551,396,142,-136,-376,-505,-492,-345,-109,149,352,455,428,281,67,-155,-329,-403,-362,-220,-23,177,309,351,292,161,-15,-177,-281,-301,-234,-106,48,183,260,250,164,40,-93,-194,-231,-198,0,28,139,207,209,143,28,-95,-187,-226,-198,-104,22,153,242,264,207,90,-62,-203,-294,-309,-235,-85,88,239,333,346,259,92,-102,-270,-368,-363,-273,-114,80,260,372,388,295,124,-75,-254,-373,-392,-300,-135,54,232,345,368,297,147,-30,-198,-313,-343,-286,-160,-5,148,265,306,263,154,13,-118,-209,-241,-217,-141,-36,72,152,183,163,99,25,-48,-97,-108,-88,-49,-4,36,58,52,20,-17,-42,-45,-31,-4,41,81,94,80,42,-17,-83,-137,-159,-138,-86,-11,86,171,215,216,172,83,-31,-139,-224,-264,-248,-184,-93,9,108,184,223,223,191,134,0,0,0,0,0,-86,-59,-10,54,118,167,186,167,112,27,-74,-166,-220,-227,-185,-95,26,147,229,258,225,136,6,-130,-234,-281,-255,-162,-26,124,244,303,289,198,42,-130,-272,-345,-324,-219,-54,135,298,379,355,228,39,-164,-330,-415,-382,-239,-29,192,370,459,421,259,20,-236,-434,-515,-456,-269,-11,256,467,563,497,289,5,-289,-511,-604,-539,-320,-1,322,569,670,589,347,5,-350,-614,-717,-631,-373,-11,351,633,753,667,401,30,-353,-646,-772,-692,-431,-50,348,651,776,700,440,57,-335,-637,-762,-679,-418,-58,323,620,745,655,389,15,-350,-613,-712,-616,-340,35,0,644,709,582,280,-106,-457,-684,-722,-557,-227,169,524,733,738,530,173,-233,-589,-789,-766,-526,-136,297,649,828,783,515,91,-358,-707,-866,-791,-489,-45,423,777,915,809,478,-1,-484,-827,-956,-824,-466,36,529,880,989,824,443,-65,-556,-900,-994,-815,-412,101,588,915,990,804,394,-131,-614,-923,-971,-756,-346,156,614,891,923,708,295,-187,-602,-852,-862,-620,-215,231,608,812,785,531,133,-298,-632,-780,-715,-448,-46,362,659,767,651,352,-40,-424,-688,-759,-611,-285,120,486,717,748,569,224,-185,-540,-745,-741,-537,-175,238,579,761,735,506,135,-276,-607,-766,0,0,0,0,0,-61,336,651,791,714,443,48,-360,-668,-790,-703,-430,-42,348,633,745,655,385,21,-346,-613,-697,-583,-312,39,373,597,640,498,222,-109,-409,-582,-590,-423,-132,196,472,607,567,357,35,-296,-531,-625,-544,-304,25,350,583,654,535,263,-85,-411,-626,-670,-534,-249,105,438,655,695,538,243,-122,-451,-652,-678,-517,-221,128,437,621,641,485,203,-127,-414,-583,-593,-436,-162,145,396,528,515,365,126,-143,-367,-483,-461,-315,-85,157,345,437,399,249,38,-167,-323,-379,-325,-185,1,175,293,331,272,130,-40,-189,-269,-269,-202,-74,71,186,237,217,126,8,-105,0,-221,-172,-66,58,160,208,198,118,1,-125,-219,-247,-201,-96,46,185,275,289,223,94,-70,-222,-321,-329,-247,-92,92,255,350,352,265,105,-92,-259,-361,-370,-284,-121,76,262,369,376,296,139,-62,-241,-354,-380,-305,-153,35,212,333,359,297,163,-12,-177,-285,-323,-280,-166,-12,132,236,276,250,153,21,-99,-179,-210,-187,-123,-31,61,120,138,122,75,10,-42,-68,-73,-55,-19,17,41,40,19,-16,-47,-60,-51,-27,19,73,114,130,112,62,-15,-94,-161,-192,-182,-125,-34,71,167,229,243,205,133,27,-87,-181,-241,-256,-227,-164,-82,6,80,135,0,0,0,0,0,-71,-116,-143,-147,-123,-64,18,100,164,204,201,151,63,-45,-146,-219,-240,-208,-118,9,137,233,273,243,152,15,-129,-242,-296,-275,-181,-34,123,253,323,308,209,48,-136,-284,-356,-336,-223,-44,150,309,386,365,237,33,-184,-351,-431,-398,-254,-31,206,398,485,438,263,17,-239,-441,-530,-477,-286,-7,280,502,591,517,297,-7,-313,-545,-639,-563,-328,1,340,591,694,603,349,4,-353,-631,-738,-645,-394,-33,355,654,765,678,418,45,-344,-644,-779,-701,-434,-56,332,635,769,693,431,50,-337,-629,-749,-658,-398,-34,339,622,728,631,359,-11,-379,-632,-705,0,-291,72,421,657,716,572,255,-142,-493,-714,-731,-542,-204,197,553,753,746,529,157,-263,-617,-804,-768,-513,-116,320,680,851,781,500,72,-385,-740,-891,-798,-478,-12,461,803,931,809,459,-16,-494,-846,-968,-825,-453,45,544,898,994,819,422,-88,-578,-907,-990,-807,-401,115,592,913,987,781,365,-147,-610,-897,-946,-736,-323,169,606,874,892,664,265,-207,-612,-834,-817,-575,-178,264,622,800,751,493,99,-320,-640,-769,-676,-389,6,394,674,757,621,309,-90,-462,-699,-746,-586,-253,147,506,729,747,552,205,-205,-560,-747,-730,-515,-155,254,591,764,727,488,119,0,0
39136,mtk,MTK 7916,2424144094,rx2-tx0,512,0,0,0,223,-299,-739,-976,-939,-633,-150,377,803,1004,916,569,59,-467,-862,-1007,-867,-479,46,559,907,995,806,392,-143,-636,-946,-984,-738,-282,253,716,974,953,652,169,-370,-803,-1008,-917,-566,-54,478,881,1024,873,473,-57,-570,-920,-1004,-803,-371,170,662,959,977,715,242,-294,-744,-977,-926,-598,-99,427,833,993,855,465,-62,-583,-932,-1010,-796,-348,211,725,1038,1046,754,244,-349,-850,-1114,-1074,-724,-161,441,929,1164,1079,681,92,-525,-995,-1189,-1057,-633,-33,580,1027,1189,1027,582,-23,-618,-1035,-1163,-967,-509,85,647,1024,1112,887,424,-147,-671,-1006,-1042,-786,-317,233,710,0,975,687,206,-327,-761,-971,-911,-590,-96,424,818,978,860,489,-25,-534,-887,-988,-806,-399,131,635,954,996,761,304,-249,-741,-1028,-1023,-731,-228,354,850,1112,1075,732,170,-445,-943,-1196,-1125,-738,-143,496,1005,1249,1151,742,126,-536,-1061,-1297,-1188,-757,-113,560,1082,1319,1207,766,114,-560,-1087,-1335,-1230,-795,-151,529,1067,1324,1242,836,210,-459,-998,-1274,-1223,-866,-297,345,880,1172,1164,876,370,-216,-726,-1035,-1066,-830,-398,114,572,871,938,763,407,-32,-440,-720,-813,-696,-406,-35,322,586,692,627,417,114,-197,-450,-588,-585,-455,-235,23,254,412,476,448,339,189,35,0,0,0,0,0,-164,-21,153,329,470,535,500,361,137,-132,-387,-571,-641,-561,-353,-59,257,522,665,649,472,176,-170,-479,-679,-717,-561,-261,103,449,686,744,609,316,-62,-432,-692,-767,-640,-346,50,432,702,778,648,344,-55,-443,-707,-775,-625,-304,114,498,747,793,621,268,-167,-568,-811,-827,-617,-229,230,634,873,873,629,207,-280,-694,-922,-904,-636,-186,321,745,964,927,635,162,-362,-784,-997,-941,-625,-133,394,814,1014,940,603,98,-434,-846,-1024,-926,-580,-70,467,869,1030,914,545,27,-497,-882,-1021,-881,-505,5,514,874,992,835,447,-55,-541,-875,-958,-775,-380,116,575,0,914,695,284,-207,-631,-876,-871,-611,-179,296,695,893,825,516,59,-412,-772,-911,-785,-434,51,524,854,937,754,350,-168,-638,-928,-962,-721,-262,273,732,988,972,674,184,-365,-817,-1034,-956,-610,-88,465,888,1059,935,546,-7,-561,-953,-1070,-886,-447,128,665,1012,1074,827,339,-246,-765,-1071,-1069,-766,-242,352,849,1108,1050,687,135,-456,-920,-1127,-1012,-610,-39,542,975,1128,960,520,-59,-621,-1011,-1117,-900,-429,157,697,1038,1086,829,338,-247,-760,-1054,-1048,-753,-246,331,805,1047,993,664,154,-401,-843,-1036,-931,-568,-50,477,868,1005,854,463,-59,-561,-903,-980,-776,-355,0,0,0,0,0,958,944,664,188,-342,-775,-988,-923,-597,-96,428,829,1001,894,527,8,-510,-881,-1002,-840,-434,89,592,924,997,776,332,-202,-674,-958,-972,-703,-225,309,754,981,930,611,111,-421,-834,-1010,-895,-519,11,540,917,1031,848,425,-110,-616,-948,-1005,-769,-314,220,690,962,949,660,177,-359,-789,-980,-888,-529,-10,505,878,1007,834,405,-151,-656,-979,-1030,-781,-303,271,783,1077,1060,739,207,-394,-893,-1145,-1076,-704,-129,484,965,1184,1071,659,61,-544,-1004,-1187,-1045,-617,-14,597,1034,1181,1001,541,-57,-632,-1024,-1134,-937,-476,116,663,1013,1082,847,377,-193,-701,-1000,-1011,-740,0,271,732,978,942,632,145,-380,-793,-982,-885,-534,-37,475,856,987,833,443,-74,-576,-917,-995,-784,-347,196,690,997,1014,744,263,-305,-796,-1075,-1060,-737,-204,393,896,1162,1104,735,150,-482,-985,-1226,-1140,-739,-129,521,1033,1280,1181,755,117,-550,-1069,-1304,-1196,-761,-119,558,1087,1330,1215,777,129,-559,-1090,-1332,-1233,-810,-183,492,1040,1309,1238,854,252,-404,-944,-1239,-1213,-877,-327,287,812,1113,1127,859,391,-163,-650,-954,-1009,-805,-409,69,505,795,871,725,407,5,-379,-648,-743,-658,-411,-76,267,525,641,604,432,168,-121,-370,-522,-554,-471,-300,-92,106,259,342,351,0,0,0,0,0,-336,-415,-425,-350,-196,14,247,451,580,594,485,263,-32,-326,-550,-655,-615,-425,-126,213,499,667,677,517,227,-128,-462,-682,-727,-585,-291,81,441,686,756,629,329,-60,-430,-689,-774,-646,-335,59,439,706,778,644,331,-79,-468,-725,-789,-630,-291,137,527,770,814,625,254,-192,-597,-838,-848,-626,-219,260,672,901,891,639,201,-301,-717,-943,-918,-640,-182,334,765,982,929,626,147,-382,-805,-1008,-936,-610,-118,410,830,1023,941,593,81,-445,-849,-1028,-921,-563,-47,474,870,1030,902,522,9,-501,-873,-1008,-865,-481,32,528,880,982,810,417,-86,-556,-866,-930,-734,0,159,601,868,891,658,240,-247,-660,-877,-839,-567,-131,354,733,899,807,480,7,-472,-817,-931,-777,-392,103,575,888,953,738,305,-215,-676,-956,-965,-698,-227,318,775,1016,971,647,135,-421,-855,-1050,-952,-584,-42,516,919,1063,907,490,-72,-617,-989,-1078,-857,-391,184,714,1044,1077,798,295,-301,-811,-1090,-1061,-729,-184,413,895,1126,1042,658,87,-502,-950,-1133,-991,-572,10,586,995,1121,929,477,-110,-667,-1033,-1106,-866,-383,205,728,1048,1071,790,290,-287,-783,-1056,-1027,-710,-197,368,825,1042,964,620,102,-444,-850,-1015,-892,-509,14,524,883,991,813,409,-114,-602,-910,0,0
39137,mtk,MTK 7916,2424144094,rx2-tx1,512,0,0,0,-241,34,290,468,522,434,223,-38,-281,-442,-480,-400,-216,24,252,403,442,361,185,-32,-233,-362,-396,-319,-161,21,187,300,326,265,140,-15,-158,-250,-263,-200,-97,24,134,194,190,143,58,-30,-95,-120,-118,-75,-14,29,48,51,26,-5,-26,-40,-21,13,53,72,69,39,-25,-100,-160,-174,-137,-54,55,165,239,257,200,78,-72,-222,-326,-348,-272,-115,88,267,384,410,332,154,-75,-288,-420,-450,-366,-185,75,319,470,499,393,181,-74,-316,-484,-518,-403,-183,96,345,497,516,402,178,-106,-360,-517,-538,-412,-161,125,374,528,542,402,155,-140,-393,-537,0,-405,-150,151,410,562,557,400,132,-162,-421,-566,-547,-372,-101,197,438,552,521,343,64,-229,-453,-560,-513,-318,-32,264,480,564,492,275,-24,-320,-536,-591,-480,-239,82,391,591,632,502,229,-122,-449,-659,-691,-535,-219,159,508,729,755,582,249,-164,-539,-771,-810,-645,-294,141,533,794,862,696,345,-94,-516,-816,-903,-758,-419,28,463,776,903,809,505,72,-370,-715,-879,-830,-584,-202,228,586,785,788,599,275,-111,-460,-673,-713,-594,-333,1,318,541,628,560,368,96,-191,-420,-536,-525,-395,-186,62,277,421,470,418,283,106,-78,-228,-314,-338,-297,-215,-110,0,0,0,0,0,32,-18,-78,-140,-185,-199,-177,-122,-39,55,144,206,230,205,135,32,-76,-170,-226,-238,-193,-109,-1,119,219,252,221,150,49,-67,-168,-232,-237,-192,-107,6,116,202,241,214,133,32,-69,-147,-191,-195,-155,-71,22,98,142,161,150,98,17,-48,-94,-126,-125,-97,-59,-15,24,64,82,90,84,78,53,17,-31,-71,-110,-121,-114,-110,-70,7,91,156,186,183,149,69,-39,-144,-216,-246,-225,-150,-38,95,217,278,271,206,91,-45,-179,-266,-292,-244,-135,9,151,258,299,266,163,14,-127,-235,-290,-262,-167,-28,117,228,276,246,145,11,-122,-220,-262,0,-130,5,132,227,258,208,99,-37,-164,-245,-258,-190,-67,79,202,272,258,174,44,-103,-230,-294,-275,-175,-17,149,270,312,272,155,-13,-181,-307,-346,-282,-137,42,231,362,390,303,134,-69,-253,-371,-396,-310,-129,89,281,396,401,282,88,-119,-299,-405,-396,-263,-48,177,348,434,395,232,2,-239,-416,-480,-404,-212,48,297,473,524,432,206,-82,-349,-524,-561,-448,-214,99,386,565,596,476,216,-114,-412,-596,-627,-488,-219,111,420,622,659,519,241,-103,-424,-635,-679,-542,-267,73,397,622,675,546,285,-38,-357,-582,-640,-535,-292,25,321,533,602,507,279,0,0,0,0,0,-478,-541,-448,-232,38,284,449,494,411,215,-33,-262,-423,-477,-391,-196,33,240,379,415,338,179,-25,-211,-338,-366,-298,-153,26,187,281,296,234,118,-23,-145,-222,-233,-177,-78,27,109,153,152,108,42,-27,-75,-93,-71,-39,1,35,38,18,-8,-31,-44,-32,7,60,109,133,109,38,-53,-149,-211,-219,-173,-71,70,200,291,308,241,103,-74,-251,-363,-380,-301,-136,74,275,414,443,353,164,-70,-293,-446,-484,-391,-184,79,321,475,502,395,181,-79,-326,-491,-515,-397,-170,101,343,507,534,404,167,-109,-367,-526,-536,-407,-164,130,392,541,541,401,155,0,-388,-543,-544,-394,-133,171,429,564,548,383,115,-184,-427,-553,-529,-362,-90,204,441,560,521,329,47,-241,-469,-566,-501,-294,-6,298,511,578,484,258,-49,-353,-567,-621,-496,-235,97,421,631,665,516,222,-148,-489,-696,-723,-550,-223,171,525,752,784,605,273,-139,-533,-795,-843,-673,-323,122,531,808,872,712,369,-63,-495,-802,-903,-779,-463,-24,419,758,914,833,550,135,-304,-658,-846,-816,-590,-237,165,523,734,758,603,314,-49,-393,-612,-676,-582,-353,-40,265,483,583,546,378,129,-126,-347,-485,-508,-417,-241,-25,185,339,414,399,313,182,43,-90,-185,-222,0,0,0,0,0,129,152,144,111,54,-24,-105,-170,-211,-216,-174,-93,8,116,199,236,216,156,64,-42,-145,-221,-248,-215,-130,-12,105,192,243,236,178,79,-37,-154,-224,-242,-205,-127,-14,96,176,210,199,143,54,-45,-131,-181,-185,-151,-87,-11,61,121,152,143,109,50,-14,-71,-102,-114,-108,-88,-45,-5,28,59,81,103,111,94,55,13,-42,-105,-151,-159,-144,-102,-26,66,150,209,231,202,123,8,-113,-216,-267,-248,-174,-65,72,197,275,291,233,116,-21,-167,-280,-307,-258,-155,-7,140,245,293,268,168,25,-115,-225,-285,-261,-159,-25,114,221,264,238,140,0,0,-232,-259,-211,-110,22,150,238,251,191,79,-61,-185,-260,-261,-198,-63,91,224,287,268,172,37,-118,-247,-311,-275,-161,-8,156,290,327,275,149,-30,-206,-325,-368,-309,-155,50,244,366,393,315,142,-77,-263,-387,-406,-306,-117,105,295,400,385,268,75,-153,-341,-427,-398,-256,-27,212,389,453,399,227,-24,-269,-448,-500,-411,-211,57,324,497,546,446,216,-86,-360,-535,-578,-464,-210,111,402,585,615,487,222,-114,-419,-613,-656,-519,-234,109,422,636,674,531,259,-81,-406,-623,-679,-556,-288,48,373,593,657,546,291,-34,-346,-551,-613,-514,-285,19,305,502,0,0
39138,mtk,MTK 7916,2424239682,rx0-tx0,512,-349,-849,-876,-344,-430,-502,-523,-513,-461,-367,-253,-118,34,195,342,470,561,606,605,556,455,325,167,-15,-205,-368,-506,-597,-653,-659,-601,-490,-338,-166,26,214,387,522,614,643,637,572,458,320,158,-7,-161,-309,-432,-512,-553,-544,-502,-430,-329,-218,-94,42,168,270,359,425,464,470,455,413,339,243,139,16,-113,-232,-336,-434,-499,-537,-535,-485,-413,-296,-157,5,179,331,454,559,617,630,586,489,354,192,6,-185,-361,-488,-593,-652,-643,-589,-483,-328,-157,21,208,370,484,550,569,554,484,378,248,102,-57,-178,-289,-378,-426,-442,-418,-366,-296,-201,-100,3,96,173,-511,277,300,301,276,235,189,135,73,10,-54,-105,-143,-169,-192,-201,-195,-185,-170,-148,-107,-71,-37,16,61,102,143,184,210,223,229,223,194,152,101,27,-49,-122,-190,-255,-302,-333,-330,-302,-243,-175,-85,14,117,217,288,340,379,378,357,308,227,125,10,-111,-217,-307,-377,-410,-420,-391,-331,-248,-139,-13,109,225,324,387,419,416,374,307,222,122,11,-100,-208,-297,-354,-389,-391,-370,-306,-228,-134,-14,95,191,280,341,370,370,340,281,202,90,-26,-131,-227,-298,-342,-353,-326,-270,-193,-92,13,119,209,271,301,296,254,181,89,-6,-98,-170,-203,-188,-799,-829,1179,-138,-310,-75,-82,-69,-46,-10,33,69,98,108,103,91,60,20,-18,-54,-86,-98,-104,-102,-87,-59,-24,10,48,74,86,95,91,72,47,28,-2,-36,-57,-70,-72,-71,-58,-47,-28,-3,12,19,30,40,40,34,33,25,22,8,-1,-8,-11,-20,-31,-29,-41,-40,-26,-24,-26,-9,11,28,32,34,41,44,45,39,28,13,-3,-9,-20,-34,-44,-55,-61,-50,-41,-35,-18,6,26,39,59,69,82,81,65,45,24,6,-12,-43,-68,-89,-105,-112,-110,-96,-62,-42,-12,23,60,92,112,132,132,127,108,75,37,-8,-50,-84,-122,-147,-163,-162,-135,-108,-330,-32,16,66,98,136,147,152,159,138,102,69,41,-15,-53,-83,-117,-137,-141,-146,-128,-113,-90,-64,-32,1,23,58,87,108,132,147,158,164,155,146,117,66,12,-40,-105,-168,-220,-262,-286,-286,-264,-210,-136,-52,55,152,239,327,382,411,399,354,290,187,63,-68,-194,-317,-417,-477,-499,-491,-434,-336,-210,-56,107,256,397,504,562,570,538,463,344,195,24,-134,-287,-432,-529,-579,-584,-532,-441,-318,-171,-8,151,293,399,482,528,520,472,397,295,167,33,-90,-207,-312,-385,-429,-450,-436,-398,-327,-238,-139,-34,82,189,283,367,421,449,443,406,341,689,578,-729,-242,-77,-359,-271,-150,-6,135,277,394,484,548,569,541,471,364,225,63,-107,-274,-424,-540,-617,-647,-611,-532,-414,-259,-84,110,297,459,577,651,674,635,544,409,243,63,-110,-285,-424,-526,-592,-602,-569,-499,-389,-256,-106,51,184,301,393,457,494,495,457,399,322,222,107,-6,-114,-225,-324,-403,-451,-488,-486,-449,-386,-283,-159,-26,120,257,386,498,565,597,579,513,410,271,97,-83,-267,-421,-539,-621,-656,-633,-544,-412,-270,-82,110,280,439,548,608,629,597,502,370,209,44,-122,-274,-392,-477,-521,-506,-450,-379,-272,-158,-29,89,189,270,330,356,361,331,283,1105,150,75,-7,-80,-140,-185,-218,-241,-243,-229,-202,-167,-122,-78,-26,16,53,94,140,162,175,194,202,194,186,163,123,71,17,-34,-96,-155,-204,-249,-280,-286,-267,-232,-175,-100,-18,81,164,241,307,347,365,358,311,241,157,56,-53,-157,-258,-337,-390,-413,-402,-353,-283,-179,-67,50,168,266,349,405,428,413,370,288,181,69,-53,-169,-258,-338,-390,-405,-389,-340,-264,-173,-69,39,151,248,313,363,379,365,329,264,165,58,-53,-154,-243,-319,-367,-366,-341,-278,-196,-96,14,118,209,279,323,331,304,242,156,54,-49,-147,-217,-255,-259,-229,-165,-79,6,-182,-67,1145,-821,-778,-6,21,53,79,97,94,77,45,2,-37,-70,-97,-111,-108,-98,-70,-32,-2,34,67,89,100,103,92,67,39,11,-25,-58,-75,-83,-89,-79,-62,-38,-11,14,34,44,58,60,51,49,41,23,2,-9,-12,-17,-23,-33,-32,-33,-30,-37,-25,-20,-13,12,20,17,27,41,47,42,36,24,11,-4,-16,-23,-35,-51,-51,-54,-48,-34,-20,-7,11,28,33,43,53,62,64,60,45,26,9,-19,-40,-67,-84,-93,-101,-92,-73,-50,-27,3,35,74,104,114,125,116,102,77,54,17,-24,-61,-97,-126,-144,-157,-145,-128,-97,-55,-11,44,86,119,826,167,169,152,125,87,39,6,-44,-92,-120,-129,-146,-155,-140,-121,-93,-50,-22,8,42,72,105,125,140,132,136,136,117,102,72,34,1,-39,-80,-118,-166,-197,-211,-219,-209,-181,-140,-82,-5,81,164,240,299,341,359,336,296,220,118,4,-116,-225,-328,-412,-456,-458,-428,-363,-259,-135,1,144,288,404,491,536,533,487,409,280,119,-44,-207,-352,-469,-554,-589,-574,-514,-402,-254,-99,70,232,366,472,538,561,534,459,354,233,93,-54,-189,-304,-405,-468,-480,-466,-427,-354,-258,-149,-29,94,207,304,372,421,440,434,395,334,246,140,29,-89,-202,-311,-847,-962
39139,mtk,MTK 7916,2424239682,rx0-tx1,512,87,-394,-377,-24,-189,-352,-494,-598,-658,-680,-643,-558,-425,-253,-57,144,346,529,665,758,799,779,704,566,376,165,-64,-292,-507,-687,-814,-891,-906,-845,-719,-537,-312,-57,201,449,668,835,947,994,953,841,675,461,203,-75,-346,-594,-803,-946,-1017,-1033,-977,-843,-642,-401,-126,157,436,698,892,1038,1109,1092,1009,845,603,329,26,-293,-593,-842,-1036,-1165,-1199,-1141,-991,-771,-491,-167,164,488,779,1005,1158,1219,1189,1068,864,610,304,-26,-357,-654,-893,-1066,-1159,-1172,-1098,-941,-708,-432,-124,193,491,754,961,1089,1145,1108,979,778,536,257,-49,-347,-611,-826,-987,-1068,-1071,-997,-840,-639,-689,-111,176,435,672,852,967,1014,991,895,739,529,280,18,-249,-504,-724,-895,-1001,-1031,-996,-890,-707,-482,-211,81,374,647,868,1034,1113,1113,1028,847,613,325,8,-314,-621,-873,-1055,-1167,-1187,-1105,-948,-692,-385,-55,289,604,868,1068,1176,1200,1123,944,697,399,60,-287,-595,-853,-1043,-1143,-1153,-1061,-887,-638,-343,-17,296,585,818,960,1031,1020,913,732,505,232,-41,-303,-521,-695,-799,-840,-811,-705,-564,-379,-170,32,232,411,542,627,660,629,561,451,304,132,-39,-204,-355,-465,-523,-542,-516,-433,-320,-184,-23,135,272,378,437,448,407,312,182,38,-97,-204,-270,-275,-60,-70,0,966,528,178,151,82,-10,-111,-203,-266,-292,-284,-241,-168,-78,25,127,218,288,324,333,313,266,196,101,0,-102,-201,-283,-341,-377,-388,-363,-305,-219,-106,13,131,250,357,440,483,488,447,374,264,117,-36,-196,-349,-474,-555,-590,-577,-510,-401,-256,-73,107,286,433,538,616,626,584,504,376,214,41,-134,-298,-430,-531,-587,-597,-555,-478,-367,-225,-67,98,254,386,486,548,568,547,478,373,242,95,-52,-196,-323,-425,-487,-517,-511,-459,-375,-263,-142,-10,125,247,347,417,453,458,435,382,301,198,86,-41,-152,-247,-330,-389,-414,-411,-379,-322,-241,-155,-53,54,151,-130,308,361,386,377,352,296,222,134,39,-59,-153,-236,-301,-342,-357,-346,-317,-263,-196,-120,-36,42,119,190,242,279,301,304,299,276,237,183,120,50,-23,-109,-186,-255,-308,-353,-390,-387,-358,-306,-227,-126,-13,107,229,337,431,494,522,513,454,369,253,105,-54,-214,-362,-487,-572,-613,-609,-561,-464,-331,-173,5,175,343,481,572,627,637,590,494,363,208,39,-128,-276,-413,-511,-563,-572,-543,-472,-363,-238,-100,39,173,290,375,424,443,437,412,354,277,190,97,9,-83,-161,-227,-288,-335,-360,-367,-362,-341,-300,-235,-156,-64,42,147,245,345,431,484,497,290,957,504,59,121,-591,-574,-521,-416,-273,-109,73,263,433,578,685,739,740,685,567,408,218,2,-220,-430,-615,-749,-824,-851,-815,-713,-557,-353,-126,123,372,590,764,887,942,931,854,709,503,265,-7,-281,-526,-739,-900,-1000,-1018,-961,-843,-657,-415,-161,109,385,634,842,981,1055,1060,992,842,629,374,80,-217,-501,-767,-967,-1095,-1156,-1130,-1012,-818,-567,-266,62,385,676,928,1111,1201,1204,1119,945,701,399,67,-268,-579,-842,-1042,-1172,-1207,-1147,-999,-788,-518,-211,111,426,705,929,1082,1157,1139,1041,869,627,343,39,-272,-560,-795,-971,-1082,-1109,-1048,-910,-714,-462,-175,118,407,648,836,261,1044,1020,932,784,576,324,57,-214,-469,-682,-859,-968,-1009,-982,-887,-725,-510,-255,20,294,560,782,943,1046,1071,1019,881,680,419,126,-174,-486,-759,-965,-1107,-1164,-1135,-1008,-793,-522,-210,130,452,753,990,1138,1208,1180,1050,837,558,232,-106,-448,-742,-970,-1129,-1200,-1158,-1022,-812,-532,-214,127,443,720,931,1064,1103,1050,919,700,431,144,-161,-448,-676,-843,-932,-939,-870,-739,-552,-322,-83,164,371,544,671,728,729,678,571,423,250,57,-131,-292,-429,-536,-586,-586,-543,-454,-322,-169,-12,152,296,401,475,500,469,393,279,139,-15,-164,-284,-359,-378,-346,-267,-153,-28,326,216,0,500,914,-81,-158,-223,-252,-243,-194,-112,-15,88,187,260,306,316,294,248,166,73,-27,-125,-213,-288,-336,-355,-344,-304,-235,-147,-50,59,172,271,355,410,430,422,378,299,185,48,-92,-230,-352,-464,-531,-547,-523,-445,-330,-179,-17,162,324,462,570,618,614,558,447,315,148,-37,-208,-368,-497,-578,-609,-599,-537,-428,-289,-126,40,202,344,467,554,587,575,520,428,307,158,-2,-162,-304,-417,-496,-537,-537,-501,-425,-317,-190,-58,87,224,335,420,473,494,475,417,333,225,101,-23,-146,-256,-339,-401,-433,-433,-398,-346,-268,-170,-58,49,152,250,320,368,398,392,361,245,236,146,43,-59,-155,-243,-309,-354,-375,-368,-331,-279,-206,-121,-29,59,142,216,270,308,322,321,299,258,200,137,73,-2,-70,-143,-209,-263,-301,-320,-328,-320,-289,-243,-173,-100,-4,96,190,281,363,423,457,454,422,355,257,129,-11,-158,-292,-406,-509,-568,-580,-549,-474,-362,-218,-58,111,277,424,537,611,637,613,545,423,277,111,-66,-247,-394,-513,-591,-623,-598,-536,-434,-293,-143,15,164,298,403,469,508,512,481,407,312,201,91,-24,-133,-231,-305,-356,-387,-394,-376,-337,-291,-233,-159,-77,6,89,171,250,315,371,411,425,410,375,318,224,100,-40,-1206,-1055
39140,mtk,MTK 7916,2424239682,rx1-tx0,512,0,1231,1280,297,447,566,662,707,692,625,503,341,145,-67,-280,-477,-646,-770,-825,-813,-738,-612,-435,-207,34,282,512,700,844,906,906,838,689,493,263,11,-258,-500,-707,-858,-939,-953,-892,-763,-572,-327,-66,202,463,681,846,952,991,952,828,660,434,169,-103,-382,-618,-815,-961,-1027,-1015,-920,-752,-513,-252,24,311,570,793,961,1044,1036,944,778,565,294,18,-259,-530,-753,-893,-967,-976,-897,-761,-565,-325,-63,185,424,629,772,854,882,835,727,564,374,155,-73,-292,-487,-629,-736,-791,-777,-704,-587,-437,-254,-46,157,358,524,644,718,749,723,643,515,334,142,-64,-259,216,-589,-689,-738,-733,-665,-549,-389,-209,0,207,394,542,643,696,705,650,546,405,231,41,-151,-336,-484,-603,-674,-684,-647,-548,-418,-262,-65,121,300,439,558,635,647,617,535,416,252,78,-87,-249,-397,-495,-562,-578,-534,-467,-375,-249,-112,47,192,304,393,456,477,460,422,360,271,150,30,-86,-205,-302,-373,-422,-440,-429,-371,-293,-197,-84,48,160,261,350,399,426,409,368,292,179,74,-38,-150,-260,-337,-374,-392,-377,-324,-247,-143,-40,73,182,265,314,342,343,302,237,148,51,-58,-144,-225,-277,-295,-285,-240,-177,-89,9,97,170,212,219,195,131,64,-509,115,0,1413,1794,-138,-130,-85,-17,63,140,193,221,221,193,132,59,-29,-108,-172,-227,-251,-252,-232,-182,-106,-26,56,134,201,247,262,264,239,188,120,46,-28,-97,-168,-221,-242,-259,-255,-215,-170,-113,-44,29,100,165,217,253,262,255,232,190,124,66,-10,-92,-154,-215,-256,-274,-274,-255,-216,-152,-85,-7,82,149,210,254,278,279,269,227,170,111,29,-58,-133,-202,-254,-278,-283,-267,-234,-173,-106,-30,45,119,180,228,263,273,262,236,176,110,45,-30,-97,-172,-224,-252,-257,-246,-216,-174,-110,-40,21,89,147,186,206,216,205,173,134,98,45,-10,-52,-88,-113,-584,-145,-150,-140,-119,-90,-61,-29,-3,34,62,72,99,104,100,101,84,68,57,26,11,-1,-16,-41,-52,-62,-74,-70,-70,-66,-68,-74,-60,-45,-41,-25,-11,2,18,44,80,99,113,125,128,140,131,113,81,43,-10,-66,-120,-167,-216,-245,-262,-269,-237,-180,-113,-32,75,175,252,324,383,404,383,334,267,162,37,-90,-221,-335,-422,-474,-488,-468,-413,-309,-181,-39,110,241,370,466,515,537,507,438,343,219,72,-82,-227,-344,-444,-510,-535,-532,-479,-387,-273,-126,17,156,283,403,492,537,543,517,452,358,230,81,-68,-211,-344,-459,-538,-592,-595,-548,-1433,-623,0,-480,301,588,492,364,205,11,-186,-378,-542,-670,-748,-768,-722,-627,-487,-295,-68,168,390,587,750,849,876,843,731,567,348,103,-141,-397,-614,-782,-888,-935,-903,-797,-632,-414,-163,102,362,599,787,912,964,956,871,711,493,253,-9,-289,-533,-738,-900,-987,-1006,-947,-800,-607,-359,-76,213,482,722,896,995,1040,998,871,684,426,136,-163,-445,-682,-871,-982,-1010,-980,-872,-679,-436,-176,102,365,600,783,900,938,905,822,664,456,229,-13,-248,-459,-631,-752,-819,-816,-759,-642,-496,-321,-108,120,326,501,635,727,763,751,686,560,389,204,0,-207,-392,-563,-676,-736,-742,-686,757,-449,-265,-72,131,325,499,626,704,730,697,612,475,302,111,-86,-277,-438,-570,-658,-699,-684,-611,-488,-338,-157,42,236,407,527,623,666,657,589,473,336,159,-18,-191,-350,-484,-576,-606,-594,-549,-453,-323,-177,-1,158,292,405,482,522,529,473,393,301,185,52,-70,-195,-294,-381,-428,-444,-438,-401,-320,-229,-120,-7,116,231,315,383,423,428,393,348,256,153,31,-93,-203,-313,-379,-400,-403,-377,-318,-216,-112,-3,113,217,295,348,364,365,324,252,157,56,-60,-157,-239,-291,-322,-316,-277,-221,-128,-30,67,152,213,256,264,235,175,93,7,-74,-135,-156,-1311,-1114,0,-1195,-256,40,101,157,190,195,162,98,23,-64,-145,-205,-238,-245,-220,-179,-118,-34,43,120,192,241,262,260,233,183,107,35,-45,-121,-183,-228,-251,-255,-245,-207,-146,-75,-6,76,143,191,232,251,253,235,200,146,84,14,-54,-120,-190,-232,-259,-278,-262,-227,-177,-108,-29,43,113,186,232,264,283,272,237,188,128,47,-33,-113,-187,-225,-264,-287,-277,-244,-197,-137,-61,16,90,163,223,263,285,280,256,206,151,84,10,-67,-139,-203,-237,-256,-258,-245,-213,-156,-89,-12,61,133,186,228,234,226,211,171,119,64,10,-52,-103,-134,-161,-177,-172,-165,-138,-106,-674,-38,3,49,90,112,122,118,119,121,96,83,61,21,7,-20,-43,-56,-80,-83,-77,-83,-85,-83,-63,-56,-36,-19,-1,9,10,24,43,56,72,86,83,78,92,99,93,63,43,14,-8,-37,-86,-128,-163,-186,-198,-197,-185,-155,-111,-44,16,90,176,241,290,336,343,308,249,184,88,-34,-145,-244,-335,-411,-444,-449,-415,-342,-228,-93,45,182,310,415,477,509,503,461,384,258,124,-20,-168,-300,-414,-502,-546,-541,-492,-414,-315,-174,-30,124,273,380,471,522,533,509,458,365,242,97,-47,-188,-316,-423,-510,-552,-562,-527,-461,-353,-228,-79,86,256,-1195,-1979
39141,mtk,MTK 7916,2424239682,rx1-tx1,512,0,0,0,-747,-891,-814,-540,-130,312,677,874,856,625,248,-182,-576,-820,-858,-685,-347,69,455,732,817,698,413,28,-358,-639,-748,-668,-424,-74,288,569,685,623,404,86,-262,-535,-660,-612,-408,-95,248,523,658,608,406,93,-252,-529,-674,-650,-453,-132,231,534,697,686,502,194,-166,-488,-693,-720,-570,-279,89,430,664,727,614,357,10,-339,-595,-702,-643,-426,-110,226,500,650,627,451,173,-134,-406,-569,-585,-451,-214,65,314,481,522,431,239,-1,-236,-403,-455,-388,-230,-22,184,332,390,344,211,29,-157,-285,-336,-300,-186,-26,130,246,297,257,150,12,-132,-235,-263,0,-120,12,139,229,250,198,88,-45,-178,-261,-279,-216,-85,75,216,303,313,247,116,-59,-230,-343,-379,-318,-172,24,217,357,414,377,247,52,-169,-352,-451,-449,-336,-143,85,293,439,481,412,248,26,-207,-392,-488,-470,-339,-130,101,305,445,481,417,255,34,-192,-363,-451,-444,-347,-168,39,228,356,405,362,255,103,-64,-214,-308,-326,-280,-191,-70,54,156,217,233,199,132,54,-22,-89,-132,-145,-136,-109,-74,-37,1,38,67,92,104,103,91,65,34,-16,-69,-112,-141,-154,-138,-98,-40,29,102,161,194,193,165,107,32,-41,-107,-157,-182,-177,-151,-111,0,0,0,0,0,134,135,112,66,-1,-78,-147,-195,-208,-176,-112,-20,82,174,230,231,184,97,-18,-139,-230,-268,-247,-177,-48,98,224,299,312,247,120,-39,-188,-300,-338,-301,-186,-24,152,294,362,347,257,92,-107,-274,-375,-392,-305,-133,61,239,370,414,345,189,-9,-212,-369,-437,-387,-237,-21,203,374,451,419,283,70,-177,-379,-486,-474,-337,-108,150,386,529,534,399,169,-106,-364,-548,-603,-501,-272,26,327,556,651,584,371,64,-257,-519,-663,-645,-472,-173,167,462,648,684,547,270,-64,-377,-597,-672,-583,-348,-24,310,563,671,606,388,79,-249,-522,-659,-621,-422,-118,0,494,656,643,462,159,-191,-494,-675,-684,-515,-210,147,482,704,736,575,277,-98,-464,-716,-787,-659,-362,34,435,734,836,729,443,36,-398,-731,-873,-798,-526,-113,344,718,911,879,624,205,-277,-703,-956,-973,-746,-335,164,633,949,1021,840,452,-55,-550,-908,-1046,-920,-558,-64,454,864,1051,975,658,173,-357,-789,-1014,-1002,-743,-291,232,690,972,1008,788,378,-117,-578,-895,-980,-820,-458,24,491,828,951,839,511,53,-414,-770,-929,-845,-544,-118,339,705,888,846,587,183,-263,-643,-862,-848,-619,-239,200,590,831,863,672,308,-136,-538,-807,-873,-720,-384,50,469,758,0,0,0,0,0,486,66,-369,-713,-888,-844,-595,-196,251,630,852,861,665,311,-120,-516,-777,-840,-700,-387,7,395,673,780,684,417,48,-319,-600,-721,-648,-419,-86,273,553,677,614,394,76,-254,-525,-659,-615,-400,-80,253,524,666,630,422,105,-242,-531,-686,-666,-480,-163,192,502,693,712,539,228,-137,-469,-691,-737,-600,-321,35,382,628,725,643,393,56,-291,-558,-676,-633,-442,-150,177,453,604,603,457,202,-93,-360,-533,-560,-449,-235,32,276,439,487,407,233,8,-210,-359,-413,-365,-225,-31,164,310,370,329,201,28,-135,-269,-315,-271,-164,-12,137,241,284,253,144,2,0,-226,-257,-214,-110,31,158,242,257,204,85,-59,-190,-276,-291,-227,-92,72,219,320,345,279,135,-45,-221,-355,-401,-351,-213,-20,189,356,439,416,296,103,-123,-325,-450,-474,-378,-188,42,258,421,492,450,298,70,-169,-367,-478,-483,-382,-196,35,253,407,471,437,308,107,-113,-300,-411,-427,-358,-216,-30,147,281,358,358,271,138,-6,-138,-232,-279,-271,-211,-116,-11,85,151,178,173,146,95,34,-19,-68,-94,-104,-111,-103,-80,-54,-23,23,64,92,113,124,120,95,44,-22,-83,-135,-170,-177,-152,-99,-29,43,112,167,196,194,162,108,45,-18,-68,-107,0,0,0,0,0,-9,49,104,150,176,170,129,58,-29,-120,-189,-222,-210,-151,-59,56,165,236,255,220,133,14,-116,-227,-283,-272,-200,-84,60,206,301,324,271,151,-14,-178,-302,-356,-331,-218,-47,132,282,378,379,277,107,-84,-261,-377,-402,-328,-171,37,231,372,422,360,205,9,-201,-368,-446,-403,-256,-42,179,368,467,439,297,77,-168,-373,-493,-496,-367,-138,135,380,537,566,447,213,-78,-361,-563,-625,-540,-323,-20,299,545,660,618,423,123,-209,-494,-670,-676,-506,-217,113,428,641,688,561,304,-25,-354,-592,-676,-599,-368,-45,281,533,661,622,418,109,-223,-502,-654,0,-447,-146,194,487,656,653,479,181,-177,-490,-676,-700,-544,-242,129,470,701,760,623,319,-70,-451,-723,-813,-692,-395,6,404,717,855,761,475,67,-366,-717,-895,-850,-580,-158,312,706,933,934,693,266,-216,-656,-947,-1003,-796,-392,111,590,928,1032,879,506,0,-513,-898,-1054,-939,-603,-115,402,818,1032,992,699,235,-288,-734,-999,-1015,-767,-331,169,629,932,996,811,424,-71,-546,-875,-971,-829,-476,-10,450,794,937,835,521,80,-375,-731,-902,-841,-567,-148,304,678,869,843,605,207,-245,-633,-853,-858,-648,-273,164,559,822,876,701,342,-95,-501,-787,-877,-737,-416,0,0
39142,mtk,MTK 7916,2424239682,rx2-tx0,512,0,0,0,-281,187,611,878,919,721,333,-141,-571,-854,-929,-766,-396,74,521,827,925,776,429,-27,-477,-802,-914,-788,-451,5,455,781,906,795,468,14,-447,-785,-918,-806,-480,-21,459,813,948,837,506,34,-457,-834,-987,-886,-556,-76,422,821,1010,933,601,115,-401,-812,-1015,-949,-630,-138,392,819,1032,974,660,161,-387,-843,-1074,-1021,-702,-193,376,858,1119,1096,784,263,-336,-853,-1160,-1180,-896,-372,255,821,1178,1241,999,503,-133,-734,-1155,-1280,-1085,-623,-3,614,1073,1261,1136,728,144,-475,-963,-1212,-1159,-803,-251,349,852,1133,1124,829,329,-239,-747,-1065,-1101,-847,-382,173,675,0,1067,854,420,-114,-617,-958,-1045,-861,-456,72,579,935,1048,892,505,-19,-547,-926,-1065,-931,-550,-22,515,931,1111,1000,628,89,-486,-946,-1172,-1097,-743,-196,409,925,1219,1212,897,350,-293,-866,-1238,-1312,-1060,-539,116,754,1208,1369,1202,750,95,-592,-1127,-1375,-1298,-914,-308,380,970,1323,1360,1060,509,-157,-791,-1234,-1373,-1182,-714,-85,561,1064,1311,1249,897,338,-296,-853,-1193,-1251,-1025,-569,10,564,966,1141,1061,732,242,-275,-704,-961,-988,-794,-430,14,436,737,857,774,522,165,-210,-518,-703,-722,-577,-314,0,299,521,626,598,453,228,-24,-251,-413,-490,-476,-384,-249,-99,0,0,0,0,0,109,-13,-151,-290,-402,-460,-444,-340,-162,58,274,451,549,537,416,207,-54,-313,-509,-600,-567,-400,-142,154,421,592,629,529,303,-5,-315,-552,-663,-623,-435,-136,196,480,651,667,522,252,-84,-404,-622,-685,-583,-339,0,342,592,694,622,394,60,-298,-582,-723,-685,-468,-125,256,574,756,755,559,215,-189,-552,-779,-809,-643,-319,91,484,764,855,738,428,12,-412,-736,-876,-800,-526,-110,336,690,872,839,599,211,-239,-631,-863,-875,-662,-289,156,568,837,894,727,379,-72,-500,-806,-911,-791,-472,-29,423,767,914,839,555,131,-320,-694,-892,-865,-618,-222,225,614,0,862,654,276,-166,-561,-812,-841,-657,-310,120,519,779,839,677,334,-94,-502,-779,-848,-694,-359,70,493,791,878,739,407,-39,-481,-796,-909,-789,-464,-6,459,803,945,851,533,70,-408,-784,-958,-891,-594,-134,354,749,951,910,626,182,-311,-724,-945,-916,-651,-213,288,713,947,937,679,238,-264,-699,-961,-973,-730,-289,227,684,969,1000,770,343,-174,-656,-969,-1027,-828,-421,99,600,946,1046,874,481,-26,-523,-892,-1027,-898,-544,-51,452,834,997,903,579,113,-378,-770,-960,-902,-607,-158,329,721,921,882,614,187,-282,-676,-894,-875,-631,-226,243,644,874,873,647,258,0,0,0,0,0,-880,-907,-693,-305,161,594,872,928,740,357,-106,-544,-847,-930,-769,-409,48,493,814,921,786,447,-11,-466,-799,-914,-788,-457,-5,450,784,912,797,471,14,-450,-799,-934,-824,-492,-20,461,819,968,863,531,51,-446,-827,-996,-910,-582,-94,421,824,1012,932,611,124,-398,-819,-1023,-961,-644,-150,390,826,1051,999,677,175,-379,-840,-1091,-1059,-742,-226,362,860,1144,1138,834,311,-302,-849,-1180,-1212,-940,-432,195,788,1176,1264,1041,559,-64,-671,-1109,-1271,-1117,-686,-80,545,1022,1233,1139,771,206,-405,-909,-1175,-1146,-828,-301,292,802,1098,1115,850,371,-198,-708,-1031,-1080,-847,0,147,643,972,1053,856,433,-102,-605,-946,-1042,-871,-473,53,561,927,1054,910,524,-6,-538,-932,-1087,-964,-593,-54,502,935,1130,1037,672,125,-467,-951,-1199,-1151,-816,-270,358,916,1246,1266,980,444,-209,-817,-1228,-1345,-1136,-641,20,677,1167,1383,1262,831,198,-487,-1051,-1352,-1332,-988,-406,278,890,1287,1374,1125,608,-46,-686,-1157,-1352,-1233,-821,-223,424,964,1266,1266,979,464,-149,-712,-1097,-1216,-1055,-660,-129,410,835,1054,1025,764,339,-142,-569,-850,-932,-795,-480,-72,327,630,779,747,552,244,-104,-416,-623,-684,-596,-388,-113,174,405,546,579,501,337,134,-69,-232,-329,-364,0,0,0,0,0,299,351,350,285,163,-3,-195,-368,-488,-525,-468,-312,-90,164,389,540,581,501,312,45,-235,-471,-603,-602,-466,-223,79,364,571,650,581,366,68,-251,-518,-663,-648,-479,-200,133,442,641,681,559,300,-39,-367,-606,-696,-606,-365,-38,313,588,706,646,429,91,-278,-578,-736,-711,-507,-163,230,566,772,794,610,266,-147,-528,-779,-839,-693,-377,42,449,747,867,774,482,64,-373,-724,-882,-823,-565,-162,281,655,863,854,629,250,-202,-603,-847,-885,-702,-337,114,538,828,911,763,423,-23,-465,-789,-916,-820,-519,-84,373,729,902,852,594,187,-272,-658,-867,-855,-635,0,191,582,821,852,663,299,-140,-537,-790,-838,-672,-330,97,499,769,834,677,343,-84,-497,-782,-862,-720,-389,57,490,796,896,764,433,-18,-473,-802,-933,-823,-501,-45,427,799,959,872,563,103,-385,-772,-960,-898,-611,-167,328,736,949,910,638,199,-297,-720,-951,-929,-666,-228,277,709,950,946,697,258,-254,-698,-966,-988,-747,-312,207,673,969,1016,807,386,-141,-633,-960,-1040,-857,-462,57,558,914,1038,888,511,13,-491,-867,-1014,-899,-562,-84,414,804,980,898,593,144,-347,-742,-939,-891,-613,-176,295,690,903,878,623,208,-264,-669,-891,-875,-633,-233,225,633,875,0,0
39143,mtk,MTK 7916,2424239682,rx2-tx1,512,0,0,0,322,95,-143,-344,-472,-483,-371,-172,57,275,414,454,385,230,19,-186,-340,-411,-380,-257,-83,100,256,346,350,271,132,-32,-177,-267,-290,-251,-147,-16,108,190,230,209,136,37,-55,-127,-156,-153,-102,-27,34,78,92,78,48,15,-13,-26,-18,4,23,36,44,18,-28,-66,-90,-105,-73,-13,55,123,182,194,154,63,-52,-164,-241,-270,-225,-126,11,159,277,335,314,214,54,-125,-280,-369,-367,-280,-119,75,258,383,426,355,190,-13,-209,-362,-435,-402,-269,-67,145,322,429,433,319,120,-94,-284,-408,-436,-349,-173,46,248,386,432,376,214,1,-206,-363,0,-397,-264,-54,171,334,414,403,293,104,-118,-311,-420,-421,-311,-124,94,285,395,400,300,126,-80,-272,-393,-417,-326,-144,76,275,419,447,353,159,-71,-290,-449,-500,-413,-221,45,314,501,570,507,314,33,-276,-531,-655,-617,-435,-142,194,493,680,709,580,306,-71,-431,-680,-776,-701,-458,-104,290,615,796,799,619,294,-109,-477,-743,-842,-751,-483,-120,275,613,808,814,646,336,-40,-401,-663,-775,-715,-503,-185,166,470,654,684,569,343,50,-243,-475,-590,-572,-434,-212,48,287,454,512,462,327,133,-77,-262,-389,-430,-386,-276,-131,26,167,262,297,276,222,147,0,0,0,0,0,-71,-23,43,120,196,245,251,220,150,51,-60,-168,-248,-286,-271,-207,-98,41,171,263,310,298,222,97,-55,-192,-289,-329,-302,-205,-63,88,222,314,345,293,174,22,-131,-255,-329,-333,-258,-139,12,165,282,344,320,230,98,-48,-182,-281,-316,-287,-199,-70,61,181,263,274,240,172,57,-64,-162,-221,-232,-204,-141,-43,46,107,158,183,165,117,67,10,-45,-95,-126,-137,-131,-109,-50,11,59,101,135,136,111,77,26,-40,-93,-128,-136,-121,-80,-25,35,91,127,139,116,68,12,-45,-99,-128,-112,-74,-34,22,76,104,111,84,36,-23,-77,-106,-96,0,-19,32,82,106,97,64,13,-50,-109,-142,-146,-99,-20,62,131,177,181,129,50,-47,-144,-205,-214,-175,-96,20,138,228,260,226,136,6,-124,-235,-299,-282,-189,-54,95,225,301,307,240,115,-44,-184,-288,-320,-258,-139,4,162,284,323,281,156,-9,-168,-298,-351,-303,-177,-11,166,313,370,327,208,34,-165,-335,-420,-402,-277,-70,160,348,459,458,341,147,-93,-323,-483,-527,-437,-232,32,287,480,563,513,334,66,-221,-453,-583,-577,-434,-172,125,392,564,608,511,298,4,-294,-511,-611,-572,-397,-130,162,419,567,578,455,232,-45,-306,-487,-548,-474,-285,0,0,0,0,0,389,491,473,353,145,-102,-313,-446,-468,-378,-197,17,222,376,430,376,244,66,-130,-299,-384,-375,-275,-116,67,217,305,315,259,143,-9,-149,-237,-266,-231,-145,-26,81,159,192,174,120,43,-41,-103,-126,-108,-70,-32,12,42,53,49,25,-6,-19,-14,8,48,66,56,45,19,-46,-110,-144,-145,-113,-35,51,134,197,226,194,105,-35,-170,-263,-300,-275,-178,-23,147,274,353,353,256,91,-94,-264,-379,-401,-320,-157,39,233,371,419,370,238,47,-175,-354,-437,-407,-284,-104,112,312,427,423,323,147,-72,-271,-403,-442,-367,-201,13,224,377,438,387,240,0,-192,-352,-430,-400,-263,-69,141,311,405,399,294,105,-104,-292,-407,-405,-303,-122,96,277,387,410,323,142,-78,-279,-407,-422,-330,-154,79,299,442,467,371,187,-53,-299,-483,-544,-472,-268,10,298,516,612,562,369,67,-250,-521,-675,-672,-505,-222,128,467,694,749,639,378,11,-361,-651,-793,-764,-552,-197,202,561,789,834,698,397,-2,-397,-690,-827,-785,-575,-231,155,501,734,805,693,436,81,-285,-570,-717,-710,-547,-266,60,356,565,638,577,393,133,-144,-382,-526,-553,-456,-276,-47,190,367,452,450,365,211,21,-156,-291,-364,-368,-307,-202,-80,34,122,176,0,0,0,0,0,-152,-189,-200,-179,-133,-58,46,149,226,271,271,227,143,25,-102,-214,-291,-306,-256,-160,-35,102,229,307,321,266,157,14,-140,-265,-322,-317,-250,-124,29,177,293,348,315,219,81,-69,-213,-312,-333,-293,-189,-42,106,232,309,320,261,145,-2,-142,-235,-284,-283,-227,-122,5,121,213,264,256,200,109,-6,-108,-179,-208,-202,-166,-107,-20,56,106,145,168,141,101,59,-3,-63,-106,-134,-134,-121,-94,-43,23,68,98,131,134,94,41,-11,-58,-99,-130,-135,-99,-38,14,67,115,143,125,79,22,-33,-87,-117,-122,-96,-43,25,75,105,109,85,33,-23,0,-108,-103,-73,-23,53,117,140,134,95,18,-55,-114,-160,-167,-118,-36,55,144,205,203,155,75,-26,-137,-222,-245,-207,-122,5,136,237,283,253,167,45,-113,-244,-305,-295,-220,-85,66,209,306,324,260,135,-25,-177,-289,-320,-280,-155,7,171,287,324,278,168,5,-176,-306,-363,-329,-198,-3,187,325,396,366,239,47,-163,-348,-448,-442,-317,-103,134,344,478,500,393,187,-67,-308,-482,-545,-473,-274,-11,257,473,578,544,380,115,-179,-433,-587,-602,-480,-242,59,348,546,617,542,343,66,-225,-476,-607,-582,-422,-179,110,366,529,566,463,256,-6,-265,-459,0,0
39144,mtk,MTK 7916,2424304215,rx0-tx0,512,-349,-849,-876,-380,-357,-323,-258,-166,-62,54,172,271,358,427,449,441,406,327,220,91,-41,-174,-304,-407,-467,-502,-491,-439,-358,-244,-101,35,175,298,394,463,487,465,414,333,230,106,-16,-136,-242,-321,-370,-397,-399,-366,-304,-232,-151,-57,32,107,174,221,243,261,277,274,261,229,189,149,107,46,-15,-81,-152,-215,-277,-319,-363,-390,-370,-321,-254,-151,-28,98,226,352,446,506,531,514,455,356,224,77,-90,-252,-398,-513,-587,-613,-582,-503,-393,-246,-65,114,280,413,524,581,582,556,470,344,195,36,-119,-249,-359,-446,-489,-482,-446,-374,-290,-175,-48,58,160,246,-511,340,349,333,297,238,167,72,8,-58,-120,-166,-205,-221,-221,-203,-183,-150,-108,-82,-50,-1,31,67,81,97,120,133,139,142,150,147,133,119,82,47,7,-40,-107,-164,-202,-228,-260,-251,-226,-195,-121,-58,9,89,158,221,275,299,306,269,216,160,96,23,-58,-132,-205,-263,-294,-303,-281,-246,-190,-125,-53,27,102,167,221,259,266,259,236,193,136,71,18,-37,-97,-146,-186,-199,-202,-196,-183,-152,-110,-61,-2,37,84,132,164,179,192,185,157,130,92,43,-8,-61,-102,-137,-165,-170,-165,-151,-110,-78,-31,30,84,126,152,159,142,105,57,9,-799,-829,1179,-138,-310,-135,-230,-302,-317,-290,-218,-100,33,165,284,365,408,404,353,266,148,25,-102,-214,-312,-385,-417,-416,-374,-298,-190,-79,43,157,265,351,395,410,392,345,280,196,88,-26,-135,-231,-309,-370,-393,-389,-361,-318,-247,-137,-36,51,162,265,341,383,408,396,360,302,213,118,17,-89,-177,-277,-341,-387,-403,-373,-332,-274,-189,-106,-12,94,195,278,348,403,416,399,355,282,205,105,-14,-117,-225,-309,-372,-411,-418,-403,-348,-273,-167,-52,49,158,259,352,407,428,417,369,309,220,103,-2,-113,-218,-306,-360,-397,-400,-371,-319,-241,-149,-45,61,153,236,297,345,-330,330,312,266,194,110,23,-76,-168,-227,-272,-312,-325,-308,-275,-232,-169,-100,-20,50,119,190,238,268,284,291,269,228,179,124,64,-11,-82,-149,-213,-256,-292,-310,-310,-293,-236,-180,-110,-14,80,176,255,317,373,379,377,352,292,201,89,-20,-140,-254,-345,-412,-447,-457,-434,-362,-264,-144,-19,115,250,349,428,481,485,452,375,270,157,20,-120,-241,-338,-416,-453,-450,-419,-354,-261,-142,-21,88,185,274,327,362,377,350,306,239,158,66,-25,-100,-173,-228,-267,-286,-295,-282,-250,-203,-147,-88,-31,34,109,170,215,250,290,297,285,257,209,140,67,-11,689,578,-729,-242,-77,28,122,216,308,366,402,411,382,328,249,138,12,-112,-235,-348,-427,-469,-477,-453,-388,-286,-167,-32,111,240,356,444,491,496,470,401,300,176,34,-97,-222,-328,-404,-449,-451,-425,-370,-280,-181,-75,37,142,223,284,327,339,324,296,257,199,143,90,28,-37,-97,-148,-186,-213,-244,-275,-291,-291,-270,-230,-171,-110,-39,55,163,256,346,426,460,462,432,360,252,133,-9,-162,-310,-437,-524,-571,-579,-535,-446,-317,-157,16,193,347,474,574,621,600,534,433,302,131,-31,-187,-339,-449,-520,-554,-525,-458,-370,-258,-116,24,158,266,342,407,416,398,361,290,1105,122,21,-65,-149,-215,-261,-282,-270,-265,-232,-192,-133,-73,-12,39,83,121,140,142,159,156,147,134,114,105,78,52,31,2,-27,-68,-99,-127,-164,-181,-196,-205,-195,-161,-114,-76,-14,63,126,198,247,266,284,279,241,193,127,51,-40,-134,-202,-259,-288,-301,-296,-273,-236,-162,-87,9,98,168,223,256,279,285,265,222,168,92,19,-51,-117,-172,-211,-227,-223,-229,-213,-176,-122,-61,-18,39,91,137,170,192,194,190,178,150,98,53,-1,-54,-94,-124,-156,-175,-179,-168,-142,-113,-69,-15,31,91,131,152,174,172,146,105,61,4,-49,-94,-124,-134,-182,-67,1145,-821,-778,-229,-174,-68,57,176,285,358,377,352,280,171,46,-95,-223,-325,-394,-419,-406,-353,-274,-168,-45,82,199,302,370,407,413,387,332,232,126,14,-95,-197,-285,-359,-404,-404,-378,-328,-264,-171,-59,53,155,241,326,377,383,383,360,304,223,129,24,-89,-181,-269,-334,-372,-397,-383,-354,-290,-200,-113,-6,97,182,283,347,382,397,377,335,276,207,105,-10,-112,-215,-293,-353,-405,-409,-392,-354,-272,-183,-70,44,160,258,335,398,419,415,394,341,256,152,34,-89,-200,-288,-375,-405,-412,-401,-354,-277,-180,-78,42,150,248,316,357,377,368,339,281,211,119,826,-73,-149,-228,-283,-321,-341,-338,-297,-229,-174,-101,-16,67,142,212,268,296,296,284,271,231,170,106,41,-29,-113,-174,-226,-267,-295,-300,-283,-260,-213,-162,-95,-22,52,142,223,278,333,356,351,327,274,215,111,2,-96,-198,-297,-373,-418,-436,-419,-368,-286,-185,-64,61,193,304,392,449,478,473,416,326,220,91,-51,-182,-304,-389,-450,-481,-464,-407,-327,-212,-74,52,175,273,350,405,423,403,365,285,192,101,-5,-100,-178,-251,-300,-329,-326,-304,-267,-203,-141,-73,-3,70,133,189,228,255,268,277,262,221,175,124,56,-21,-94,-163,-231,-288,-313,-322,-847,-962
39145,mtk,MTK 7916,2424304215,rx0-tx1,512,87,-394,-377,-521,-541,-531,-478,-384,-256,-110,57,228,390,529,634,699,716,688,600,468,303,110,-101,-303,-493,-658,-779,-844,-848,-807,-699,-543,-349,-120,123,357,576,757,884,959,960,903,783,610,390,128,-142,-395,-623,-825,-959,-1027,-1034,-970,-838,-651,-428,-164,108,370,616,829,983,1080,1099,1047,929,743,509,242,-57,-350,-624,-860,-1034,-1145,-1176,-1133,-1009,-812,-555,-265,53,363,643,887,1068,1167,1197,1132,997,795,531,242,-65,-369,-645,-865,-1028,-1114,-1130,-1077,-945,-753,-507,-241,41,318,574,783,934,1031,1070,1023,911,746,530,282,17,-246,-485,-689,-856,-965,-1004,-979,-896,-757,-689,-337,-90,157,396,609,783,905,965,969,912,800,637,421,191,-50,-301,-539,-746,-900,-1010,-1053,-1024,-932,-770,-555,-292,-1,295,578,825,1030,1163,1218,1181,1061,855,594,278,-72,-425,-743,-1017,-1219,-1322,-1337,-1248,-1059,-795,-464,-95,278,633,937,1169,1319,1367,1304,1151,903,586,224,-151,-503,-811,-1060,-1218,-1276,-1240,-1101,-876,-611,-290,42,360,645,855,1008,1077,1058,965,795,576,323,60,-206,-438,-621,-760,-832,-840,-789,-687,-530,-344,-140,66,250,422,554,637,678,661,591,476,328,158,-23,-202,-356,-474,-551,-577,-542,-462,-329,-169,2,174,312,401,435,403,321,195,60,-60,-70,0,966,528,121,189,241,257,234,167,75,-31,-140,-232,-300,-335,-333,-297,-235,-149,-45,63,165,248,316,357,362,342,292,229,144,47,-62,-173,-259,-330,-376,-400,-399,-364,-303,-225,-124,-9,112,237,334,415,474,496,485,438,347,228,95,-56,-207,-343,-466,-547,-584,-591,-549,-452,-325,-177,-5,168,333,469,567,630,644,604,519,398,245,78,-95,-267,-417,-527,-600,-639,-620,-556,-455,-325,-165,4,163,311,441,526,578,589,557,482,379,250,104,-43,-179,-300,-402,-480,-515,-510,-482,-419,-328,-219,-93,32,149,254,341,407,444,460,439,381,311,214,106,-11,-117,-223,-318,-130,-415,-420,-402,-362,-299,-218,-117,-9,90,185,264,325,358,367,357,319,263,189,108,23,-50,-125,-189,-235,-262,-275,-271,-255,-227,-186,-142,-102,-52,-5,43,86,127,170,204,231,242,252,249,239,208,167,112,52,-24,-101,-175,-246,-313,-360,-384,-391,-360,-303,-233,-131,-17,101,211,312,398,454,484,480,441,373,266,153,27,-109,-241,-359,-448,-507,-529,-513,-462,-364,-251,-122,10,149,271,370,439,471,476,440,376,297,203,89,-16,-115,-200,-257,-306,-332,-339,-319,-288,-245,-187,-137,-90,-38,7,54,104,150,190,231,272,303,320,329,314,283,227,152,54,290,957,504,59,121,-100,41,188,332,456,551,617,642,616,541,422,276,104,-80,-269,-448,-594,-706,-776,-791,-740,-648,-504,-323,-107,110,325,530,697,829,907,915,861,748,576,366,123,-136,-381,-609,-791,-935,-1006,-1004,-936,-815,-631,-389,-132,137,395,629,819,965,1051,1056,1000,879,694,464,197,-81,-354,-613,-838,-1000,-1111,-1141,-1090,-971,-781,-541,-260,42,344,632,879,1058,1168,1198,1141,1010,810,548,250,-66,-378,-651,-889,-1060,-1156,-1175,-1112,-969,-767,-517,-229,57,345,604,824,986,1074,1097,1048,928,746,518,270,-7,-283,-528,-739,-902,-1004,-1035,-997,-897,-747,-549,-311,-52,206,445,660,261,936,981,972,899,773,592,373,136,-108,-349,-565,-755,-894,-969,-997,-962,-864,-703,-494,-250,22,291,543,764,947,1072,1125,1102,998,830,594,306,-9,-337,-650,-920,-1119,-1251,-1294,-1238,-1091,-860,-551,-198,167,534,852,1106,1282,1361,1342,1218,994,703,357,-23,-393,-733,-1018,-1218,-1327,-1326,-1226,-1038,-769,-440,-87,269,604,867,1057,1175,1187,1112,946,715,452,153,-143,-421,-657,-822,-924,-953,-915,-801,-647,-449,-224,12,229,426,584,688,746,741,684,584,430,257,66,-127,-302,-447,-550,-612,-623,-576,-482,-353,-197,-21,153,308,432,499,513,469,367,231,70,-86,-213,-293,-310,326,216,0,500,914,159,122,41,-57,-160,-245,-296,-317,-293,-233,-143,-39,66,167,255,318,354,352,320,262,183,83,-21,-124,-215,-291,-350,-376,-383,-352,-292,-216,-120,-17,96,202,289,363,417,443,443,396,328,234,120,-12,-150,-281,-397,-482,-535,-553,-523,-455,-351,-209,-49,113,283,422,523,597,627,612,545,428,286,122,-54,-221,-375,-503,-592,-634,-633,-584,-490,-361,-216,-40,137,302,429,536,604,619,591,525,414,275,132,-28,-182,-314,-426,-506,-548,-549,-507,-439,-347,-230,-94,38,168,290,382,446,484,482,451,394,316,213,101,-17,-140,-237,-324,-394,-435,-443,-419,-378,-302,245,-118,-5,104,204,293,355,395,402,382,342,281,200,113,18,-77,-163,-233,-284,-315,-324,-315,-293,-249,-185,-122,-56,13,72,131,170,198,221,234,235,225,209,194,164,128,84,36,-16,-75,-132,-180,-228,-268,-299,-319,-309,-286,-247,-183,-99,-10,95,200,282,355,415,440,438,407,346,262,151,29,-105,-233,-350,-436,-483,-510,-502,-458,-383,-275,-148,-7,128,264,377,453,495,509,491,432,349,236,110,-19,-144,-248,-330,-393,-425,-414,-388,-327,-259,-183,-106,-22,55,116,175,212,234,255,262,261,255,243,222,195,163,113,54,-14,-86,-165,-243,-317,-373,-411,-1206,-1055
39146,mtk,MTK 7916,2424304215,rx1-tx0,512,0,1231,1280,635,582,498,372,218,41,-148,-322,-486,-625,-723,-775,-770,-705,-583,-429,-230,-8,217,438,615,763,860,904,888,793,649,443,197,-46,-307,-555,-750,-896,-988,-1003,-943,-827,-640,-402,-145,130,407,646,837,988,1069,1064,983,834,620,365,90,-197,-478,-735,-936,-1062,-1131,-1101,-995,-830,-592,-325,-25,283,568,803,982,1104,1141,1088,970,779,516,219,-78,-370,-629,-847,-997,-1074,-1074,-1022,-872,-662,-403,-133,140,412,639,830,957,1006,987,891,740,542,308,63,-185,-410,-618,-763,-853,-885,-859,-780,-632,-458,-252,-36,179,386,546,683,767,797,774,695,579,435,240,44,-154,216,-494,-628,-713,-752,-739,-657,-558,-410,-227,-41,152,338,498,623,694,718,702,629,518,365,191,3,-199,-371,-510,-619,-688,-701,-669,-579,-463,-314,-135,56,231,400,529,629,683,668,619,535,396,228,63,-114,-292,-424,-523,-589,-612,-585,-523,-433,-291,-155,-20,137,273,377,460,510,524,501,442,365,260,133,4,-127,-252,-353,-428,-475,-486,-453,-398,-324,-212,-82,56,178,276,357,423,441,426,389,316,214,96,-22,-144,-251,-329,-378,-392,-378,-335,-268,-181,-74,27,121,214,277,321,326,301,251,190,107,8,-78,-154,-220,-257,-258,-231,-170,-93,-11,62,117,147,-509,115,0,1413,1794,-50,-116,-178,-216,-224,-191,-135,-60,27,120,202,254,284,278,240,187,109,18,-74,-159,-233,-282,-301,-303,-274,-222,-140,-57,36,122,199,258,284,303,283,250,202,132,51,-48,-119,-186,-243,-293,-303,-281,-254,-201,-142,-71,1,78,146,208,245,267,270,254,219,166,112,36,-33,-89,-153,-201,-233,-260,-266,-246,-206,-163,-102,-43,18,91,135,186,206,218,232,224,191,144,92,35,-25,-73,-113,-160,-193,-218,-226,-210,-178,-146,-100,-44,16,60,103,153,178,200,204,186,162,132,80,39,-5,-58,-100,-136,-153,-156,-165,-162,-133,-108,-74,-39,-9,23,56,-584,97,121,132,132,119,100,77,50,38,5,-22,-41,-68,-93,-105,-100,-108,-104,-101,-95,-70,-52,-30,-9,7,35,58,70,88,93,104,113,115,110,103,82,44,26,7,-29,-47,-93,-128,-148,-179,-192,-198,-201,-169,-136,-108,-48,21,96,177,241,290,325,346,332,296,227,147,54,-60,-162,-275,-372,-434,-470,-476,-441,-371,-265,-135,4,143,279,394,476,537,541,513,456,350,234,94,-58,-213,-346,-461,-529,-577,-578,-535,-450,-341,-209,-55,101,242,363,466,542,565,560,513,436,328,199,75,-67,-211,-335,-436,-505,-557,-568,-542,-469,-376,-261,-129,17,167,-1433,-623,0,-480,301,-146,-301,-446,-567,-653,-702,-703,-652,-555,-408,-228,-26,183,387,563,697,802,841,824,746,608,434,214,-20,-261,-486,-679,-841,-929,-955,-927,-808,-630,-424,-183,92,359,605,807,943,1020,1046,977,832,635,397,121,-175,-454,-695,-893,-1021,-1087,-1086,-997,-839,-612,-352,-58,249,523,768,962,1077,1130,1106,991,799,567,286,-26,-320,-592,-828,-1010,-1100,-1112,-1049,-917,-712,-455,-172,100,377,644,854,991,1041,1036,951,806,603,350,85,-174,-416,-623,-792,-900,-942,-915,-829,-684,-493,-286,-57,168,393,579,713,799,827,809,725,604,446,254,46,-163,-356,-514,-648,-731,-765,-761,757,-573,-421,-243,-49,157,342,498,624,698,730,720,660,545,381,201,19,-163,-343,-504,-624,-697,-723,-691,-610,-490,-340,-165,19,206,378,517,623,682,683,641,561,440,287,92,-96,-258,-410,-539,-611,-643,-636,-576,-465,-338,-187,-21,145,283,403,494,528,556,550,479,389,277,147,12,-135,-252,-358,-441,-488,-509,-488,-438,-357,-252,-128,13,150,257,357,435,475,470,430,359,278,160,21,-98,-214,-313,-387,-424,-425,-399,-330,-246,-146,-36,76,176,260,326,356,354,328,266,191,102,0,-96,-183,-244,-289,-294,-266,-222,-155,-69,17,98,169,203,207,181,134,71,-1311,-1114,0,-1195,-256,-167,-155,-104,-29,60,145,207,252,263,243,187,115,33,-62,-152,-222,-273,-293,-283,-253,-195,-115,-28,60,146,218,275,306,317,292,242,167,88,4,-90,-164,-232,-274,-304,-302,-272,-241,-178,-105,-10,67,137,196,237,265,286,278,251,201,133,65,-17,-95,-169,-208,-242,-261,-257,-246,-220,-171,-121,-58,21,99,155,203,235,246,252,234,205,157,96,50,-3,-69,-122,-175,-210,-231,-227,-206,-180,-146,-100,-50,4,67,115,165,199,214,215,195,180,133,79,36,-15,-61,-99,-136,-162,-169,-180,-170,-151,-117,-76,-34,-3,51,88,110,137,143,147,143,127,-674,81,62,32,-1,-40,-67,-93,-93,-106,-129,-122,-116,-96,-75,-46,-27,-6,20,37,65,87,91,94,94,97,96,78,74,64,46,31,7,-20,-39,-66,-103,-114,-120,-143,-146,-150,-142,-113,-87,-50,-2,31,83,137,165,206,250,266,267,241,186,120,57,-26,-122,-218,-298,-351,-395,-397,-380,-342,-255,-154,-31,98,228,344,434,497,518,507,453,363,251,110,-43,-180,-325,-433,-512,-562,-576,-539,-464,-347,-212,-72,87,234,369,466,536,571,567,520,444,342,200,50,-100,-238,-356,-458,-515,-547,-561,-522,-449,-342,-220,-92,49,191,321,428,516,572,588,560,-1195,-1979
39147,mtk,MTK 7916,2424304215,rx1-tx1,512,0,0,0,517,27,-483,-879,-1048,-939,-593,-90,443,871,1075,998,657,151,-399,-845,-1070,-1017,-699,-202,345,804,1048,1015,720,238,-306,-762,-1015,-1001,-709,-242,286,737,990,971,694,235,-284,-724,-976,-962,-686,-222,298,741,980,952,662,210,-312,-763,-1004,-958,-662,-192,332,780,1022,989,690,199,-347,-797,-1046,-1022,-723,-233,311,777,1043,1037,761,291,-255,-730,-1011,-1029,-781,-334,203,674,952,977,759,352,-144,-602,-890,-931,-725,-340,120,540,812,860,674,320,-108,-504,-762,-804,-637,-306,113,490,723,771,609,287,-109,-466,-691,-730,-571,-262,110,445,664,704,555,256,-103,-432,-639,0,-518,-240,99,413,620,660,521,240,-99,-403,-589,-614,-480,-219,101,393,573,600,464,197,-120,-403,-576,-589,-441,-172,158,441,604,618,468,184,-155,-463,-648,-662,-505,-213,157,488,693,723,567,263,-112,-473,-724,-784,-647,-345,51,436,719,823,721,433,41,-363,-689,-851,-807,-564,-187,229,597,828,871,699,362,-57,-447,-732,-842,-764,-519,-153,250,574,755,764,612,324,-19,-347,-578,-672,-612,-427,-161,133,371,509,532,450,274,52,-153,-316,-399,-390,-296,-166,-14,126,221,268,269,207,107,13,-65,-125,-156,-153,-125,-85,-47,-12,19,34,39,45,46,42,33,0,0,0,0,0,87,54,1,-62,-120,-162,-181,-163,-106,-22,71,152,206,217,180,98,-13,-123,-210,-245,-215,-134,-23,97,205,262,260,194,69,-70,-195,-281,-306,-248,-128,24,170,280,335,304,194,38,-125,-262,-336,-330,-244,-103,65,213,287,298,246,132,-16,-148,-244,-257,-200,-105,-5,108,187,197,147,64,-48,-132,-169,-148,-89,9,102,162,182,148,46,-75,-175,-234,-243,-174,-31,124,250,321,315,222,62,-115,-278,-377,-382,-298,-123,96,282,396,412,331,157,-63,-274,-417,-450,-366,-195,16,224,384,447,393,225,4,-213,-367,-427,-368,-214,-5,207,357,408,345,181,0,-224,-376,-419,-341,-163,72,285,410,428,341,146,-110,-342,-478,-489,-371,-150,126,379,537,546,415,168,-142,-432,-601,-612,-458,-175,161,464,654,673,503,200,-173,-511,-716,-735,-556,-227,176,534,758,796,624,278,-151,-551,-814,-864,-681,-314,138,563,849,920,735,361,-105,-548,-859,-945,-787,-422,65,535,860,961,813,438,-52,-522,-852,-967,-823,-463,14,488,836,963,835,490,17,-461,-816,-952,-830,-486,-16,453,805,939,827,488,22,-444,-792,-933,-825,-487,-20,449,799,942,827,484,15,-456,-809,-947,-831,-495,-26,449,810,952,837,502,34,-442,-813,-964,-855,-524,0,0,0,0,0,858,1008,901,550,50,-471,-875,-1059,-969,-623,-113,428,854,1066,1005,684,180,-371,-825,-1063,-1015,-712,-229,320,782,1027,1010,723,239,-301,-752,-999,-983,-706,-239,290,742,982,957,686,231,-292,-736,-977,-950,-678,-221,299,740,972,942,661,195,-333,-778,-1009,-972,-670,-182,358,794,1039,1001,709,230,-327,-802,-1057,-1038,-749,-272,274,760,1045,1045,775,309,-224,-694,-975,-1007,-768,-324,187,628,914,966,760,351,-134,-571,-847,-900,-710,-339,117,530,789,833,654,306,-121,-502,-745,-790,-627,-291,119,483,713,753,593,270,-102,-447,-678,-720,-563,-261,103,432,650,689,546,267,0,-415,-626,-668,-521,-241,99,413,610,640,500,225,-108,-400,-579,-610,-471,-201,114,399,584,616,471,193,-137,-423,-600,-614,-458,-180,157,461,640,647,486,195,-158,-478,-674,-702,-541,-233,141,482,704,762,617,304,-87,-459,-717,-804,-682,-380,8,403,714,846,766,508,122,-308,-655,-844,-837,-636,-277,139,532,803,867,732,440,53,-347,-655,-809,-775,-574,-246,126,456,670,719,610,377,81,-223,-470,-594,-580,-441,-216,34,258,410,467,428,296,113,-69,-220,-312,-341,-293,-191,-67,47,140,194,209,190,136,67,4,-53,-86,-96,-91,-80,-64,-49,-28,-13,-4,12,0,0,0,0,0,94,128,149,146,115,53,-21,-100,-164,-194,-186,-145,-65,36,139,210,233,199,115,1,-118,-210,-249,-232,-166,-53,81,195,270,283,228,105,-45,-184,-292,-324,-269,-158,-5,154,269,324,311,223,71,-95,-234,-317,-318,-250,-117,33,167,261,293,240,139,1,-137,-212,-224,-185,-96,21,112,161,167,127,40,-70,-150,-172,-145,-62,54,156,203,205,151,43,-103,-222,-285,-276,-191,-50,114,259,348,351,265,98,-111,-284,-388,-405,-316,-144,67,274,410,439,359,188,-39,-240,-382,-437,-377,-218,-1,213,371,427,366,212,9,-202,-361,-422,-363,-205,2,216,364,0,316,174,-39,-256,-397,-427,-335,-143,93,308,449,471,361,145,-122,-359,-509,-517,-389,-156,137,405,570,590,438,162,-159,-446,-632,-645,-481,-180,175,487,678,692,521,206,-172,-522,-751,-780,-598,-253,160,544,798,842,668,301,-155,-566,-830,-884,-715,-343,122,555,843,915,753,388,-86,-539,-855,-959,-795,-415,63,528,859,967,824,461,-25,-502,-845,-966,-836,-477,4,477,820,961,849,504,29,-453,-805,-935,-823,-490,-11,470,805,923,801,479,24,-452,-802,-929,-812,-481,-14,457,807,944,826,487,20,-458,-812,-942,-829,-504,-36,450,816,959,849,504,21,-459,-816,0,0
39148,mtk,MTK 7916,2424304215,rx2-tx0,512,0,0,0,-895,-915,-688,-266,228,657,914,923,680,258,-227,-652,-904,-916,-676,-251,233,645,884,881,636,227,-235,-635,-849,-826,-586,-186,267,634,812,766,506,109,-313,-650,-798,-714,-436,-34,382,691,803,683,370,-43,-445,-725,-803,-651,-310,117,513,763,797,612,249,-187,-565,-793,-801,-569,-173,271,647,844,799,526,101,-364,-737,-899,-807,-482,-16,468,840,990,862,492,-15,-534,-929,-1071,-926,-535,9,563,975,1141,1004,587,14,-567,-1007,-1182,-1044,-637,-60,533,982,1169,1061,672,104,-484,-933,-1140,-1052,-691,-150,418,866,1076,998,661,151,-381,-803,-1005,-936,-612,-130,372,761,0,871,547,83,-398,-762,-911,-811,-484,-16,450,791,924,789,433,-47,-509,-840,-944,-784,-407,83,567,906,989,802,394,-136,-644,-990,-1083,-882,-433,146,695,1071,1178,976,517,-90,-690,-1121,-1263,-1074,-610,17,646,1120,1313,1167,719,84,-579,-1093,-1326,-1233,-825,-200,477,1021,1309,1263,892,295,-370,-942,-1261,-1267,-959,-409,246,828,1203,1275,1024,524,-101,-700,-1119,-1247,-1068,-636,-60,524,969,1162,1080,747,244,-307,-764,-1018,-1026,-791,-377,102,539,825,901,765,457,59,-333,-622,-751,-693,-478,-170,158,434,597,620,501,279,6,-247,-429,-509,-486,-365,-184,9,177,289,334,316,0,0,0,0,0,-243,-321,-349,-317,-222,-72,114,292,434,498,461,326,120,-125,-350,-504,-550,-474,-292,-36,238,458,577,567,414,159,-135,-400,-573,-613,-503,-262,48,343,557,635,557,337,39,-268,-507,-624,-575,-375,-84,234,486,603,563,375,85,-229,-474,-598,-558,-354,-52,269,526,638,570,349,25,-323,-589,-702,-633,-399,-51,327,625,763,701,455,85,-315,-636,-793,-741,-494,-117,297,633,803,770,537,154,-266,-612,-803,-782,-554,-171,259,617,811,789,557,182,-242,-605,-806,-795,-574,-194,238,602,815,817,591,210,-222,-595,-815,-815,-598,-223,207,586,812,817,602,233,-201,-580,0,-795,-586,-219,213,587,796,789,570,192,-240,-608,-809,-784,-542,-155,280,642,829,792,535,119,-336,-701,-874,-813,-527,-92,375,742,909,832,522,65,-410,-790,-956,-862,-537,-67,435,814,973,876,541,56,-443,-829,-987,-873,-524,-28,477,851,989,860,489,-18,-522,-885,-1003,-838,-442,78,585,931,1023,833,412,-127,-633,-975,-1061,-854,-407,153,672,1018,1097,876,412,-157,-689,-1041,-1116,-885,-420,156,690,1042,1117,896,430,-145,-681,-1031,-1108,-891,-436,134,656,999,1074,867,430,-122,-633,-965,-1039,-833,-406,120,607,930,996,787,373,-134,-602,-910,-960,-745,-336,163,614,893,0,0,0,0,0,264,-220,-658,-915,-921,-683,-267,226,661,910,915,675,261,-223,-647,-894,-894,-649,-238,231,631,868,858,608,201,-252,-630,-828,-800,-547,-141,295,637,801,739,472,72,-346,-660,-786,-691,-396,14,422,710,802,666,339,-84,-484,-753,-810,-643,-293,143,538,782,801,589,210,-228,-607,-816,-795,-541,-130,324,690,866,800,504,57,-418,-786,-946,-848,-502,-6,495,875,1026,892,509,-19,-554,-950,-1104,-965,-559,5,577,993,1162,1027,616,35,-553,-996,-1179,-1058,-662,-97,492,953,1164,1062,684,135,-439,-892,-1110,-1033,-681,-157,398,839,1047,968,639,153,-370,-788,-982,-905,-585,0,390,771,938,844,516,47,-429,-784,-916,-797,-463,6,479,818,929,782,419,-65,-547,-882,-970,-792,-391,121,615,953,1039,841,412,-146,-678,-1040,-1139,-924,-458,129,705,1110,1236,1036,561,-72,-688,-1134,-1297,-1134,-676,-35,615,1111,1329,1205,766,139,-525,-1058,-1321,-1244,-846,-240,426,984,1292,1270,927,346,-316,-893,-1240,-1277,-996,-465,180,780,1172,1265,1053,591,-18,-608,-1039,-1213,-1091,-699,-154,410,863,1100,1056,766,311,-205,-657,-931,-969,-779,-416,18,422,719,836,739,471,119,-239,-529,-682,-665,-496,-224,80,345,520,573,501,326,96,-137,-319,-423,-437,-372,-251,-108,31,0,0,0,0,0,164,63,-69,-217,-346,-428,-436,-364,-215,-11,209,400,512,518,415,219,-35,-288,-480,-568,-526,-365,-105,188,440,582,591,462,219,-89,-374,-571,-635,-545,-310,3,311,538,632,572,368,62,-247,-492,-608,-567,-378,-87,228,477,592,551,365,67,-242,-494,-610,-560,-348,-38,298,557,666,595,369,32,-329,-616,-738,-667,-421,-56,331,634,781,728,476,94,-313,-641,-802,-761,-519,-143,272,624,812,782,541,168,-249,-611,-805,-780,-558,-183,255,618,815,797,568,188,-244,-610,-816,-804,-583,-204,229,604,818,813,592,217,-210,-588,-814,-820,-607,-230,207,586,806,812,603,0,-204,-579,-798,-797,-573,-196,227,589,791,779,556,174,-261,-620,-806,-778,-531,-135,306,668,847,791,519,97,-358,-724,-895,-820,-521,-80,394,770,942,856,533,64,-423,-800,-964,-870,-543,-61,441,820,980,877,535,52,-452,-837,-989,-866,-506,-4,497,863,990,851,470,-46,-548,-899,-1015,-844,-430,104,606,957,1044,840,410,-133,-657,-1005,-1074,-858,-414,148,678,1027,1105,887,427,-150,-690,-1038,-1113,-890,-427,150,684,1039,1115,893,432,-140,-668,-1016,-1098,-887,-439,121,639,977,1056,853,421,-122,-622,-949,-1015,-816,-399,123,606,916,981,775,357,-146,-602,-894,-948,-734,-322,0,0
39149,mtk,MTK 7916,2424304215,rx2-tx1,512,0,0,0,509,581,502,295,24,-251,-469,-556,-505,-336,-93,180,404,524,505,360,134,-120,-344,-478,-485,-374,-183,49,262,400,440,376,228,29,-167,-323,-386,-353,-232,-77,88,218,294,298,236,115,-13,-128,-203,-219,-195,-138,-62,25,94,132,149,145,112,60,0,-54,-94,-123,-143,-141,-114,-74,-15,64,137,189,202,180,115,14,-103,-206,-272,-283,-218,-99,45,192,300,347,304,178,6,-165,-305,-367,-353,-246,-74,127,288,391,396,300,123,-83,-277,-388,-399,-326,-174,51,265,394,428,354,188,-25,-232,-382,-431,-358,-196,13,209,358,419,372,220,13,-188,-341,-401,0,-223,-25,176,333,411,369,223,26,-166,-316,-384,-343,-210,-25,169,319,384,329,190,3,-189,-336,-390,-330,-170,43,242,379,409,331,156,-76,-305,-456,-483,-384,-177,85,347,522,559,447,226,-72,-383,-598,-662,-553,-301,32,378,639,746,670,427,56,-335,-644,-811,-783,-557,-199,220,600,824,842,666,327,-106,-520,-807,-894,-776,-481,-61,378,724,891,854,618,244,-182,-564,-816,-863,-705,-396,-15,371,667,788,718,499,181,-172,-475,-653,-675,-542,-296,9,306,514,584,528,367,137,-118,-339,-474,-496,-416,-261,-59,144,288,372,392,329,208,70,-61,-158,-210,-219,0,0,0,0,0,167,193,198,178,117,29,-68,-164,-249,-282,-258,-196,-95,35,162,259,311,299,216,91,-60,-197,-296,-338,-299,-185,-42,115,252,335,350,289,164,4,-161,-295,-364,-350,-258,-116,53,227,343,373,321,212,66,-101,-252,-337,-357,-285,-160,-11,126,245,312,319,249,127,-7,-136,-234,-284,-272,-205,-110,2,113,198,244,246,203,123,20,-91,-186,-231,-224,-180,-118,-32,72,155,210,228,198,116,22,-68,-145,-206,-224,-192,-114,-20,82,166,215,213,167,76,-35,-124,-187,-208,-184,-116,-19,96,169,188,168,123,36,-50,-128,-168,-168,-111,-29,61,135,171,149,0,4,-80,-148,-173,-150,-88,11,118,192,215,184,96,-21,-129,-220,-258,-211,-100,28,152,246,284,253,145,-15,-180,-298,-346,-315,-191,-9,174,320,391,366,241,60,-144,-322,-422,-402,-283,-96,116,295,398,400,302,132,-90,-292,-405,-399,-288,-108,103,294,411,410,289,93,-118,-317,-433,-423,-289,-81,157,361,474,461,325,97,-169,-401,-528,-516,-375,-122,166,414,562,570,432,171,-142,-424,-600,-628,-487,-217,108,417,621,672,551,289,-40,-366,-614,-701,-614,-372,-38,308,570,702,658,452,131,-224,-511,-666,-662,-500,-217,115,422,614,644,515,259,-58,-356,-556,0,0,0,0,0,-282,0,278,488,570,514,324,49,-227,-441,-545,-512,-348,-100,161,371,490,490,370,162,-83,-305,-432,-456,-373,-203,10,214,363,418,364,236,58,-121,-265,-341,-327,-226,-98,43,167,247,264,219,133,26,-74,-144,-180,-174,-136,-80,-15,46,91,114,130,123,99,67,17,-51,-107,-145,-157,-160,-135,-65,35,128,202,247,227,158,45,-87,-204,-286,-319,-265,-145,8,175,306,364,330,212,42,-147,-303,-386,-367,-265,-99,93,277,392,408,311,144,-62,-258,-388,-426,-348,-170,47,240,374,416,357,207,-8,-220,-363,-415,-368,-213,-2,211,359,413,365,229,22,0,-350,-415,-377,-230,-27,168,316,383,338,214,41,-150,-314,-390,-347,-208,-25,170,318,379,330,183,-20,-216,-358,-403,-329,-157,54,261,408,441,348,159,-89,-327,-486,-521,-421,-197,91,365,560,606,498,257,-68,-399,-632,-721,-623,-361,-5,351,644,786,738,498,121,-290,-633,-832,-824,-615,-253,175,561,812,884,739,404,-25,-455,-771,-899,-815,-548,-151,278,653,869,874,679,332,-82,-468,-745,-840,-731,-456,-90,283,570,720,712,538,247,-85,-383,-591,-643,-547,-345,-75,204,427,538,519,387,192,-38,-252,-401,-455,-422,-310,-148,26,181,281,322,304,235,137,45,0,0,0,0,0,-73,-19,55,139,207,248,246,207,127,16,-104,-213,-288,-301,-256,-165,-34,111,230,306,327,277,153,-9,-165,-284,-346,-335,-255,-113,61,214,317,366,328,209,46,-125,-270,-358,-366,-298,-169,1,170,288,350,341,255,103,-57,-198,-294,-334,-309,-208,-79,56,196,291,314,274,187,54,-66,-168,-242,-266,-229,-151,-50,55,149,219,251,229,165,69,-38,-126,-199,-244,-230,-165,-79,8,111,187,219,204,166,86,-20,-127,-201,-230,-207,-151,-58,56,154,205,206,169,99,1,-102,-176,-211,-194,-122,-23,79,153,187,174,120,37,-58,-141,-173,-150,-95,-7,93,0,161,137,79,-10,-100,-167,-191,-163,-89,9,117,204,238,200,104,-24,-150,-241,-268,-222,-112,23,168,285,328,285,157,-16,-185,-308,-366,-331,-211,-30,159,318,408,394,275,74,-142,-316,-408,-406,-304,-117,104,288,396,398,299,118,-97,-293,-402,-404,-299,-108,115,308,409,407,289,90,-138,-335,-444,-436,-312,-86,168,382,502,487,334,93,-178,-417,-554,-540,-392,-133,168,429,580,589,453,194,-129,-419,-610,-653,-521,-254,78,396,617,688,594,335,-12,-346,-594,-702,-635,-412,-87,261,549,696,663,470,172,-168,-468,-643,-657,-513,-244,83,379,580,630,513,273,0,0
39150,mtk,MTK 7916,2424333967,rx0-tx0,512,-349,-849,-876,-315,-400,-462,-474,-453,-397,-285,-158,-14,142,292,410,493,538,532,477,386,265,100,-69,-218,-364,-471,-531,-564,-533,-451,-328,-178,-15,139,291,397,475,508,498,449,347,235,106,-28,-152,-268,-354,-390,-401,-393,-363,-294,-212,-122,-21,70,159,223,270,301,329,325,289,264,216,132,46,-34,-116,-197,-276,-333,-376,-391,-390,-354,-283,-175,-48,99,236,350,455,520,540,501,422,313,167,-14,-176,-336,-468,-569,-615,-592,-526,-401,-245,-71,113,291,439,544,601,592,529,419,275,116,-59,-227,-355,-450,-509,-514,-474,-394,-274,-143,-5,138,257,326,371,390,380,329,-511,171,76,-23,-110,-166,-224,-247,-256,-247,-216,-172,-119,-59,-14,32,91,125,133,142,153,150,126,117,112,84,63,36,12,-18,-60,-97,-134,-160,-181,-183,-178,-157,-113,-70,-12,46,121,175,216,237,238,228,204,147,82,10,-59,-132,-181,-228,-254,-260,-238,-193,-140,-91,-16,61,126,183,233,273,272,240,202,156,90,13,-61,-132,-185,-227,-248,-239,-217,-184,-134,-69,-5,56,123,173,211,227,227,207,161,111,53,3,-56,-110,-146,-184,-199,-182,-174,-150,-104,-53,-2,59,109,150,187,196,189,163,113,63,-1,-68,-119,-164,-185,-174,-139,-81,-21,45,-799,-829,1179,-138,-310,-291,-230,-115,36,197,345,442,473,433,328,187,18,-154,-307,-422,-508,-535,-482,-396,-270,-118,52,210,357,469,530,551,517,428,289,148,-23,-193,-348,-472,-534,-572,-551,-477,-366,-235,-73,100,263,411,511,565,571,527,452,327,172,14,-158,-312,-432,-517,-562,-555,-503,-421,-293,-153,-6,142,274,391,477,498,510,459,383,294,170,37,-100,-224,-339,-423,-482,-504,-493,-438,-336,-232,-103,49,183,302,407,490,518,517,460,380,264,135,-14,-162,-305,-420,-501,-549,-550,-495,-399,-299,-156,17,176,318,443,518,563,552,494,419,285,135,-32,-196,-334,-436,-513,-548,-330,-490,-395,-274,-130,18,168,304,423,495,528,523,483,391,276,144,1,-136,-270,-367,-440,-490,-496,-461,-396,-306,-195,-61,78,203,318,412,468,480,487,446,373,278,143,-3,-142,-271,-400,-497,-550,-565,-530,-464,-347,-202,-48,123,282,425,545,612,631,596,510,385,216,27,-155,-339,-491,-592,-656,-673,-619,-511,-362,-178,21,218,393,528,616,655,636,562,436,270,96,-82,-264,-394,-498,-565,-570,-537,-449,-330,-197,-52,100,240,343,410,455,463,437,374,280,179,63,-50,-148,-228,-297,-344,-371,-367,-339,-290,-219,-142,-60,34,132,215,306,359,389,392,369,328,689,578,-729,-242,-77,-321,-232,-104,38,170,307,410,476,507,499,438,332,208,60,-105,-254,-382,-484,-542,-542,-499,-415,-285,-142,16,192,337,450,522,542,518,449,337,209,60,-90,-232,-344,-421,-460,-466,-432,-366,-265,-150,-42,65,171,266,317,355,358,348,311,253,184,113,37,-53,-123,-179,-260,-315,-334,-336,-328,-306,-254,-175,-82,20,127,239,343,431,480,485,437,357,250,105,-55,-217,-351,-463,-546,-573,-549,-483,-369,-216,-31,139,310,462,559,614,607,533,417,263,86,-93,-259,-400,-501,-562,-574,-517,-414,-286,-131,29,169,301,388,441,461,442,364,270,165,53,-67,-167,1105,-300,-327,-324,-288,-236,-171,-92,-21,52,110,155,182,191,185,182,169,125,91,67,35,-7,-43,-50,-81,-106,-119,-131,-134,-141,-139,-121,-93,-58,-18,28,73,136,178,204,212,221,209,165,112,45,-23,-89,-154,-207,-233,-243,-249,-218,-173,-119,-55,23,100,164,208,238,263,256,224,180,135,60,-16,-89,-152,-210,-250,-263,-250,-223,-168,-114,-36,33,90,147,202,229,229,223,196,149,97,28,-27,-89,-144,-178,-195,-203,-199,-173,-137,-89,-22,33,70,124,164,182,190,180,143,107,52,-4,-53,-106,-150,-173,-190,-172,-141,-93,-21,47,106,136,145,134,-182,-67,1145,-821,-778,135,255,352,395,372,278,134,-36,-209,-352,-455,-501,-492,-412,-289,-143,39,207,340,451,518,536,502,420,279,122,-49,-210,-365,-471,-531,-561,-529,-458,-330,-181,-22,159,316,434,519,571,567,522,421,276,114,-62,-220,-357,-478,-540,-571,-557,-482,-364,-225,-73,76,223,350,456,514,531,508,439,342,217,89,-40,-188,-297,-395,-460,-488,-486,-445,-368,-263,-138,-6,126,258,366,443,515,514,469,402,315,184,41,-104,-249,-361,-450,-506,-533,-514,-453,-344,-219,-71,96,255,377,471,546,561,532,470,355,215,56,-113,-246,-375,-477,-533,-552,-526,-448,-345,-211,-57,826,250,374,476,536,542,510,435,336,200,59,-82,-222,-351,-436,-496,-513,-494,-432,-340,-233,-99,44,179,299,386,459,499,489,447,378,281,150,33,-91,-236,-345,-442,-503,-518,-503,-458,-383,-261,-114,47,202,353,473,553,592,588,536,436,294,132,-48,-226,-387,-522,-611,-646,-630,-575,-458,-293,-117,89,288,440,563,643,662,629,536,397,231,45,-144,-317,-461,-561,-615,-618,-556,-438,-312,-147,22,176,315,419,490,523,508,443,348,242,122,-9,-133,-247,-326,-378,-401,-393,-360,-309,-238,-151,-56,45,141,220,289,327,358,364,339,296,241,141,50,-61,-159,-261,-847,-962
39151,mtk,MTK 7916,2424333967,rx0-tx1,512,87,-394,-377,-303,-421,-514,-582,-603,-573,-497,-367,-208,-33,156,348,514,647,731,751,709,620,476,289,74,-156,-380,-574,-730,-838,-876,-846,-753,-596,-387,-145,115,368,601,789,919,980,966,868,701,484,222,-69,-349,-601,-813,-964,-1049,-1048,-963,-810,-590,-329,-42,261,535,777,962,1078,1111,1057,922,727,473,177,-145,-460,-735,-968,-1112,-1177,-1152,-1040,-844,-572,-255,76,410,713,951,1120,1201,1187,1070,872,615,308,-21,-341,-629,-873,-1033,-1124,-1118,-1019,-866,-636,-369,-79,221,491,721,899,1001,1029,986,868,687,459,200,-73,-333,-569,-760,-895,-964,-961,-889,-754,-569,-336,-72,183,423,-689,812,914,944,923,826,668,464,222,-36,-283,-512,-715,-869,-955,-977,-926,-806,-633,-400,-133,144,420,657,871,1016,1082,1063,961,783,537,243,-81,-409,-710,-957,-1134,-1214,-1206,-1089,-877,-595,-262,96,461,786,1049,1232,1303,1271,1130,890,572,200,-192,-560,-867,-1110,-1264,-1306,-1233,-1045,-777,-446,-72,287,618,901,1098,1196,1189,1083,880,595,286,-43,-359,-641,-848,-993,-1041,-992,-869,-681,-430,-153,120,373,590,738,817,824,771,657,484,283,65,-154,-349,-504,-624,-676,-667,-602,-489,-332,-149,38,223,381,497,570,575,519,408,255,80,-103,-269,-387,-445,-439,-372,-248,-96,38,-60,-70,0,966,528,181,170,125,49,-48,-139,-216,-266,-275,-251,-189,-111,-20,78,170,241,279,302,290,246,188,109,19,-75,-155,-226,-275,-301,-307,-289,-243,-178,-99,-14,75,170,245,308,359,378,364,322,252,160,50,-77,-205,-319,-413,-463,-491,-471,-405,-307,-167,-9,151,306,438,532,574,579,529,418,280,112,-66,-245,-391,-506,-581,-606,-580,-497,-365,-217,-51,123,287,420,522,577,575,525,446,324,175,23,-133,-269,-388,-469,-506,-505,-469,-396,-289,-154,-24,103,223,321,394,436,448,429,374,293,199,76,-44,-153,-254,-327,-385,-407,-393,-359,-298,-211,-118,-18,92,195,274,-130,371,370,351,308,229,145,53,-49,-135,-210,-274,-314,-332,-312,-279,-234,-169,-84,-7,68,137,185,223,240,250,242,217,182,135,96,50,-1,-38,-88,-128,-163,-203,-226,-231,-238,-234,-210,-168,-102,-39,33,107,190,264,310,346,360,341,300,228,140,33,-76,-191,-299,-380,-443,-456,-444,-407,-321,-205,-84,52,192,316,420,493,527,511,453,367,244,96,-47,-194,-331,-426,-490,-514,-493,-440,-340,-224,-94,37,161,269,348,401,416,399,353,289,208,119,25,-54,-122,-184,-226,-254,-262,-258,-246,-231,-217,-194,-153,-101,-48,17,98,173,242,315,370,402,404,377,290,957,504,59,121,-454,-361,-243,-96,75,241,404,539,630,675,670,613,500,345,154,-61,-269,-458,-624,-745,-805,-806,-738,-610,-441,-224,14,256,483,684,827,916,931,871,741,549,313,52,-225,-489,-715,-885,-995,-1020,-959,-839,-651,-409,-133,166,444,694,894,1019,1076,1053,948,777,539,255,-54,-356,-637,-863,-1038,-1136,-1152,-1066,-908,-667,-378,-62,264,573,850,1054,1176,1208,1148,982,740,448,118,-225,-545,-817,-1022,-1146,-1175,-1110,-974,-753,-485,-176,145,438,694,895,1022,1080,1054,945,773,541,277,1,-277,-533,-744,-901,-986,-999,-936,-807,-623,-397,-140,127,380,598,773,900,950,928,850,261,518,275,25,-230,-469,-667,-827,-924,-951,-907,-799,-643,-429,-183,73,336,570,769,922,1003,1011,934,799,600,341,49,-253,-540,-799,-995,-1123,-1159,-1100,-956,-726,-430,-99,247,593,883,1112,1242,1278,1202,1014,752,419,52,-319,-671,-967,-1185,-1303,-1308,-1185,-969,-683,-333,46,426,754,1011,1194,1267,1218,1076,840,540,196,-157,-491,-784,-993,-1102,-1123,-1042,-873,-642,-362,-49,250,509,716,859,914,905,816,665,456,219,-15,-246,-452,-606,-704,-747,-724,-633,-497,-321,-117,80,267,423,552,619,627,573,458,316,140,-48,-220,-371,-472,-521,-511,-431,-296,-129,42,194,302,343,323,326,216,0,500,914,-24,-104,-179,-232,-245,-218,-158,-69,33,132,212,263,293,287,247,173,93,4,-95,-174,-238,-285,-306,-297,-258,-200,-130,-51,36,125,206,267,300,323,321,294,238,174,90,-16,-124,-225,-310,-381,-422,-435,-397,-332,-227,-104,25,179,311,424,505,540,532,468,362,220,56,-111,-287,-429,-529,-590,-600,-554,-455,-328,-168,7,183,346,472,555,602,589,525,413,276,111,-62,-216,-350,-462,-527,-549,-525,-460,-360,-229,-87,56,190,304,400,451,472,464,416,340,234,117,-6,-125,-237,-320,-388,-429,-420,-394,-334,-252,-157,-44,66,168,266,336,372,394,386,338,266,245,85,-20,-108,-205,-277,-326,-358,-354,-321,-269,-197,-112,-21,67,140,205,260,283,280,271,238,193,136,79,20,-41,-93,-140,-175,-198,-218,-213,-211,-199,-171,-141,-102,-54,-3,44,107,163,218,260,281,292,282,259,204,136,54,-46,-145,-238,-317,-376,-409,-410,-389,-324,-234,-118,16,131,253,369,444,483,497,464,395,290,164,24,-123,-257,-375,-475,-523,-523,-498,-421,-304,-176,-23,121,256,365,431,467,466,435,363,270,157,39,-71,-163,-241,-299,-330,-335,-318,-290,-245,-183,-123,-64,-5,46,94,140,186,229,258,281,303,301,277,247,188,106,1,-105,-217,-1206,-1055
39152,mtk,MTK 7916,2424333967,rx1-tx0,512,0,1231,1280,671,724,736,693,599,456,260,51,-162,-381,-589,-741,-837,-870,-836,-730,-574,-368,-122,159,412,635,820,948,989,969,856,671,443,150,-149,-439,-697,-909,-1052,-1094,-1059,-950,-751,-484,-182,128,442,729,957,1095,1160,1123,999,800,525,222,-114,-447,-731,-963,-1120,-1200,-1187,-1072,-862,-594,-274,73,416,707,967,1151,1221,1204,1088,881,621,291,-57,-386,-704,-953,-1118,-1203,-1177,-1056,-859,-590,-280,48,373,667,899,1057,1124,1104,988,800,559,273,-18,-329,-587,-782,-939,-1011,-992,-898,-737,-524,-287,-20,243,485,678,808,887,901,841,718,542,313,79,-154,-378,-558,-715,-814,-840,216,-714,-555,-353,-144,93,319,501,660,762,807,792,706,557,385,189,-44,-276,-467,-632,-748,-794,-787,-709,-590,-408,-198,29,256,467,632,742,783,772,689,558,385,166,-55,-276,-451,-593,-699,-748,-729,-630,-487,-324,-113,85,269,424,548,635,669,620,539,430,286,111,-57,-209,-351,-466,-543,-561,-552,-493,-393,-282,-142,15,167,310,411,481,517,517,465,375,263,116,-26,-164,-288,-395,-461,-486,-460,-390,-311,-187,-54,80,216,322,381,417,414,367,294,194,75,-49,-164,-260,-320,-357,-353,-313,-251,-152,-43,62,152,230,277,295,270,198,112,19,-68,-136,-175,-170,-509,115,0,1413,1794,-194,-220,-205,-141,-44,65,173,266,314,331,296,218,118,5,-111,-219,-295,-337,-357,-342,-275,-178,-76,34,150,244,314,355,362,332,284,194,85,-22,-129,-224,-293,-340,-362,-345,-308,-238,-142,-56,43,138,233,295,342,370,352,320,249,150,59,-47,-145,-236,-306,-341,-364,-343,-293,-231,-156,-61,37,137,232,314,347,346,327,293,219,139,59,-37,-127,-202,-261,-303,-306,-305,-273,-213,-147,-75,6,93,180,220,249,268,265,257,226,163,91,24,-48,-116,-177,-219,-248,-254,-245,-213,-159,-110,-46,20,78,126,180,220,220,207,201,174,136,78,20,-31,-85,-584,-164,-184,-200,-194,-170,-144,-118,-82,-26,28,85,121,152,181,194,176,162,140,107,76,28,-25,-67,-109,-141,-156,-177,-174,-158,-144,-115,-84,-54,-27,7,57,92,120,150,176,191,193,188,171,136,87,44,-20,-84,-145,-197,-241,-288,-304,-315,-291,-236,-175,-77,42,132,255,351,430,464,471,434,363,249,106,-41,-202,-355,-486,-566,-607,-587,-525,-423,-280,-111,81,264,417,556,643,671,649,568,450,296,114,-90,-279,-448,-579,-646,-675,-659,-580,-458,-301,-111,70,241,401,523,609,649,631,585,489,351,183,11,-157,-326,-463,-567,-646,-666,-633,-555,-441,-296,-1433,-623,0,-480,301,292,105,-86,-282,-467,-628,-742,-793,-789,-741,-610,-422,-204,33,279,503,690,843,932,943,862,724,524,273,-2,-283,-557,-772,-943,-1034,-1042,-965,-814,-604,-321,-13,294,593,846,1024,1116,1120,1045,875,631,347,37,-299,-599,-857,-1044,-1153,-1184,-1109,-937,-700,-407,-79,252,588,866,1068,1195,1222,1143,986,754,445,104,-238,-568,-844,-1067,-1208,-1227,-1156,-996,-748,-460,-127,221,541,817,1023,1136,1157,1086,932,705,422,109,-206,-494,-739,-928,-1040,-1074,-1016,-858,-663,-417,-131,153,410,637,801,911,951,908,801,625,420,187,-67,-310,-526,-708,-824,-862,-849,-761,-630,-450,-221,19,757,432,617,734,804,825,756,649,485,279,53,-173,-391,-565,-691,-788,-816,-765,-650,-503,-298,-77,153,364,549,687,767,789,751,648,488,293,75,-153,-370,-542,-680,-753,-770,-720,-600,-455,-265,-53,164,366,516,637,709,693,633,523,387,225,22,-169,-323,-451,-548,-599,-587,-545,-458,-337,-197,-44,103,257,376,466,531,539,513,441,334,204,60,-89,-236,-351,-451,-496,-501,-464,-394,-288,-156,-17,135,255,364,439,464,455,404,297,184,67,-64,-181,-280,-356,-394,-387,-344,-267,-174,-67,52,151,243,303,320,305,258,184,92,-5,-110,-194,-235,-246,-219,-161,-86,3,-1311,-1114,0,-1195,-256,-44,37,140,226,277,285,251,170,63,-59,-177,-270,-332,-358,-341,-278,-184,-80,23,139,253,320,358,370,335,268,181,71,-45,-152,-249,-323,-362,-375,-347,-286,-210,-124,-22,89,187,278,319,341,348,328,278,198,109,5,-92,-179,-265,-324,-357,-364,-323,-261,-185,-102,-10,96,184,263,327,359,357,327,279,195,93,-1,-91,-182,-261,-299,-330,-331,-299,-248,-189,-106,-22,59,148,220,269,302,303,281,236,175,121,53,-29,-106,-179,-232,-247,-258,-257,-242,-194,-133,-64,8,77,142,192,223,244,239,218,187,151,83,16,-32,-82,-133,-168,-194,-199,-201,-187,-674,-127,-85,-33,31,80,119,148,187,199,199,178,141,115,67,11,-35,-68,-106,-140,-166,-187,-187,-173,-151,-113,-80,-43,5,47,85,126,153,159,162,165,157,146,126,91,57,6,-31,-75,-122,-167,-197,-226,-243,-242,-223,-192,-148,-69,9,98,187,261,334,391,400,392,351,273,165,37,-96,-243,-362,-462,-514,-541,-528,-466,-351,-196,-28,156,317,462,570,642,649,590,500,371,202,16,-178,-355,-502,-610,-676,-674,-623,-522,-370,-193,-16,168,348,488,604,667,665,622,529,393,243,61,-115,-277,-435,-556,-627,-653,-630,-572,-457,-323,-158,26,200,360,498,602,-1195,-1979
39153,mtk,MTK 7916,2424333967,rx1-tx1,512,0,0,0,-221,-679,-978,-1027,-826,-421,96,600,964,1088,950,572,48,-487,-897,-1099,-1024,-693,-197,335,793,1063,1067,794,336,-204,-698,-1009,-1062,-852,-426,102,607,960,1066,897,499,-21,-539,-920,-1058,-927,-567,-52,474,879,1057,970,631,127,-417,-859,-1080,-1021,-705,-210,350,821,1092,1094,813,321,-262,-784,-1113,-1172,-953,-485,105,681,1086,1224,1067,648,69,-524,-989,-1211,-1130,-779,-253,339,846,1135,1144,885,409,-164,-675,-1015,-1116,-928,-518,1,517,896,1034,911,573,117,-366,-745,-930,-876,-614,-202,252,642,855,837,614,255,-158,-536,-771,-806,-631,-306,92,468,720,782,643,345,-28,0,-645,-732,-638,-391,-47,317,599,720,656,424,84,-282,-555,-679,-644,-452,-140,206,499,663,657,488,185,-163,-474,-663,-670,-503,-217,130,444,642,702,579,284,-73,-409,-651,-748,-662,-403,-30,354,656,803,748,515,165,-238,-603,-822,-837,-651,-311,101,498,789,895,794,506,100,-335,-692,-883,-881,-691,-333,101,499,785,909,826,555,170,-240,-588,-799,-846,-711,-426,-57,307,583,732,735,581,296,-27,-325,-544,-631,-599,-439,-202,55,293,453,506,456,321,139,-55,-220,-325,-367,-340,-244,-118,11,126,212,248,239,195,118,38,-26,-74,-108,-123,-113,-93,-69,-44,-24,0,0,0,0,0,53,113,142,144,129,92,29,-48,-120,-173,-196,-178,-123,-36,51,130,193,219,187,114,15,-91,-185,-237,-229,-168,-82,27,145,227,250,235,166,43,-90,-200,-274,-282,-226,-117,16,132,219,265,237,161,58,-62,-156,-215,-233,-193,-99,14,106,165,180,147,78,1,-74,-121,-116,-88,-30,38,92,115,95,40,-43,-128,-179,-171,-118,-38,57,162,233,247,189,88,-53,-190,-292,-331,-293,-171,-4,166,306,383,366,255,89,-98,-268,-396,-420,-341,-179,20,220,372,442,407,260,57,-148,-315,-422,-415,-312,-122,95,280,385,398,310,149,-60,-239,-357,-389,-317,0,66,251,374,394,303,137,-78,-289,-417,-431,-345,-166,74,302,455,494,413,219,-43,-303,-498,-565,-491,-299,-19,285,520,622,570,380,78,-250,-526,-674,-663,-481,-164,208,528,723,744,579,271,-124,-503,-760,-814,-682,-388,22,439,750,881,787,497,90,-346,-719,-907,-869,-619,-208,265,660,892,917,719,334,-136,-579,-877,-950,-783,-425,40,497,824,944,830,510,63,-397,-756,-924,-855,-569,-137,322,703,905,873,624,226,-245,-652,-885,-904,-693,-298,180,614,883,938,759,390,-83,-543,-857,-950,-811,-469,-1,462,815,971,874,554,99,-377,-767,-968,-933,-656,-212,285,0,0,0,0,0,1000,774,353,-166,-656,-981,-1063,-883,-490,22,537,930,1096,993,638,128,-414,-852,-1084,-1046,-756,-279,270,750,1031,1061,828,390,-150,-648,-981,-1065,-877,-460,67,571,931,1061,915,539,27,-499,-898,-1057,-948,-593,-85,447,870,1069,1003,674,159,-396,-850,-1095,-1063,-755,-258,312,815,1115,1132,872,395,-198,-750,-1119,-1220,-1013,-553,40,610,1039,1218,1103,722,158,-446,-925,-1173,-1153,-841,-330,244,755,1081,1138,911,471,-73,-591,-959,-1072,-922,-558,-59,443,819,988,911,604,164,-303,-686,-886,-860,-622,-241,201,579,799,814,628,283,-130,-509,-753,-795,-636,-322,70,440,688,758,0,363,0,-363,-628,-731,-651,-408,-60,292,563,695,657,440,116,-227,-519,-682,-652,-461,-163,179,474,654,661,495,201,-144,-455,-653,-683,-534,-251,94,425,658,726,622,346,-27,-388,-653,-761,-692,-454,-95,298,629,804,788,584,245,-172,-557,-801,-858,-724,-418,3,408,729,892,846,598,209,-228,-604,-850,-908,-754,-437,-32,383,708,872,843,646,308,-87,-449,-715,-829,-751,-507,-174,169,461,651,707,602,379,98,-187,-420,-547,-558,-462,-280,-49,166,330,421,431,349,210,44,-114,-231,-298,-306,-257,-171,-72,28,118,167,180,168,140,96,47,0,-28,-47,-58,-47,0,0,0,0,0,-96,-74,-31,27,86,141,171,179,142,75,-3,-87,-163,-205,-200,-155,-81,11,108,185,220,207,149,55,-59,-165,-231,-254,-217,-115,-1,111,213,269,254,193,87,-40,-163,-247,-272,-234,-140,-28,92,192,252,246,185,83,-30,-132,-193,-203,-161,-84,-5,74,144,157,115,45,-25,-81,-110,-105,-63,-4,65,127,147,109,34,-58,-157,-209,-212,-158,-61,59,181,271,297,251,136,-30,-191,-300,-345,-321,-221,-58,133,302,403,402,308,144,-64,-260,-388,-430,-380,-236,-22,190,356,434,404,277,91,-116,-297,-399,-403,-308,-135,78,261,372,384,294,133,-57,-244,0,-396,-300,-134,67,257,379,401,324,147,-83,-289,-425,-464,-384,-196,56,305,484,536,457,252,-21,-301,-508,-600,-538,-344,-51,273,533,657,616,420,115,-214,-519,-710,-715,-535,-221,160,510,735,787,633,318,-81,-465,-742,-841,-733,-436,-34,394,729,886,831,559,139,-314,-681,-901,-898,-659,-255,213,630,894,927,742,372,-87,-523,-836,-939,-802,-468,-26,433,786,929,839,547,116,-356,-730,-914,-878,-615,-186,297,688,904,900,666,255,-214,-626,-881,-917,-721,-335,142,576,866,947,787,421,-56,-517,-845,-961,-851,-528,-61,425,798,971,897,601,160,-335,-751,-976,-964,0,0
39154,mtk,MTK 7916,2424333967,rx2-tx0,512,0,0,0,-851,-515,-42,445,825,997,904,580,109,-383,-776,-974,-932,-645,-189,309,717,937,917,670,253,-224,-640,-886,-902,-684,-294,166,579,835,869,675,299,-151,-553,-805,-837,-651,-289,153,547,800,843,654,291,-150,-551,-804,-847,-665,-301,140,538,800,851,670,309,-128,-522,-785,-835,-654,-283,163,559,809,848,650,269,-201,-616,-866,-893,-688,-287,210,661,949,996,775,345,-186,-688,-1022,-1098,-895,-461,93,636,1038,1178,1016,602,33,-553,-1010,-1220,-1120,-749,-196,411,910,1183,1162,850,338,-248,-769,-1100,-1157,-921,-459,98,629,1000,1107,931,530,12,-497,-881,-1029,-901,-546,-69,0,798,952,855,536,89,-377,-750,-921,-838,-531,-90,383,757,929,853,552,104,-377,-766,-967,-908,-602,-136,370,797,1028,1002,702,212,-338,-816,-1107,-1118,-844,-350,237,789,1158,1240,1012,532,-91,-707,-1152,-1324,-1184,-755,-126,528,1066,1352,1301,942,364,-316,-928,-1309,-1376,-1106,-562,103,732,1192,1373,1231,780,139,-528,-1063,-1345,-1307,-956,-384,270,855,1245,1337,1117,643,25,-585,-1041,-1253,-1185,-856,-336,252,765,1087,1146,948,559,61,-437,-815,-990,-942,-696,-306,140,527,771,834,710,441,90,-260,-529,-670,-664,-515,-269,15,281,470,551,522,398,212,3,-187,-319,-378,-368,-305,0,0,0,0,0,254,189,78,-71,-234,-375,-468,-485,-411,-254,-41,193,399,535,566,483,296,43,-228,-458,-592,-589,-460,-233,56,339,549,638,578,379,100,-202,-465,-621,-640,-504,-249,64,362,569,637,554,335,37,-261,-498,-603,-550,-354,-75,224,476,603,565,376,91,-232,-490,-623,-605,-434,-132,215,512,689,696,525,222,-154,-505,-736,-782,-633,-326,60,438,718,827,727,445,47,-367,-685,-837,-784,-537,-158,257,610,811,807,605,247,-177,-562,-803,-838,-665,-329,90,492,763,846,715,400,-15,-424,-730,-853,-762,-476,-77,338,675,841,792,538,156,-261,-607,-807,-801,-588,-224,189,0,777,790,603,254,-161,-515,-744,-788,-615,-282,129,510,756,801,637,300,-118,-510,-775,-841,-685,-336,102,518,812,897,747,401,-61,-512,-838,-956,-828,-482,-15,464,833,999,902,578,103,-402,-811,-1013,-957,-645,-175,335,758,985,963,691,234,-280,-726,-987,-983,-723,-268,257,710,983,998,748,298,-230,-701,-997,-1036,-796,-347,195,696,1024,1093,879,434,-123,-659,-1031,-1142,-966,-542,24,583,997,1161,1033,642,89,-486,-941,-1151,-1068,-722,-200,377,848,1104,1084,788,293,-271,-756,-1044,-1060,-811,-363,172,660,975,1036,828,414,-105,-590,-919,-1003,-825,-440,52,532,865,971,841,0,0,0,0,0,-480,-835,-990,-883,-548,-75,413,807,994,916,613,157,-343,-747,-960,-932,-662,-226,254,667,912,917,679,277,-191,-604,-858,-885,-681,-298,156,566,818,850,653,291,-148,-549,-798,-832,-645,-282,151,546,808,848,654,292,-143,-550,-801,-841,-664,-309,130,535,792,834,649,293,-147,-548,-798,-838,-645,-267,182,584,839,869,668,269,-206,-635,-905,-944,-728,-305,209,679,985,1049,836,395,-157,-673,-1033,-1144,-958,-524,47,607,1033,1202,1076,678,109,-486,-956,-1193,-1143,-811,-276,331,851,1154,1165,896,416,-165,-697,-1049,-1136,-937,-512,37,568,934,1064,923,552,43,-457,-826,-970,0,-544,-82,399,767,924,828,526,84,-382,-750,-913,-835,-537,-95,376,755,941,876,572,122,-375,-780,-986,-939,-649,-180,354,813,1070,1049,769,279,-301,-814,-1136,-1177,-924,-440,160,748,1167,1301,1107,649,28,-612,-1114,-1345,-1250,-849,-239,430,999,1331,1345,1030,469,-210,-844,-1264,-1373,-1160,-667,-19,639,1144,1375,1265,856,252,-404,-970,-1298,-1330,-1051,-519,134,737,1155,1308,1164,752,172,-421,-907,-1187,-1190,-914,-450,93,597,953,1085,962,631,185,-275,-657,-876,-890,-710,-376,22,389,650,754,688,481,180,-142,-411,-576,-614,-527,-335,-92,153,346,458,476,411,290,134,-21,-145,0,0,0,0,0,180,291,372,401,363,257,91,-109,-301,-454,-528,-506,-389,-185,71,320,504,583,543,389,145,-142,-403,-574,-618,-524,-317,-35,269,518,641,613,453,190,-127,-414,-604,-649,-534,-297,6,313,534,622,558,354,63,-237,-475,-594,-558,-374,-87,216,468,607,580,387,103,-218,-501,-658,-646,-472,-163,195,515,721,747,585,270,-116,-481,-730,-804,-687,-396,5,408,708,831,759,493,103,-308,-640,-820,-797,-574,-205,216,584,805,822,627,276,-142,-524,-783,-845,-692,-363,60,460,748,855,741,443,34,-389,-705,-850,-781,-512,-111,309,655,835,800,570,198,-225,-584,-790,-797,0,-243,168,534,765,791,604,266,-139,-510,-749,-794,-631,-294,128,510,763,819,656,314,-112,-515,-793,-868,-714,-369,72,507,823,922,778,436,-27,-493,-835,-972,-869,-536,-58,436,823,1003,923,613,147,-368,-790,-1007,-966,-674,-209,307,743,988,976,703,243,-273,-718,-984,-995,-733,-284,239,705,991,1016,771,328,-211,-707,-1024,-1070,-841,-392,163,686,1034,1122,922,485,-79,-629,-1026,-1163,-1002,-585,-28,537,970,1161,1058,686,140,-433,-886,-1117,-1072,-757,-256,314,799,1070,1068,797,330,-219,-708,-1007,-1040,-816,-389,135,620,940,1019,832,433,-73,-556,-891,-991,-831,-459,29,506,0,0
39155,mtk,MTK 7916,2424333967,rx2-tx1,512,0,0,0,680,547,281,-52,-371,-597,-676,-587,-365,-52,264,509,641,620,440,156,-150,-407,-569,-604,-498,-275,20,295,497,580,523,348,105,-150,-367,-495,-500,-393,-201,27,240,392,440,395,269,86,-106,-262,-338,-341,-277,-169,-25,106,210,270,264,201,116,14,-85,-144,-185,-191,-160,-118,-70,-6,57,118,167,186,173,135,77,-2,-107,-186,-231,-243,-198,-103,12,133,247,306,292,228,104,-65,-221,-316,-353,-319,-209,-43,144,307,399,398,310,141,-68,-262,-394,-434,-376,-226,-17,202,376,450,410,289,94,-124,-320,-434,-450,-353,-171,59,265,403,446,390,226,5,-203,0,-439,-393,-264,-69,149,314,395,379,262,79,-125,-292,-381,-373,-262,-90,110,280,380,370,265,87,-116,-303,-404,-401,-291,-98,133,333,448,450,328,109,-149,-372,-516,-535,-415,-184,100,375,581,641,538,311,-13,-354,-619,-741,-691,-466,-130,246,586,798,819,643,319,-94,-481,-771,-897,-812,-522,-108,333,687,905,920,725,364,-85,-537,-851,-956,-867,-587,-166,291,670,911,952,766,421,-4,-427,-742,-876,-833,-616,-261,143,497,736,802,695,451,119,-238,-517,-671,-675,-543,-298,-3,278,485,588,567,440,230,-15,-244,-410,-486,-459,-367,-227,-56,104,220,287,299,267,0,0,0,0,0,-158,-93,-12,76,177,262,314,315,263,158,23,-122,-258,-344,-368,-318,-210,-54,111,260,364,389,332,211,43,-141,-299,-397,-413,-342,-201,-14,183,338,427,421,323,167,-24,-217,-370,-433,-408,-301,-132,61,228,349,394,356,243,87,-69,-211,-315,-340,-294,-210,-87,55,175,241,258,224,158,65,-33,-116,-165,-187,-188,-150,-88,-26,41,99,134,147,156,143,98,31,-36,-87,-139,-184,-194,-164,-103,-18,73,154,217,234,197,121,27,-85,-173,-237,-249,-204,-110,7,120,209,260,259,184,62,-58,-153,-218,-235,-193,-105,16,126,195,214,191,114,3,-100,-176,0,-160,-87,23,124,185,206,182,96,-18,-131,-217,-246,-213,-121,10,152,254,285,259,151,-5,-156,-281,-341,-307,-199,-32,152,299,387,383,277,87,-119,-297,-413,-443,-345,-169,55,272,422,472,418,260,26,-209,-392,-476,-448,-303,-89,157,371,473,450,314,100,-148,-358,-481,-473,-345,-123,137,374,503,509,382,147,-136,-380,-537,-568,-456,-218,84,372,575,632,532,302,-10,-346,-601,-707,-640,-414,-88,263,568,753,746,553,230,-149,-509,-746,-806,-668,-374,4,388,690,828,772,537,175,-232,-577,-780,-797,-633,-321,66,434,695,793,696,443,94,-270,-574,-731,-709,0,0,0,0,0,128,431,632,685,568,321,1,-320,-558,-650,-593,-402,-111,204,466,623,622,472,219,-74,-359,-544,-597,-516,-322,-54,226,435,540,523,384,158,-98,-309,-439,-478,-408,-239,-30,166,313,397,389,282,120,-52,-192,-280,-310,-273,-184,-72,43,156,220,227,198,148,64,-22,-88,-137,-164,-168,-152,-117,-67,0,69,132,178,193,180,132,40,-63,-160,-242,-279,-255,-168,-50,93,226,322,351,298,167,-9,-184,-320,-389,-373,-271,-96,109,288,405,425,340,179,-24,-230,-381,-448,-403,-261,-52,161,341,447,447,323,129,-95,-289,-424,-455,-382,-208,16,227,384,450,403,0,38,-181,-353,-428,-383,-251,-68,135,315,404,380,261,89,-110,-279,-373,-373,-274,-98,102,279,384,383,273,91,-127,-312,-421,-414,-297,-98,140,358,478,485,371,151,-126,-381,-553,-601,-485,-236,72,365,594,684,610,381,48,-308,-603,-777,-777,-577,-226,177,542,789,847,708,410,18,-401,-742,-907,-862,-617,-225,228,633,883,949,800,466,26,-427,-783,-962,-922,-683,-299,152,561,841,925,816,528,127,-287,-623,-810,-821,-670,-360,19,357,612,731,687,506,220,-106,-396,-587,-646,-561,-361,-109,150,365,504,537,465,307,103,-106,-271,-373,-407,-370,-282,-167,-48,58,0,0,0,0,0,-151,-219,-260,-262,-225,-152,-40,88,207,306,351,328,251,128,-29,-181,-309,-376,-361,-274,-138,41,211,332,407,394,291,124,-70,-249,-373,-420,-385,-273,-100,102,283,395,419,368,237,53,-140,-296,-395,-401,-324,-187,-26,147,285,363,353,276,148,-4,-148,-255,-308,-294,-233,-136,-19,106,193,223,213,180,109,29,-42,-104,-151,-161,-151,-126,-90,-34,37,93,131,156,166,152,113,51,-35,-109,-178,-204,-196,-153,-84,18,120,202,239,229,170,61,-51,-160,-232,-254,-217,-139,-33,78,178,249,251,185,89,-26,-130,-197,-223,-195,-116,-3,108,179,200,174,111,0,-97,-175,-208,-186,-108,10,133,204,223,183,104,-8,-135,-231,-268,-231,-127,10,152,276,320,276,174,22,-147,-286,-360,-344,-237,-59,141,302,397,404,308,128,-93,-289,-418,-451,-384,-215,14,244,412,478,432,286,62,-178,-372,-479,-451,-309,-92,154,356,461,455,330,111,-133,-351,-478,-481,-355,-135,132,374,526,542,417,175,-110,-378,-561,-604,-502,-261,58,364,582,672,601,366,26,-312,-582,-727,-691,-483,-156,217,547,748,771,617,306,-93,-471,-730,-820,-723,-462,-86,311,632,801,782,586,259,-138,-502,-741,-806,-679,-388,-10,361,638,761,701,479,150,-213,0,0
39156,mtk,MTK 7916,2424377479,rx0-tx0,512,-349,-849,-876,274,196,102,6,-105,-206,-309,-383,-425,-464,-461,-433,-378,-298,-192,-79,35,154,259,355,427,451,457,435,380,311,224,115,11,-94,-195,-276,-336,-379,-393,-391,-361,-298,-231,-149,-62,35,109,174,228,267,295,290,271,236,191,137,90,36,-22,-61,-90,-109,-146,-161,-159,-172,-164,-155,-140,-121,-110,-92,-64,-41,-17,24,69,106,147,199,231,248,254,249,222,180,119,45,-34,-120,-194,-256,-321,-352,-361,-364,-323,-253,-178,-85,17,124,226,314,381,415,417,397,341,264,175,64,-52,-152,-253,-334,-386,-408,-405,-376,-316,-243,-148,-32,74,161,238,278,317,-511,336,307,257,190,116,40,-31,-95,-166,-210,-240,-253,-241,-229,-188,-160,-121,-58,1,53,88,110,138,146,147,145,135,134,110,80,40,15,-1,-14,-39,-56,-76,-85,-86,-87,-96,-91,-94,-101,-80,-56,-50,-24,13,31,50,68,86,106,105,113,103,82,79,64,42,17,-6,-30,-56,-82,-104,-116,-116,-123,-97,-77,-63,-44,-15,4,29,52,72,92,92,94,90,71,56,30,19,10,-13,-46,-48,-50,-60,-53,-58,-45,-36,-29,-9,-10,-10,-2,6,14,9,9,10,10,14,12,16,20,23,24,22,18,16,8,0,-7,-8,-16,-21,-24,-22,-799,-829,1179,-138,-310,-349,-379,-356,-270,-147,5,171,323,446,519,553,538,470,357,213,62,-101,-261,-387,-497,-576,-607,-604,-571,-488,-364,-224,-68,93,257,399,512,607,667,686,661,594,486,353,201,26,-155,-331,-482,-602,-688,-737,-739,-698,-634,-507,-359,-192,1,192,355,505,623,703,739,736,690,605,478,341,187,28,-133,-282,-413,-543,-617,-654,-680,-662,-590,-492,-391,-261,-114,15,156,283,407,506,574,620,623,596,548,466,371,251,125,-15,-155,-285,-405,-493,-567,-614,-618,-612,-580,-497,-385,-252,-111,37,184,324,442,548,626,653,648,615,551,460,334,194,56,-92,-235,-365,-330,-556,-617,-640,-630,-572,-511,-423,-292,-148,-18,128,275,391,478,560,616,633,613,570,501,396,282,154,7,-125,-260,-388,-473,-560,-605,-625,-628,-602,-536,-440,-311,-179,-27,124,264,402,517,611,666,707,701,648,559,445,313,165,-17,-188,-362,-497,-608,-699,-741,-739,-719,-662,-537,-394,-231,-44,134,308,463,590,679,740,763,729,646,534,392,240,68,-111,-268,-400,-517,-590,-640,-650,-612,-545,-438,-326,-204,-70,66,181,292,380,424,462,473,439,414,361,285,209,133,44,-38,-107,-180,-250,-294,-332,-354,-362,-352,-326,-300,-250,-193,-120,-43,49,144,211,278,341,689,578,-729,-242,-77,-313,-382,-424,-445,-445,-413,-352,-258,-157,-54,75,184,284,363,425,460,466,444,391,318,219,107,1,-121,-228,-314,-383,-425,-433,-421,-378,-313,-232,-132,-27,65,162,236,287,321,343,341,316,277,220,153,73,-5,-66,-122,-168,-199,-218,-232,-218,-192,-160,-151,-128,-83,-57,-26,9,36,71,86,97,126,151,162,186,191,185,167,154,125,75,15,-44,-108,-170,-229,-281,-311,-323,-306,-272,-232,-161,-72,15,111,216,286,339,387,399,392,348,279,193,83,-26,-136,-240,-323,-393,-429,-422,-387,-335,-245,-146,-42,53,159,247,309,359,380,370,343,285,211,146,1105,-45,-128,-203,-257,-293,-306,-300,-277,-229,-160,-106,-38,21,80,130,159,195,211,205,184,158,136,99,50,15,-29,-48,-63,-84,-94,-110,-111,-100,-107,-104,-102,-88,-58,-37,-24,-2,18,30,51,79,83,88,109,113,98,97,86,72,46,18,-4,-45,-60,-74,-97,-103,-99,-105,-96,-92,-77,-51,-28,-10,23,49,64,82,105,115,109,101,77,69,45,15,-6,-35,-48,-60,-70,-64,-66,-67,-60,-39,-38,-20,-6,3,12,13,30,30,23,28,23,24,19,13,21,15,10,5,-2,1,0,1,-6,-11,-13,-15,-19,-23,-23,-24,-27,-17,-5,16,-182,-67,1145,-821,-778,-52,67,220,350,445,490,477,407,291,148,-8,-177,-327,-457,-542,-577,-586,-533,-456,-348,-206,-53,99,258,409,518,590,628,636,609,530,418,286,122,-44,-212,-365,-499,-603,-670,-715,-711,-663,-558,-423,-269,-99,85,257,424,574,664,735,762,731,665,565,426,257,82,-86,-253,-413,-547,-632,-689,-707,-687,-622,-540,-420,-277,-140,0,165,313,415,510,587,622,637,623,569,488,380,258,121,-25,-157,-281,-396,-484,-549,-591,-607,-595,-555,-477,-380,-264,-124,10,138,277,410,513,593,640,652,626,560,474,372,226,71,-76,-225,-358,-476,-569,-617,-643,-645,-600,-526,826,-311,-170,-24,121,254,365,485,574,613,627,624,579,494,395,285,141,0,-147,-278,-399,-497,-561,-611,-624,-607,-575,-498,-410,-296,-157,-23,117,253,384,495,578,632,665,653,615,548,449,324,188,34,-142,-311,-452,-564,-644,-717,-746,-721,-659,-547,-432,-283,-107,66,225,404,554,647,738,769,761,715,616,488,332,162,-23,-210,-366,-507,-613,-679,-718,-702,-639,-548,-426,-291,-154,12,165,310,422,492,544,565,550,501,443,356,261,158,32,-75,-159,-249,-312,-346,-379,-396,-380,-358,-323,-275,-217,-153,-78,-4,71,138,201,268,321,358,373,383,359,321,282,209,-847,-962
39157,mtk,MTK 7916,2424377479,rx0-tx1,512,87,-394,-377,381,280,155,22,-125,-278,-418,-548,-657,-734,-768,-758,-706,-625,-503,-349,-173,21,209,405,584,735,841,908,922,898,829,709,550,366,141,-85,-311,-535,-720,-872,-982,-1050,-1060,-1006,-900,-754,-563,-343,-107,147,388,614,809,960,1058,1112,1117,1062,950,785,588,356,107,-147,-411,-643,-850,-1009,-1130,-1190,-1187,-1123,-1002,-838,-617,-364,-94,183,450,703,912,1068,1170,1209,1193,1103,965,789,549,292,29,-242,-489,-698,-880,-1004,-1082,-1113,-1082,-989,-853,-691,-495,-275,-43,187,396,583,748,877,961,1002,992,929,832,696,529,334,122,-86,-295,-488,-658,-792,-896,-959,-971,-936,-854,-689,-585,-398,-201,10,225,432,615,773,901,982,1017,1003,942,836,679,495,286,52,-191,-428,-647,-839,-990,-1108,-1163,-1162,-1096,-958,-768,-527,-268,18,310,592,859,1063,1214,1314,1327,1266,1133,944,693,408,80,-248,-554,-848,-1076,-1243,-1355,-1383,-1315,-1191,-991,-734,-436,-101,223,518,809,1033,1194,1290,1304,1248,1127,940,689,413,117,-181,-464,-712,-911,-1052,-1126,-1143,-1084,-956,-784,-576,-347,-89,150,377,572,726,847,908,907,866,767,625,455,271,71,-135,-319,-484,-600,-688,-731,-726,-675,-579,-452,-304,-137,36,209,360,485,564,596,582,512,403,255,82,-80,-222,-325,-367,-355,-60,-70,0,966,528,148,187,204,202,161,101,28,-54,-128,-191,-239,-264,-268,-245,-211,-161,-92,-20,50,113,164,207,242,254,254,242,221,185,139,94,47,-17,-73,-129,-178,-221,-262,-291,-306,-315,-305,-276,-232,-166,-88,5,111,212,306,391,455,496,511,481,409,318,212,84,-62,-198,-328,-445,-526,-580,-596,-575,-517,-428,-310,-170,-18,121,252,381,473,543,582,577,545,488,403,286,160,25,-111,-230,-327,-407,-468,-508,-511,-485,-436,-366,-279,-184,-84,23,133,225,292,359,402,419,422,404,363,310,238,161,74,-19,-105,-184,-252,-307,-343,-362,-366,-344,-312,-270,-215,-151,-76,-130,69,136,198,240,280,307,312,305,286,259,215,164,105,47,-10,-60,-111,-160,-192,-219,-240,-246,-238,-245,-228,-206,-179,-152,-114,-73,-27,19,72,121,174,221,268,308,336,343,338,324,289,240,167,92,5,-98,-198,-293,-375,-440,-483,-520,-516,-475,-420,-333,-229,-114,21,163,279,396,492,562,605,611,585,533,453,339,201,61,-87,-231,-357,-474,-562,-617,-637,-624,-566,-497,-400,-272,-138,-1,126,253,358,434,494,529,534,500,449,389,307,220,126,28,-59,-141,-211,-271,-316,-349,-368,-367,-370,-359,-338,-303,-258,-217,-155,-94,-20,62,143,232,316,391,447,290,957,504,59,121,-458,-552,-618,-650,-654,-620,-554,-457,-332,-179,-5,170,340,500,642,752,823,846,831,777,677,533,359,157,-58,-270,-471,-652,-795,-915,-987,-995,-967,-874,-732,-557,-360,-135,114,356,576,764,924,1031,1093,1099,1041,931,768,568,337,101,-153,-397,-623,-821,-979,-1099,-1146,-1148,-1092,-974,-813,-604,-366,-107,164,424,664,877,1045,1152,1207,1200,1139,1008,816,586,324,56,-222,-489,-711,-913,-1060,-1143,-1180,-1151,-1051,-904,-718,-501,-273,-26,227,459,649,810,936,1014,1042,1016,942,830,684,500,299,89,-133,-340,-528,-697,-828,-919,-969,-968,-926,-836,-704,-550,-368,-160,49,257,449,261,775,884,952,982,958,887,776,631,450,241,18,-205,-416,-618,-791,-919,-1023,-1075,-1072,-1015,-904,-744,-538,-303,-39,227,494,740,951,1107,1207,1249,1223,1141,978,754,502,206,-109,-419,-709,-968,-1171,-1305,-1372,-1345,-1261,-1090,-844,-571,-263,77,399,698,963,1163,1298,1358,1329,1247,1087,850,579,277,-40,-352,-637,-884,-1067,-1174,-1230,-1213,-1125,-971,-762,-510,-247,33,312,556,752,897,1000,1034,1002,922,782,612,413,188,-25,-239,-433,-594,-710,-784,-820,-797,-735,-626,-482,-316,-130,56,236,390,518,607,659,662,617,528,398,240,71,-100,-254,-384,-479,-516,-491,-414,-288,-143,-8,326,216,0,500,914,109,48,-20,-97,-171,-219,-249,-248,-219,-177,-116,-42,35,104,165,216,250,261,260,240,203,159,100,38,-22,-77,-131,-179,-213,-233,-256,-263,-257,-243,-213,-176,-128,-68,-5,63,143,214,282,341,382,411,410,383,330,255,151,39,-85,-215,-336,-430,-508,-554,-568,-536,-482,-384,-261,-127,17,162,302,427,520,580,599,579,543,461,347,226,86,-58,-195,-318,-420,-496,-535,-555,-536,-486,-416,-326,-226,-106,18,131,236,322,393,434,456,458,437,388,326,253,157,66,-26,-122,-206,-278,-334,-372,-398,-395,-375,-336,-288,-225,-150,-72,12,98,165,221,271,309,334,245,324,305,262,213,158,91,25,-42,-102,-156,-203,-241,-266,-279,-273,-264,-246,-211,-175,-137,-90,-34,8,50,95,134,165,190,221,244,256,264,262,247,232,205,162,103,36,-36,-100,-172,-251,-320,-374,-410,-430,-434,-410,-367,-299,-211,-112,0,130,241,341,435,504,557,580,560,514,448,347,231,96,-44,-186,-316,-443,-538,-605,-634,-637,-599,-532,-433,-311,-168,-22,129,258,368,472,551,590,590,567,520,439,346,235,119,-8,-126,-218,-299,-366,-411,-444,-449,-426,-393,-348,-297,-237,-177,-104,-42,24,94,158,227,269,312,355,384,410,414,405,386,344,279,192,-1206,-1055
39158,mtk,MTK 7916,2424377479,rx1-tx0,512,0,1231,1280,-112,52,228,384,523,643,732,787,819,794,720,616,487,321,116,-78,-274,-471,-650,-816,-922,-974,-979,-935,-830,-681,-509,-297,-51,198,440,659,833,984,1081,1104,1076,990,858,668,445,195,-75,-335,-589,-800,-965,-1090,-1162,-1162,-1095,-985,-816,-601,-356,-89,187,448,678,895,1065,1157,1196,1176,1092,956,768,523,256,-23,-310,-562,-786,-973,-1107,-1182,-1192,-1129,-1015,-840,-617,-376,-109,168,429,661,858,1003,1083,1111,1087,992,851,662,450,213,-28,-264,-476,-654,-806,-909,-960,-969,-919,-826,-708,-537,-348,-154,59,255,436,593,726,806,852,858,816,739,615,478,303,126,-55,216,-425,-579,-691,-768,-815,-820,-784,-695,-573,-435,-251,-72,117,296,453,603,712,786,807,799,749,649,512,340,164,-26,-221,-393,-545,-670,-757,-792,-793,-742,-661,-533,-365,-191,-3,187,350,502,622,701,732,720,676,593,470,342,206,42,-127,-276,-390,-495,-571,-610,-615,-588,-515,-439,-332,-218,-94,37,150,263,361,431,474,513,505,486,429,353,260,157,42,-74,-176,-296,-364,-413,-456,-465,-444,-387,-314,-239,-139,-25,90,190,266,323,376,398,391,361,294,221,137,44,-59,-133,-217,-278,-302,-319,-300,-260,-203,-144,-67,22,99,166,208,223,227,189,136,75,8,-509,115,0,1413,1794,-149,-226,-290,-316,-292,-230,-134,-24,95,220,308,380,405,387,354,286,201,95,-13,-126,-236,-316,-369,-411,-426,-407,-360,-278,-192,-93,8,116,217,301,363,402,415,402,380,320,248,164,75,-17,-127,-211,-290,-353,-393,-421,-424,-412,-363,-288,-203,-107,-5,93,200,279,340,400,432,435,419,384,306,208,122,42,-62,-165,-248,-316,-365,-395,-398,-380,-338,-293,-234,-153,-71,11,103,178,239,285,314,338,345,317,281,247,188,124,64,-24,-84,-144,-208,-248,-289,-300,-298,-283,-252,-215,-164,-101,-39,16,72,135,183,216,245,264,255,235,216,171,143,101,51,-584,-34,-71,-116,-154,-186,-211,-218,-204,-189,-157,-141,-118,-76,-37,9,43,73,102,131,141,163,169,156,149,137,123,107,77,50,38,9,-18,-45,-50,-72,-92,-105,-125,-152,-179,-189,-191,-185,-185,-189,-162,-132,-78,-16,41,111,195,249,311,370,390,412,400,360,308,238,139,20,-105,-245,-350,-451,-522,-588,-613,-591,-550,-470,-354,-210,-52,100,260,417,531,631,699,703,688,634,548,424,278,116,-70,-240,-393,-533,-644,-713,-735,-717,-674,-595,-485,-344,-183,-20,142,299,438,548,635,690,708,687,630,556,446,316,179,18,-132,-268,-404,-510,-604,-667,-684,-676,-1433,-623,0,-480,301,717,744,722,658,569,448,290,126,-51,-248,-427,-585,-718,-827,-888,-889,-868,-788,-672,-508,-305,-99,123,347,567,744,884,993,1054,1040,977,849,681,485,232,-23,-269,-503,-722,-914,-1052,-1136,-1146,-1099,-1000,-840,-637,-394,-123,147,405,638,857,1015,1126,1182,1172,1097,966,798,562,309,38,-245,-514,-739,-941,-1087,-1172,-1210,-1164,-1060,-910,-706,-452,-183,100,365,608,830,1003,1115,1170,1156,1066,932,753,530,288,42,-221,-467,-678,-850,-967,-1033,-1039,-993,-894,-761,-583,-375,-173,41,255,446,621,757,845,902,905,856,763,643,489,308,131,-66,-250,-421,-570,-694,-784,-827,-835,757,-718,-598,-457,-293,-108,78,264,440,574,696,771,808,809,755,673,546,404,232,38,-144,-335,-499,-632,-737,-793,-824,-784,-698,-590,-449,-281,-90,99,281,449,603,705,764,785,751,685,591,450,287,96,-77,-238,-394,-522,-604,-666,-690,-668,-596,-507,-403,-269,-132,9,149,269,370,459,505,539,537,518,464,382,279,177,63,-52,-150,-261,-347,-422,-470,-498,-482,-454,-391,-285,-204,-95,26,139,245,316,374,414,428,417,369,304,225,138,39,-60,-157,-238,-291,-333,-351,-330,-304,-264,-188,-111,-22,67,140,200,239,270,270,244,197,122,54,-22,-91,-131,-156,-163,-1311,-1114,0,-1195,-256,-217,-150,-60,47,156,252,321,359,370,326,250,153,27,-85,-202,-297,-355,-395,-407,-397,-349,-271,-180,-81,35,144,243,320,368,404,413,403,356,292,214,124,21,-73,-173,-269,-329,-393,-418,-431,-409,-365,-309,-236,-145,-50,48,146,241,316,380,427,439,433,395,322,260,170,69,-35,-127,-226,-318,-373,-393,-417,-426,-391,-338,-275,-195,-103,-8,96,181,246,313,344,362,368,360,323,267,199,131,65,-20,-98,-163,-218,-269,-287,-310,-312,-291,-275,-231,-181,-128,-57,3,73,136,186,226,255,266,267,260,237,193,149,107,47,-15,-64,-111,-145,-170,-205,-227,-674,-215,-207,-183,-147,-111,-69,-16,18,61,90,117,158,175,185,183,181,168,156,123,87,64,20,-12,-40,-62,-84,-106,-122,-123,-125,-140,-147,-143,-136,-132,-119,-108,-96,-78,-44,-12,23,62,92,138,188,221,266,279,291,303,283,237,198,125,46,-42,-147,-248,-334,-414,-484,-520,-536,-498,-439,-352,-245,-119,37,176,312,448,561,640,673,673,644,560,439,315,158,-5,-159,-328,-472,-591,-672,-729,-739,-698,-627,-527,-396,-231,-56,115,270,417,545,644,703,718,705,657,568,456,318,165,7,-154,-290,-430,-547,-620,-671,-688,-668,-627,-556,-460,-347,-195,-35,121,-1195,-1979
39159,mtk,MTK 7916,2424377479,rx1-tx1,512,0,0,0,-957,-856,-505,-3,519,886,989,811,383,-176,-679,-980,-1000,-723,-219,342,800,1023,950,589,42,-509,-905,-1034,-862,-426,143,656,969,990,699,201,-356,-809,-1011,-906,-526,14,564,946,1023,777,301,-261,-753,-1019,-975,-634,-84,503,932,1070,885,430,-173,-739,-1091,-1111,-784,-212,422,942,1191,1087,655,20,-640,-1111,-1260,-1027,-488,198,827,1223,1254,925,323,-378,-964,-1266,-1196,-775,-128,546,1048,1249,1086,610,-46,-687,-1113,-1207,-945,-410,237,794,1113,1096,748,196,-397,-865,-1072,-948,-549,1,541,920,1006,795,360,-187,-671,-928,-901,-611,-151,343,735,909,799,456,-26,-494,-805,0,-671,-281,189,598,822,799,535,100,-351,-682,-801,-686,-359,63,463,716,758,571,211,-219,-571,-744,-683,-420,-33,365,650,731,592,271,-135,-502,-718,-707,-478,-115,302,636,767,664,371,-49,-460,-735,-793,-608,-249,193,606,842,813,548,128,-343,-728,-910,-821,-498,-24,465,821,944,809,454,-53,-552,-891,-978,-800,-407,94,578,918,1005,809,397,-107,-573,-883,-957,-785,-411,69,519,813,892,742,405,-21,-423,-694,-789,-671,-390,-36,311,569,671,595,376,84,-208,-421,-524,-495,-347,-131,99,291,401,408,326,179,10,-142,-240,-281,-266,-203,-106,-6,74,121,137,130,0,0,0,0,0,62,66,51,22,-15,-53,-88,-102,-89,-52,-11,40,91,127,120,85,18,-58,-109,-142,-145,-104,-38,47,123,169,172,130,47,-41,-129,-186,-184,-141,-67,31,119,171,190,159,83,-15,-105,-161,-174,-143,-81,-6,82,138,155,130,79,22,-38,-75,-90,-83,-68,-37,0,17,19,24,36,42,43,49,48,42,26,-18,-60,-97,-128,-125,-82,-1,92,163,191,174,108,2,-116,-209,-256,-231,-141,-11,122,220,265,252,153,-1,-151,-265,-316,-271,-138,25,185,296,317,255,126,-39,-192,-294,-311,-229,-73,93,227,300,283,177,13,-157,-272,-293,-225,-94,51,0,306,296,192,21,-175,-309,-351,-280,-115,81,269,389,381,246,46,-174,-363,-450,-393,-225,21,272,442,484,378,154,-129,-377,-532,-517,-338,-68,228,474,580,507,282,-32,-341,-562,-625,-489,-197,150,460,646,633,430,84,-288,-573,-707,-628,-354,35,417,676,736,578,243,-168,-546,-762,-741,-497,-105,315,642,789,705,390,-45,-467,-757,-815,-627,-259,178,567,789,776,519,105,-343,-692,-834,-704,-366,74,491,769,812,607,209,-247,-635,-836,-776,-478,-38,415,749,864,713,341,-135,-573,-840,-860,-622,-192,294,699,904,833,505,24,-469,-818,-921,-755,-365,146,612,895,0,0,0,0,0,84,-436,-826,-979,-847,-451,87,596,943,1012,774,307,-245,-734,-1012,-984,-662,-146,421,861,1033,903,511,-39,-585,-949,-1018,-786,-324,249,745,1001,948,614,94,-456,-872,-1018,-856,-427,142,666,988,1006,712,204,-386,-864,-1060,-939,-525,52,620,1003,1086,846,332,-297,-843,-1134,-1088,-720,-118,537,1039,1227,1047,557,-100,-736,-1170,-1269,-986,-407,281,901,1255,1236,846,230,-452,-1013,-1272,-1153,-699,-46,613,1076,1220,1010,504,-148,-749,-1121,-1154,-843,-290,328,831,1089,1023,651,100,-472,-889,-1035,-878,-455,98,605,921,960,705,240,-275,-694,-905,-850,-540,-62,431,783,886,731,364,0,-566,-818,-826,-596,-185,270,631,805,732,444,18,-414,-712,-783,-618,-285,139,515,731,717,490,114,-301,-620,-743,-641,-337,63,438,686,732,545,190,-231,-571,-740,-691,-421,-3,411,696,786,647,307,-129,-530,-771,-797,-591,-190,276,671,871,812,510,63,-420,-783,-924,-815,-465,18,500,848,967,808,418,-83,-572,-901,-991,-810,-403,111,581,897,968,781,399,-79,-536,-840,-926,-765,-412,36,459,754,840,710,400,9,-363,-628,-722,-632,-388,-59,264,500,598,547,366,111,-149,-361,-471,-455,-346,-168,44,215,318,350,302,189,61,-58,-157,-210,-214,-178,-119,-57,4,0,0,0,0,0,-10,28,60,82,86,70,39,-4,-50,-97,-116,-111,-77,-16,54,106,131,134,101,33,-46,-116,-158,-165,-119,-47,42,127,180,182,137,48,-49,-133,-183,-198,-162,-77,17,107,176,196,162,78,-19,-99,-153,-171,-150,-90,-10,64,115,132,119,77,26,-12,-51,-78,-73,-49,-22,-8,-3,-8,-10,-4,22,51,77,83,77,39,-19,-91,-144,-160,-143,-91,3,93,166,210,196,117,2,-115,-219,-265,-238,-160,-33,136,261,300,260,161,1,-159,-274,-306,-256,-139,22,187,303,324,254,108,-70,-224,-302,-289,-202,-54,118,253,301,263,145,-22,-175,-268,-284,0,-68,108,255,317,281,156,-27,-221,-344,-360,-266,-93,138,330,413,386,248,22,-220,-406,-475,-400,-191,71,318,477,501,370,116,-180,-426,-545,-511,-317,-9,304,523,602,504,246,-98,-420,-614,-632,-470,-152,218,526,679,634,402,42,-344,-627,-718,-593,-299,96,466,705,730,530,171,-254,-611,-783,-716,-436,-26,388,700,803,668,335,-112,-529,-783,-796,-572,-180,262,635,815,742,446,29,-411,-727,-829,-671,-300,163,568,809,803,548,122,-336,-696,-846,-740,-412,44,493,800,871,677,271,-212,-632,-866,-843,-567,-114,372,760,918,797,437,-57,-534,-855,-916,-705,-276,0,0
39160,mtk,MTK 7916,2424377479,rx2-tx0,512,0,0,0,220,703,970,931,606,83,-463,-866,-1005,-839,-407,151,655,960,972,682,182,-369,-810,-991,-867,-479,60,570,894,942,705,246,-291,-729,-935,-845,-490,6,500,838,906,687,253,-261,-694,-912,-830,-481,15,498,827,894,676,248,-259,-686,-887,-805,-478,-2,472,795,856,636,216,-266,-666,-847,-750,-411,56,509,798,832,588,143,-351,-738,-890,-762,-376,143,618,910,921,638,139,-421,-856,-1024,-881,-467,106,663,1028,1076,798,276,-339,-856,-1114,-1034,-647,-63,547,992,1139,948,470,-147,-713,-1060,-1088,-794,-267,331,823,1061,970,588,38,-512,-897,-1004,-793,-344,198,664,917,0,586,98,-413,-788,-900,-719,-322,182,630,868,827,526,57,-443,-799,-907,-729,-318,210,681,937,896,574,68,-484,-901,-1046,-867,-409,190,748,1092,1112,788,213,-440,-982,-1240,-1123,-673,-25,646,1156,1326,1095,534,-183,-858,-1300,-1360,-1025,-382,376,1029,1380,1328,888,187,-567,-1159,-1408,-1244,-719,8,736,1261,1412,1150,563,-184,-880,-1310,-1372,-1056,-442,307,954,1318,1303,932,308,-393,-980,-1285,-1226,-828,-216,433,938,1178,1086,700,144,-424,-859,-1047,-938,-585,-104,387,755,897,786,473,53,-359,-657,-757,-653,-386,-42,293,537,636,569,368,98,-174,-389,-493,-480,-369,-198,-19,129,0,0,0,0,0,47,-91,-236,-360,-429,-407,-291,-99,135,358,500,530,434,228,-41,-311,-510,-583,-504,-288,15,319,536,615,531,295,-26,-337,-557,-629,-525,-262,77,394,598,640,494,201,-146,-444,-619,-610,-412,-103,231,497,616,537,293,-40,-356,-566,-600,-448,-149,203,500,640,585,342,-20,-387,-629,-691,-552,-233,172,535,741,720,486,106,-322,-665,-811,-712,-402,44,473,759,820,638,261,-193,-593,-817,-790,-528,-103,357,707,849,741,399,-70,-509,-795,-849,-638,-233,242,653,865,809,516,69,-405,-759,-883,-740,-375,99,545,828,860,626,204,-277,-668,-851,-776,-468,-15,434,750,0,657,279,-184,-589,-801,-761,-481,-51,395,711,808,647,280,-184,-596,-814,-775,-489,-39,429,767,873,709,312,-201,-657,-914,-889,-584,-90,443,845,993,844,422,-136,-652,-986,-1020,-730,-216,364,838,1059,953,561,-12,-583,-975,-1065,-827,-332,269,786,1058,999,624,55,-534,-956,-1072,-851,-361,242,774,1065,1026,662,84,-527,-975,-1128,-934,-433,203,783,1123,1119,769,179,-476,-983,-1189,-1039,-572,80,709,1121,1194,909,338,-333,-895,-1188,-1128,-719,-95,552,1025,1188,992,494,-153,-739,-1096,-1119,-807,-251,377,875,1107,998,581,-9,-579,-965,-1058,-827,-333,257,750,1001,943,589,51,0,0,0,0,0,-965,-706,-215,348,792,996,895,510,-36,-569,-921,-996,-764,-301,256,733,982,926,583,61,-478,-863,-976,-789,-361,168,648,926,901,599,114,-404,-788,-922,-769,-371,143,609,880,880,594,122,-386,-768,-904,-755,-365,138,589,853,851,581,118,-381,-751,-876,-725,-349,133,566,822,811,527,77,-393,-738,-845,-673,-286,205,638,857,793,483,6,-489,-832,-914,-700,-255,280,739,973,912,559,19,-542,-942,-1051,-839,-371,224,757,1068,1062,729,164,-458,-943,-1146,-1009,-568,43,638,1036,1124,873,366,-240,-769,-1068,-1040,-703,-161,423,868,1039,896,476,-83,-601,-916,-944,-683,-228,0,726,913,802,448,-35,-516,-826,-862,-624,-184,308,709,892,794,423,-89,-572,-876,-912,-658,-190,350,795,1007,902,505,-70,-625,-1000,-1081,-836,-317,318,874,1169,1121,739,124,-553,-1080,-1290,-1119,-619,77,763,1232,1348,1065,463,-280,-940,-1333,-1340,-954,-284,474,1098,1396,1288,806,85,-663,-1211,-1405,-1203,-659,90,814,1292,1390,1101,499,-243,-920,-1321,-1346,-989,-363,356,970,1305,1266,879,258,-425,-966,-1226,-1153,-769,-180,439,909,1114,1010,642,118,-411,-804,-963,-859,-528,-64,388,706,814,710,424,42,-327,-592,-693,-607,-376,-64,246,472,571,531,376,148,-87,-274,-377,-391,-324,0,0,0,0,0,300,332,294,175,0,-198,-369,-475,-482,-380,-180,83,335,510,560,471,263,-22,-309,-521,-599,-515,-286,26,331,547,624,531,286,-49,-368,-589,-640,-512,-245,94,413,603,616,461,163,-185,-478,-619,-573,-358,-38,299,535,608,498,227,-116,-424,-602,-591,-392,-64,288,565,673,567,279,-104,-465,-690,-712,-523,-157,261,606,778,719,440,39,-391,-720,-831,-685,-327,125,536,792,822,595,183,-280,-662,-842,-766,-470,-28,430,758,856,690,315,-159,-586,-837,-834,-581,-149,331,710,874,774,449,-14,-479,-805,-876,-689,-303,179,608,847,826,557,120,-350,-708,-838,-714,-377,0,514,777,802,574,161,-299,-659,-806,-700,-383,59,487,766,795,571,162,-305,-685,-853,-750,-406,70,540,851,892,650,196,-332,-763,-959,-866,-504,28,565,930,1014,797,329,-256,-765,-1031,-995,-653,-110,472,916,1073,900,454,-137,-688,-1024,-1037,-725,-187,408,876,1077,939,504,-93,-660,-1023,-1065,-770,-232,382,884,1112,985,545,-63,-656,-1053,-1127,-850,-308,338,885,1163,1090,679,58,-591,-1058,-1204,-980,-464,196,801,1167,1169,815,218,-443,-966,-1198,-1074,-617,31,656,1071,1160,904,374,-265,-819,-1111,-1057,-684,-120,475,924,1084,904,444,-138,-664,-986,-1004,-707,-193,368,815,1006,0,0
39161,mtk,MTK 7916,2424377479,rx2-tx1,512,0,0,0,0,-365,-623,-694,-566,-274,92,426,640,661,488,177,-183,-485,-633,-595,-393,-79,264,512,603,532,315,6,-295,-515,-579,-474,-244,41,316,491,518,394,169,-88,-310,-439,-445,-325,-126,103,290,378,364,254,90,-78,-209,-280,-266,-189,-76,50,146,195,193,155,95,21,-41,-84,-107,-121,-114,-93,-56,-5,50,103,160,183,161,84,-28,-139,-223,-259,-236,-139,0,157,276,333,298,173,-28,-223,-356,-396,-341,-178,45,272,427,449,336,142,-96,-323,-472,-466,-331,-106,156,378,494,464,306,47,-230,-433,-506,-439,-245,28,288,466,503,394,163,-111,-346,-482,-478,0,-70,205,419,489,419,228,-30,-275,-434,-462,-353,-137,123,347,460,416,250,4,-235,-415,-462,-358,-129,129,345,457,410,238,-12,-277,-468,-518,-401,-148,165,420,561,538,336,15,-327,-589,-671,-556,-276,106,472,707,742,556,211,-211,-606,-835,-824,-568,-143,341,735,928,851,529,60,-433,-821,-983,-865,-493,18,520,889,1012,848,447,-75,-578,-930,-1016,-827,-414,111,602,925,1002,793,373,-116,-561,-860,-918,-725,-344,111,524,783,827,648,309,-103,-474,-715,-749,-586,-283,73,394,604,651,536,275,-45,-325,-510,-571,-497,-312,-73,160,337,428,420,332,198,53,-79,0,0,0,0,0,8,127,232,311,344,313,208,44,-134,-290,-393,-415,-340,-175,34,237,386,449,399,254,29,-216,-393,-473,-443,-295,-60,191,389,488,460,311,79,-172,-376,-490,-482,-336,-96,164,381,495,481,343,118,-133,-338,-459,-459,-337,-133,105,306,429,432,320,129,-76,-244,-346,-365,-291,-147,30,176,244,261,224,132,14,-80,-141,-168,-162,-127,-67,1,50,77,84,87,86,83,51,27,-9,-60,-111,-137,-134,-89,-33,41,125,200,214,173,87,-33,-145,-220,-239,-193,-91,31,145,234,267,225,116,-21,-143,-224,-256,-211,-91,52,166,227,224,163,44,-84,-172,-206,0,-79,26,127,195,188,118,14,-95,-182,-203,-144,-41,73,175,217,181,94,-32,-167,-253,-247,-168,-42,115,250,308,270,135,-39,-215,-340,-366,-267,-83,127,308,409,390,241,18,-211,-385,-459,-402,-212,36,283,449,469,349,135,-117,-349,-474,-445,-285,-35,240,427,478,383,174,-101,-354,-488,-474,-309,-36,258,479,562,461,212,-105,-398,-577,-591,-422,-119,241,539,678,611,356,-3,-371,-642,-731,-604,-292,114,500,743,767,558,192,-229,-605,-817,-789,-521,-105,332,676,839,767,465,32,-406,-721,-830,-709,-384,50,465,744,804,627,263,-155,-517,-730,-736,-514,-144,0,0,0,0,0,698,607,328,-40,-391,-630,-688,-530,-225,137,449,631,625,446,138,-214,-501,-635,-580,-349,-28,286,518,603,516,286,-19,-309,-500,-548,-430,-194,76,309,454,466,355,151,-92,-297,-403,-394,-278,-92,94,239,314,304,226,87,-65,-183,-239,-224,-168,-83,10,96,144,148,130,106,66,3,-47,-89,-127,-148,-148,-107,-36,46,130,191,214,188,114,-15,-150,-256,-291,-260,-157,2,184,333,383,326,171,-40,-245,-380,-431,-349,-166,74,306,440,456,347,136,-109,-330,-471,-465,-316,-79,184,403,500,447,267,2,-259,-436,-497,-425,-212,69,330,488,498,350,108,-155,0,-500,-460,-279,-22,230,413,475,382,177,-82,-324,-460,-447,-308,-68,190,381,454,388,195,-55,-296,-443,-453,-309,-68,198,404,487,415,207,-83,-360,-527,-538,-375,-84,238,501,623,560,313,-43,-398,-652,-725,-580,-255,156,541,779,790,563,168,-284,-659,-860,-831,-553,-113,370,764,951,858,511,29,-470,-850,-994,-850,-468,38,541,898,1006,842,433,-93,-593,-931,-999,-802,-389,120,592,901,958,764,373,-124,-567,-830,-871,-693,-339,99,501,748,785,618,290,-104,-446,-657,-696,-560,-282,60,368,563,604,500,288,12,-248,-433,-509,-476,-346,-150,54,213,306,327,277,0,0,0,0,0,-252,-258,-202,-93,44,193,319,392,376,280,131,-66,-254,-388,-427,-366,-220,-12,208,381,461,428,272,45,-193,-390,-487,-457,-312,-83,171,387,497,479,334,97,-161,-373,-499,-489,-339,-106,157,366,481,473,345,127,-111,-326,-446,-444,-332,-146,80,275,380,391,315,156,-43,-213,-305,-320,-259,-143,-2,130,208,213,175,115,41,-33,-102,-137,-124,-102,-80,-48,-3,26,54,79,102,104,103,79,11,-63,-114,-164,-172,-135,-66,27,126,202,229,192,96,-28,-150,-233,-261,-216,-117,16,146,238,261,203,89,-44,-159,-237,-251,-182,-64,56,162,224,207,117,-1,0,-178,-191,-145,-58,42,133,186,169,83,-37,-149,-198,-189,-132,-10,130,214,232,179,68,-75,-201,-263,-254,-165,-2,169,290,326,271,128,-66,-259,-379,-376,-258,-60,175,360,441,395,236,-5,-242,-415,-469,-385,-191,63,306,455,466,330,89,-170,-391,-483,-422,-229,37,291,454,475,347,92,-196,-422,-530,-474,-266,34,333,542,579,438,158,-171,-462,-631,-606,-394,-55,303,591,707,604,321,-56,-427,-694,-757,-591,-256,173,561,778,772,546,163,-279,-639,-822,-760,-485,-73,369,721,856,745,427,-8,-440,-742,-829,-672,-328,98,489,738,767,572,223,-191,-536,-716,0,0
39162,mtk,MTK 7916,2424421913,rx0-tx0,512,-349,-849,-876,-344,-260,-160,-43,78,191,304,382,422,435,413,346,253,140,12,-108,-221,-334,-398,-423,-425,-380,-304,-192,-74,42,161,262,336,363,365,343,278,214,106,-4,-105,-195,-251,-288,-294,-285,-249,-187,-116,-27,51,115,167,200,215,190,179,151,87,37,-2,-38,-71,-99,-100,-103,-103,-88,-75,-66,-67,-54,-49,-49,-26,-12,7,33,67,107,132,164,167,157,135,87,32,-34,-103,-175,-230,-253,-261,-258,-215,-147,-63,39,134,216,282,324,330,318,272,192,98,-18,-141,-243,-328,-375,-392,-359,-305,-226,-113,7,134,246,320,375,397,374,331,243,135,23,-85,-511,-272,-324,-358,-357,-327,-271,-175,-79,26,128,197,264,303,316,310,274,227,139,52,-25,-111,-173,-225,-258,-264,-262,-242,-185,-131,-61,6,77,129,167,206,228,226,209,167,116,76,28,-28,-86,-128,-172,-192,-203,-210,-192,-157,-116,-64,-4,45,99,148,186,194,198,192,158,109,58,12,-49,-94,-131,-166,-183,-174,-170,-139,-96,-45,9,55,105,123,135,159,151,130,104,57,25,-10,-49,-70,-99,-103,-95,-91,-77,-45,-22,5,28,40,47,65,69,59,52,44,26,6,1,-15,-24,-24,-34,-40,-40,-27,-15,4,12,19,25,20,11,7,3,-4,-799,-829,1179,-138,-310,76,-70,-227,-358,-442,-461,-404,-293,-137,41,219,382,502,570,564,508,406,257,85,-105,-282,-441,-559,-615,-630,-588,-499,-355,-169,17,208,391,547,654,712,702,640,516,344,145,-78,-294,-482,-630,-741,-785,-750,-667,-523,-331,-116,106,323,514,659,754,781,748,659,508,335,120,-98,-290,-461,-612,-692,-713,-689,-616,-497,-341,-167,10,202,365,502,593,634,636,598,529,415,270,108,-72,-231,-362,-486,-568,-602,-596,-552,-484,-372,-221,-75,85,243,375,485,570,612,607,562,473,346,196,29,-142,-291,-441,-554,-630,-647,-614,-534,-425,-284,-125,57,229,382,507,595,-330,636,589,495,372,217,42,-130,-290,-432,-539,-612,-632,-613,-537,-439,-312,-144,25,188,337,461,545,590,596,570,503,396,271,122,-50,-202,-336,-465,-556,-602,-614,-580,-509,-406,-255,-99,62,226,373,508,601,658,659,606,521,383,225,39,-154,-321,-463,-586,-667,-682,-655,-580,-459,-302,-121,67,248,420,554,635,676,669,605,486,330,159,-23,-208,-363,-492,-573,-599,-577,-536,-454,-316,-162,-9,140,273,379,445,477,470,434,368,276,186,73,-38,-129,-213,-280,-341,-351,-346,-331,-290,-237,-166,-82,-6,74,152,216,283,332,346,344,332,282,207,124,18,-82,-170,689,578,-729,-242,-77,249,330,393,426,414,384,317,206,89,-32,-153,-267,-355,-412,-438,-420,-379,-300,-172,-55,75,200,300,372,398,401,372,299,199,84,-17,-138,-226,-295,-341,-341,-325,-268,-195,-106,-12,67,147,201,243,259,242,210,167,107,31,-22,-67,-125,-153,-151,-149,-143,-121,-82,-42,-24,-1,25,35,31,43,50,54,76,91,95,102,102,95,80,56,19,-45,-94,-141,-182,-196,-211,-203,-177,-114,-33,38,121,202,260,302,311,282,233,160,73,-23,-123,-223,-301,-347,-373,-351,-294,-209,-98,28,148,242,329,382,399,381,316,227,122,-3,-114,-219,-314,-367,-389,-378,1105,-243,-152,-47,66,160,253,315,339,341,309,260,196,109,18,-70,-146,-217,-272,-287,-291,-271,-223,-165,-89,-12,50,129,185,217,246,241,221,181,140,94,33,-29,-86,-138,-173,-199,-217,-219,-192,-160,-126,-69,-27,40,102,142,174,202,204,191,172,131,77,26,-17,-72,-127,-165,-178,-180,-169,-144,-116,-77,-22,25,67,117,146,168,173,169,142,89,58,18,-33,-62,-100,-127,-129,-137,-109,-80,-51,-15,8,37,67,77,73,70,66,50,39,29,7,-2,-15,-34,-53,-45,-47,-46,-31,-27,-14,4,13,20,22,26,28,24,14,-1,-10,-11,-16,-18,-182,-67,1145,-821,-778,-328,-360,-327,-228,-80,99,271,411,506,529,495,399,251,80,-105,-274,-424,-534,-593,-598,-547,-447,-291,-117,71,253,423,560,642,667,650,573,436,259,57,-154,-349,-523,-643,-727,-753,-706,-601,-447,-249,-19,212,408,591,718,775,774,710,594,428,224,-1,-217,-421,-572,-687,-757,-746,-678,-572,-413,-225,-27,158,337,487,593,659,679,653,568,446,290,120,-54,-210,-364,-485,-564,-618,-621,-568,-497,-392,-250,-91,66,218,357,482,564,598,612,569,484,378,232,63,-112,-279,-421,-533,-599,-632,-613,-557,-462,-333,-160,18,195,347,475,568,631,637,589,510,396,247,826,-92,-255,-396,-511,-600,-635,-621,-572,-464,-328,-173,-3,163,320,441,546,613,622,591,524,409,264,107,-49,-196,-331,-448,-532,-597,-610,-566,-499,-404,-257,-109,52,212,345,476,578,625,636,590,511,404,259,97,-94,-263,-418,-544,-634,-674,-660,-590,-490,-360,-176,6,186,362,514,626,678,676,643,548,411,240,58,-126,-312,-474,-581,-638,-646,-609,-525,-406,-240,-60,96,237,374,482,535,551,517,453,354,234,111,-20,-138,-245,-321,-377,-410,-405,-375,-324,-260,-173,-74,7,97,180,241,295,320,331,327,296,250,191,109,24,-51,-145,-238,-310,-357,-381,-370,-347,-847,-962
39163,mtk,MTK 7916,2424421913,rx0-tx1,512,87,-394,-377,-432,-322,-193,-21,156,327,480,598,685,722,698,634,511,335,133,-84,-298,-498,-664,-778,-844,-850,-799,-682,-506,-286,-50,191,428,638,806,917,962,942,844,680,475,226,-46,-308,-555,-766,-920,-1009,-1022,-967,-835,-643,-407,-146,124,395,637,839,990,1062,1065,987,845,645,386,114,-176,-460,-710,-916,-1062,-1125,-1104,-1009,-844,-604,-330,-37,264,551,803,978,1093,1129,1083,959,762,508,223,-75,-361,-617,-820,-970,-1056,-1061,-994,-852,-666,-433,-173,95,351,576,766,906,983,985,928,809,639,418,170,-86,-335,-561,-752,-893,-969,-980,-919,-806,-629,-404,-159,99,350,577,769,-689,990,994,931,808,619,393,141,-125,-387,-617,-814,-962,-1043,-1048,-978,-832,-634,-389,-108,189,478,734,933,1081,1148,1140,1038,852,611,303,-23,-355,-673,-940,-1136,-1261,-1277,-1196,-1020,-769,-450,-91,272,632,932,1157,1306,1336,1263,1090,833,511,158,-214,-577,-887,-1120,-1265,-1302,-1237,-1080,-833,-531,-188,163,492,782,1004,1141,1186,1140,1002,785,508,212,-107,-409,-661,-860,-983,-1030,-998,-881,-699,-460,-201,60,317,546,708,816,859,832,733,589,403,180,-47,-262,-455,-597,-694,-723,-691,-606,-465,-287,-88,109,288,450,559,608,592,521,389,207,15,-172,-322,-427,-459,-414,-314,-185,-60,-70,0,966,528,-90,-35,45,127,189,228,236,208,149,74,-9,-91,-167,-221,-248,-250,-231,-191,-140,-69,-1,68,135,175,210,228,225,208,191,144,91,39,-17,-71,-129,-190,-241,-269,-285,-282,-264,-221,-157,-63,39,134,236,328,395,435,430,395,324,209,79,-61,-205,-326,-440,-514,-537,-522,-456,-341,-207,-54,103,251,376,481,537,552,520,448,338,201,49,-108,-243,-366,-452,-506,-520,-493,-432,-330,-212,-82,54,181,296,387,437,459,443,397,334,241,130,16,-98,-203,-292,-350,-386,-401,-381,-340,-271,-188,-96,-2,94,182,255,309,336,343,330,296,242,170,95,13,-83,-130,-215,-266,-306,-322,-308,-288,-249,-181,-115,-42,41,116,183,243,281,297,295,285,245,197,141,74,12,-57,-117,-179,-226,-264,-290,-296,-286,-264,-230,-174,-110,-27,55,138,222,294,351,388,405,383,346,283,187,78,-44,-165,-280,-380,-456,-503,-503,-473,-416,-320,-197,-60,91,243,369,477,552,586,578,516,435,310,150,0,-166,-321,-441,-550,-600,-603,-573,-490,-381,-236,-77,80,238,363,464,531,550,536,482,399,288,158,23,-107,-218,-306,-381,-427,-424,-412,-372,-313,-234,-152,-66,16,93,158,220,269,309,333,350,349,326,292,236,172,90,-6,-109,-222,-325,290,957,504,59,121,399,499,588,641,632,585,485,344,176,-23,-220,-406,-580,-705,-777,-792,-757,-663,-508,-316,-93,135,360,570,739,854,901,892,816,677,489,257,4,-258,-507,-712,-872,-972,-1002,-953,-839,-665,-441,-185,90,360,611,810,956,1031,1043,978,840,647,403,128,-150,-425,-668,-878,-1014,-1079,-1080,-999,-850,-640,-374,-78,223,502,756,955,1076,1127,1101,1000,815,573,294,-14,-314,-589,-820,-988,-1080,-1097,-1034,-904,-707,-469,-196,85,362,608,801,946,1020,1018,943,814,641,428,170,-91,-339,-568,-754,-897,-972,-981,-925,-808,-641,-419,-172,90,338,560,762,900,973,982,922,800,622,261,153,-112,-362,-599,-793,-929,-1009,-1014,-943,-808,-623,-395,-128,149,417,662,863,1012,1097,1099,1018,852,631,364,61,-250,-559,-820,-1031,-1170,-1217,-1181,-1048,-828,-545,-213,146,492,807,1062,1245,1318,1300,1177,943,658,316,-61,-430,-770,-1047,-1236,-1329,-1316,-1193,-974,-690,-359,8,366,700,966,1147,1241,1225,1119,934,678,370,37,-298,-597,-849,-1010,-1101,-1114,-1022,-858,-629,-350,-65,230,493,711,859,932,940,879,734,543,321,74,-168,-391,-568,-698,-778,-782,-727,-614,-453,-259,-45,164,355,511,619,663,643,576,450,278,84,-107,-290,-442,-530,-550,-500,-395,-248,-62,108,239,312,326,216,0,500,914,143,184,196,170,114,42,-44,-130,-194,-233,-246,-236,-197,-130,-55,21,94,154,205,232,239,232,198,153,103,40,-26,-83,-134,-190,-215,-232,-237,-225,-207,-172,-122,-58,13,82,159,233,295,347,360,351,315,244,148,33,-95,-222,-342,-433,-482,-494,-461,-391,-294,-151,4,156,308,426,505,545,543,497,410,281,123,-37,-182,-319,-434,-513,-552,-534,-475,-386,-268,-133,11,152,282,382,450,486,480,446,375,275,163,37,-88,-194,-290,-364,-409,-427,-414,-368,-295,-205,-115,-7,100,196,279,326,359,365,347,309,250,172,89,0,-84,-164,-230,-278,-308,-331,-327,245,-237,-178,-106,-21,55,122,201,254,286,309,309,282,246,191,118,42,-26,-95,-163,-210,-250,-275,-282,-281,-260,-222,-176,-118,-52,18,91,153,219,269,310,338,343,333,295,236,157,67,-46,-150,-238,-326,-399,-444,-461,-442,-388,-305,-202,-72,63,194,327,433,506,546,548,511,430,325,186,27,-135,-280,-407,-514,-572,-596,-584,-518,-414,-286,-119,35,198,346,461,550,582,580,529,442,330,187,40,-106,-236,-348,-440,-491,-503,-482,-427,-352,-256,-132,-25,70,162,244,305,343,363,356,335,304,262,209,143,71,-2,-83,-152,-225,-291,-349,-401,-428,-433,-408,-336,-1206,-1055
39164,mtk,MTK 7916,2424421913,rx1-tx0,512,0,1231,1280,197,16,-173,-361,-513,-652,-752,-785,-771,-697,-556,-400,-195,31,264,488,673,826,917,928,871,756,575,347,90,-176,-443,-678,-879,-1007,-1061,-1018,-908,-731,-478,-192,91,387,654,873,1040,1118,1107,1012,840,621,350,42,-269,-561,-810,-987,-1106,-1158,-1102,-962,-764,-504,-213,104,417,692,928,1082,1155,1153,1065,889,657,384,62,-263,-568,-834,-1025,-1151,-1177,-1098,-953,-743,-477,-171,136,429,679,893,1031,1087,1068,957,780,562,300,-9,-279,-522,-737,-891,-975,-967,-902,-779,-609,-399,-156,101,335,535,706,815,865,861,791,671,508,295,82,-150,-361,-550,-688,-788,-826,-813,-756,216,-440,-229,-24,199,414,587,732,810,826,787,670,524,344,120,-104,-324,-520,-703,-802,-824,-817,-732,-590,-410,-190,39,261,467,627,758,814,806,748,629,449,244,9,-223,-430,-587,-707,-774,-773,-695,-574,-414,-229,-34,175,346,508,625,671,667,621,519,381,244,63,-104,-257,-396,-477,-543,-571,-555,-476,-383,-283,-138,19,151,274,379,463,502,487,448,382,272,149,29,-108,-220,-327,-404,-441,-442,-412,-343,-246,-132,-13,103,208,295,359,392,376,342,267,171,66,-35,-130,-224,-286,-310,-313,-283,-234,-165,-71,24,110,193,241,254,235,186,118,48,-33,-103,-138,-509,115,0,1413,1794,205,151,46,-80,-202,-301,-360,-368,-333,-236,-109,20,154,269,367,422,417,378,311,210,80,-54,-189,-294,-380,-435,-443,-407,-345,-248,-131,-10,123,239,341,407,439,453,409,342,245,123,-7,-133,-236,-328,-412,-456,-453,-424,-353,-259,-150,-15,119,238,333,423,476,476,443,376,274,160,38,-89,-210,-311,-395,-446,-446,-419,-369,-290,-180,-58,62,168,262,338,378,402,387,342,288,215,109,11,-90,-177,-252,-309,-343,-349,-336,-314,-246,-173,-75,24,98,180,248,282,318,333,303,263,195,114,26,-54,-124,-192,-235,-258,-277,-257,-233,-194,-145,-84,-11,49,102,-584,192,226,235,212,189,158,116,66,6,-44,-99,-137,-159,-182,-186,-178,-157,-122,-91,-60,-30,16,56,79,93,93,100,111,101,91,96,79,77,79,61,52,36,9,-29,-52,-84,-121,-170,-195,-221,-230,-215,-195,-160,-105,-24,58,145,243,320,388,411,411,385,312,217,85,-46,-186,-330,-454,-528,-576,-573,-512,-422,-290,-134,37,224,388,525,620,659,654,600,501,355,184,3,-202,-374,-506,-626,-693,-704,-655,-564,-432,-260,-70,122,287,447,575,645,686,655,583,481,338,176,-7,-183,-346,-486,-587,-649,-657,-624,-560,-450,-317,-153,26,185,338,473,570,644,-1433,-623,0,-480,301,-673,-708,-709,-642,-530,-389,-203,3,212,419,590,726,828,860,833,730,581,388,150,-105,-352,-585,-783,-924,-989,-986,-902,-753,-543,-285,3,297,554,791,969,1067,1092,1036,892,684,413,118,-198,-486,-738,-946,-1086,-1146,-1118,-998,-803,-561,-286,25,342,623,859,1023,1121,1151,1088,944,722,434,135,-171,-488,-759,-974,-1124,-1182,-1144,-1032,-835,-573,-277,53,360,633,872,1048,1128,1120,1032,875,660,379,80,-224,-507,-736,-899,-1021,-1052,-986,-874,-696,-467,-204,60,306,534,712,841,909,905,838,725,546,340,120,-113,-335,-530,-692,-790,-837,-828,-754,-629,-466,-270,-49,160,363,757,713,789,815,808,722,585,412,191,-30,-263,-483,-637,-766,-832,-830,-769,-664,-499,-266,-49,174,404,582,728,820,834,792,680,528,336,107,-120,-344,-542,-688,-775,-812,-779,-677,-522,-336,-120,105,313,482,621,699,733,694,613,500,334,141,-41,-227,-406,-514,-597,-633,-612,-560,-448,-314,-179,-28,133,275,377,466,519,519,476,430,345,225,77,-61,-182,-303,-396,-438,-469,-456,-414,-336,-217,-85,45,160,263,355,404,420,398,344,263,166,51,-51,-152,-247,-314,-347,-346,-317,-262,-177,-87,10,109,186,249,281,276,252,197,118,28,-60,-141,-184,-203,-195,-144,-77,-1311,-1114,0,-1195,-256,-123,-230,-297,-312,-270,-183,-59,75,205,321,378,404,380,314,217,82,-61,-188,-302,-386,-434,-435,-394,-316,-226,-104,36,163,280,379,429,449,431,371,289,173,62,-71,-193,-301,-391,-443,-459,-425,-365,-291,-188,-65,56,178,287,374,434,467,453,402,321,221,93,-35,-162,-289,-388,-446,-464,-457,-416,-341,-252,-114,13,131,238,329,397,428,417,381,322,233,142,41,-77,-176,-259,-330,-363,-375,-367,-327,-268,-177,-86,9,91,178,259,303,335,326,313,282,212,131,57,-35,-121,-197,-255,-298,-305,-286,-257,-217,-151,-99,-19,61,116,176,212,242,250,235,214,-674,126,68,1,-53,-94,-140,-178,-201,-201,-190,-169,-135,-108,-68,-17,29,75,104,124,139,148,160,134,115,83,58,51,25,-2,-9,-24,-43,-44,-66,-86,-95,-112,-139,-145,-143,-140,-127,-97,-58,-19,42,109,175,235,283,315,313,313,273,203,108,-7,-109,-232,-344,-434,-488,-495,-479,-421,-314,-184,-37,135,290,428,540,602,629,603,522,402,243,55,-125,-302,-464,-589,-667,-697,-673,-577,-464,-317,-124,71,257,426,566,663,706,695,635,534,374,200,15,-175,-339,-479,-582,-645,-660,-629,-561,-452,-309,-143,28,189,340,473,577,643,653,615,555,442,312,140,-1195,-1979
39165,mtk,MTK 7916,2424421913,rx1-tx1,512,0,0,0,922,802,471,18,-456,-827,-979,-881,-559,-89,409,810,1006,941,632,175,-335,-764,-999,-973,-707,-263,261,721,984,991,747,312,-208,-680,-965,-1001,-783,-359,182,669,974,1022,810,392,-133,-637,-984,-1067,-861,-432,118,637,999,1111,922,480,-96,-641,-1022,-1153,-975,-536,42,627,1063,1217,1062,637,46,-580,-1069,-1292,-1194,-784,-164,492,1031,1313,1265,904,311,-359,-933,-1271,-1295,-1004,-464,195,799,1199,1294,1073,583,-45,-651,-1088,-1250,-1089,-661,-71,528,975,1166,1071,716,171,-405,-858,-1090,-1044,-737,-250,293,748,1002,992,725,290,-212,-657,-925,-947,-730,-323,148,577,858,920,734,0,-95,-522,-800,-877,-734,-394,40,456,751,844,720,419,9,-397,-697,-818,-711,-414,-25,360,649,773,698,437,62,-324,-623,-762,-688,-424,-62,315,613,755,695,450,86,-301,-626,-786,-737,-498,-132,272,625,827,817,592,204,-249,-630,-858,-883,-690,-311,145,578,873,953,811,460,-12,-489,-853,-1018,-937,-639,-186,310,747,1015,1039,823,424,-63,-535,-888,-1034,-944,-645,-214,263,675,917,943,783,445,20,-385,-691,-844,-801,-595,-277,90,419,638,703,618,417,135,-160,-405,-549,-577,-480,-301,-78,146,317,415,425,357,230,77,-72,-188,-257,-280,-256,-192,-107,-28,32,71,0,0,0,0,0,-1,-17,-39,-63,-72,-74,-58,-29,7,44,75,87,87,65,25,-19,-64,-99,-103,-91,-62,-16,40,88,115,124,107,65,6,-64,-121,-137,-122,-88,-41,22,72,112,129,115,70,12,-39,-77,-98,-99,-76,-53,-16,29,68,75,73,55,44,20,-6,-19,-17,-14,-19,-26,-47,-54,-50,-39,-20,13,62,121,148,142,113,54,-36,-115,-180,-214,-199,-146,-55,61,169,243,261,216,119,-5,-141,-247,-292,-271,-185,-63,86,218,302,319,252,119,-41,-192,-290,-326,-297,-192,-30,135,265,323,311,227,73,-89,-224,-307,-306,-219,-86,67,208,300,308,224,90,0,-221,-312,-316,-231,-76,108,264,351,356,265,96,-106,-285,-401,-410,-309,-125,96,303,435,462,370,181,-71,-313,-480,-526,-437,-235,34,300,498,563,490,292,4,-300,-520,-614,-559,-360,-56,268,529,666,635,429,113,-238,-545,-714,-706,-523,-197,185,523,718,737,573,255,-139,-498,-736,-785,-626,-304,86,449,712,808,690,385,-22,-417,-712,-832,-736,-449,-45,363,678,813,742,477,91,-319,-643,-801,-755,-508,-125,293,632,805,767,540,163,-265,-620,-816,-809,-578,-199,229,600,820,832,625,243,-198,-583,-827,-875,-685,-306,156,567,832,893,735,380,-76,-512,-814,-903,0,0,0,0,0,18,478,815,949,845,522,54,-436,-818,-995,-916,-607,-131,371,789,1005,967,682,221,-300,-746,-996,-987,-726,-285,228,695,972,1003,775,336,-190,-664,-968,-1018,-796,-363,163,648,972,1041,837,408,-129,-636,-979,-1077,-894,-462,103,641,1014,1124,944,511,-71,-642,-1040,-1184,-1022,-588,3,609,1073,1254,1120,709,111,-531,-1041,-1291,-1230,-850,-246,424,986,1305,1296,964,395,-271,-873,-1246,-1303,-1033,-514,119,723,1150,1277,1080,613,12,-586,-1034,-1219,-1081,-684,-125,455,908,1121,1048,708,203,-342,-799,-1047,-1020,-733,-264,262,705,958,968,725,303,-183,-616,-888,-927,-728,-336,129,540,0,881,721,369,-73,-484,-765,-860,-725,-388,30,421,713,822,712,420,26,-376,-675,-793,-707,-433,-47,346,639,759,684,433,64,-323,-624,-761,-699,-455,-83,313,626,778,735,499,119,-296,-627,-800,-770,-539,-173,249,624,850,846,627,259,-201,-611,-873,-919,-741,-377,86,550,887,1002,870,537,73,-419,-822,-1026,-996,-742,-307,194,650,967,1057,903,548,82,-395,-787,-996,-979,-739,-340,114,523,812,913,807,535,156,-244,-564,-745,-762,-615,-352,-29,282,512,626,602,458,232,-29,-269,-438,-497,-462,-351,-178,21,195,313,361,337,259,149,36,-68,-152,-190,-188,-162,-112,0,0,0,0,0,53,57,51,37,14,-24,-55,-79,-89,-79,-49,-8,32,65,92,104,90,45,-9,-54,-87,-114,-116,-80,-25,30,76,118,126,116,79,22,-45,-102,-137,-137,-104,-58,-5,48,94,109,105,82,41,-18,-64,-90,-90,-75,-53,-18,14,25,28,37,49,39,34,30,25,26,28,-1,-29,-61,-92,-111,-98,-67,-10,51,104,148,172,158,99,18,-79,-172,-220,-227,-181,-91,30,148,236,270,252,174,43,-110,-233,-299,-301,-227,-96,55,198,299,331,277,158,4,-155,-288,-345,-315,-204,-48,130,261,327,317,228,76,-81,-216,-301,-311,-236,-95,76,221,302,0,219,88,-77,-233,-322,-337,-252,-80,109,267,370,370,284,113,-105,-299,-414,-435,-348,-157,92,320,462,493,402,200,-55,-303,-483,-553,-473,-254,27,302,513,598,536,330,26,-284,-525,-652,-619,-406,-80,266,552,695,674,480,148,-223,-529,-712,-715,-531,-218,162,515,731,755,595,283,-117,-485,-735,-803,-660,-340,50,438,722,821,709,409,9,-386,-689,-817,-732,-453,-70,338,668,818,752,499,109,-316,-640,-793,-753,-525,-143,277,627,819,794,553,172,-248,-608,-823,-820,-599,-221,215,600,832,851,651,283,-160,-565,-828,-882,-703,-342,104,522,811,895,750,402,-50,0,0
39166,mtk,MTK 7916,2424421913,rx2-tx0,512,0,0,0,-381,-779,-978,-917,-612,-151,358,774,982,931,635,170,-337,-757,-979,-943,-656,-198,308,735,966,932,658,218,-277,-696,-927,-903,-639,-209,276,678,890,863,605,181,-291,-675,-878,-838,-565,-140,315,685,868,819,550,124,-331,-696,-865,-800,-509,-92,342,684,839,767,474,50,-377,-696,-826,-724,-422,-6,410,713,820,692,363,-70,-482,-770,-843,-686,-328,128,557,842,895,701,312,-169,-620,-915,-967,-759,-347,168,651,963,1023,829,415,-127,-647,-984,-1062,-882,-483,50,578,956,1082,923,538,19,-505,-895,-1044,-926,-576,-84,421,809,979,893,574,112,-371,-746,-909,-821,-521,0,355,703,851,766,474,53,-377,-705,-842,-738,-425,-2,422,732,851,744,420,-26,-470,-797,-909,-777,-431,42,525,872,984,839,470,-41,-557,-943,-1096,-963,-576,-28,539,985,1191,1098,707,127,-489,-990,-1254,-1204,-848,-268,370,925,1261,1281,975,422,-236,-842,-1236,-1328,-1080,-561,97,733,1184,1347,1175,716,73,-583,-1095,-1329,-1252,-864,-266,396,953,1277,1285,986,464,-172,-758,-1153,-1269,-1082,-646,-73,499,940,1143,1077,767,295,-234,-684,-957,-1004,-826,-467,-7,429,738,860,786,537,181,-198,-509,-688,-705,-571,-317,-9,282,498,599,567,427,217,-15,-222,-370,-434,-413,-331,-211,0,0,0,0,0,-289,-312,-277,-182,-42,130,299,425,479,446,325,128,-107,-331,-486,-546,-490,-322,-80,185,415,554,568,455,233,-53,-333,-537,-616,-559,-362,-63,247,485,614,599,438,166,-148,-422,-589,-612,-485,-233,72,355,542,587,483,249,-55,-339,-530,-579,-472,-231,73,359,556,615,498,235,-95,-400,-612,-667,-552,-280,82,427,665,743,629,350,-18,-392,-676,-786,-687,-414,-41,352,665,809,743,480,95,-313,-639,-807,-763,-515,-134,282,633,817,782,557,180,-253,-612,-814,-808,-591,-213,223,593,812,830,627,261,-169,-561,-803,-835,-646,-300,123,516,776,827,662,325,-97,-495,0,-824,-666,-324,101,492,752,810,651,312,-109,-506,-770,-830,-653,-295,140,537,802,858,677,302,-154,-581,-858,-906,-715,-327,159,613,907,966,775,371,-144,-625,-945,-1028,-844,-429,109,617,965,1063,878,461,-75,-594,-958,-1060,-881,-479,54,579,948,1051,883,482,-58,-589,-956,-1059,-883,-467,81,603,962,1071,886,454,-101,-636,-1006,-1110,-921,-483,92,646,1031,1145,958,509,-79,-648,-1046,-1175,-999,-560,29,613,1033,1186,1035,616,33,-554,-990,-1173,-1051,-657,-89,497,942,1142,1045,674,133,-436,-883,-1099,-1020,-681,-171,378,821,1037,972,652,170,-353,-779,-984,-933,-637,-160,350,0,0,0,0,0,913,602,137,-363,-772,-979,-919,-620,-160,351,769,980,935,656,196,-321,-744,-966,-935,-651,-201,291,707,940,917,650,212,-279,-694,-913,-886,-622,-196,272,670,885,857,590,169,-296,-678,-872,-830,-559,-135,326,691,870,814,544,120,-335,-698,-867,-789,-503,-87,352,698,843,753,454,34,-395,-706,-815,-700,-395,28,450,744,833,684,343,-96,-517,-803,-867,-684,-317,153,591,877,927,724,320,-174,-632,-937,-993,-789,-366,157,644,973,1057,857,432,-100,-613,-981,-1087,-914,-514,15,546,928,1062,930,564,55,-457,-846,-1009,-911,-581,-95,405,776,935,855,552,106,-357,-714,0,-800,-509,-80,361,695,838,751,452,32,-395,-720,-845,-728,-425,0,435,767,884,757,420,-37,-495,-827,-942,-804,-444,49,543,908,1041,899,515,-9,-558,-973,-1148,-1029,-641,-80,520,995,1222,1143,777,203,-437,-969,-1263,-1244,-915,-353,298,881,1252,1313,1038,504,-155,-775,-1202,-1328,-1137,-651,2,652,1135,1342,1217,786,158,-503,-1038,-1315,-1272,-927,-357,290,862,1217,1284,1043,558,-50,-635,-1051,-1216,-1098,-720,-184,367,815,1061,1057,809,383,-104,-550,-850,-939,-810,-508,-99,307,624,781,755,560,250,-96,-401,-601,-658,-573,-374,-111,155,372,503,528,450,300,121,-52,-192,-281,0,0,0,0,0,31,-92,-218,-333,-406,-408,-338,-194,3,210,384,497,509,416,236,-3,-254,-451,-555,-538,-394,-154,122,380,558,608,508,289,1,-291,-509,-615,-581,-405,-126,191,457,608,608,465,209,-103,-392,-571,-602,-485,-246,52,341,543,588,471,237,-55,-349,-549,-593,-475,-231,85,390,591,636,517,257,-85,-419,-654,-715,-589,-318,43,408,673,764,664,391,13,-375,-670,-792,-711,-447,-69,334,649,795,743,498,114,-300,-634,-799,-768,-533,-154,275,624,810,791,569,198,-233,-609,-822,-814,-602,-239,188,571,810,833,642,285,-146,-542,-795,-833,-658,-319,104,508,769,819,658,0,-101,-492,-752,-816,-655,-324,100,499,756,807,646,307,-124,-523,-784,-835,-663,-305,145,563,835,885,696,320,-156,-602,-893,-939,-738,-347,152,628,941,1007,805,402,-120,-618,-958,-1045,-858,-442,91,603,962,1067,891,473,-67,-587,-950,-1065,-890,-475,58,576,944,1059,883,470,-63,-578,-953,-1068,-880,-460,81,610,979,1086,904,467,-98,-642,-1019,-1125,-931,-490,85,642,1033,1159,973,534,-50,-626,-1040,-1179,-1012,-586,-2,585,1015,1179,1042,633,61,-518,-967,-1166,-1051,-663,-107,464,909,1119,1042,682,151,-409,-850,-1067,-998,-665,-161,374,801,1010,951,645,169,-349,-768,-980,-924,0,0
39167,mtk,MTK 7916,2424421913,rx2-tx1,512,0,0,0,70,380,603,671,566,318,-1,-324,-564,-654,-578,-361,-56,259,505,632,599,416,135,-181,-447,-588,-593,-460,-208,85,347,509,552,464,268,9,-254,-439,-504,-446,-296,-70,148,312,409,413,304,133,-58,-221,-325,-347,-294,-172,-34,104,206,254,234,179,92,-8,-94,-144,-158,-145,-116,-74,-29,16,49,85,114,128,128,109,60,8,-56,-128,-191,-213,-190,-122,-8,130,228,274,277,215,88,-77,-232,-336,-363,-303,-174,0,186,335,407,383,257,70,-148,-331,-435,-442,-330,-138,81,290,435,467,369,182,-48,-269,-434,-483,-412,-246,-9,231,398,470,429,265,40,0,-374,-476,-448,-297,-74,162,349,449,442,310,95,-142,-326,-434,-433,-308,-93,135,324,429,420,302,95,-139,-340,-440,-418,-280,-60,180,377,481,445,282,36,-226,-437,-554,-528,-343,-61,243,507,649,624,433,127,-230,-547,-735,-744,-566,-244,155,531,780,844,708,384,-38,-460,-786,-926,-854,-565,-132,342,732,955,958,738,331,-162,-610,-907,-1000,-859,-518,-59,421,799,983,949,693,273,-192,-597,-861,-932,-793,-469,-50,363,680,826,783,583,253,-140,-476,-684,-741,-641,-405,-84,249,503,631,628,495,266,-10,-271,-466,-551,-529,-410,-230,-26,167,303,370,370,311,214,0,0,0,0,0,266,265,235,156,36,-112,-252,-353,-403,-382,-282,-132,51,232,375,443,426,314,124,-91,-292,-428,-469,-420,-273,-54,179,363,474,494,397,204,-35,-276,-455,-526,-487,-342,-114,144,367,503,531,445,262,14,-231,-420,-514,-496,-371,-159,83,292,436,480,407,261,65,-141,-299,-383,-383,-292,-153,7,157,263,294,257,178,79,-17,-88,-142,-157,-141,-108,-62,-8,27,45,45,45,48,60,84,94,69,34,2,-49,-105,-150,-163,-131,-75,-6,78,156,211,214,173,83,-35,-142,-217,-251,-219,-143,-25,99,197,246,228,166,68,-48,-149,-207,-216,-169,-87,19,116,0,186,143,63,-25,-108,-162,-153,-92,-21,57,127,156,134,73,-12,-98,-149,-159,-136,-57,55,153,205,210,146,31,-85,-185,-256,-259,-186,-53,109,249,320,326,249,86,-102,-258,-365,-385,-297,-131,68,255,383,421,347,176,-41,-239,-375,-429,-359,-180,38,232,385,433,362,199,-21,-250,-412,-464,-386,-196,52,293,462,513,431,234,-37,-328,-532,-597,-506,-276,28,328,550,642,578,360,32,-309,-577,-705,-662,-448,-114,256,569,742,735,547,219,-176,-532,-753,-794,-646,-343,55,439,716,811,711,447,76,-313,-625,-778,-742,-526,-176,202,521,703,710,550,258,-105,0,0,0,0,0,-680,-555,-292,35,357,586,662,573,342,22,-299,-542,-643,-596,-402,-103,219,465,597,592,432,167,-129,-396,-560,-579,-459,-232,42,297,470,528,469,295,53,-201,-394,-469,-427,-302,-112,99,269,363,384,304,155,-8,-159,-271,-314,-280,-173,-56,48,143,194,195,162,101,39,-24,-71,-109,-121,-124,-117,-85,-45,-3,41,95,151,181,173,132,57,-40,-135,-215,-259,-254,-179,-56,91,229,318,336,272,131,-39,-209,-342,-397,-353,-227,-35,171,337,430,417,291,91,-119,-312,-431,-444,-348,-159,75,291,447,487,405,225,-4,-239,-414,-484,-423,-259,-34,213,404,479,0,293,65,-179,-366,-467,-445,-300,-85,136,330,454,442,304,93,-131,-329,-431,-424,-303,-100,138,331,429,411,286,73,-172,-364,-458,-429,-275,-39,210,410,513,480,309,46,-240,-477,-595,-557,-377,-88,247,522,675,672,498,178,-213,-563,-782,-802,-623,-305,93,500,794,900,788,484,51,-401,-761,-941,-906,-639,-211,263,668,933,982,786,397,-73,-526,-872,-1012,-922,-623,-175,320,720,946,950,748,387,-62,-486,-776,-895,-809,-538,-156,245,577,772,783,618,330,-22,-358,-603,-705,-648,-456,-176,131,392,555,594,517,345,110,-131,-324,-445,-475,-424,-309,-157,-8,120,213,0,0,0,0,0,-11,100,203,290,348,348,285,165,9,-157,-304,-412,-439,-370,-227,-48,148,324,439,463,375,206,-16,-226,-397,-490,-470,-341,-136,103,321,461,513,456,273,28,-213,-414,-528,-513,-395,-186,65,306,473,534,469,316,84,-167,-364,-473,-505,-419,-219,14,216,363,433,409,294,117,-74,-220,-315,-329,-277,-180,-54,87,175,217,210,166,105,29,-43,-84,-93,-90,-70,-54,-33,-31,-31,-18,3,26,54,87,117,133,111,59,-20,-109,-175,-198,-192,-137,-45,64,158,223,229,196,115,-4,-122,-214,-259,-245,-160,-43,73,164,219,222,174,85,-33,-134,-186,-192,-158,0,12,113,173,170,117,45,-39,-117,-158,-140,-79,1,71,126,155,129,67,-26,-121,-172,-178,-139,-42,77,165,219,221,159,46,-91,-210,-278,-280,-207,-66,103,251,357,358,264,110,-81,-272,-388,-404,-328,-166,43,250,387,429,365,201,-18,-229,-376,-429,-368,-197,21,240,401,450,375,194,-47,-280,-443,-497,-409,-215,50,310,492,539,448,252,-28,-320,-533,-608,-526,-314,-12,312,563,678,622,404,80,-276,-580,-731,-700,-495,-161,219,539,742,766,592,269,-122,-489,-744,-817,-691,-398,-12,369,665,802,731,479,123,-266,-591,-759,-731,-532,-209,156,472,678,729,0,0
39168,mtk,MTK 7916,2424463948,rx0-tx0,512,-349,-849,-876,-102,48,185,318,419,483,507,477,394,271,125,-40,-201,-347,-452,-505,-523,-498,-395,-263,-109,55,211,350,453,502,506,461,378,240,94,-48,-198,-321,-407,-454,-450,-393,-313,-204,-77,45,158,255,325,355,348,316,267,190,101,12,-77,-153,-208,-242,-257,-256,-240,-208,-161,-113,-58,2,85,139,180,230,271,283,273,248,190,121,27,-87,-199,-290,-354,-384,-393,-360,-279,-156,-19,117,243,361,437,477,475,397,291,149,-15,-173,-313,-424,-495,-504,-465,-372,-239,-88,89,245,367,454,480,474,401,291,151,2,-147,-275,-367,-412,-414,-380,-296,-192,-61,52,155,-511,303,331,321,274,209,129,46,-55,-145,-210,-239,-243,-229,-200,-152,-83,-18,38,92,125,150,160,148,137,106,76,50,2,-36,-75,-94,-106,-102,-93,-94,-84,-64,-35,-3,10,27,46,62,75,91,90,77,65,47,24,-12,-45,-60,-82,-89,-83,-85,-79,-71,-39,-8,13,39,61,65,73,68,50,44,35,10,-9,-23,-34,-43,-47,-40,-36,-26,-15,-11,-12,-13,-13,-11,-13,0,15,26,27,44,52,42,51,47,38,14,-10,-31,-51,-77,-82,-82,-75,-56,-25,2,27,56,74,92,97,83,71,45,2,-34,-67,-90,-95,-86,-70,-36,-3,23,-799,-829,1179,-138,-310,71,-59,-209,-335,-412,-414,-346,-217,-55,131,294,425,514,520,463,353,207,33,-161,-332,-466,-556,-574,-538,-455,-317,-134,55,256,432,550,636,664,595,476,314,116,-111,-331,-507,-636,-702,-708,-636,-496,-309,-95,146,373,547,685,743,738,654,507,328,91,-141,-360,-540,-661,-720,-713,-641,-496,-314,-120,85,289,457,592,671,682,631,524,366,191,3,-181,-353,-502,-600,-631,-609,-543,-443,-285,-113,59,237,396,516,579,612,582,502,392,239,55,-122,-287,-445,-551,-612,-615,-575,-493,-339,-164,22,210,376,523,617,648,629,548,410,253,70,-132,-327,-481,-596,-647,-330,-598,-502,-347,-169,19,221,407,555,631,654,633,555,419,247,59,-142,-328,-474,-595,-658,-647,-582,-486,-331,-150,30,205,366,510,608,651,633,569,448,291,109,-84,-266,-431,-565,-650,-669,-638,-552,-418,-250,-42,165,351,512,632,690,692,631,521,362,164,-61,-279,-463,-613,-706,-728,-699,-593,-441,-236,-15,203,394,574,693,726,694,603,465,275,51,-166,-361,-519,-620,-671,-649,-573,-440,-275,-82,107,284,424,503,548,546,485,387,260,121,-26,-172,-281,-356,-408,-426,-409,-361,-291,-208,-105,-5,111,205,274,346,385,385,364,307,221,125,18,-106,-224,-323,-391,689,578,-729,-242,-77,448,468,437,368,258,122,-30,-190,-338,-434,-497,-514,-485,-398,-264,-106,44,211,354,448,511,517,476,391,260,109,-56,-204,-344,-442,-478,-487,-441,-345,-225,-89,58,187,295,380,416,412,369,285,187,83,-22,-111,-205,-276,-307,-316,-288,-246,-184,-120,-55,16,79,143,182,208,231,249,247,208,176,130,62,-19,-94,-179,-255,-310,-356,-356,-315,-238,-136,-33,84,211,323,402,441,433,385,292,169,29,-138,-291,-404,-477,-502,-466,-382,-267,-120,45,203,343,439,495,497,424,322,187,38,-113,-260,-370,-441,-457,-424,-348,-230,-98,29,164,269,345,379,364,325,1105,138,39,-67,-153,-223,-264,-290,-284,-240,-175,-100,-28,42,103,159,195,202,194,161,122,81,28,-13,-57,-96,-103,-120,-121,-111,-92,-68,-48,-22,-8,15,51,71,84,91,88,92,75,54,39,15,-16,-41,-55,-70,-80,-86,-75,-67,-53,-12,11,34,47,63,80,77,80,75,61,36,5,-23,-45,-49,-64,-65,-50,-43,-30,-22,-2,11,11,15,11,2,8,15,21,26,26,38,36,25,30,28,8,-10,-23,-36,-56,-66,-73,-73,-65,-47,-16,11,39,69,88,90,93,78,55,24,-15,-48,-71,-99,-111,-101,-83,-48,-8,28,60,82,83,79,-182,-67,1145,-821,-778,-282,-328,-296,-200,-47,126,287,412,474,472,400,277,108,-87,-259,-397,-489,-542,-529,-450,-331,-162,21,199,367,508,588,606,568,459,313,131,-92,-304,-461,-586,-670,-686,-619,-481,-309,-104,120,340,531,664,737,749,661,516,321,90,-141,-366,-544,-681,-748,-734,-651,-504,-319,-101,115,338,513,632,684,690,624,504,347,150,-54,-246,-419,-546,-630,-656,-627,-545,-412,-234,-49,132,296,450,559,606,614,571,473,334,180,13,-174,-333,-465,-568,-613,-597,-548,-438,-291,-121,65,242,410,543,616,636,605,530,393,206,15,-174,-353,-495,-596,-657,-650,-575,-454,-293,-104,826,263,433,568,632,649,613,525,384,199,8,-186,-377,-518,-610,-658,-642,-570,-453,-297,-103,101,276,430,565,629,648,615,531,400,232,40,-151,-324,-477,-582,-639,-641,-592,-497,-363,-181,18,210,395,541,648,707,677,601,475,302,102,-107,-312,-483,-620,-709,-730,-675,-559,-393,-194,17,242,446,602,708,731,696,606,468,257,35,-187,-381,-541,-658,-703,-680,-588,-442,-260,-63,135,321,472,576,624,603,536,406,256,98,-73,-230,-350,-433,-475,-483,-449,-366,-271,-159,-33,82,192,274,340,384,395,381,320,253,174,67,-42,-152,-254,-329,-376,-402,-399,-359,-281,-171,-847,-962
39169,mtk,MTK 7916,2424463948,rx0-tx1,512,87,-394,-377,-234,-52,138,328,497,627,713,726,679,561,390,167,-68,-300,-517,-697,-812,-857,-824,-709,-536,-321,-59,218,470,677,845,928,924,851,689,472,205,-82,-367,-619,-821,-959,-1014,-973,-839,-633,-376,-98,200,488,729,902,1007,1022,958,804,583,319,31,-269,-551,-784,-946,-1036,-1046,-962,-794,-562,-278,35,341,627,861,1028,1100,1075,966,775,499,189,-135,-449,-735,-944,-1068,-1114,-1047,-893,-672,-396,-76,241,533,778,951,1048,1059,972,812,583,312,18,-281,-555,-780,-941,-1028,-1020,-931,-760,-531,-262,31,329,593,815,963,1027,1006,904,726,484,200,-96,-392,-650,-857,-991,-1035,-689,-868,-665,-412,-123,173,462,721,911,1026,1046,995,857,635,358,49,-271,-569,-827,-1011,-1111,-1125,-1037,-859,-597,-273,82,434,755,1008,1178,1240,1193,1039,785,449,72,-326,-688,-989,-1217,-1318,-1296,-1150,-896,-559,-163,250,636,964,1201,1313,1310,1175,930,609,229,-169,-549,-883,-1114,-1243,-1252,-1145,-932,-634,-283,95,455,764,993,1119,1143,1047,868,609,299,-32,-355,-632,-841,-962,-994,-925,-766,-550,-289,-8,264,508,695,797,827,782,667,481,261,24,-210,-408,-572,-679,-706,-662,-552,-389,-193,17,223,397,525,591,591,518,382,209,12,-185,-342,-445,-476,-425,-318,-164,2,131,-60,-70,0,966,528,-102,-37,52,141,210,247,241,200,125,32,-70,-161,-225,-264,-273,-247,-195,-117,-34,53,129,189,242,265,258,226,175,114,56,-23,-101,-166,-221,-264,-281,-279,-263,-216,-147,-60,41,141,240,325,377,403,388,329,240,120,-23,-174,-313,-432,-503,-515,-478,-389,-266,-103,64,237,379,483,537,553,502,399,257,92,-79,-243,-376,-475,-520,-531,-476,-377,-252,-101,54,199,327,421,468,478,437,364,267,138,12,-117,-235,-328,-384,-407,-399,-350,-284,-191,-78,41,137,226,298,339,355,339,300,232,147,51,-42,-126,-202,-257,-287,-300,-286,-253,-200,-132,-56,24,106,-130,224,255,271,259,240,205,141,63,-4,-81,-142,-198,-244,-258,-255,-238,-202,-156,-96,-36,29,99,152,199,232,246,245,236,219,171,109,44,-27,-99,-174,-240,-299,-332,-337,-325,-273,-204,-120,-4,117,233,329,407,451,454,422,343,229,94,-50,-195,-332,-441,-518,-546,-520,-454,-344,-193,-34,134,294,427,526,580,584,526,425,285,122,-49,-221,-365,-482,-555,-581,-538,-450,-337,-191,-27,131,262,379,458,495,490,437,359,255,125,-3,-120,-216,-304,-361,-382,-378,-349,-299,-236,-159,-77,3,83,170,231,285,337,364,363,347,302,236,148,35,-82,-210,-332,-419,290,957,504,59,121,579,630,630,581,466,310,111,-108,-323,-516,-672,-776,-801,-755,-643,-462,-239,9,269,508,696,833,903,884,778,614,393,119,-152,-425,-659,-842,-951,-979,-919,-769,-560,-300,-8,290,566,790,939,1015,1007,906,726,483,204,-91,-383,-641,-847,-979,-1039,-1018,-895,-700,-445,-159,147,450,708,908,1041,1075,1025,892,678,397,79,-242,-534,-801,-999,-1096,-1110,-1025,-851,-588,-293,34,357,639,863,1027,1094,1060,944,746,489,201,-112,-411,-673,-878,-999,-1041,-995,-866,-671,-427,-145,152,433,684,871,987,1028,976,843,642,377,81,-216,-495,-741,-916,-1016,-1031,-958,-796,-572,-301,-12,261,557,789,948,1030,1025,936,760,522,239,-64,-359,-638,-867,-1016,-1083,-1053,-936,-737,-468,-166,163,489,782,1009,1149,1187,1120,953,693,365,-1,-373,-722,-1010,-1204,-1286,-1253,-1096,-854,-520,-123,280,668,987,1217,1332,1318,1173,923,581,194,-212,-607,-934,-1162,-1282,-1278,-1163,-935,-619,-259,135,502,822,1052,1191,1209,1107,907,627,298,-60,-406,-697,-921,-1046,-1068,-987,-813,-577,-296,12,316,567,761,877,908,849,715,512,275,23,-226,-456,-630,-730,-764,-720,-615,-455,-245,-16,203,395,542,625,644,596,485,322,131,-69,-268,-422,-521,-553,-504,-389,-226,-30,146,284,364,364,293,326,216,0,500,914,143,193,208,177,111,17,-82,-170,-236,-265,-263,-218,-149,-64,33,122,193,242,268,264,230,175,113,34,-43,-117,-184,-222,-250,-266,-249,-208,-159,-93,-16,55,137,220,278,321,332,318,278,197,94,-24,-157,-275,-374,-440,-469,-449,-382,-265,-108,56,217,358,472,533,544,503,403,263,104,-72,-247,-384,-486,-537,-540,-492,-389,-255,-95,71,231,352,449,501,503,455,375,253,115,-26,-164,-276,-370,-429,-436,-416,-359,-271,-165,-49,70,177,266,334,375,374,342,294,216,118,11,-89,-177,-253,-300,-328,-320,-292,-241,-171,-90,-5,81,155,213,257,282,289,271,245,164,98,20,-56,-123,-189,-242,-261,-264,-254,-221,-180,-115,-47,18,86,149,202,235,244,247,234,200,158,99,36,-24,-81,-146,-209,-249,-278,-285,-278,-248,-199,-130,-40,47,144,243,307,368,401,396,350,273,167,45,-84,-217,-343,-438,-493,-504,-474,-400,-289,-149,10,166,312,442,527,567,563,504,395,248,84,-96,-269,-409,-517,-574,-586,-544,-454,-321,-163,14,188,323,438,517,552,523,452,351,217,78,-72,-203,-308,-393,-439,-442,-410,-353,-276,-176,-73,30,125,204,266,308,332,336,327,297,245,191,118,26,-65,-155,-249,-325,-397,-438,-448,-431,-362,-260,-1206,-1055
39170,mtk,MTK 7916,2424463948,rx1-tx0,512,0,1231,1280,-193,-393,-568,-700,-768,-781,-726,-602,-427,-204,45,307,546,721,850,921,893,790,613,370,85,-213,-498,-737,-904,-1008,-1023,-945,-777,-524,-225,96,420,705,934,1079,1136,1079,917,676,380,30,-308,-631,-887,-1076,-1160,-1139,-1030,-814,-531,-211,133,477,773,997,1144,1171,1104,955,708,403,50,-307,-634,-910,-1103,-1195,-1180,-1077,-853,-562,-204,152,493,799,1025,1161,1192,1119,938,662,335,-4,-347,-657,-909,-1068,-1122,-1100,-969,-739,-466,-155,180,471,725,914,1023,1029,947,786,568,297,4,-273,-531,-732,-882,-942,-920,-828,-658,-447,-189,87,345,568,744,856,892,855,737,569,328,216,-202,-439,-643,-793,-869,-869,-792,-650,-444,-200,67,319,548,720,834,871,820,704,512,280,35,-234,-456,-650,-797,-853,-828,-728,-569,-357,-115,136,375,586,715,794,810,732,593,399,160,-83,-314,-514,-648,-724,-741,-680,-569,-401,-200,12,224,409,546,635,661,616,524,399,228,51,-119,-278,-412,-511,-560,-561,-508,-418,-285,-126,38,186,322,423,498,519,494,415,296,155,8,-134,-272,-382,-439,-452,-438,-371,-270,-149,-7,118,238,329,386,398,377,311,214,108,-11,-130,-230,-296,-337,-329,-290,-230,-133,-24,80,174,243,271,261,223,158,65,-29,-113,-166,-182,-161,-509,115,0,1413,1794,195,137,28,-99,-230,-327,-358,-342,-272,-154,-11,136,266,356,404,403,353,258,129,-3,-151,-273,-367,-424,-423,-391,-314,-209,-70,79,200,312,399,444,442,390,311,202,62,-79,-206,-316,-411,-448,-448,-412,-339,-224,-100,28,178,299,396,453,478,464,378,266,123,-32,-168,-307,-416,-475,-488,-462,-386,-280,-139,-1,133,261,363,430,451,440,376,286,177,48,-87,-205,-300,-365,-399,-412,-368,-291,-218,-115,16,131,221,309,359,375,360,314,238,155,62,-50,-155,-245,-294,-315,-334,-311,-250,-184,-96,-4,101,184,227,273,295,288,242,191,139,59,-26,-100,-145,-584,-216,-239,-221,-193,-155,-97,-31,22,70,122,161,190,201,186,164,127,85,50,8,-34,-64,-101,-121,-119,-121,-121,-114,-93,-69,-44,-34,-18,13,37,51,84,107,132,161,169,172,162,137,106,49,-26,-96,-163,-233,-286,-312,-322,-305,-252,-172,-57,58,198,317,409,481,493,470,402,287,131,-43,-218,-369,-511,-613,-625,-610,-516,-374,-190,12,207,396,548,664,713,683,586,458,279,60,-165,-369,-546,-669,-724,-720,-665,-531,-340,-133,91,295,480,625,708,719,672,568,422,236,27,-177,-353,-513,-627,-679,-664,-613,-514,-367,-186,7,195,365,522,629,673,667,-1433,-623,0,-480,301,-707,-629,-503,-323,-110,114,350,553,714,817,854,819,697,509,290,19,-264,-516,-731,-883,-969,-965,-876,-693,-445,-161,152,454,723,936,1056,1088,1014,842,597,301,-33,-371,-674,-910,-1080,-1148,-1114,-977,-754,-464,-123,213,545,828,1032,1156,1175,1082,883,622,306,-42,-379,-702,-961,-1133,-1201,-1158,-1019,-781,-480,-137,218,561,862,1077,1185,1184,1097,898,624,291,-65,-416,-740,-989,-1127,-1175,-1120,-965,-718,-401,-75,246,571,821,987,1083,1065,954,762,511,222,-89,-374,-625,-820,-951,-979,-934,-797,-603,-367,-87,178,432,648,800,901,909,838,700,501,261,5,-267,-500,-698,-834,757,-860,-766,-610,-392,-139,128,380,589,756,850,870,811,684,484,251,-16,-271,-509,-701,-813,-856,-824,-705,-553,-330,-71,185,422,623,760,830,823,744,584,374,148,-100,-346,-550,-703,-785,-781,-715,-579,-390,-180,53,278,463,604,680,695,655,557,399,215,9,-185,-348,-492,-585,-607,-585,-517,-407,-262,-94,79,237,379,473,534,537,488,403,279,141,-10,-166,-299,-402,-465,-484,-463,-399,-282,-146,-15,121,259,352,411,424,392,337,242,126,0,-125,-241,-315,-362,-379,-340,-267,-177,-72,40,139,228,286,307,290,242,159,58,-42,-133,-206,-239,-233,-188,-116,-36,41,-1311,-1114,0,-1195,-256,-148,-236,-292,-299,-248,-134,5,144,270,355,390,370,301,195,56,-85,-217,-328,-395,-422,-403,-323,-222,-90,49,181,297,383,434,428,378,301,194,59,-79,-208,-318,-398,-439,-427,-391,-333,-224,-90,47,184,311,404,439,467,443,365,250,113,-26,-180,-309,-407,-470,-484,-463,-400,-284,-136,13,158,285,390,458,475,457,396,291,152,14,-124,-246,-335,-404,-443,-440,-387,-306,-197,-76,47,175,250,320,384,396,357,306,230,127,21,-83,-184,-265,-315,-361,-355,-323,-248,-156,-79,19,131,214,273,306,317,302,238,179,109,17,-64,-139,-180,-232,-273,-272,-237,-194,-674,-94,-14,62,107,156,191,208,204,200,172,127,72,6,-49,-91,-134,-146,-159,-158,-139,-126,-108,-69,-34,-2,28,63,83,98,95,96,113,123,116,111,105,81,63,29,-11,-57,-104,-142,-186,-227,-247,-240,-221,-183,-104,-13,84,189,283,354,396,410,395,325,236,95,-59,-210,-357,-466,-546,-571,-543,-462,-341,-158,32,220,409,546,646,674,646,555,414,234,19,-203,-395,-548,-672,-727,-708,-632,-493,-302,-88,122,332,523,655,718,723,665,554,388,182,-41,-250,-430,-573,-663,-700,-668,-588,-469,-296,-92,96,272,435,567,660,687,653,573,445,271,86,-105,-1195,-1979
39171,mtk,MTK 7916,2424463948,rx1-tx1,512,0,0,0,884,954,808,480,26,-439,-807,-990,-954,-698,-274,211,648,942,1024,862,510,41,-445,-829,-1006,-956,-687,-262,216,638,914,984,813,447,-12,-477,-842,-997,-911,-610,-164,322,729,965,979,766,361,-146,-606,-915,-1022,-890,-536,-41,461,855,1056,1008,723,265,-262,-736,-1039,-1098,-906,-504,34,573,982,1176,1100,769,269,-303,-820,-1145,-1200,-997,-575,-15,558,999,1209,1145,828,339,-231,-745,-1083,-1176,-1008,-615,-96,441,872,1088,1064,809,365,-147,-609,-925,-1028,-891,-549,-100,361,731,915,888,665,296,-136,-531,-798,-870,-734,-438,-47,350,651,798,760,548,212,-169,-498,-711,-753,0,-342,14,350,603,712,654,439,128,-200,-483,-654,-657,-512,-256,67,371,585,655,561,333,41,-248,-488,-613,-589,-419,-152,156,424,597,611,494,260,-45,-340,-562,-655,-598,-398,-99,234,505,672,685,536,253,-87,-417,-659,-752,-675,-440,-103,259,575,770,791,642,362,-13,-393,-701,-868,-847,-642,-283,128,500,775,900,837,609,256,-143,-512,-777,-884,-821,-590,-247,132,478,717,809,754,551,235,-97,-397,-614,-708,-654,-488,-237,41,296,482,570,548,426,244,36,-173,-336,-419,-428,-368,-246,-91,65,189,274,312,301,243,151,56,-32,-103,-148,-171,-167,-144,-105,-51,0,0,0,0,0,-26,-57,-84,-105,-109,-95,-63,-17,41,91,129,154,147,112,50,-21,-89,-139,-169,-166,-126,-65,9,86,145,175,172,134,69,-14,-94,-161,-197,-187,-137,-67,26,110,161,183,166,105,31,-47,-109,-139,-130,-103,-64,-11,34,67,93,82,40,2,-38,-53,-36,-15,17,63,91,83,58,16,-50,-123,-169,-174,-143,-89,14,126,214,258,262,202,92,-53,-200,-305,-344,-318,-231,-91,97,270,374,406,352,218,33,-159,-316,-417,-424,-340,-186,18,225,371,439,421,307,121,-101,-302,-424,-454,-386,-218,-6,187,348,434,410,293,105,-108,-288,-399,-418,-342,-182,0,249,391,443,397,245,32,-196,-386,-476,-459,-331,-126,112,335,499,540,451,251,-9,-278,-488,-584,-549,-395,-136,167,436,608,639,520,278,-36,-349,-582,-684,-623,-428,-122,220,523,708,734,584,302,-62,-411,-667,-778,-712,-471,-116,271,592,771,788,625,308,-83,-461,-738,-839,-745,-482,-99,310,649,840,837,630,281,-132,-504,-767,-860,-758,-469,-77,335,670,842,817,610,254,-161,-541,-792,-861,-721,-404,11,411,715,852,796,542,162,-257,-622,-845,-857,-673,-335,88,490,780,889,793,510,104,-330,-689,-891,-886,-678,-311,125,528,819,919,806,499,79,-361,-718,-906,0,0,0,0,0,-354,100,536,857,981,888,586,149,-331,-732,-975,-995,-783,-388,91,549,882,1021,919,602,151,-342,-750,-980,-980,-751,-347,117,560,884,989,861,537,76,-402,-787,-984,-946,-684,-260,232,676,957,1011,824,443,-35,-526,-891,-1032,-935,-624,-154,367,803,1049,1062,826,384,-161,-672,-1026,-1146,-1009,-638,-110,453,919,1180,1165,885,418,-155,-699,-1084,-1222,-1087,-719,-184,385,870,1151,1173,926,488,-54,-580,-969,-1140,-1048,-719,-232,287,722,1001,1045,841,458,-13,-481,-833,-980,-894,-614,-196,255,623,853,886,702,358,-50,-435,-718,-828,-739,-481,-123,254,576,753,760,588,280,-88,0,-656,-732,-633,-393,-74,274,558,687,650,471,188,-138,-429,-620,-663,-542,-306,-2,305,537,634,582,391,101,-206,-460,-603,-595,-452,-210,88,385,582,635,539,319,12,-299,-558,-684,-631,-438,-159,177,470,668,718,605,353,7,-355,-628,-767,-750,-558,-226,154,497,744,840,751,488,123,-268,-627,-860,-896,-744,-463,-73,338,676,869,887,726,431,56,-326,-645,-837,-861,-706,-421,-69,284,576,736,752,628,395,90,-218,-458,-608,-644,-555,-363,-123,121,330,469,509,459,331,154,-26,-189,-311,-372,-364,-297,-188,-62,56,152,218,242,230,193,131,63,7,-43,-78,-87,0,0,0,0,0,77,73,50,19,-24,-73,-107,-125,-131,-118,-69,-9,54,106,147,159,136,84,14,-58,-125,-171,-180,-151,-101,-30,62,137,174,190,172,108,19,-60,-126,-174,-190,-155,-82,-5,76,130,148,147,124,54,-14,-69,-108,-113,-88,-60,-9,35,54,55,49,16,-27,-69,-71,-56,-20,32,88,118,132,102,34,-49,-137,-206,-243,-217,-133,-14,96,203,293,326,279,163,0,-161,-292,-376,-376,-300,-150,38,217,348,407,390,277,95,-98,-281,-413,-450,-384,-238,-40,166,331,432,438,345,167,-45,-236,-374,-441,-402,-262,-66,148,327,421,414,315,150,-61,-256,-393,0,-379,-219,-5,213,383,472,442,296,84,-157,-371,-492,-502,-399,-193,62,304,493,572,506,307,36,-240,-466,-599,-606,-463,-206,103,396,605,672,577,354,46,-290,-568,-706,-686,-512,-215,139,471,696,761,648,387,25,-335,-633,-794,-764,-553,-219,173,525,760,826,694,397,6,-383,-688,-838,-791,-557,-192,220,584,816,863,710,381,-31,-429,-723,-844,-779,-541,-160,253,601,816,848,668,335,-79,-472,-755,-849,-749,-473,-86,334,671,854,826,605,240,-179,-564,-815,-881,-739,-423,-4,411,733,891,849,608,219,-224,-614,-861,-907,-747,-414,27,462,785,923,853,586,187,0,0
39172,mtk,MTK 7916,2424463948,rx2-tx0,512,0,0,0,122,-345,-734,-948,-937,-698,-295,177,612,906,975,813,459,0,-462,-804,-953,-870,-581,-158,301,683,900,897,676,297,-151,-558,-826,-887,-735,-406,24,439,737,860,771,483,75,-350,-681,-845,-801,-558,-173,248,614,831,840,635,277,-146,-527,-783,-845,-687,-362,44,441,724,827,717,425,21,-389,-698,-825,-748,-487,-87,341,684,858,820,574,177,-277,-677,-906,-920,-712,-318,178,632,937,1029,880,515,20,-498,-898,-1086,-1029,-734,-259,280,763,1074,1133,930,514,-24,-555,-948,-1124,-1043,-723,-246,286,748,1033,1070,855,449,-51,-524,-869,-999,-887,-571,-135,322,695,897,878,0,237,-201,-580,-811,-845,-664,-317,110,503,768,840,709,398,-16,-440,-757,-885,-797,-515,-99,354,736,939,916,669,244,-252,-694,-979,-1043,-869,-472,49,572,967,1152,1074,743,227,-351,-856,-1179,-1239,-1016,-559,38,627,1075,1298,1223,864,309,-315,-876,-1237,-1323,-1102,-639,-38,575,1067,1312,1258,928,387,-253,-827,-1212,-1328,-1152,-729,-147,473,988,1280,1285,1019,538,-47,-619,-1060,-1262,-1193,-879,-388,172,686,1038,1157,1038,713,244,-250,-670,-931,-997,-851,-533,-129,277,614,806,818,668,391,48,-283,-539,-673,-665,-529,-301,-23,237,437,543,548,460,304,107,-83,-234,-327,-357,-331,0,0,0,0,0,-293,-317,-298,-224,-105,54,223,370,472,497,428,281,81,-154,-363,-503,-557,-505,-349,-116,145,380,540,597,533,353,89,-199,-442,-600,-632,-521,-297,-12,276,506,629,611,454,200,-98,-370,-556,-617,-538,-330,-50,235,459,569,550,397,145,-143,-407,-576,-598,-469,-222,84,381,592,664,574,357,40,-305,-583,-732,-713,-524,-206,166,501,723,785,671,393,16,-360,-658,-805,-763,-545,-201,196,548,771,818,679,378,-20,-416,-708,-836,-770,-520,-155,254,606,821,835,654,322,-86,-472,-752,-860,-768,-490,-96,318,660,842,830,627,274,-147,-524,-778,-847,-714,-410,-8,400,0,840,777,526,150,-261,-614,-812,-816,-617,-272,144,532,792,854,704,383,-38,-469,-784,-906,-813,-525,-95,362,742,946,925,679,269,-215,-659,-955,-1020,-845,-471,19,513,894,1071,986,664,186,-338,-784,-1047,-1062,-820,-383,142,636,978,1078,921,543,29,-493,-892,-1072,-998,-682,-194,344,796,1057,1058,811,365,-186,-699,-1040,-1130,-945,-524,14,557,973,1153,1065,725,203,-372,-856,-1139,-1154,-898,-428,147,681,1055,1184,1036,643,99,-469,-919,-1148,-1106,-804,-318,238,733,1057,1125,927,513,-10,-526,-919,-1083,-986,-662,-187,331,763,1006,1002,763,343,-155,-603,-902,-983,-826,-463,2,0,0,0,0,0,965,904,629,205,-275,-686,-933,-954,-752,-372,94,541,857,973,853,530,84,-379,-752,-937,-893,-637,-232,220,615,857,896,719,361,-84,-500,-786,-882,-756,-441,-23,391,708,855,783,516,122,-303,-649,-835,-816,-593,-217,210,583,806,833,654,317,-92,-482,-760,-842,-703,-389,13,412,714,831,734,453,56,-359,-687,-846,-784,-519,-119,319,682,887,872,626,225,-236,-657,-927,-970,-780,-400,91,572,932,1075,965,626,131,-407,-852,-1097,-1088,-831,-387,154,665,1022,1142,1001,627,112,-422,-854,-1084,-1071,-805,-355,165,634,946,1030,875,517,50,-416,-783,-955,-883,-604,-195,254,0,858,860,654,287,-147,-532,-784,-839,-681,-355,66,476,764,869,755,449,32,-398,-738,-904,-849,-579,-156,314,724,968,976,750,347,-159,-646,-988,-1112,-974,-600,-76,468,923,1181,1166,881,395,-198,-757,-1145,-1273,-1122,-712,-138,471,984,1278,1283,992,476,-155,-744,-1162,-1323,-1200,-794,-205,425,964,1281,1309,1053,564,-54,-659,-1115,-1323,-1244,-890,-342,273,822,1187,1295,1123,722,168,-410,-888,-1167,-1203,-985,-567,-46,466,866,1071,1041,798,411,-44,-469,-781,-916,-859,-623,-273,112,445,671,752,676,468,177,-131,-390,-564,-622,-560,-397,-174,67,274,417,481,459,370,237,92,-39,0,0,0,0,0,44,-72,-193,-306,-393,-425,-394,-290,-124,77,277,439,527,520,414,224,-12,-257,-452,-562,-563,-449,-239,25,289,503,615,592,447,200,-87,-356,-550,-634,-578,-391,-121,175,436,600,624,502,271,-11,-289,-505,-601,-550,-372,-109,185,430,572,570,430,180,-121,-400,-591,-639,-526,-285,28,346,592,698,643,431,111,-245,-553,-739,-765,-607,-299,74,432,697,805,726,479,115,-281,-613,-805,-802,-612,-286,100,475,744,836,729,451,63,-340,-662,-836,-818,-605,-245,173,553,800,862,723,416,7,-401,-712,-863,-805,-557,-185,232,595,818,844,669,349,-54,-451,-746,-857,-758,0,-79,324,654,826,793,568,203,-217,-579,-802,-834,-665,-329,91,498,781,876,755,449,25,-416,-758,-926,-867,-596,-177,291,699,950,982,774,371,-123,-594,-932,-1058,-931,-575,-80,430,846,1063,1029,752,294,-233,-706,-1011,-1074,-878,-468,55,562,937,1082,963,614,117,-408,-836,-1069,-1038,-747,-272,271,749,1050,1093,872,442,-100,-624,-1004,-1146,-1007,-627,-91,469,923,1160,1119,813,316,-256,-774,-1109,-1178,-971,-536,25,577,997,1182,1082,729,213,-347,-831,-1116,-1129,-875,-422,121,632,988,1109,971,604,95,-430,-840,-1043,-994,-712,-267,239,680,948,987,792,407,-73,-533,-856,-964,0,0
39173,mtk,MTK 7916,2424463948,rx2-tx1,512,0,0,0,-317,10,335,572,679,643,467,176,-152,-438,-622,-671,-571,-346,-38,274,512,634,623,464,211,-83,-360,-551,-609,-540,-359,-108,162,396,536,562,463,268,13,-221,-397,-477,-451,-332,-154,52,229,350,401,365,245,95,-51,-183,-276,-295,-264,-184,-69,37,125,185,189,169,131,80,30,-23,-76,-112,-132,-144,-149,-134,-83,-25,30,105,181,223,224,187,104,-8,-125,-234,-308,-317,-247,-131,15,170,307,387,390,291,127,-62,-240,-380,-452,-424,-299,-103,127,326,444,480,418,248,22,-204,-388,-483,-467,-359,-175,58,283,445,499,438,287,66,-170,-368,-479,-472,-356,0,54,269,410,458,411,261,40,-181,-351,-443,-422,-302,-119,97,281,392,420,348,179,-34,-232,-381,-434,-375,-223,-11,208,377,447,407,254,43,-187,-384,-495,-490,-367,-143,129,375,549,605,520,304,2,-311,-563,-702,-676,-492,-197,159,499,735,818,720,455,89,-306,-646,-856,-866,-680,-362,36,447,774,926,877,639,259,-178,-588,-880,-978,-864,-582,-170,283,673,913,966,823,516,110,-316,-674,-868,-896,-744,-438,-45,331,632,800,809,651,363,9,-324,-579,-704,-694,-557,-307,-2,287,501,619,614,495,294,53,-182,-371,-489,-512,-449,-332,-167,2,143,238,291,304,0,0,0,0,0,256,276,260,208,117,-10,-149,-272,-362,-400,-368,-280,-141,29,198,333,412,421,350,203,9,-184,-340,-435,-449,-374,-225,-21,192,364,461,475,394,230,14,-204,-380,-474,-476,-389,-217,7,220,378,468,465,374,207,-2,-214,-372,-456,-446,-345,-189,-5,179,320,387,384,295,164,16,-131,-246,-283,-271,-221,-143,-43,46,128,173,174,146,105,62,29,9,-18,-43,-55,-60,-71,-89,-100,-83,-59,-14,42,105,150,169,162,135,68,-22,-109,-185,-233,-228,-191,-107,-2,118,217,270,251,193,93,-34,-162,-249,-269,-230,-160,-50,69,161,222,236,186,98,-4,-108,0,-193,-165,-102,-19,76,150,169,142,82,2,-86,-157,-174,-147,-86,3,99,184,212,186,112,-3,-119,-212,-257,-243,-175,-52,103,235,313,318,241,110,-55,-224,-340,-379,-340,-219,-44,157,330,422,415,328,155,-64,-270,-414,-457,-387,-233,-23,198,369,452,417,296,107,-117,-312,-436,-456,-364,-192,49,293,461,515,440,241,-18,-269,-458,-560,-545,-391,-127,172,434,608,653,535,283,-39,-356,-602,-706,-665,-470,-161,193,514,722,773,650,384,13,-360,-647,-802,-786,-597,-272,119,487,749,838,742,485,128,-241,-562,-766,-796,-641,-352,8,362,626,742,701,506,192,0,0,0,0,0,-624,-703,-618,-405,-97,234,510,664,668,520,257,-65,-365,-579,-662,-593,-408,-123,193,448,592,609,507,296,19,-262,-474,-585,-564,-414,-177,80,315,477,529,459,296,91,-133,-319,-416,-428,-358,-212,-28,139,267,330,336,272,153,7,-112,-195,-247,-246,-197,-123,-40,43,95,130,146,139,120,86,49,7,-43,-100,-144,-169,-170,-149,-93,-14,67,157,225,258,247,190,80,-70,-211,-305,-347,-321,-219,-59,124,286,403,432,365,218,25,-184,-355,-449,-455,-351,-164,58,272,429,490,443,304,98,-130,-336,-468,-493,-410,-231,3,233,406,485,451,318,127,-100,-317,0,-475,-394,-226,-12,209,380,455,419,286,91,-125,-318,-426,-425,-325,-153,56,254,384,427,355,194,-11,-212,-373,-448,-390,-228,-25,188,372,470,441,315,107,-153,-385,-522,-550,-443,-221,65,345,552,646,595,399,88,-245,-541,-731,-756,-604,-321,50,412,688,833,790,568,211,-199,-567,-818,-905,-789,-491,-97,315,681,917,944,757,426,-9,-451,-786,-952,-938,-722,-356,78,488,809,956,887,642,276,-131,-507,-771,-864,-785,-561,-217,164,487,698,769,692,474,164,-170,-449,-625,-672,-596,-405,-149,121,358,517,570,527,399,203,-7,-200,-344,-413,-415,-360,-263,-146,-36,0,0,0,0,0,-41,52,153,249,321,352,335,269,155,4,-151,-282,-381,-423,-382,-261,-93,95,263,385,444,422,303,120,-88,-282,-420,-466,-424,-303,-124,90,295,433,485,450,325,116,-111,-307,-436,-479,-444,-312,-106,115,304,436,474,417,288,106,-100,-273,-386,-418,-376,-263,-95,74,216,313,340,306,224,91,-43,-146,-208,-230,-218,-164,-90,-1,58,88,103,107,94,77,69,48,21,13,9,-23,-70,-107,-129,-138,-122,-79,-8,67,139,192,216,196,128,40,-63,-162,-221,-240,-222,-156,-45,81,186,252,262,218,116,-4,-113,-198,-249,-234,-167,-77,25,134,203,217,182,0,13,-90,-162,-185,-162,-91,1,89,151,181,154,86,2,-77,-151,-188,-170,-106,-9,118,208,229,205,128,12,-115,-218,-284,-283,-212,-78,88,235,328,350,289,162,-14,-203,-344,-413,-383,-271,-97,108,291,404,429,353,182,-18,-215,-370,-450,-411,-261,-57,153,337,443,443,325,123,-112,-321,-459,-489,-401,-209,40,289,482,546,484,313,59,-220,-464,-607,-606,-455,-195,118,407,614,686,600,377,61,-285,-565,-729,-726,-555,-254,105,445,701,800,728,490,140,-251,-577,-788,-827,-679,-386,-5,378,667,809,776,572,242,-133,-475,-712,-786,-686,-440,-101,252,535,693,0,0
39174,mtk,MTK 7916,2424495412,rx0-tx0,512,-349,-849,-876,-95,42,183,313,417,507,554,565,539,472,361,228,90,-56,-209,-346,-459,-532,-570,-565,-526,-445,-327,-198,-51,100,239,362,441,504,529,514,459,365,267,152,27,-92,-200,-295,-357,-411,-420,-401,-363,-308,-231,-148,-68,21,94,162,213,264,303,308,301,286,255,213,170,123,63,-4,-81,-154,-223,-284,-343,-371,-394,-380,-331,-268,-180,-86,33,156,268,363,450,494,480,460,399,297,182,33,-113,-238,-360,-455,-519,-526,-517,-464,-361,-229,-82,61,205,330,422,485,507,476,416,336,218,80,-55,-165,-275,-356,-399,-404,-387,-344,-269,-184,-86,6,103,195,246,-511,283,272,238,191,149,89,23,-32,-79,-120,-162,-164,-172,-162,-132,-106,-74,-46,-13,29,49,67,68,54,55,65,62,45,43,45,28,25,27,25,4,-2,-1,-23,-25,-29,-60,-62,-60,-63,-63,-59,-44,-31,-24,-3,13,20,39,64,66,65,66,58,64,48,33,21,11,0,-24,-45,-47,-64,-65,-61,-79,-82,-73,-70,-61,-36,-17,10,36,50,68,96,106,100,107,107,97,65,39,-1,-42,-74,-125,-151,-163,-167,-156,-130,-94,-54,-5,52,94,129,162,170,168,156,125,83,34,-21,-74,-119,-142,-151,-149,-140,-107,-61,-9,44,84,112,115,-799,-829,1179,-138,-310,289,289,223,115,-25,-176,-313,-414,-467,-463,-409,-314,-195,-43,109,254,389,482,529,539,510,425,306,169,10,-151,-302,-436,-524,-589,-618,-580,-506,-388,-242,-82,106,283,437,561,642,677,667,609,502,370,191,-5,-202,-366,-509,-626,-697,-706,-670,-604,-483,-318,-152,27,208,372,509,614,682,700,662,589,463,315,156,-14,-184,-338,-475,-578,-655,-692,-655,-596,-499,-359,-210,-42,135,294,433,545,628,655,659,611,535,415,253,105,-53,-224,-366,-495,-585,-642,-677,-649,-575,-463,-330,-175,9,184,343,479,596,671,686,665,608,503,364,215,41,-145,-309,-454,-573,-330,-673,-668,-624,-526,-396,-259,-80,95,253,403,525,618,672,677,643,575,463,328,170,-4,-185,-326,-456,-569,-638,-677,-667,-614,-523,-406,-267,-112,67,239,397,531,632,702,730,710,651,547,389,223,31,-164,-353,-509,-649,-744,-789,-791,-725,-619,-471,-297,-94,122,324,506,664,776,835,835,773,669,514,334,129,-94,-319,-522,-685,-800,-844,-834,-766,-644,-480,-281,-76,142,343,505,637,722,753,739,665,551,400,229,69,-107,-274,-411,-511,-577,-588,-575,-537,-453,-347,-231,-104,22,140,255,345,413,453,468,459,434,391,313,219,113,7,-108,-225,-321,-402,-461,-484,689,578,-729,-242,-77,514,518,504,449,361,247,97,-45,-187,-328,-448,-526,-562,-569,-535,-465,-359,-220,-67,80,227,366,466,526,559,546,504,413,301,178,33,-107,-236,-333,-403,-453,-473,-449,-408,-321,-236,-143,-33,61,159,244,303,324,342,339,316,275,223,180,114,48,-18,-89,-160,-211,-242,-275,-297,-315,-311,-289,-258,-200,-122,-38,40,134,228,321,384,434,457,438,387,306,200,60,-69,-190,-316,-410,-479,-520,-504,-458,-387,-275,-137,16,160,301,414,491,527,528,483,390,281,156,12,-127,-244,-347,-432,-458,-446,-415,-357,-266,-146,-30,70,179,259,317,343,332,315,256,183,1105,41,-31,-103,-149,-186,-221,-226,-218,-188,-161,-111,-57,-26,25,63,90,105,108,114,110,96,80,48,27,20,11,-6,-15,-11,-31,-37,-31,-33,-41,-44,-34,-52,-54,-38,-51,-41,-21,-13,2,17,35,46,56,67,76,69,61,63,50,29,23,9,-1,-24,-48,-55,-63,-69,-82,-84,-72,-71,-62,-28,-17,-1,25,40,49,65,77,84,98,96,80,72,54,28,5,-22,-61,-102,-130,-139,-146,-125,-124,-102,-63,-19,20,65,104,131,149,164,165,143,110,58,2,-32,-75,-117,-150,-166,-168,-151,-118,-76,-29,17,73,118,139,143,128,101,58,9,-182,-67,1145,-821,-778,-34,-158,-280,-362,-402,-387,-315,-202,-48,111,256,371,457,506,498,453,363,230,82,-66,-220,-355,-465,-541,-580,-566,-504,-405,-268,-125,52,225,367,502,593,648,658,600,507,382,211,37,-151,-330,-476,-589,-670,-695,-678,-600,-493,-343,-149,40,216,382,536,640,686,710,676,595,472,313,144,-36,-199,-364,-513,-611,-667,-682,-653,-579,-480,-349,-199,-16,160,312,459,573,639,672,656,606,515,393,230,65,-96,-261,-403,-536,-611,-645,-672,-638,-566,-454,-306,-159,16,199,361,494,595,666,695,662,597,487,356,185,8,-152,-329,-482,-587,-657,-688,-673,-608,-511,-378,826,-75,96,269,423,527,611,669,666,628,547,434,290,124,-50,-212,-372,-504,-603,-673,-691,-654,-581,-493,-363,-209,-44,124,290,428,542,627,684,701,659,587,473,337,172,-14,-190,-356,-517,-638,-727,-773,-757,-690,-582,-444,-257,-64,140,336,511,656,755,811,815,755,656,509,328,115,-114,-326,-520,-682,-783,-845,-841,-787,-678,-521,-324,-109,104,325,518,671,769,806,796,718,594,441,253,63,-132,-311,-462,-581,-641,-664,-656,-602,-500,-377,-226,-70,72,211,337,423,483,520,517,490,438,358,269,159,49,-64,-168,-272,-361,-423,-456,-473,-472,-434,-367,-287,-177,-50,-847,-962
39175,mtk,MTK 7916,2424495412,rx0-tx1,512,87,-394,-377,-297,-144,20,197,368,520,647,738,776,765,702,596,437,249,41,-188,-399,-585,-736,-851,-906,-909,-848,-732,-569,-356,-123,115,354,575,763,916,999,1025,977,867,703,491,258,-14,-283,-531,-750,-912,-1026,-1074,-1053,-962,-816,-626,-399,-140,131,379,615,819,967,1065,1092,1055,946,791,591,344,72,-205,-465,-707,-912,-1050,-1134,-1142,-1077,-954,-773,-538,-263,31,317,579,806,994,1111,1152,1126,1033,867,649,408,130,-145,-410,-649,-843,-988,-1071,-1081,-1040,-931,-770,-569,-323,-62,201,451,672,857,981,1054,1065,1008,892,722,502,254,-12,-275,-519,-732,-897,-1011,-1062,-1042,-962,-829,-689,-415,-162,97,352,585,781,934,1039,1072,1033,945,792,589,355,102,-165,-431,-681,-888,-1039,-1127,-1139,-1092,-976,-794,-550,-270,28,345,641,893,1098,1232,1297,1260,1134,937,673,351,2,-339,-671,-958,-1173,-1318,-1366,-1311,-1164,-940,-659,-322,35,386,710,979,1180,1301,1325,1246,1098,872,572,254,-81,-404,-701,-939,-1098,-1183,-1185,-1110,-953,-725,-463,-172,125,394,637,831,956,1004,987,917,770,574,343,97,-141,-357,-539,-678,-772,-805,-774,-694,-569,-411,-220,-25,168,332,478,581,642,651,604,519,397,238,67,-104,-264,-393,-492,-532,-520,-453,-342,-203,-41,114,235,313,337,307,-60,-70,0,966,528,-192,-210,-192,-146,-63,23,113,196,254,281,279,250,194,121,40,-45,-119,-190,-239,-273,-285,-275,-248,-196,-141,-72,-9,64,138,195,240,275,297,300,288,262,215,150,65,-27,-117,-202,-288,-366,-416,-435,-438,-387,-306,-216,-91,56,195,332,439,516,561,566,521,426,307,169,9,-161,-305,-430,-524,-581,-594,-566,-482,-367,-233,-95,61,203,327,431,500,525,521,486,412,314,199,80,-45,-170,-268,-354,-412,-439,-442,-420,-363,-289,-209,-107,-3,92,185,266,323,363,377,371,350,295,232,153,63,-23,-103,-177,-239,-281,-308,-317,-305,-286,-238,-183,-121,-52,22,-130,143,193,231,254,269,267,248,209,168,119,55,5,-49,-104,-144,-177,-207,-216,-216,-207,-191,-161,-138,-109,-70,-26,9,52,93,124,160,187,209,231,245,243,228,204,176,124,46,-24,-98,-180,-257,-323,-368,-384,-387,-363,-316,-243,-149,-44,70,179,299,399,464,506,516,495,438,352,239,103,-30,-170,-302,-411,-506,-564,-581,-558,-504,-418,-294,-156,-8,141,280,391,475,532,554,545,484,402,302,180,59,-71,-184,-276,-355,-408,-435,-434,-413,-359,-312,-248,-160,-88,-3,81,145,208,262,311,354,375,378,373,349,318,257,176,90,-7,-118,-232,-340,-437,-507,290,957,504,59,121,580,650,684,674,610,509,373,201,4,-198,-390,-563,-705,-801,-855,-850,-780,-659,-502,-300,-79,153,378,584,760,897,965,970,916,802,643,432,191,-66,-321,-557,-766,-918,-1022,-1062,-1019,-920,-761,-554,-313,-47,224,476,697,870,1000,1071,1069,1004,885,705,486,235,-36,-304,-551,-762,-938,-1057,-1115,-1097,-1023,-892,-689,-449,-175,110,390,642,860,1026,1131,1160,1111,998,825,604,335,51,-237,-503,-743,-922,-1055,-1123,-1113,-1038,-897,-708,-481,-222,35,299,549,756,920,1033,1079,1058,976,834,647,415,165,-102,-363,-593,-794,-946,-1041,-1073,-1036,-932,-775,-575,-338,-76,190,435,657,261,979,1047,1051,998,884,711,499,260,-13,-265,-509,-731,-902,-1022,-1087,-1087,-1022,-889,-690,-455,-184,100,377,646,886,1066,1173,1215,1186,1060,872,623,327,4,-340,-651,-924,-1141,-1283,-1334,-1298,-1175,-957,-679,-353,9,373,704,982,1198,1327,1358,1297,1145,920,635,296,-59,-400,-704,-968,-1154,-1244,-1260,-1187,-1025,-793,-515,-211,95,400,675,891,1033,1107,1091,1005,857,644,392,124,-128,-376,-597,-767,-879,-913,-886,-794,-656,-483,-285,-68,147,338,498,629,702,725,687,606,486,330,158,-26,-200,-352,-471,-561,-593,-579,-510,-399,-255,-87,80,237,354,431,454,413,324,203,65,-64,326,216,0,500,914,-35,36,117,196,248,263,249,196,119,28,-59,-144,-216,-262,-284,-281,-260,-214,-151,-78,-1,71,140,197,240,267,277,280,251,211,156,97,27,-48,-115,-182,-248,-302,-339,-357,-353,-329,-281,-202,-92,18,140,263,354,437,503,522,494,432,324,204,57,-99,-259,-395,-496,-562,-596,-570,-504,-408,-276,-127,28,186,332,440,519,560,564,522,452,351,220,79,-53,-188,-307,-391,-453,-485,-488,-451,-391,-311,-205,-89,23,128,226,301,358,399,402,386,354,294,225,138,43,-47,-136,-209,-269,-320,-343,-345,-325,-295,-239,-170,-98,-18,57,128,191,232,261,283,285,245,250,205,152,91,25,-43,-107,-156,-191,-226,-238,-238,-236,-216,-177,-142,-96,-48,-5,41,84,123,148,175,188,200,200,197,181,161,142,107,72,34,-20,-78,-131,-182,-228,-280,-307,-308,-316,-295,-250,-182,-95,-7,86,183,281,359,415,452,458,443,395,306,202,84,-44,-182,-302,-409,-489,-536,-553,-537,-478,-392,-276,-131,15,159,288,409,505,563,588,571,511,421,303,170,21,-118,-246,-345,-429,-482,-504,-497,-450,-390,-305,-204,-99,5,109,197,256,325,358,373,382,360,333,295,246,194,126,47,-30,-110,-186,-258,-335,-388,-430,-463,-470,-442,-388,-306,-189,-1206,-1055
39176,mtk,MTK 7916,2424495412,rx1-tx0,512,0,1231,1280,-98,-274,-444,-588,-687,-765,-786,-758,-689,-574,-409,-210,6,223,428,626,790,881,928,927,857,731,547,320,85,-180,-432,-668,-856,-975,-1039,-1048,-991,-841,-651,-415,-136,151,415,669,874,1022,1111,1113,1053,929,744,511,238,-49,-338,-606,-831,-1001,-1115,-1158,-1123,-1015,-833,-606,-349,-69,236,526,773,972,1116,1188,1183,1100,937,720,455,160,-147,-444,-722,-939,-1091,-1164,-1166,-1098,-950,-744,-476,-192,101,387,634,842,988,1065,1074,1012,890,720,501,256,-13,-263,-479,-680,-833,-933,-963,-932,-851,-712,-549,-333,-117,113,337,528,701,816,882,897,840,747,597,407,199,-28,-245,216,-617,-740,-822,-850,-830,-755,-615,-447,-236,-28,184,395,571,702,787,822,801,725,604,442,262,53,-150,-338,-517,-654,-731,-763,-756,-691,-585,-441,-265,-85,117,323,476,590,673,706,694,621,516,379,223,64,-101,-263,-393,-500,-561,-581,-566,-510,-437,-332,-212,-75,56,177,288,366,421,463,455,439,408,341,239,116,31,-87,-198,-287,-356,-400,-427,-422,-389,-321,-241,-147,-56,55,162,254,331,371,388,374,342,283,207,111,3,-93,-182,-254,-306,-325,-325,-303,-260,-195,-114,-19,72,154,216,253,273,264,238,185,110,39,-31,-101,-157,-194,-195,-176,-134,-71,-10,-509,115,0,1413,1794,214,274,290,264,190,85,-45,-173,-291,-362,-400,-403,-346,-269,-152,-22,105,219,323,390,427,431,386,327,228,114,1,-128,-234,-329,-387,-427,-435,-418,-360,-272,-175,-67,51,154,255,341,399,434,439,408,341,270,177,47,-61,-167,-272,-369,-436,-463,-465,-440,-394,-298,-184,-61,70,183,298,383,417,458,448,417,369,278,167,46,-79,-179,-262,-340,-398,-424,-425,-381,-331,-251,-156,-61,27,114,203,282,322,348,356,355,326,264,199,109,18,-73,-157,-226,-281,-307,-325,-320,-298,-260,-187,-124,-47,45,99,154,202,257,279,270,254,234,186,131,81,23,-43,-584,-133,-155,-183,-206,-205,-208,-191,-142,-106,-68,-23,11,45,77,120,145,162,167,156,140,128,115,86,50,28,1,-35,-51,-65,-82,-99,-121,-126,-133,-128,-143,-144,-137,-129,-102,-75,-48,-7,43,98,158,199,245,273,289,295,274,236,182,102,16,-85,-200,-299,-382,-437,-471,-481,-445,-382,-287,-180,-41,115,249,394,518,595,629,620,583,493,361,212,29,-150,-307,-458,-582,-673,-714,-697,-638,-539,-409,-255,-63,140,310,465,590,672,723,711,645,555,428,265,97,-87,-266,-407,-523,-621,-673,-677,-644,-582,-484,-356,-206,-51,111,266,408,526,610,667,677,657,-1433,-623,0,-480,301,-718,-674,-599,-475,-323,-147,68,258,439,605,740,834,874,852,778,658,472,267,52,-197,-436,-654,-833,-947,-1006,-1002,-922,-789,-592,-363,-112,153,432,677,857,1005,1090,1091,1028,892,686,446,176,-105,-383,-641,-861,-1016,-1109,-1135,-1085,-966,-781,-554,-294,-4,288,555,792,976,1103,1176,1163,1061,894,669,409,117,-187,-481,-747,-951,-1107,-1181,-1179,-1109,-948,-733,-465,-170,128,425,683,898,1048,1121,1133,1063,928,728,482,214,-71,-338,-573,-770,-911,-994,-1011,-949,-855,-717,-521,-292,-45,187,408,600,757,867,910,910,843,734,573,370,157,-76,-288,-473,-643,-760,-846,-878,-837,757,-602,-424,-223,-5,209,424,594,731,810,835,819,743,611,443,257,49,-170,-368,-538,-669,-758,-804,-777,-717,-608,-449,-263,-65,132,324,482,612,703,747,750,673,546,405,246,64,-122,-296,-436,-546,-617,-643,-634,-572,-475,-357,-195,-50,102,228,338,434,498,525,504,463,393,307,219,103,-22,-116,-223,-316,-400,-418,-428,-426,-382,-324,-245,-152,-49,61,178,263,335,376,399,405,379,319,236,130,23,-79,-172,-250,-301,-342,-352,-337,-295,-235,-153,-66,21,110,189,253,294,306,287,253,193,128,49,-40,-112,-182,-221,-239,-232,-201,-147,-79,-6,55,110,140,132,-1311,-1114,0,-1195,-256,149,51,-67,-181,-283,-346,-365,-337,-260,-146,-27,110,222,318,390,417,409,366,290,185,73,-56,-176,-285,-372,-416,-439,-422,-372,-296,-196,-82,45,163,273,347,393,418,421,396,348,265,161,57,-55,-166,-264,-341,-416,-445,-440,-429,-382,-297,-175,-57,58,167,280,374,432,465,466,438,385,277,182,67,-67,-172,-285,-363,-415,-449,-444,-411,-352,-274,-179,-67,48,157,239,319,365,387,389,370,326,260,165,89,8,-85,-177,-254,-313,-350,-358,-348,-317,-274,-204,-125,-38,52,129,198,247,273,308,292,261,224,185,127,48,-23,-77,-131,-182,-210,-230,-246,-242,-674,-180,-139,-101,-48,-3,43,107,140,157,184,197,194,182,160,133,92,56,14,-26,-52,-73,-101,-128,-132,-129,-142,-133,-117,-108,-93,-80,-61,-37,-19,0,18,56,84,111,137,154,176,203,210,208,184,150,113,48,-15,-96,-176,-247,-316,-373,-402,-413,-380,-320,-245,-143,-36,95,230,345,445,512,560,557,516,453,329,187,28,-127,-288,-448,-559,-642,-682,-666,-615,-526,-390,-222,-39,144,317,469,593,689,736,722,653,563,421,257,69,-128,-295,-442,-578,-663,-704,-710,-653,-561,-443,-301,-136,31,188,344,473,572,633,667,663,617,542,412,281,117,-43,-204,-1195,-1979
39177,mtk,MTK 7916,2424495412,rx1-tx1,512,0,0,0,852,866,635,228,-237,-651,-888,-885,-641,-220,262,674,908,908,656,224,-259,-666,-900,-894,-632,-202,268,666,887,858,589,167,-301,-686,-875,-811,-527,-101,357,712,865,770,456,15,-430,-760,-876,-732,-373,83,514,802,871,694,315,-153,-581,-859,-891,-666,-264,229,668,925,927,668,226,-291,-740,-988,-970,-691,-226,308,772,1024,995,701,220,-320,-770,-1015,-981,-691,-217,305,736,972,949,665,208,-283,-694,-923,-899,-624,-184,289,673,868,825,560,154,-284,-639,-812,-754,-485,-96,304,622,760,680,422,46,-338,-620,-723,-626,-353,4,357,601,680,574,313,-40,-374,-595,0,-531,-263,72,383,575,600,466,205,-108,-383,-563,-587,-436,-161,152,428,574,557,392,116,-200,-462,-581,-538,-348,-58,257,489,590,529,317,1,-321,-549,-625,-535,-302,30,368,609,683,575,309,-47,-396,-644,-729,-615,-335,40,415,690,788,684,389,-6,-401,-704,-838,-752,-462,-62,353,699,878,829,571,173,-265,-634,-850,-868,-674,-311,123,521,785,857,727,430,38,-354,-649,-790,-747,-532,-197,163,467,662,700,579,324,13,-285,-497,-597,-561,-396,-153,107,327,456,478,411,263,69,-123,-279,-364,-367,-300,-187,-49,74,175,244,259,223,159,83,7,-55,-92,-111,0,0,0,0,0,-46,-49,-44,-32,-6,27,58,76,77,64,33,-4,-49,-84,-96,-92,-67,-15,40,84,120,120,82,28,-27,-88,-118,-126,-105,-56,4,62,103,130,129,90,33,-32,-87,-121,-126,-97,-51,3,55,87,81,55,27,-1,-18,-28,-38,-32,-17,-6,-5,-18,-31,-35,-44,-42,-4,54,99,131,134,115,54,-50,-152,-208,-233,-208,-116,13,146,260,309,286,190,41,-132,-269,-349,-348,-255,-96,98,270,387,389,298,132,-59,-244,-377,-420,-342,-175,42,246,382,409,345,196,-20,-237,-380,-420,-348,-187,25,233,372,401,333,175,-40,-241,-374,-413,-325,-134,90,0,399,407,301,100,-140,-340,-453,-448,-310,-78,171,381,506,488,324,70,-215,-449,-564,-527,-342,-51,255,494,606,551,348,49,-265,-509,-630,-578,-347,-26,299,556,672,596,357,12,-346,-619,-715,-604,-340,16,371,639,733,621,340,-32,-404,-674,-746,-607,-308,75,451,703,762,613,295,-121,-502,-745,-782,-593,-248,165,534,757,771,580,229,-193,-557,-766,-763,-547,-174,237,580,762,732,505,131,-280,-610,-766,-706,-450,-64,345,654,779,685,401,2,-399,-697,-806,-697,-385,38,454,740,820,678,352,-79,-497,-776,-840,-674,-325,107,515,786,840,662,306,-131,-542,-803,0,0,0,0,0,-239,232,642,891,897,654,231,-253,-674,-911,-904,-658,-228,268,683,905,892,642,218,-263,-674,-907,-878,-615,-196,272,671,875,827,553,129,-328,-685,-850,-783,-490,-56,381,718,858,750,424,-24,-466,-778,-873,-712,-345,119,548,833,887,693,293,-192,-627,-887,-909,-674,-243,257,708,972,958,679,212,-312,-752,-1006,-983,-697,-218,315,774,1022,994,697,221,-306,-750,-1001,-980,-688,-220,294,724,953,926,647,195,-287,-685,-897,-862,-594,-174,292,664,835,779,528,135,-285,-617,-783,-727,-461,-74,319,621,738,646,395,38,-339,-605,-694,-592,-338,18,361,599,670,560,298,0,-376,-590,-637,-502,-229,96,391,576,601,456,186,-130,-408,-573,-568,-414,-144,175,437,572,540,362,89,-213,-466,-581,-535,-340,-37,289,527,615,528,293,-17,-329,-568,-659,-566,-302,44,374,613,692,586,319,-47,-410,-674,-769,-658,-369,17,405,699,812,711,425,21,-376,-690,-847,-793,-523,-121,322,683,863,835,607,237,-191,-579,-828,-884,-718,-370,59,457,737,837,749,488,117,-262,-564,-738,-736,-555,-257,78,377,584,655,575,367,86,-195,-410,-527,-525,-408,-213,12,216,365,439,403,294,134,-34,-188,-286,-322,-293,-221,-120,-6,87,144,182,185,153,108,58,0,0,0,0,0,13,-8,-32,-51,-63,-68,-58,-26,14,54,85,94,82,49,5,-39,-80,-101,-98,-73,-23,33,83,115,116,96,59,-6,-79,-127,-138,-121,-72,-4,54,108,134,127,89,43,-13,-63,-91,-95,-87,-42,10,42,55,61,50,27,9,-4,-6,-3,3,22,9,-18,-43,-66,-95,-102,-84,-31,52,124,165,190,174,103,-24,-142,-227,-264,-242,-150,-17,128,261,332,314,221,67,-115,-274,-363,-363,-268,-108,85,259,370,399,329,163,-47,-246,-381,-427,-355,-180,40,243,382,413,344,191,-17,-224,-362,-418,-357,-196,25,231,370,396,313,144,-70,-275,-397,-409,0,-123,110,321,442,429,289,69,-165,-365,-483,-474,-327,-85,192,424,541,507,335,67,-235,-479,-586,-547,-364,-68,254,504,621,571,355,39,-286,-547,-666,-595,-351,-18,326,595,695,606,357,-5,-373,-632,-720,-615,-347,28,400,656,737,619,323,-59,-423,-684,-756,-618,-307,82,465,717,763,604,280,-126,-511,-747,-777,-594,-243,173,539,760,770,562,201,-209,-563,-761,-743,-525,-164,257,596,761,719,471,92,-311,-633,-779,-700,-430,-35,372,677,787,685,389,-21,-426,-716,-817,-687,-356,73,476,751,829,683,346,-88,-496,-778,-843,-670,-318,126,535,802,844,658,293,0,0
39178,mtk,MTK 7916,2424495412,rx2-tx0,512,0,0,0,62,-451,-834,-988,-865,-486,28,528,875,977,806,407,-111,-584,-885,-935,-724,-308,194,629,877,874,627,203,-280,-671,-864,-801,-506,-71,377,717,843,712,376,-63,-493,-771,-824,-622,-232,222,612,828,799,531,104,-357,-708,-860,-766,-444,18,470,780,864,693,317,-153,-574,-834,-841,-599,-175,297,687,871,798,480,8,-467,-813,-931,-775,-380,137,629,954,997,740,276,-278,-777,-1070,-1058,-742,-206,390,892,1161,1104,737,164,-465,-975,-1220,-1127,-729,-126,509,1004,1218,1110,699,100,-519,-991,-1188,-1058,-642,-62,529,964,1114,960,548,-7,-548,-928,-1044,-854,-427,103,590,899,0,711,275,-225,-647,-881,-854,-575,-126,357,736,898,802,459,-25,-499,-829,-931,-761,-362,153,634,934,969,728,271,-286,-777,-1051,-1039,-725,-197,401,904,1168,1114,752,175,-483,-1018,-1281,-1199,-787,-156,517,1065,1334,1247,821,173,-534,-1101,-1370,-1275,-837,-179,536,1108,1382,1282,841,179,-540,-1108,-1375,-1278,-839,-182,517,1088,1366,1281,862,218,-484,-1047,-1343,-1287,-902,-295,382,951,1267,1252,922,372,-258,-806,-1136,-1172,-925,-456,107,622,958,1043,868,484,5,-452,-776,-891,-777,-482,-92,295,585,726,680,470,159,-168,-433,-581,-589,-468,-253,4,239,403,474,443,330,174,13,-125,0,0,0,0,0,-152,-40,99,254,387,451,430,323,134,-96,-313,-483,-553,-497,-322,-72,200,433,576,582,438,182,-119,-398,-589,-639,-526,-274,51,362,584,658,558,317,-8,-335,-576,-661,-574,-337,-11,313,560,649,558,312,-16,-345,-572,-635,-516,-252,85,406,610,636,480,189,-172,-493,-681,-674,-475,-134,259,590,765,729,495,108,-319,-664,-838,-781,-513,-100,357,714,873,800,513,88,-370,-731,-879,-790,-486,-46,414,755,884,772,454,0,-455,-785,-889,-749,-399,58,501,802,884,723,359,-121,-560,-832,-880,-690,-304,165,593,855,875,647,249,-221,-627,-855,-844,-591,-176,285,666,0,807,518,92,-364,-719,-860,-749,-430,14,456,769,856,694,335,-128,-553,-825,-864,-650,-233,260,672,907,886,599,145,-365,-782,-975,-892,-563,-57,476,879,1032,898,515,-20,-558,-939,-1056,-874,-442,113,632,983,1049,815,354,-218,-723,-1018,-1017,-731,-233,335,804,1049,987,636,89,-477,-913,-1092,-949,-537,31,600,1004,1118,911,441,-153,-723,-1090,-1143,-871,-356,261,819,1148,1155,839,285,-349,-886,-1171,-1137,-776,-202,429,931,1171,1093,712,124,-491,-961,-1161,-1037,-623,-39,549,973,1120,954,528,-44,-600,-974,-1073,-868,-423,136,647,968,1017,764,298,-247,-708,-971,-954,-665,-200,0,0,0,0,0,991,877,521,21,-489,-862,-983,-830,-443,65,554,890,966,770,359,-146,-604,-877,-912,-686,-258,233,647,870,839,567,137,-331,-695,-847,-750,-442,6,443,742,819,663,306,-142,-552,-802,-812,-579,-168,297,678,854,781,484,46,-408,-744,-863,-734,-383,80,516,802,852,651,257,-220,-632,-854,-818,-534,-90,385,750,900,781,425,-62,-546,-881,-965,-759,-330,207,696,1005,1023,743,238,-344,-843,-1111,-1077,-740,-187,433,945,1195,1124,737,144,-491,-991,-1230,-1134,-723,-120,508,1001,1210,1079,668,83,-518,-974,-1161,-1026,-605,-26,539,941,1073,912,504,-44,-565,-905,-983,-779,-357,0,629,895,901,655,216,-282,-687,-885,-824,-522,-57,423,781,909,775,410,-84,-564,-885,-956,-740,-302,232,712,1006,1008,722,225,-347,-845,-1122,-1082,-739,-178,438,958,1229,1161,763,156,-506,-1045,-1313,-1222,-807,-163,528,1085,1360,1267,825,164,-537,-1102,-1377,-1283,-841,-171,533,1102,1377,1280,837,174,-537,-1107,-1383,-1284,-846,-189,515,1072,1351,1281,875,237,-453,-1010,-1307,-1271,-914,-334,324,893,1213,1221,928,417,-178,-709,-1049,-1118,-898,-466,53,532,862,965,821,488,58,-370,-687,-810,-734,-487,-139,224,513,660,637,468,204,-88,-343,-504,-542,-462,-303,-94,114,274,356,361,296,0,0,0,0,0,-267,-342,-361,-311,-192,-14,185,366,487,512,428,245,-3,-263,-467,-568,-543,-396,-139,156,416,582,610,483,232,-80,-377,-584,-645,-543,-296,35,355,586,663,568,335,11,-326,-568,-659,-575,-330,0,325,563,643,538,288,-46,-366,-585,-635,-496,-211,135,445,641,659,485,156,-220,-546,-724,-712,-490,-123,287,628,800,755,503,105,-331,-687,-859,-800,-515,-93,359,715,878,803,509,72,-387,-748,-896,-791,-470,-25,426,760,890,763,417,-39,-480,-794,-892,-736,-373,91,527,822,884,703,324,-140,-572,-846,-883,-672,-276,193,606,847,854,622,218,-245,-643,-859,-826,-557,0,337,688,849,777,474,34,-403,-729,-848,-724,-383,68,503,793,857,668,281,-188,-613,-869,-877,-633,-193,306,725,934,886,580,100,-416,-820,-998,-904,-544,-24,511,903,1048,896,485,-67,-601,-961,-1051,-851,-404,159,676,994,1036,773,286,-277,-756,-1031,-1017,-697,-166,407,862,1063,965,591,38,-538,-957,-1103,-932,-485,108,671,1044,1126,894,402,-219,-776,-1117,-1146,-856,-323,307,856,1171,1150,803,237,-390,-908,-1177,-1115,-740,-166,452,946,1165,1051,653,78,-518,-965,-1136,-992,-576,3,576,975,1096,910,468,-98,-629,-978,-1048,-820,-360,188,679,977,989,717,245,-289,-740,-972,0,0
39179,mtk,MTK 7916,2424495412,rx2-tx1,512,0,0,0,-242,122,452,669,705,541,238,-115,-434,-642,-669,-524,-237,106,408,593,630,494,232,-77,-378,-573,-599,-481,-253,34,313,506,548,445,233,-28,-262,-419,-478,-411,-235,-19,188,345,407,360,221,40,-131,-253,-307,-290,-204,-68,55,147,198,201,160,103,29,-30,-82,-119,-134,-131,-104,-64,-25,26,88,139,167,164,129,65,-25,-129,-224,-273,-253,-169,-36,127,266,340,336,249,86,-111,-290,-407,-424,-327,-131,98,307,455,491,385,172,-85,-320,-484,-527,-418,-211,54,321,495,520,420,221,-59,-318,-493,-539,-449,-224,54,319,490,530,436,229,-48,-310,-491,-528,0,-206,69,321,471,492,387,157,-111,-336,-471,-484,-350,-124,128,341,457,436,291,58,-194,-396,-484,-436,-249,11,261,436,486,398,182,-92,-343,-502,-523,-379,-120,180,450,610,597,413,102,-251,-542,-706,-681,-467,-103,297,629,801,763,521,137,-298,-674,-882,-856,-595,-173,291,696,935,922,660,231,-256,-695,-962,-974,-743,-320,185,654,956,1019,819,423,-74,-554,-895,-1016,-876,-519,-43,426,790,967,882,588,167,-285,-658,-857,-837,-616,-254,149,499,725,769,625,333,-22,-355,-587,-681,-613,-406,-103,194,431,563,572,462,267,39,-180,-352,-439,-427,-342,-211,-71,45,0,0,0,0,0,130,34,-77,-197,-295,-343,-341,-272,-145,10,177,325,405,393,296,131,-66,-250,-388,-437,-380,-233,-32,173,344,450,438,311,115,-94,-292,-427,-459,-384,-211,15,243,406,475,427,287,72,-154,-345,-445,-440,-330,-150,69,261,379,406,345,203,14,-165,-293,-351,-327,-237,-96,65,194,252,262,222,135,25,-73,-140,-165,-169,-137,-87,-34,14,51,76,99,113,111,100,77,34,-22,-73,-127,-176,-182,-132,-58,26,117,204,249,222,134,20,-104,-202,-261,-263,-202,-87,63,205,280,289,240,126,-21,-167,-262,-284,-239,-127,27,161,240,255,213,105,-32,-150,-210,0,-166,-58,57,152,210,196,117,5,-113,-202,-227,-187,-83,52,165,230,234,174,53,-92,-211,-261,-241,-154,-2,153,265,312,271,148,-25,-208,-338,-371,-296,-147,51,246,378,400,313,150,-60,-272,-415,-436,-334,-141,84,289,412,420,306,107,-121,-319,-428,-415,-280,-53,192,380,456,406,234,-13,-272,-453,-501,-401,-184,92,355,530,554,427,175,-152,-447,-614,-616,-456,-157,202,504,681,680,485,154,-227,-559,-753,-755,-541,-168,245,596,799,787,570,205,-219,-608,-829,-830,-614,-248,185,566,803,832,643,281,-150,-532,-772,-811,-635,-297,115,487,726,771,613,288,0,0,0,0,0,-687,-710,-553,-254,120,455,665,693,541,244,-112,-433,-632,-662,-511,-237,91,389,585,616,483,233,-63,-341,-532,-577,-460,-231,50,300,466,509,427,242,1,-229,-387,-439,-375,-217,-21,157,291,353,324,212,60,-93,-208,-265,-249,-185,-97,5,94,147,158,152,122,72,20,-21,-72,-119,-129,-123,-116,-88,-22,55,132,196,219,195,115,-3,-133,-251,-305,-289,-207,-55,116,270,367,369,275,113,-100,-297,-427,-446,-355,-169,77,322,474,504,402,191,-76,-323,-493,-533,-433,-208,64,322,495,539,434,231,-41,-314,-493,-535,-436,-222,56,322,491,528,436,217,-62,0,-478,-515,-417,-199,72,317,466,487,369,145,-119,-343,-467,-449,-312,-96,150,363,459,422,261,20,-229,-407,-477,-399,-196,69,318,472,500,392,167,-140,-414,-568,-573,-411,-122,215,493,642,624,421,101,-263,-582,-742,-705,-483,-118,300,646,835,814,572,161,-312,-705,-905,-882,-645,-218,288,710,949,956,710,282,-235,-685,-960,-995,-785,-359,151,617,941,1028,850,465,-35,-514,-868,-999,-892,-562,-109,364,727,901,865,615,216,-216,-582,-796,-807,-619,-297,81,427,661,724,618,370,47,-270,-517,-628,-592,-437,-197,85,322,474,524,472,332,145,-41,-196,-296,-321,-285,0,0,0,0,0,227,274,290,254,158,29,-111,-251,-353,-388,-342,-231,-67,123,286,391,412,346,193,-9,-212,-370,-441,-409,-280,-89,132,323,438,451,358,185,-44,-270,-424,-468,-396,-242,-26,206,378,450,434,321,117,-110,-306,-424,-428,-338,-180,26,219,349,387,340,215,53,-112,-240,-303,-298,-230,-113,13,118,194,224,201,141,80,6,-63,-99,-118,-124,-103,-84,-59,-21,14,56,107,142,150,140,103,34,-51,-133,-195,-206,-177,-112,5,130,213,259,254,180,60,-77,-213,-289,-287,-216,-93,51,180,265,288,234,114,-32,-160,-248,-276,-221,-112,25,139,215,238,189,84,0,-160,-229,-218,-150,-44,68,165,207,174,98,-8,-125,-213,-227,-166,-65,60,180,244,233,158,29,-116,-244,-297,-263,-144,15,180,300,337,277,137,-46,-230,-358,-392,-316,-141,81,282,402,418,338,157,-78,-285,-411,-428,-327,-128,103,302,420,427,300,82,-162,-356,-445,-398,-233,-2,235,414,471,397,204,-62,-316,-489,-529,-414,-173,130,410,571,585,437,156,-181,-479,-659,-652,-461,-149,210,533,712,706,508,153,-252,-586,-779,-775,-551,-179,240,598,806,811,605,233,-205,-584,-814,-830,-633,-272,159,552,795,827,644,282,-145,-514,-742,-783,-612,-284,115,478,706,0,0
39180,mtk,MTK 7916,2424536896,rx0-tx0,512,-349,-849,-876,-104,-220,-324,-403,-449,-447,-394,-308,-181,-29,130,262,382,459,486,476,410,302,161,-8,-163,-311,-431,-493,-509,-474,-397,-265,-108,53,207,345,432,475,484,434,336,217,73,-76,-206,-315,-396,-424,-412,-366,-285,-189,-69,50,143,232,303,346,349,333,281,211,143,52,-46,-132,-211,-281,-329,-343,-331,-296,-237,-161,-49,59,171,279,360,413,429,404,322,214,92,-65,-213,-338,-440,-495,-501,-447,-348,-227,-58,123,282,409,491,524,511,440,320,160,-16,-189,-332,-442,-503,-507,-449,-352,-225,-58,92,232,346,409,431,416,349,248,126,5,-114,-213,-289,-328,-325,-511,-257,-184,-91,0,77,147,202,231,237,228,183,134,98,40,-22,-76,-123,-159,-175,-175,-167,-159,-127,-89,-46,10,55,87,129,164,187,190,180,150,101,49,-12,-74,-118,-178,-224,-230,-218,-189,-130,-59,22,95,156,201,232,240,217,171,107,38,-33,-98,-155,-189,-197,-201,-180,-139,-86,-26,28,75,119,147,156,154,142,114,79,36,-2,-36,-65,-95,-121,-123,-120,-115,-93,-81,-47,-1,34,74,93,118,139,138,124,94,61,14,-41,-89,-128,-154,-162,-152,-133,-89,-36,21,75,121,150,158,150,119,75,23,-44,-95,-123,-141,-132,-100,-57,0,45,-799,-829,1179,-138,-310,39,-54,-155,-241,-283,-273,-208,-106,16,141,245,321,353,333,271,169,49,-81,-196,-301,-365,-382,-360,-294,-191,-61,75,198,302,386,418,399,341,247,119,-18,-156,-282,-376,-427,-437,-393,-320,-225,-79,76,206,328,408,444,435,391,293,166,34,-101,-234,-344,-406,-438,-433,-380,-289,-172,-47,95,229,338,411,441,435,382,298,187,50,-95,-219,-331,-410,-447,-446,-400,-317,-206,-59,89,229,347,429,468,456,413,331,207,55,-88,-237,-360,-441,-479,-463,-412,-314,-184,-40,109,241,356,444,481,463,402,294,162,20,-125,-259,-367,-436,-463,-449,-387,-285,-164,-20,-330,251,357,430,452,437,382,289,168,31,-107,-230,-329,-403,-437,-426,-377,-288,-176,-45,73,192,303,386,428,423,394,329,224,98,-31,-160,-277,-371,-447,-477,-454,-387,-292,-166,-7,150,284,410,494,528,520,458,339,187,12,-164,-331,-463,-554,-584,-560,-481,-349,-177,12,210,382,510,592,611,579,484,338,155,-51,-243,-425,-554,-613,-624,-559,-437,-278,-82,115,300,454,545,588,567,494,365,205,22,-158,-311,-428,-496,-518,-483,-398,-288,-150,-10,137,256,359,415,422,407,347,260,154,35,-89,-193,-286,-339,-370,-378,-343,-282,-199,-97,15,125,226,317,379,388,689,578,-729,-242,-77,-411,-360,-280,-168,-40,108,237,351,438,478,456,396,306,168,18,-138,-287,-398,-482,-506,-478,-410,-287,-136,20,182,328,443,498,501,457,361,227,91,-63,-220,-338,-421,-465,-452,-396,-315,-194,-63,63,180,277,346,386,372,328,275,191,90,-6,-99,-192,-249,-297,-329,-325,-298,-256,-185,-101,-2,95,186,270,330,367,371,351,295,191,77,-54,-187,-313,-396,-455,-473,-426,-342,-223,-78,80,241,362,465,518,503,442,328,185,19,-152,-304,-430,-501,-525,-484,-390,-269,-107,55,213,336,433,477,460,406,305,172,34,-102,-232,-326,-379,-391,-363,-297,-210,-97,5,1105,183,241,275,270,254,216,159,89,27,-50,-117,-158,-191,-214,-207,-182,-151,-104,-55,-3,42,82,129,149,176,184,170,153,123,82,32,-23,-73,-132,-173,-197,-212,-192,-168,-132,-57,20,84,148,203,228,233,212,166,110,46,-30,-100,-159,-201,-221,-221,-202,-156,-88,-25,36,103,145,175,184,175,157,123,75,26,-18,-57,-95,-123,-139,-139,-128,-113,-91,-55,-16,14,51,78,98,127,130,126,111,89,65,25,-26,-71,-106,-138,-157,-160,-144,-107,-59,2,54,103,144,160,165,149,118,67,9,-54,-105,-133,-154,-152,-118,-73,-22,35,78,107,113,92,-182,-67,1145,-821,-778,-201,-219,-192,-114,-1,121,229,296,323,300,230,128,2,-126,-238,-324,-364,-357,-312,-229,-110,18,145,260,349,397,398,350,272,158,16,-120,-247,-351,-417,-432,-405,-336,-228,-92,51,196,297,386,444,432,392,309,177,46,-90,-221,-339,-411,-442,-433,-382,-289,-166,-40,104,238,340,402,433,431,386,294,169,39,-98,-225,-327,-411,-449,-438,-386,-304,-179,-42,100,230,336,422,467,455,406,311,194,50,-97,-228,-345,-431,-465,-462,-420,-320,-198,-50,95,236,359,441,483,467,415,315,186,30,-123,-260,-377,-448,-475,-455,-390,-289,-167,-24,118,256,364,439,466,826,378,283,156,19,-119,-241,-345,-419,-448,-436,-382,-289,-175,-36,99,223,324,400,430,422,388,311,201,67,-62,-178,-292,-380,-424,-436,-405,-346,-257,-140,4,153,276,379,462,505,484,424,328,179,19,-147,-306,-435,-519,-562,-549,-480,-353,-185,6,182,349,483,570,600,573,477,338,167,-27,-221,-399,-532,-617,-626,-578,-470,-301,-108,87,282,441,555,616,603,531,401,237,54,-139,-317,-452,-537,-566,-538,-453,-330,-172,-11,161,292,395,457,476,447,375,271,132,4,-125,-232,-315,-370,-395,-382,-332,-259,-162,-66,48,156,241,318,365,378,357,308,235,123,-4,-847,-962
39181,mtk,MTK 7916,2424536896,rx0-tx1,512,87,-394,-377,191,-3,-210,-413,-579,-695,-750,-729,-640,-481,-267,-24,227,465,666,804,865,847,749,572,335,66,-218,-488,-707,-872,-957,-943,-843,-662,-410,-118,186,476,738,923,1021,1029,936,748,489,185,-137,-445,-718,-917,-1039,-1066,-987,-819,-579,-290,27,344,637,874,1024,1085,1046,923,705,429,107,-225,-537,-813,-1011,-1118,-1129,-1036,-846,-571,-243,115,465,774,1011,1145,1183,1110,929,653,318,-39,-394,-712,-963,-1120,-1170,-1121,-959,-713,-402,-60,291,607,862,1040,1121,1097,988,784,505,185,-153,-478,-763,-971,-1094,-1117,-1029,-849,-599,-289,45,379,675,902,1046,1097,1045,902,667,369,47,-689,-576,-825,-996,-1082,-1066,-948,-751,-478,-167,163,485,756,960,1080,1107,1028,855,599,278,-69,-410,-720,-971,-1134,-1193,-1134,-964,-697,-359,24,404,753,1041,1223,1278,1218,1032,736,373,-39,-458,-821,-1097,-1277,-1321,-1237,-1025,-703,-314,106,508,859,1114,1261,1278,1160,930,608,227,-164,-541,-856,-1074,-1192,-1185,-1052,-821,-501,-142,208,546,822,995,1067,1031,890,670,385,65,-255,-523,-739,-873,-910,-860,-726,-524,-269,-1,252,474,641,741,762,707,571,392,187,-47,-266,-452,-587,-650,-636,-556,-419,-238,-34,169,346,479,553,548,480,348,170,-25,-209,-349,-426,-429,-352,-225,-70,75,-60,-70,0,966,528,-67,18,122,215,267,277,234,147,41,-79,-186,-259,-308,-310,-275,-207,-113,-11,102,202,268,314,321,297,248,168,69,-34,-132,-224,-297,-336,-350,-333,-282,-197,-94,24,143,258,348,414,448,422,353,255,110,-54,-214,-355,-480,-550,-555,-510,-393,-236,-49,146,319,467,569,607,584,489,344,167,-33,-221,-381,-508,-588,-594,-531,-433,-286,-105,78,252,391,487,531,534,472,368,243,84,-75,-223,-346,-433,-486,-485,-430,-348,-229,-92,47,180,296,375,421,430,395,319,222,110,-19,-139,-238,-308,-355,-359,-342,-293,-214,-126,-17,82,167,239,290,310,302,271,218,-130,71,-7,-91,-162,-220,-249,-263,-257,-225,-178,-119,-57,18,91,149,198,225,226,221,197,159,109,55,9,-50,-100,-135,-173,-206,-214,-213,-200,-174,-126,-76,-12,58,129,193,244,293,303,292,256,198,114,13,-97,-201,-289,-360,-396,-400,-370,-297,-193,-69,67,202,322,420,477,489,457,379,259,121,-36,-200,-336,-448,-521,-540,-511,-433,-302,-147,19,188,330,446,523,541,512,429,308,162,11,-141,-272,-379,-448,-473,-453,-399,-302,-193,-78,39,151,248,322,366,382,369,331,277,202,111,19,-82,-184,-272,-342,-396,-419,-417,-378,-307,-205,-70,80,222,358,483,290,957,504,59,121,-620,-663,-655,-571,-426,-240,-15,225,446,632,754,811,795,699,527,295,37,-227,-479,-690,-837,-910,-898,-797,-620,-380,-92,211,486,723,896,985,983,895,711,449,152,-164,-469,-735,-927,-1036,-1048,-961,-787,-539,-239,92,414,691,900,1033,1073,1021,873,640,355,36,-283,-580,-836,-1011,-1104,-1094,-987,-783,-505,-173,171,502,794,1009,1135,1160,1076,891,611,281,-72,-427,-746,-996,-1143,-1186,-1122,-947,-686,-355,-10,340,662,915,1083,1152,1114,970,747,456,118,-219,-540,-815,-1004,-1107,-1109,-1016,-823,-554,-240,100,435,716,939,1074,1109,1040,873,629,333,1,-328,-633,-880,-1032,-1090,261,-925,-706,-424,-103,226,528,788,979,1079,1085,986,791,532,221,-114,-447,-740,-970,-1109,-1140,-1075,-911,-655,-331,35,400,734,1004,1181,1241,1184,1010,729,368,-27,-422,-788,-1071,-1253,-1317,-1241,-1030,-729,-350,73,482,849,1123,1283,1313,1204,973,650,272,-140,-533,-865,-1106,-1229,-1228,-1114,-870,-551,-185,198,550,845,1054,1127,1101,972,742,434,107,-236,-543,-783,-943,-999,-946,-804,-591,-321,-28,255,500,692,806,830,772,644,457,229,-16,-259,-463,-602,-688,-703,-639,-511,-334,-119,101,301,464,569,608,572,473,321,131,-71,-254,-405,-492,-507,-446,-320,-152,31,191,296,333,297,326,216,0,500,914,196,226,210,147,50,-63,-172,-256,-300,-299,-242,-162,-56,52,151,236,289,313,304,250,178,86,-23,-121,-208,-277,-312,-320,-301,-252,-171,-72,24,134,233,314,370,391,375,324,229,123,-26,-178,-306,-413,-490,-510,-470,-390,-259,-83,90,271,426,530,585,568,496,372,200,8,-189,-369,-497,-584,-602,-557,-461,-320,-140,60,231,381,499,563,565,505,398,255,96,-72,-244,-369,-467,-519,-512,-457,-357,-232,-89,67,202,318,406,448,454,413,332,223,101,-29,-163,-268,-334,-385,-396,-370,-309,-225,-117,1,107,207,276,325,343,323,279,213,132,39,-47,-131,-203,245,-275,-282,-264,-221,-164,-91,-24,55,125,180,217,241,250,231,196,150,83,20,-45,-110,-155,-193,-202,-214,-209,-182,-148,-116,-63,-9,45,99,156,199,225,244,243,225,185,137,62,-24,-110,-192,-265,-322,-355,-358,-323,-257,-160,-45,77,200,312,394,445,453,418,340,230,93,-54,-205,-341,-443,-497,-517,-481,-401,-285,-135,32,193,342,460,525,548,519,432,315,160,-3,-167,-314,-424,-491,-519,-490,-422,-314,-182,-37,101,231,332,394,423,415,381,313,230,131,24,-81,-173,-250,-313,-354,-372,-374,-344,-284,-208,-113,2,119,243,344,435,493,508,476,407,280,-1206,-1055
39182,mtk,MTK 7916,2424536896,rx1-tx0,512,0,1231,1280,151,327,491,611,674,681,627,497,326,111,-128,-347,-535,-691,-778,-789,-727,-598,-406,-150,111,365,602,769,873,876,793,642,426,172,-122,-393,-638,-818,-917,-933,-849,-692,-460,-175,111,401,654,834,938,952,870,710,475,190,-103,-379,-630,-821,-944,-974,-907,-762,-538,-261,38,331,602,809,941,990,934,799,569,291,-9,-316,-589,-815,-958,-1000,-938,-792,-565,-296,8,321,584,796,913,958,904,749,538,269,-19,-289,-532,-720,-834,-860,-797,-674,-488,-258,-12,231,456,627,733,770,730,626,469,288,58,-160,-358,-527,-643,-702,-686,-625,-493,-320,-121,90,290,462,589,216,672,611,496,340,136,-67,-263,-439,-564,-642,-653,-605,-506,-353,-151,47,241,410,540,621,633,587,489,349,179,-22,-220,-388,-513,-593,-615,-569,-481,-332,-146,36,218,381,497,568,582,531,425,290,118,-71,-235,-374,-465,-508,-506,-459,-369,-239,-91,58,186,304,393,434,441,398,311,217,109,-18,-125,-239,-334,-377,-392,-379,-320,-227,-111,6,113,225,310,360,370,338,283,201,94,-20,-134,-235,-293,-320,-315,-294,-237,-148,-58,57,149,224,280,303,286,242,163,69,-17,-111,-181,-233,-265,-242,-212,-148,-66,23,110,171,204,209,183,123,52,-23,-86,-129,-130,-509,115,0,1413,1794,104,47,-46,-140,-216,-257,-247,-196,-101,3,99,194,269,293,276,237,152,55,-49,-153,-237,-283,-302,-284,-246,-165,-61,33,135,211,259,291,288,247,195,108,18,-66,-158,-216,-264,-292,-277,-253,-195,-122,-37,49,138,217,269,309,310,277,220,137,47,-57,-147,-230,-295,-333,-332,-291,-215,-132,-31,88,195,261,315,338,323,277,199,106,1,-105,-188,-242,-290,-304,-279,-236,-169,-98,-8,82,155,209,251,261,248,218,159,92,18,-52,-119,-176,-212,-234,-220,-188,-150,-95,-39,38,93,139,166,180,179,167,141,101,50,3,-42,-86,-114,-145,-153,-143,-132,-584,-90,-59,-18,30,75,100,121,137,135,122,98,76,46,13,-26,-64,-98,-110,-122,-131,-120,-112,-98,-61,-36,-2,40,73,92,127,148,150,147,131,117,76,38,-1,-55,-100,-147,-186,-217,-217,-209,-186,-132,-74,6,86,162,249,304,335,333,308,243,147,31,-90,-217,-337,-416,-452,-465,-418,-324,-200,-40,134,291,422,517,566,558,489,363,189,8,-169,-342,-487,-578,-619,-602,-519,-377,-210,-12,199,378,518,611,648,614,529,380,197,6,-191,-367,-509,-590,-618,-592,-505,-374,-214,-29,145,307,439,548,590,575,515,410,270,111,-76,-239,-389,-503,-564,-598,-1433,-623,0,-480,301,627,562,452,280,87,-128,-338,-519,-650,-734,-737,-663,-542,-367,-139,100,341,554,731,830,836,773,629,415,160,-127,-389,-619,-789,-898,-914,-830,-673,-442,-170,119,403,648,838,936,940,869,701,467,186,-117,-406,-651,-843,-941,-952,-885,-733,-512,-231,77,361,617,816,935,976,920,782,558,286,-20,-323,-597,-822,-951,-998,-945,-807,-584,-299,22,328,601,805,936,987,929,786,559,282,-12,-313,-566,-759,-885,-916,-857,-723,-517,-267,5,262,487,668,773,810,764,652,476,270,40,-199,-415,-572,-691,-740,-714,-630,-481,-301,-88,123,321,500,617,681,685,621,501,331,757,-72,-271,-437,-576,-655,-663,-614,-499,-338,-149,53,244,412,556,636,647,597,494,352,164,-35,-228,-394,-517,-600,-624,-580,-480,-338,-164,38,225,385,524,583,597,560,456,316,137,-55,-232,-382,-487,-554,-551,-489,-390,-253,-95,66,215,344,431,478,470,425,346,229,96,-37,-168,-272,-344,-397,-405,-374,-328,-227,-115,-6,109,228,322,380,384,354,304,215,114,-9,-126,-217,-291,-342,-347,-318,-256,-161,-68,30,125,221,280,312,310,261,201,116,20,-78,-166,-240,-271,-277,-250,-188,-123,-29,59,134,204,233,236,201,141,65,-13,-93,-151,-174,-169,-137,-79,-3,-1311,-1114,0,-1195,-256,-140,-196,-218,-186,-115,-10,97,192,255,271,258,215,127,13,-92,-188,-266,-294,-290,-257,-187,-97,-2,97,179,256,288,294,268,205,131,47,-55,-146,-217,-271,-284,-283,-245,-186,-125,-29,59,145,216,260,290,292,272,210,134,50,-46,-138,-224,-281,-322,-326,-293,-236,-151,-41,67,177,256,305,342,346,287,213,120,10,-96,-195,-266,-317,-332,-308,-253,-186,-111,4,95,172,230,263,286,260,215,160,90,6,-68,-140,-202,-236,-242,-233,-202,-150,-97,-28,51,103,157,188,212,215,186,153,101,41,-12,-62,-111,-146,-165,-166,-154,-129,-96,-59,-12,24,53,-674,117,132,141,143,129,102,77,30,-10,-50,-80,-105,-129,-137,-137,-125,-97,-65,-41,-1,36,64,100,118,123,132,130,109,90,76,38,0,-38,-75,-114,-149,-163,-176,-172,-157,-138,-97,-38,33,88,159,213,255,279,269,247,198,112,13,-84,-186,-290,-355,-397,-397,-371,-293,-166,-38,106,262,381,470,514,505,442,348,210,37,-151,-320,-469,-559,-592,-585,-517,-382,-211,-22,174,357,504,595,638,606,511,377,203,-3,-202,-380,-521,-600,-631,-598,-506,-361,-191,-11,178,344,478,571,597,576,498,387,235,57,-115,-273,-414,-516,-578,-590,-538,-453,-313,-159,13,-1195,-1979
39183,mtk,MTK 7916,2424536896,rx1-tx1,512,0,0,0,-753,-814,-702,-431,-60,320,643,823,831,656,341,-54,-434,-728,-862,-805,-571,-221,174,537,778,848,721,434,64,-311,-626,-795,-781,-602,-281,104,462,713,800,703,446,86,-288,-596,-775,-773,-589,-272,110,466,711,803,719,460,89,-306,-639,-826,-826,-638,-305,100,489,777,894,817,555,161,-271,-637,-866,-911,-760,-438,-25,392,727,905,894,685,325,-98,-488,-769,-892,-818,-559,-185,212,547,773,833,700,412,43,-319,-597,-744,-727,-549,-256,90,405,619,687,609,396,99,-225,-484,-627,-623,-480,-235,59,325,516,585,523,345,91,-181,-406,-542,-554,-434,-219,39,286,0,540,496,341,100,-156,-372,-492,-507,-407,-216,28,263,440,510,463,317,97,-153,-365,-486,-502,-405,-210,28,269,448,527,492,344,105,-156,-387,-532,-564,-478,-280,-15,252,478,603,588,449,214,-70,-345,-546,-644,-605,-440,-172,137,413,602,671,601,409,122,-189,-454,-633,-690,-603,-394,-105,212,479,645,686,603,400,116,-183,-440,-615,-664,-587,-400,-143,124,368,538,601,544,391,172,-62,-275,-431,-496,-469,-367,-208,-15,170,312,386,390,332,220,73,-70,-191,-263,-289,-269,-214,-124,-26,64,134,183,194,179,143,92,30,-23,-57,-81,-88,-89,-81,-67,-50,-33,0,0,0,0,0,51,25,-11,-52,-90,-123,-137,-129,-97,-44,19,77,123,154,154,122,64,-3,-73,-133,-170,-179,-147,-83,-2,82,153,196,197,153,82,-3,-102,-181,-216,-213,-174,-102,4,107,190,229,232,188,106,0,-100,-179,-220,-210,-165,-91,-4,77,142,178,171,121,59,-5,-64,-105,-109,-91,-52,-4,34,64,66,36,4,-32,-71,-89,-77,-36,26,84,127,153,135,77,5,-84,-161,-204,-213,-183,-98,17,129,220,267,253,183,81,-47,-176,-269,-303,-279,-204,-78,71,206,291,321,285,183,40,-109,-241,-317,-317,-247,-132,10,157,260,304,289,197,61,-87,-218,0,-316,-242,-116,43,197,298,332,299,186,25,-147,-299,-386,-382,-293,-137,65,264,405,454,403,258,52,-172,-357,-484,-497,-396,-200,38,272,448,542,506,348,117,-150,-392,-546,-585,-496,-289,-19,263,497,626,618,466,207,-99,-385,-591,-668,-600,-393,-97,223,495,660,681,545,284,-35,-347,-593,-705,-663,-472,-176,159,460,665,718,609,364,37,-295,-557,-694,-677,-514,-235,102,422,637,703,609,387,71,-260,-527,-679,-673,-519,-245,91,414,633,705,619,397,87,-246,-533,-706,-716,-563,-283,61,388,634,740,686,468,145,-212,-524,-717,-757,-624,-352,-2,350,630,765,0,0,0,0,0,306,-62,-423,-697,-826,-774,-551,-202,192,545,782,851,737,464,88,-312,-638,-822,-834,-661,-341,43,418,706,825,763,537,190,-207,-546,-757,-792,-652,-368,-2,369,652,777,732,515,183,-194,-531,-743,-785,-651,-365,14,397,682,816,770,549,195,-214,-574,-809,-865,-721,-417,-22,387,711,887,871,664,306,-123,-530,-814,-922,-836,-565,-178,243,615,863,906,754,443,52,-345,-669,-845,-827,-627,-297,82,430,687,791,723,495,165,-193,-501,-691,-716,-588,-329,-8,310,548,656,619,449,169,-141,-404,-573,-609,-505,-291,-17,258,471,573,542,391,163,-106,-353,-515,-556,-469,0,-25,223,415,516,503,378,160,-97,-329,-472,-508,-436,-268,-31,215,410,512,491,360,151,-92,-318,-473,-522,-453,-283,-45,208,419,534,534,421,203,-74,-334,-517,-597,-541,-361,-103,177,429,589,624,534,329,39,-258,-497,-638,-638,-507,-279,8,312,563,681,659,507,256,-54,-351,-576,-691,-669,-510,-246,50,340,565,676,651,512,274,-9,-285,-501,-621,-616,-498,-292,-38,214,416,528,544,461,295,80,-132,-306,-421,-454,-405,-285,-130,30,181,295,343,322,256,154,34,-83,-171,-222,-239,-218,-166,-93,-15,47,92,129,146,136,111,80,46,16,-7,-27,-38,-41,0,0,0,0,0,86,101,107,101,77,39,-14,-68,-112,-132,-138,-124,-83,-22,45,102,144,160,146,102,34,-44,-115,-165,-184,-167,-116,-34,54,134,193,214,188,128,42,-55,-142,-213,-239,-214,-154,-59,52,150,207,230,205,150,63,-42,-137,-188,-193,-175,-124,-42,41,97,132,143,114,60,4,-49,-74,-77,-76,-47,3,47,68,61,29,-11,-51,-97,-115,-100,-52,16,89,151,179,167,125,46,-58,-151,-214,-246,-220,-142,-28,97,204,273,293,242,137,5,-136,-255,-319,-320,-253,-129,21,166,272,325,312,223,92,-56,-192,-294,-328,-286,-178,-34,118,237,294,284,220,0,-69,-208,-296,-319,-260,-137,17,172,300,364,336,232,72,-117,-291,-399,-420,-348,-193,9,216,388,469,438,323,132,-104,-325,-465,-511,-447,-280,-42,211,426,541,547,426,201,-76,-333,-525,-612,-558,-374,-108,192,457,622,648,541,310,5,-306,-552,-676,-654,-478,-200,122,427,640,710,615,387,76,-246,-528,-690,-694,-542,-277,54,375,616,714,650,447,143,-200,-494,-669,-695,-568,-309,18,341,584,692,650,455,155,-178,-478,-666,-703,-577,-327,0,324,577,709,681,496,189,-157,-473,-687,-745,-631,-380,-44,305,591,745,728,549,252,-102,-439,-683,-774,-690,-447,-100,0,0
39184,mtk,MTK 7916,2424536896,rx2-tx0,512,0,0,0,-109,338,711,924,927,720,342,-110,-533,-833,-947,-846,-555,-141,304,675,889,891,688,328,-105,-506,-788,-877,-765,-478,-80,329,658,826,795,576,223,-181,-543,-769,-809,-655,-348,56,450,743,851,757,484,95,-329,-674,-861,-851,-633,-262,171,561,820,884,744,430,1,-430,-754,-892,-826,-571,-169,285,673,902,911,704,322,-143,-578,-885,-990,-866,-530,-49,444,841,1063,1034,760,310,-218,-708,-1041,-1155,-1006,-621,-92,463,928,1189,1182,911,439,-127,-664,-1063,-1230,-1123,-768,-247,322,818,1131,1186,977,559,23,-511,-920,-1116,-1061,-774,-315,208,671,967,1045,883,522,44,-439,0,-997,-939,-660,-233,233,644,909,962,787,418,-48,-499,-838,-981,-898,-603,-163,318,732,982,1004,800,399,-109,-596,-951,-1095,-998,-673,-176,374,838,1126,1177,958,520,-36,-600,-1044,-1267,-1215,-892,-366,244,796,1191,1335,1181,770,189,-437,-963,-1292,-1342,-1097,-623,-9,611,1096,1336,1290,972,440,-188,-773,-1185,-1348,-1231,-842,-276,343,884,1233,1322,1146,732,165,-428,-920,-1216,-1267,-1059,-639,-99,447,890,1146,1162,946,549,63,-413,-793,-1003,-998,-798,-451,-33,367,671,830,820,649,363,24,-306,-558,-685,-668,-529,-301,-29,228,429,546,561,475,318,126,-69,-233,-342,-385,-368,-300,0,0,0,0,0,-281,-339,-354,-319,-228,-86,87,262,411,506,520,440,284,74,-158,-375,-527,-581,-526,-369,-141,122,367,547,618,560,393,149,-138,-405,-590,-657,-586,-391,-119,177,440,613,655,557,340,43,-266,-501,-637,-636,-493,-237,74,363,574,660,592,382,74,-247,-504,-663,-682,-537,-263,84,423,659,760,699,477,139,-231,-560,-778,-826,-681,-389,-17,371,676,834,816,619,281,-122,-499,-760,-850,-758,-500,-128,272,608,814,835,666,349,-45,-428,-716,-840,-774,-537,-182,214,566,795,836,686,388,4,-388,-689,-834,-792,-578,-231,167,530,772,833,709,428,47,-341,-655,-819,-789,0,-238,151,504,742,810,694,408,28,-356,-653,-802,-759,-539,-185,212,559,780,821,667,356,-43,-434,-736,-866,-795,-537,-149,285,658,887,913,732,377,-70,-504,-827,-969,-890,-607,-181,290,706,954,983,788,423,-47,-515,-853,-998,-912,-615,-177,308,722,963,983,772,370,-117,-575,-901,-1024,-903,-567,-96,396,802,1036,1029,777,341,-168,-640,-981,-1100,-968,-612,-113,420,851,1096,1096,842,398,-134,-637,-998,-1132,-1006,-656,-161,368,812,1070,1083,847,423,-86,-572,-927,-1072,-978,-664,-193,311,737,989,1016,810,424,-51,-509,-854,-996,-904,-604,-174,294,693,928,941,743,375,-80,0,0,0,0,0,-940,-885,-627,-229,225,628,891,946,789,453,16,-423,-761,-929,-878,-623,-235,202,592,839,891,739,418,-2,-414,-715,-853,-784,-527,-160,245,595,800,804,620,281,-130,-501,-757,-833,-704,-411,-20,391,712,864,810,565,184,-248,-617,-841,-872,-700,-354,72,488,786,898,799,509,86,-358,-712,-897,-871,-633,-238,216,628,894,953,776,414,-50,-523,-879,-1034,-945,-640,-177,345,795,1069,1104,886,467,-68,-601,-1004,-1195,-1113,-770,-259,303,801,1133,1212,1020,604,58,-499,-943,-1184,-1166,-886,-412,149,669,1032,1154,1029,681,177,-356,-795,-1053,-1071,-847,-439,70,553,885,1012,917,0,146,-330,-722,-949,-950,-725,-332,138,578,877,970,842,511,59,-410,-790,-988,-957,-693,-273,214,661,968,1055,903,533,28,-485,-902,-1128,-1096,-817,-348,215,741,1108,1234,1092,714,167,-436,-948,-1253,-1287,-1047,-574,27,631,1101,1338,1279,943,405,-216,-801,-1207,-1356,-1215,-808,-222,404,932,1274,1342,1111,638,41,-563,-1045,-1305,-1294,-1011,-514,92,666,1096,1302,1240,922,418,-161,-697,-1083,-1240,-1136,-823,-349,188,662,981,1103,997,702,284,-176,-577,-844,-933,-832,-577,-225,159,487,697,765,679,465,175,-134,-397,-567,-625,-567,-410,-187,53,265,419,491,480,396,262,114,-23,-140,0,0,0,0,0,125,19,-103,-239,-360,-440,-463,-411,-286,-107,101,304,460,542,536,423,230,-6,-252,-459,-574,-583,-482,-282,-19,263,491,612,616,499,267,-17,-295,-520,-644,-630,-487,-241,60,352,569,655,601,424,149,-162,-434,-606,-655,-552,-311,-7,300,540,658,626,450,166,-166,-475,-680,-728,-614,-362,-22,330,621,784,773,584,263,-116,-480,-741,-844,-767,-510,-140,252,594,812,842,694,395,-2,-394,-691,-847,-814,-594,-245,158,523,769,838,723,445,69,-320,-639,-818,-813,-624,-294,107,480,747,841,747,486,112,-284,-612,-807,-826,-649,-326,65,440,715,829,753,511,154,-243,0,-792,-797,-629,-329,50,418,692,811,727,473,111,-280,-609,-788,-788,-605,-273,130,505,766,852,738,452,54,-374,-712,-889,-867,-643,-265,180,588,861,944,812,499,60,-404,-782,-979,-952,-708,-295,181,610,907,1001,856,519,59,-416,-795,-987,-951,-689,-271,208,649,940,1007,841,476,-5,-485,-864,-1038,-969,-674,-228,283,732,1016,1066,875,474,-36,-539,-927,-1105,-1028,-722,-254,279,757,1059,1117,926,523,8,-503,-903,-1104,-1056,-768,-301,227,700,1010,1089,921,555,63,-444,-841,-1042,-1000,-736,-314,178,629,926,1009,866,525,63,-408,-778,-967,-927,-679,-275,186,598,872,941,0,0
39185,mtk,MTK 7916,2424536896,rx2-tx1,512,0,0,0,234,-49,-305,-490,-583,-553,-394,-149,117,348,506,558,496,323,96,-144,-351,-475,-496,-423,-259,-41,178,344,432,426,348,196,12,-166,-303,-367,-361,-288,-156,-6,134,229,279,270,202,104,2,-91,-157,-187,-181,-145,-90,-31,17,50,79,108,115,105,91,69,42,9,-27,-76,-126,-161,-168,-149,-100,-23,78,170,239,269,257,183,67,-71,-211,-325,-371,-334,-224,-69,107,268,389,434,387,260,77,-134,-320,-453,-486,-412,-252,-35,190,383,493,505,405,219,-17,-242,-422,-510,-491,-368,-164,78,301,466,532,477,310,84,-152,-363,-498,-507,-411,-239,-10,229,419,0,498,363,154,-85,-298,-441,-483,-422,-262,-50,167,353,462,458,353,170,-60,-273,-410,-460,-405,-252,-33,189,367,454,443,326,135,-97,-312,-461,-503,-416,-235,2,252,456,559,537,389,148,-131,-384,-579,-648,-565,-360,-68,256,530,691,713,583,319,-23,-366,-628,-776,-771,-589,-278,90,446,718,845,797,577,236,-161,-524,-787,-893,-815,-574,-224,178,544,789,886,813,579,223,-165,-518,-759,-841,-762,-544,-218,145,464,677,766,704,506,215,-103,-382,-578,-669,-625,-465,-224,51,303,485,570,551,440,250,29,-177,-347,-454,-475,-418,-304,-157,-5,131,235,290,288,246,0,0,0,0,0,177,201,210,192,144,71,-21,-115,-202,-271,-284,-254,-196,-103,18,132,234,295,300,251,161,41,-83,-199,-284,-322,-295,-213,-94,40,177,289,334,316,244,128,-7,-143,-255,-317,-313,-260,-162,-33,94,203,272,286,262,186,82,-33,-129,-204,-239,-233,-195,-123,-23,71,139,185,204,192,159,96,22,-49,-113,-155,-177,-180,-153,-104,-49,15,91,157,187,199,191,142,66,-17,-100,-171,-222,-236,-212,-149,-52,60,160,234,266,251,187,91,-29,-142,-234,-281,-273,-209,-105,18,127,213,266,261,191,88,-27,-133,-210,-244,-223,-150,-45,62,142,199,216,179,98,0,-109,-187,-219,-202,-130,-26,88,180,232,221,156,60,-48,-158,-235,-253,-216,-127,-1,128,229,278,266,194,77,-60,-200,-306,-331,-275,-164,-13,150,281,354,357,282,123,-65,-234,-349,-398,-361,-242,-72,117,279,373,390,318,170,-19,-198,-330,-388,-361,-246,-59,137,293,389,401,317,146,-73,-286,-425,-467,-412,-260,-39,208,411,525,528,411,202,-57,-318,-522,-608,-566,-401,-131,171,436,612,666,570,357,63,-260,-534,-685,-692,-564,-304,21,342,592,723,705,546,267,-70,-397,-641,-749,-699,-503,-201,120,414,634,714,631,420,130,-177,-447,-626,-661,-550,-331,-49,0,0,0,0,0,557,596,505,316,58,-209,-430,-551,-557,-448,-248,3,247,434,525,500,369,175,-50,-266,-422,-478,-439,-313,-129,75,254,373,405,357,253,90,-76,-215,-303,-327,-281,-185,-63,62,162,219,223,192,134,61,-20,-92,-129,-147,-142,-120,-85,-47,-13,24,57,82,92,105,115,112,89,45,-23,-99,-169,-220,-227,-181,-104,-1,133,244,311,324,278,157,-9,-173,-300,-377,-382,-305,-165,14,202,362,450,444,352,170,-56,-270,-423,-503,-483,-337,-121,107,308,452,511,459,296,75,-155,-367,-499,-512,-422,-248,-9,232,423,512,493,370,177,-60,-293,-452,-506,-458,-308,0,144,347,465,484,391,210,-19,-236,-397,-474,-447,-326,-127,109,310,435,458,381,215,-5,-227,-387,-454,-407,-274,-78,135,329,444,465,370,185,-55,-288,-459,-523,-468,-310,-83,185,436,581,587,477,254,-44,-338,-563,-675,-652,-476,-183,149,443,666,762,680,453,132,-230,-557,-771,-819,-701,-427,-57,321,630,825,859,712,422,34,-365,-691,-877,-886,-716,-413,-29,364,679,857,862,695,407,40,-326,-617,-776,-785,-643,-376,-46,277,542,697,709,587,360,74,-215,-451,-590,-620,-532,-344,-107,137,351,494,534,479,356,185,-4,-180,-310,-386,-396,-347,-255,-146,-42,43,0,0,0,0,0,-67,-6,58,125,195,244,256,237,176,92,-4,-109,-211,-277,-288,-255,-190,-82,52,179,271,318,299,239,132,-7,-143,-247,-305,-316,-272,-176,-43,100,215,299,331,295,206,88,-46,-173,-269,-309,-297,-226,-121,9,125,212,257,265,227,152,53,-57,-150,-210,-229,-211,-173,-109,-24,69,135,169,185,178,145,98,34,-33,-88,-135,-169,-185,-170,-124,-61,5,80,160,216,228,202,159,78,-22,-125,-204,-248,-254,-213,-132,-23,99,204,265,273,230,149,40,-81,-188,-256,-277,-233,-150,-45,77,193,248,241,197,122,17,-97,-190,-229,-217,-163,-75,32,130,197,0,181,110,10,-97,-182,-215,-208,-146,-46,66,164,232,240,185,96,-15,-133,-238,-278,-247,-160,-36,103,213,282,296,244,122,-40,-182,-293,-348,-322,-218,-76,92,245,357,400,342,193,2,-179,-316,-388,-374,-282,-132,57,238,356,397,339,198,17,-167,-322,-402,-386,-278,-106,97,277,400,435,361,189,-25,-239,-412,-493,-462,-326,-113,137,363,529,583,490,286,24,-255,-480,-613,-626,-497,-245,65,359,586,695,659,473,176,-161,-454,-650,-723,-641,-426,-123,217,512,698,742,629,385,68,-262,-541,-704,-717,-582,-331,-16,301,547,676,658,504,250,-51,-340,-548,-635,0,0
39186,mtk,MTK 7916,2424567110,rx0-tx0,512,-349,480,706,-413,-468,-493,-463,-397,-298,-158,-2,154,306,438,525,563,557,489,363,221,58,-134,-298,-442,-551,-595,-596,-535,-424,-267,-80,104,285,440,553,609,594,528,425,272,106,-73,-237,-379,-487,-539,-542,-504,-409,-284,-155,-7,131,259,345,411,447,436,398,342,242,137,34,-73,-176,-262,-330,-389,-413,-403,-374,-307,-219,-113,22,153,274,384,466,523,517,469,375,248,97,-87,-259,-403,-524,-591,-596,-557,-462,-309,-129,71,259,418,547,619,633,581,477,315,137,-49,-235,-390,-513,-576,-587,-527,-423,-287,-124,38,195,326,421,471,478,435,360,257,133,6,-109,-215,-511,-346,-356,-338,-311,-247,-163,-80,3,83,146,204,238,258,260,245,208,166,114,46,-11,-71,-141,-198,-234,-256,-271,-264,-217,-168,-108,-28,63,148,227,290,334,350,324,275,192,88,-22,-133,-242,-323,-372,-381,-360,-297,-218,-108,-1,116,219,302,354,371,361,320,239,133,34,-74,-173,-256,-306,-320,-322,-296,-240,-169,-77,26,104,183,246,278,296,279,236,185,119,40,-39,-117,-179,-223,-262,-274,-254,-220,-164,-93,-13,75,156,216,258,271,268,236,173,101,9,-83,-161,-227,-260,-268,-250,-196,-125,-31,57,135,204,244,245,211,139,63,-18,-94,-141,-155,-363,-73,1179,1121,1222,-14,66,151,216,245,234,179,94,-6,-120,-212,-271,-299,-288,-237,-156,-54,49,156,250,307,325,313,267,190,91,-16,-126,-218,-288,-331,-336,-304,-243,-155,-48,55,147,241,296,321,310,278,223,139,46,-48,-136,-213,-275,-301,-310,-286,-243,-180,-87,13,108,184,251,302,319,303,263,191,120,29,-66,-153,-224,-280,-325,-329,-292,-244,-168,-68,30,130,216,293,325,335,333,279,204,117,2,-101,-194,-275,-336,-349,-344,-311,-234,-131,-21,89,192,271,333,370,353,303,241,153,48,-65,-168,-267,-330,-362,-358,-315,-264,-172,-62,49,150,236,303,337,342,313,-330,196,98,-8,-116,-211,-294,-343,-351,-335,-291,-222,-132,-27,74,176,257,315,352,350,316,254,171,76,-28,-141,-225,-292,-340,-368,-361,-310,-241,-160,-51,66,183,282,363,417,423,397,330,235,116,-32,-176,-299,-406,-483,-497,-475,-412,-302,-154,4,167,308,427,521,550,532,456,342,187,18,-146,-318,-466,-553,-593,-581,-505,-370,-198,-20,173,342,473,568,601,571,489,358,192,12,-168,-330,-450,-536,-558,-529,-449,-329,-189,-32,130,259,369,452,479,473,429,333,221,99,-35,-158,-270,-351,-406,-427,-406,-358,-286,-186,-78,37,153,260,353,414,436,426,378,296,259,628,-729,806,608,-239,-123,22,171,306,421,502,531,512,452,339,188,29,-140,-311,-440,-523,-583,-579,-513,-403,-241,-66,114,288,441,554,606,600,544,431,279,91,-99,-263,-416,-524,-579,-580,-518,-416,-280,-117,37,194,340,430,485,499,466,399,303,194,64,-65,-170,-271,-349,-389,-412,-413,-372,-299,-217,-123,-13,87,192,300,380,444,471,442,391,299,183,37,-121,-272,-407,-499,-557,-569,-513,-420,-281,-101,75,248,416,540,609,620,564,468,324,143,-54,-244,-418,-541,-597,-610,-558,-457,-314,-137,50,229,368,475,531,531,485,396,272,131,-19,-159,-274,-364,-415,-420,-392,-336,1105,-144,-32,59,145,223,267,295,306,277,238,186,116,58,-12,-82,-143,-194,-238,-258,-253,-245,-219,-169,-108,-49,16,99,171,226,270,302,303,276,228,151,66,-41,-144,-240,-320,-364,-379,-361,-301,-212,-99,14,131,237,319,369,380,364,308,219,116,6,-98,-199,-287,-336,-354,-349,-312,-241,-148,-52,43,136,216,270,315,317,288,256,181,100,12,-81,-146,-205,-253,-281,-280,-261,-209,-146,-75,10,90,158,220,261,280,278,241,178,105,21,-61,-152,-221,-260,-279,-261,-217,-153,-69,17,104,180,237,262,250,214,151,64,-27,-114,-173,-201,-202,-167,-103,-33,877,947,1145,504,122,191,194,163,92,-4,-109,-200,-258,-283,-269,-206,-117,-15,101,202,274,311,311,283,217,120,15,-94,-195,-273,-317,-327,-303,-245,-166,-66,38,141,226,294,330,322,299,232,144,44,-56,-146,-235,-292,-314,-308,-273,-229,-154,-69,22,112,188,261,306,312,291,246,187,111,14,-81,-170,-241,-287,-311,-306,-273,-220,-152,-64,46,140,212,285,325,329,305,258,183,84,-4,-111,-209,-274,-329,-352,-335,-289,-225,-129,-17,83,196,282,333,361,356,313,239,151,37,-83,-184,-271,-334,-368,-353,-315,-250,-152,-49,68,165,250,322,352,342,308,256,173,73,-35,-129,826,-302,-341,-350,-326,-280,-201,-101,1,100,199,277,331,346,340,299,232,144,42,-69,-166,-245,-299,-333,-356,-336,-276,-201,-111,-10,103,207,278,343,383,389,354,285,193,77,-50,-174,-288,-381,-446,-472,-434,-370,-279,-143,16,165,306,424,493,522,504,434,335,182,10,-164,-324,-449,-541,-572,-561,-502,-367,-196,-17,165,337,477,560,594,582,495,368,206,14,-173,-341,-476,-560,-587,-563,-480,-356,-198,-18,152,306,422,499,533,508,434,339,206,61,-79,-218,-332,-402,-446,-445,-404,-340,-251,-145,-23,98,205,296,370,409,418,393,335,251,135,13,-115,-236,-337,1207,1069
39187,mtk,MTK 7916,2424567110,rx0-tx1,512,87,-766,-763,-261,-430,-583,-687,-739,-716,-634,-499,-305,-77,167,413,618,772,863,874,812,672,473,221,-55,-326,-576,-782,-922,-985,-959,-852,-661,-414,-123,190,484,743,933,1047,1075,1002,844,602,309,-9,-333,-629,-869,-1035,-1113,-1094,-986,-787,-518,-220,105,431,713,940,1091,1149,1113,985,770,496,173,-173,-503,-794,-1026,-1172,-1210,-1160,-1000,-753,-435,-80,288,635,927,1143,1259,1252,1141,933,641,297,-76,-448,-775,-1026,-1190,-1249,-1199,-1048,-805,-504,-155,203,544,837,1045,1174,1200,1111,940,695,382,47,-297,-610,-878,-1063,-1153,-1146,-1034,-841,-572,-262,73,394,681,907,1048,1110,1067,930,732,-689,168,-152,-454,-714,-913,-1032,-1064,-1009,-866,-668,-407,-106,193,491,747,943,1060,1088,1020,876,655,368,40,-290,-601,-868,-1067,-1176,-1172,-1070,-867,-583,-241,124,496,819,1068,1222,1262,1190,1010,735,380,-4,-398,-758,-1037,-1223,-1293,-1233,-1069,-802,-458,-81,302,663,958,1146,1230,1206,1069,828,513,157,-203,-539,-830,-1034,-1127,-1119,-1007,-799,-518,-203,127,445,707,885,988,986,892,728,493,222,-60,-335,-557,-721,-821,-835,-778,-643,-454,-229,12,240,440,597,683,701,660,550,384,179,-28,-231,-403,-523,-599,-600,-528,-405,-237,-42,149,319,439,489,474,387,242,76,-84,-207,-271,-397,-588,0,466,183,-8,-103,-198,-261,-284,-259,-181,-75,42,157,255,321,339,323,258,167,64,-55,-164,-250,-317,-353,-356,-320,-243,-159,-58,57,172,271,348,384,401,378,319,230,114,-24,-161,-291,-395,-471,-510,-494,-427,-311,-171,5,182,345,482,568,596,578,494,349,180,-21,-212,-386,-526,-611,-640,-603,-502,-359,-188,7,203,367,500,587,621,591,511,376,207,27,-151,-313,-442,-527,-568,-560,-503,-392,-246,-96,68,228,351,449,500,517,485,399,296,156,13,-124,-256,-353,-421,-461,-446,-397,-323,-222,-96,33,143,251,327,372,395,378,325,256,170,67,-36,-133,-218,-290,-333,-130,-336,-303,-244,-168,-82,16,106,190,248,295,322,317,283,227,163,87,1,-86,-163,-222,-260,-281,-278,-253,-224,-177,-116,-51,18,87,144,195,230,265,277,272,250,205,148,81,-4,-101,-187,-260,-323,-366,-376,-361,-311,-233,-130,-13,103,224,339,422,466,474,446,376,273,137,-16,-166,-306,-422,-496,-534,-529,-469,-379,-246,-89,78,238,384,489,553,565,529,445,326,181,19,-140,-280,-397,-477,-516,-507,-461,-371,-257,-135,1,137,248,334,398,430,421,393,334,258,168,67,-40,-138,-228,-311,-369,-406,-427,-414,-370,-300,-200,-84,46,187,319,426,516,564,561,554,667,504,-98,137,-627,-532,-392,-212,1,222,426,604,740,807,808,733,579,383,144,-114,-372,-599,-783,-898,-927,-888,-763,-569,-318,-31,257,531,765,928,1021,1016,925,750,503,217,-103,-415,-694,-918,-1051,-1101,-1057,-916,-696,-413,-97,228,537,803,994,1100,1133,1060,890,650,350,27,-297,-608,-869,-1060,-1167,-1169,-1078,-896,-631,-303,47,394,722,987,1166,1244,1217,1081,849,543,185,-190,-538,-851,-1090,-1230,-1266,-1186,-997,-727,-400,-30,328,666,933,1124,1219,1203,1088,875,598,273,-88,-431,-723,-965,-1120,-1181,-1142,-1003,-782,-483,-155,184,504,778,986,1106,1131,1052,890,648,363,46,-281,-571,-808,261,-1068,-1068,-979,-806,-567,-277,29,330,598,817,985,1054,1044,946,773,533,241,-72,-387,-666,-898,-1065,-1137,-1105,-984,-768,-485,-144,208,550,844,1071,1203,1232,1147,943,661,311,-69,-441,-779,-1048,-1223,-1283,-1228,-1053,-775,-429,-31,360,710,999,1187,1262,1231,1082,824,491,121,-255,-607,-899,-1094,-1185,-1165,-1042,-825,-524,-178,163,498,771,964,1059,1063,965,764,510,209,-100,-381,-621,-802,-894,-906,-833,-675,-474,-231,28,272,487,641,740,763,714,602,429,211,-8,-224,-418,-561,-640,-656,-603,-485,-326,-136,71,258,415,519,556,525,428,272,90,-96,-259,-363,-399,-367,-276,-149,-652,-500,0,493,663,-219,-216,-163,-75,38,157,258,312,324,289,219,113,-5,-124,-232,-306,-348,-352,-309,-242,-155,-48,65,182,273,330,367,374,339,276,181,71,-40,-168,-276,-363,-424,-445,-424,-367,-268,-145,8,166,315,434,521,566,542,468,339,175,-12,-198,-384,-518,-603,-635,-597,-506,-360,-177,22,216,394,523,609,641,597,504,366,198,7,-172,-340,-479,-569,-603,-576,-502,-379,-231,-68,104,268,408,496,540,543,491,400,276,128,-21,-181,-305,-405,-471,-483,-465,-403,-305,-195,-60,81,196,301,378,425,423,395,334,238,139,24,-89,-190,-271,-333,-371,-370,-340,-286,-209,-113,245,68,161,241,299,329,333,310,259,194,122,34,-59,-142,-210,-257,-289,-304,-288,-255,-199,-130,-60,22,89,155,212,245,258,259,246,222,177,127,67,-7,-79,-152,-215,-261,-301,-325,-313,-279,-229,-158,-64,38,142,247,334,401,425,421,386,310,196,70,-64,-200,-326,-425,-492,-515,-494,-429,-323,-187,-40,124,273,396,498,551,557,514,423,288,139,-27,-190,-337,-452,-528,-555,-525,-459,-358,-224,-71,82,222,338,414,463,477,444,377,295,193,72,-38,-146,-242,-317,-373,-402,-407,-383,-339,-270,-178,-83,24,141,250,352,431,477,492,471,407,315,191,37,-138,-385,-94
39188,mtk,MTK 7916,2424567110,rx1-tx0,512,0,690,655,501,623,713,728,674,570,420,207,-25,-255,-484,-672,-789,-849,-828,-727,-557,-331,-85,183,442,659,828,912,919,851,693,469,208,-82,-368,-619,-817,-939,-976,-925,-797,-602,-325,-14,282,548,782,932,998,991,886,705,465,182,-122,-408,-661,-858,-983,-1017,-974,-836,-618,-357,-60,242,533,771,930,1029,1044,939,754,506,209,-109,-426,-698,-906,-1026,-1057,-994,-830,-606,-315,2,303,582,803,959,1010,978,868,650,386,118,-176,-450,-678,-836,-907,-908,-822,-661,-459,-211,47,292,505,665,769,801,769,672,514,322,110,-124,-347,-515,-641,-732,-739,-690,-572,-407,-226,-10,191,216,549,645,691,690,610,483,315,126,-72,-264,-426,-565,-632,-645,-619,-526,-388,-227,-51,148,328,460,567,625,626,573,458,298,130,-49,-236,-399,-511,-592,-622,-587,-510,-366,-195,-25,156,323,452,543,595,575,497,401,253,78,-90,-249,-383,-485,-527,-531,-495,-392,-271,-144,2,156,287,377,450,491,480,425,324,194,65,-84,-228,-338,-423,-468,-469,-422,-330,-210,-68,69,187,300,382,433,422,377,300,191,65,-62,-186,-276,-332,-366,-356,-323,-250,-152,-48,64,168,243,296,313,301,256,178,83,-24,-120,-196,-249,-266,-249,-205,-120,-29,67,138,180,191,163,104,39,340,0,-864,-982,-48,28,115,181,219,225,187,119,22,-73,-162,-236,-271,-279,-238,-161,-79,14,105,180,238,277,275,253,190,110,25,-66,-148,-210,-256,-275,-265,-231,-175,-106,-15,68,135,187,228,265,261,233,194,128,69,-14,-101,-169,-233,-276,-287,-264,-225,-171,-107,-17,73,161,226,277,304,291,257,194,118,20,-64,-150,-227,-278,-303,-303,-254,-189,-120,-43,46,129,191,247,265,263,248,191,140,67,-14,-78,-141,-182,-211,-229,-221,-180,-136,-86,-25,29,82,134,175,188,183,179,142,104,62,0,-42,-83,-120,-126,-138,-133,-124,-108,-83,-41,-10,15,48,79,94,-584,108,119,111,93,68,46,18,-16,-35,-68,-85,-97,-108,-107,-104,-91,-77,-53,-29,9,35,75,109,111,116,138,136,120,108,77,39,5,-37,-85,-121,-152,-175,-183,-187,-174,-139,-104,-33,36,100,160,208,255,282,289,271,217,155,65,-36,-147,-250,-321,-387,-415,-408,-355,-267,-160,-19,136,268,397,480,522,523,469,366,228,62,-117,-275,-426,-533,-592,-605,-558,-457,-305,-134,70,264,411,537,613,629,595,498,368,199,-2,-186,-350,-483,-579,-628,-618,-547,-422,-278,-101,89,260,408,520,593,620,594,514,386,244,69,-114,-278,-433,-557,-623,-637,-605,-512,338,-110,0,-74,249,476,332,134,-91,-307,-490,-651,-753,-786,-756,-658,-485,-271,-35,221,461,666,805,879,877,788,628,407,143,-128,-399,-645,-830,-939,-966,-894,-739,-519,-247,43,333,585,811,963,1007,955,835,641,380,98,-196,-482,-715,-891,-991,-998,-919,-763,-547,-269,27,321,592,807,950,1016,1000,887,694,443,153,-175,-483,-736,-928,-1042,-1065,-982,-812,-564,-271,49,374,644,865,1012,1051,999,857,637,360,46,-244,-529,-769,-900,-965,-947,-839,-667,-422,-156,117,378,586,744,843,860,802,672,491,269,38,-199,-419,-595,-703,-761,-762,-678,-540,-383,-182,49,259,449,590,684,722,674,757,446,266,79,-130,-323,-487,-606,-666,-670,-610,-506,-354,-163,22,202,384,517,600,642,629,540,422,273,91,-87,-266,-428,-542,-610,-627,-585,-476,-331,-174,17,197,359,498,569,597,587,506,384,235,62,-131,-290,-422,-524,-560,-539,-487,-397,-263,-105,45,201,338,428,486,510,483,401,305,198,50,-96,-233,-364,-432,-479,-477,-423,-330,-219,-79,68,214,336,417,458,440,398,318,208,77,-69,-185,-290,-366,-397,-396,-348,-264,-174,-62,54,167,260,317,337,331,292,215,126,19,-84,-181,-252,-290,-287,-253,-192,-114,-19,72,159,217,234,218,162,89,12,-69,-120,-696,-603,0,468,28,166,188,168,110,28,-69,-162,-230,-263,-253,-212,-142,-48,47,152,225,268,284,259,201,134,44,-43,-129,-213,-258,-276,-267,-234,-178,-109,-20,62,140,202,248,275,262,228,172,105,31,-51,-117,-178,-227,-251,-266,-250,-210,-162,-85,0,87,166,226,271,301,292,264,195,114,9,-85,-164,-234,-284,-311,-304,-274,-204,-125,-38,60,149,221,267,296,294,246,194,128,45,-23,-108,-175,-216,-254,-255,-234,-195,-141,-78,-10,66,129,159,194,204,196,178,143,91,34,-14,-67,-117,-142,-168,-172,-156,-144,-106,-59,-15,23,55,82,110,121,113,110,104,82,57,-674,18,-5,-32,-60,-83,-99,-112,-108,-101,-99,-73,-56,-29,4,39,58,78,97,114,114,111,109,84,59,44,15,-40,-70,-102,-135,-146,-156,-164,-149,-123,-93,-49,-2,49,114,155,198,233,230,227,198,160,99,19,-64,-151,-226,-283,-334,-347,-341,-281,-211,-112,5,133,263,357,428,469,454,413,322,188,44,-120,-276,-414,-514,-569,-567,-510,-415,-263,-101,84,265,433,544,613,635,578,485,349,163,-25,-220,-388,-521,-613,-645,-608,-534,-405,-247,-63,131,316,457,557,609,606,561,465,335,171,-7,-188,-354,-483,-571,-629,-617,-560,-459,-315,-142,35,216,391,911,963
39189,mtk,MTK 7916,2424567110,rx1-tx1,512,0,0,0,-553,-837,-927,-807,-504,-79,374,744,953,939,704,311,-148,-571,-867,-963,-841,-518,-87,359,713,901,884,661,288,-147,-544,-810,-878,-729,-414,-6,392,702,846,782,524,139,-279,-632,-837,-834,-629,-273,152,539,800,866,728,416,-6,-437,-762,-910,-847,-583,-177,275,674,922,951,762,392,-66,-507,-832,-970,-892,-608,-182,283,685,924,947,749,404,-27,-464,-785,-911,-843,-582,-187,240,592,794,824,662,349,-29,-398,-671,-770,-693,-454,-116,230,511,672,660,491,221,-86,-371,-563,-617,-523,-303,-14,266,479,577,529,350,94,-175,-400,-530,-530,-394,-168,89,321,477,516,0,231,-12,-247,-427,-505,-458,-302,-72,168,366,480,486,364,147,-100,-320,-467,-503,-423,-237,12,263,453,539,490,327,91,-176,-412,-551,-570,-458,-232,44,309,515,603,556,389,118,-185,-446,-600,-632,-535,-313,-16,279,519,655,644,484,221,-94,-384,-585,-664,-609,-425,-140,173,438,604,657,576,372,89,-203,-446,-584,-606,-520,-328,-62,197,410,541,557,458,291,75,-155,-344,-451,-469,-395,-258,-84,90,241,339,370,331,234,104,-26,-140,-224,-254,-242,-196,-127,-43,41,107,147,164,159,132,95,48,3,-33,-61,-89,-104,-101,-90,-81,-63,-39,-17,6,28,51,0,0,0,0,0,-80,-48,0,60,121,166,184,181,144,71,-20,-107,-180,-217,-213,-170,-90,17,118,196,245,237,179,81,-43,-157,-236,-275,-264,-188,-58,82,199,276,306,268,166,28,-122,-248,-316,-320,-262,-146,1,142,244,299,288,211,83,-61,-186,-259,-273,-222,-132,-5,125,213,244,219,138,26,-90,-184,-226,-202,-128,-13,103,200,238,220,145,27,-113,-231,-301,-296,-213,-72,87,232,329,362,310,174,-5,-189,-332,-412,-396,-285,-113,84,279,412,449,390,235,26,-187,-356,-449,-445,-331,-144,69,268,412,457,392,238,34,-178,-345,-429,-410,-290,-100,109,286,392,409,0,150,-57,-261,-397,-427,-353,-192,21,239,415,491,436,272,40,-209,-412,-522,-514,-386,-151,132,385,552,596,503,287,-15,-322,-553,-666,-620,-417,-115,213,511,702,730,579,293,-66,-422,-683,-793,-726,-484,-119,281,619,826,837,646,312,-90,-482,-766,-879,-789,-502,-101,320,663,864,866,658,299,-125,-528,-810,-895,-776,-469,-58,361,696,871,842,615,246,-182,-554,-793,-850,-705,-391,7,405,708,839,764,511,147,-259,-605,-810,-813,-622,-285,116,490,757,839,715,424,36,-369,-688,-853,-802,-562,-198,211,582,813,850,686,358,-55,-454,-746,-866,-782,-510,-123,298,657,0,0,0,0,0,730,388,-49,-479,-802,-948,-879,-608,-195,266,666,911,948,767,415,-30,-463,-797,-949,-879,-601,-193,250,631,860,882,700,358,-64,-469,-760,-867,-764,-480,-83,338,671,832,794,572,202,-220,-595,-823,-859,-685,-348,76,484,781,894,794,497,83,-356,-711,-911,-905,-674,-277,173,589,886,966,815,492,53,-401,-765,-951,-926,-693,-293,169,581,864,955,818,496,78,-345,-686,-863,-839,-629,-281,130,501,739,792,674,413,55,-308,-580,-708,-674,-486,-186,153,439,610,647,518,261,-40,-319,-521,-596,-527,-329,-55,222,435,546,524,378,141,-120,-351,-498,-525,-414,-202,47,0,457,513,445,272,34,-214,-403,-492,-465,-325,-109,130,342,467,482,384,191,-57,-290,-464,-530,-460,-275,-31,222,428,538,527,385,145,-130,-371,-533,-586,-510,-309,-25,264,496,620,600,459,221,-81,-366,-561,-639,-587,-398,-118,197,468,634,657,548,318,21,-282,-521,-649,-637,-497,-249,47,327,545,645,611,458,219,-63,-322,-514,-600,-560,-413,-192,55,291,460,524,484,355,173,-33,-224,-361,-417,-399,-311,-180,-20,132,245,304,303,248,159,51,-50,-130,-180,-202,-193,-153,-97,-38,17,66,100,120,126,112,90,65,38,6,-25,-50,-68,-78,-83,-81,-72,-49,0,0,0,0,0,-97,-135,-158,-153,-123,-73,-1,78,144,194,212,188,121,34,-61,-149,-211,-229,-200,-134,-38,83,188,251,266,222,131,6,-127,-229,-279,-282,-225,-110,34,166,268,315,291,209,84,-59,-192,-287,-316,-278,-186,-53,100,223,292,289,229,117,-20,-147,-232,-261,-229,-139,-13,109,195,235,210,130,20,-97,-189,-230,-212,-133,-14,114,210,260,248,170,46,-101,-231,-316,-325,-257,-127,47,213,329,380,351,231,46,-144,-318,-411,-413,-334,-187,33,245,397,453,412,288,97,-132,-328,-439,-446,-361,-199,9,223,378,441,403,273,73,-140,-314,-406,-408,-315,-138,70,0,389,416,336,166,-53,-256,-399,-452,-389,-224,-3,230,415,500,477,333,100,-168,-406,-543,-561,-445,-219,73,350,555,631,566,357,56,-274,-535,-681,-669,-494,-200,147,464,678,748,648,385,14,-359,-657,-810,-776,-558,-208,196,568,818,874,728,417,2,-405,-723,-881,-832,-590,-213,223,602,839,877,723,395,-23,-436,-750,-889,-817,-553,-161,264,626,835,849,666,325,-88,-476,-761,-860,-749,-464,-63,340,662,828,793,576,217,-194,-559,-781,-827,-676,-359,40,428,723,842,760,504,117,-302,-644,-828,-823,-628,-285,131,519,776,855,739,432,22,-384,-707,-871,-829,-596,0,0
39190,mtk,MTK 7916,2424567110,rx2-tx0,512,0,0,0,-633,-216,256,675,931,968,774,390,-87,-538,-851,-966,-855,-540,-94,368,733,921,889,641,235,-218,-612,-850,-877,-691,-336,100,507,784,868,734,417,-3,-425,-748,-884,-788,-496,-82,356,717,906,868,603,190,-273,-672,-908,-931,-727,-342,131,579,880,960,808,462,-1,-465,-819,-968,-880,-571,-116,368,760,969,939,670,227,-276,-713,-984,-1015,-796,-378,146,644,990,1105,949,558,28,-517,-950,-1164,-1105,-775,-258,320,832,1160,1213,984,526,-63,-633,-1055,-1231,-1130,-765,-226,363,861,1160,1185,932,466,-96,-631,-1017,-1157,-1018,-647,-133,401,835,1065,1038,757,303,-212,-669,-960,0,-825,-433,63,536,873,994,873,544,81,-406,-792,-982,-934,-653,-213,277,709,977,1011,792,375,-142,-627,-971,-1086,-936,-558,-44,494,932,1155,1102,791,287,-295,-819,-1166,-1251,-1048,-594,8,618,1090,1318,1242,880,321,-319,-893,-1267,-1356,-1132,-650,-23,614,1112,1355,1294,945,378,-278,-878,-1278,-1382,-1177,-719,-98,553,1078,1360,1337,1022,487,-159,-758,-1187,-1365,-1239,-849,-284,331,860,1199,1287,1093,671,124,-432,-881,-1127,-1133,-895,-486,1,464,819,980,933,695,328,-86,-460,-727,-831,-755,-526,-207,136,433,630,687,610,416,157,-117,-352,-505,-559,-517,-394,-222,-35,129,247,315,0,0,0,0,0,219,308,362,369,320,209,44,-139,-312,-452,-521,-493,-373,-178,56,282,463,561,543,413,199,-60,-314,-510,-602,-565,-403,-161,120,388,575,640,569,367,87,-214,-477,-635,-651,-522,-275,34,342,566,658,610,419,127,-196,-473,-634,-651,-507,-243,85,399,616,688,605,371,42,-302,-586,-735,-709,-521,-210,160,499,731,793,673,391,19,-364,-664,-815,-779,-560,-211,181,540,775,830,691,393,1,-389,-697,-833,-774,-532,-171,232,582,791,809,639,326,-70,-456,-729,-830,-732,-463,-90,310,641,821,804,593,247,-161,-529,-776,-840,-705,-407,-14,385,695,839,781,533,165,0,-593,-800,-820,-639,-300,108,482,744,829,713,421,22,-383,-693,-836,-777,-525,-140,283,639,843,847,643,285,-156,-561,-838,-915,-772,-438,4,459,805,962,890,600,163,-318,-730,-958,-958,-739,-347,141,599,914,1007,854,507,29,-455,-829,-998,-932,-635,-178,321,739,981,985,747,328,-182,-643,-945,-1023,-853,-476,22,521,897,1056,965,639,154,-373,-811,-1055,-1046,-791,-344,182,669,1003,1092,918,530,17,-505,-901,-1084,-1011,-694,-211,310,753,1024,1052,821,400,-114,-600,-934,-1043,-905,-558,-78,419,815,1007,960,682,243,-246,-667,-931,-971,-771,-384,98,543,856,964,840,510,0,0,0,0,0,-740,-951,-938,-705,-304,177,606,892,971,816,468,8,-454,-799,-951,-881,-599,-169,291,669,889,890,667,290,-153,-556,-816,-872,-719,-380,57,473,769,870,754,457,41,-391,-732,-887,-813,-543,-141,316,697,911,900,668,270,-201,-627,-904,-952,-771,-410,58,520,847,964,846,518,60,-414,-792,-971,-906,-616,-172,318,738,972,969,726,298,-212,-678,-990,-1061,-872,-462,69,587,969,1135,1031,671,143,-430,-908,-1172,-1165,-884,-397,192,744,1119,1235,1066,649,79,-509,-968,-1207,-1166,-854,-349,228,750,1090,1172,982,568,26,-516,-926,-1117,-1034,-714,-230,301,748,1006,1026,802,383,0,-597,-911,-1001,-847,-491,-13,463,825,987,905,596,143,-351,-761,-982,-967,-719,-292,216,674,978,1048,868,469,-53,-570,-960,-1127,-1022,-670,-158,405,885,1169,1179,913,437,-160,-734,-1142,-1290,-1151,-741,-154,475,1008,1307,1306,1014,491,-152,-763,-1203,-1367,-1228,-811,-206,448,996,1324,1357,1077,552,-95,-726,-1191,-1387,-1271,-874,-285,364,938,1294,1363,1141,673,58,-559,-1050,-1309,-1286,-991,-497,96,650,1055,1226,1132,803,320,-210,-672,-979,-1074,-939,-614,-176,271,646,870,898,739,446,71,-297,-584,-733,-731,-584,-327,-15,282,505,617,608,491,294,59,-164,-339,-442,-464,-411,-310,-184,0,0,0,0,0,-211,-124,-11,125,267,390,459,456,376,230,31,-192,-389,-512,-547,-477,-309,-79,173,398,546,583,502,315,54,-223,-452,-586,-606,-500,-279,17,308,533,642,609,443,182,-128,-411,-600,-660,-573,-355,-49,267,517,650,626,457,182,-142,-439,-630,-673,-559,-310,25,357,605,717,665,448,117,-242,-551,-740,-761,-601,-299,75,442,710,814,728,480,119,-278,-607,-800,-813,-635,-305,95,475,743,840,741,466,81,-316,-636,-808,-799,-601,-252,159,521,761,823,694,396,6,-384,-689,-831,-773,-537,-174,233,588,798,822,653,325,-83,-466,-738,-839,-743,-473,-91,315,647,820,0,586,239,-170,-541,-777,-828,-680,-362,41,435,721,832,742,475,84,-332,-672,-847,-816,-589,-214,216,603,846,878,705,358,-86,-511,-824,-939,-827,-518,-76,389,766,964,937,683,258,-226,-661,-944,-994,-808,-424,59,527,865,1004,896,570,106,-379,-779,-992,-962,-694,-255,253,699,965,1003,805,400,-102,-583,-928,-1048,-907,-551,-64,443,856,1063,1008,710,243,-281,-745,-1035,-1078,-860,-437,87,593,959,1094,965,612,119,-404,-829,-1058,-1031,-763,-308,218,684,979,1048,866,478,-16,-506,-870,-1027,-936,-622,-161,335,747,971,960,728,321,-162,-610,-901,-972,-807,-449,10,470,814,0,0
39191,mtk,MTK 7916,2424567110,rx2-tx1,512,0,0,0,554,328,34,-258,-482,-604,-585,-436,-196,77,338,525,592,521,345,100,-161,-373,-497,-509,-417,-242,-25,192,352,424,414,312,147,-34,-196,-304,-346,-317,-226,-96,49,166,233,245,208,139,50,-42,-108,-138,-147,-132,-95,-49,-19,7,33,57,76,96,112,117,93,50,9,-56,-132,-187,-217,-216,-155,-52,68,180,274,323,295,198,50,-117,-264,-363,-399,-346,-205,-8,186,353,462,465,359,174,-56,-292,-459,-520,-472,-325,-106,151,371,513,536,441,248,0,-255,-458,-546,-511,-365,-138,120,351,508,544,453,266,13,-242,-447,-551,-521,-367,-132,128,359,507,539,0,254,4,-245,-437,-525,-491,-340,-113,137,358,480,491,395,202,-42,-264,-428,-496,-431,-254,-31,198,390,485,455,313,88,-163,-376,-505,-518,-401,-171,107,356,528,581,492,282,-4,-307,-545,-663,-636,-461,-166,174,492,707,777,655,383,18,-351,-652,-806,-801,-610,-276,120,498,784,893,808,549,159,-265,-629,-873,-932,-776,-456,-54,374,737,935,929,730,388,-22,-444,-772,-930,-895,-681,-316,99,475,741,854,800,587,257,-121,-457,-687,-771,-700,-491,-190,128,411,609,668,584,404,157,-113,-354,-510,-567,-526,-390,-184,34,229,372,438,428,358,244,107,-27,-128,-201,0,0,0,0,0,-118,-167,-203,-218,-191,-140,-67,27,129,219,275,274,240,171,67,-53,-171,-256,-289,-278,-216,-111,25,164,266,308,293,230,128,0,-139,-256,-312,-313,-261,-143,-2,123,221,289,315,276,168,30,-91,-195,-272,-294,-262,-181,-64,66,164,231,262,251,201,109,-9,-112,-187,-228,-239,-214,-155,-66,36,125,185,218,226,199,139,63,-29,-134,-203,-240,-245,-205,-128,-31,85,191,247,265,247,188,85,-41,-167,-254,-291,-283,-218,-105,23,143,248,294,278,208,93,-45,-166,-260,-296,-265,-176,-52,83,181,236,257,222,123,5,-107,-191,-238,-227,-154,-42,72,168,0,236,182,79,-40,-151,-230,-252,-212,-118,10,130,222,263,242,171,53,-102,-240,-297,-289,-223,-102,52,208,321,352,298,183,20,-167,-319,-392,-376,-280,-109,90,270,392,433,364,218,24,-177,-351,-439,-419,-309,-126,91,279,399,436,360,182,-31,-231,-381,-438,-387,-236,-21,195,361,447,437,303,84,-157,-369,-498,-511,-403,-195,74,329,526,609,542,343,63,-237,-500,-640,-645,-511,-254,76,398,637,729,655,437,115,-243,-544,-727,-757,-623,-358,4,364,636,779,754,558,245,-121,-471,-712,-794,-704,-465,-132,232,532,712,738,607,335,-6,-334,-578,-693,-646,-448,0,0,0,0,0,327,555,632,562,385,125,-165,-418,-572,-598,-489,-286,-22,246,446,536,512,383,174,-62,-283,-431,-481,-433,-293,-92,108,271,370,379,313,183,20,-129,-241,-295,-290,-224,-119,-8,88,166,199,187,140,77,13,-36,-75,-101,-97,-81,-76,-73,-51,-20,2,31,72,115,150,159,136,74,-10,-96,-185,-253,-271,-230,-126,18,167,288,359,359,272,119,-60,-229,-364,-435,-403,-277,-100,115,317,451,485,416,251,22,-215,-415,-522,-514,-384,-171,78,322,491,543,485,315,67,-192,-403,-529,-527,-410,-201,54,300,472,537,477,313,76,-187,-406,-520,-521,-404,-199,50,0,460,529,478,304,58,-188,-385,-504,-501,-381,-167,81,308,457,498,413,235,-4,-242,-417,-492,-448,-289,-56,185,377,484,474,341,118,-139,-365,-508,-539,-435,-223,46,329,547,628,570,382,86,-247,-528,-698,-707,-555,-277,69,425,688,796,726,503,161,-221,-577,-810,-859,-727,-430,-24,383,711,894,880,665,313,-108,-516,-818,-943,-869,-617,-227,219,615,876,955,835,540,152,-265,-638,-865,-904,-765,-478,-90,301,607,777,797,662,381,39,-291,-557,-708,-700,-561,-323,-32,268,497,609,595,477,288,45,-200,-385,-487,-503,-434,-295,-122,54,198,300,345,325,269,199,0,0,0,0,0,121,77,24,-51,-133,-198,-241,-260,-239,-174,-78,32,143,230,280,284,243,145,26,-103,-220,-292,-309,-272,-181,-46,92,202,282,314,285,201,73,-68,-183,-269,-312,-297,-219,-97,37,170,272,312,292,224,115,-4,-126,-226,-263,-254,-215,-135,-25,81,172,233,260,230,162,74,-28,-118,-186,-227,-230,-205,-140,-52,36,122,196,232,221,190,126,37,-57,-154,-229,-266,-252,-201,-122,-9,117,218,271,276,236,144,34,-86,-205,-280,-293,-253,-167,-48,90,204,271,279,238,148,22,-109,-213,-271,-261,-198,-91,31,141,217,243,219,143,21,-92,-183,-229,-224,-164,0,58,161,228,245,211,122,-5,-136,-227,-264,-232,-139,-12,122,238,293,276,188,59,-84,-216,-311,-330,-271,-139,30,194,323,375,331,208,46,-125,-283,-392,-415,-327,-160,40,230,372,432,393,264,77,-131,-322,-425,-428,-334,-167,47,256,404,439,361,203,-4,-214,-371,-436,-393,-258,-57,179,380,481,471,348,133,-132,-364,-507,-550,-471,-260,27,312,531,633,599,428,154,-166,-461,-654,-693,-581,-345,-24,315,590,735,721,548,240,-124,-463,-703,-792,-703,-455,-112,247,553,750,787,646,367,4,-354,-632,-760,-723,-539,-240,107,432,654,726,632,401,91,-234,-503,0,0
39192,mtk,MTK 7916,2424608826,rx0-tx0,512,-349,480,706,389,321,229,118,-10,-143,-263,-363,-442,-488,-498,-464,-398,-298,-171,-25,121,263,387,477,530,547,511,433,329,196,40,-119,-260,-385,-473,-522,-530,-503,-432,-328,-196,-54,83,220,327,405,460,472,460,408,322,223,108,-2,-113,-210,-282,-345,-378,-396,-386,-343,-287,-226,-150,-63,33,120,213,295,363,407,431,419,380,319,226,113,-12,-148,-274,-389,-473,-521,-537,-505,-431,-323,-178,-25,128,285,421,513,573,583,539,451,328,179,21,-144,-295,-421,-510,-553,-546,-501,-412,-287,-154,-16,135,263,361,423,457,449,402,331,239,133,28,-73,-169,-243,-292,-324,-319,-511,-272,-219,-151,-83,-11,47,104,157,195,221,230,227,217,201,170,134,85,34,-17,-80,-128,-177,-225,-251,-265,-268,-249,-216,-165,-87,-8,74,165,247,307,358,370,352,313,249,153,41,-62,-172,-267,-344,-401,-417,-388,-348,-278,-185,-75,44,155,258,333,390,421,423,380,309,224,106,-18,-130,-248,-333,-392,-428,-425,-387,-322,-228,-123,-1,122,236,325,371,399,398,368,304,221,119,5,-103,-210,-288,-344,-376,-376,-349,-291,-209,-113,-6,106,197,277,334,357,347,303,238,151,48,-58,-161,-248,-308,-331,-320,-272,-195,-100,13,117,196,250,260,231,167,83,-363,-73,1179,1121,1222,-20,-53,-80,-102,-105,-81,-57,-18,28,68,100,126,131,112,89,55,19,-21,-57,-88,-109,-120,-116,-101,-79,-39,-8,21,62,94,98,103,104,86,63,40,13,-12,-42,-58,-64,-75,-78,-68,-57,-48,-39,-18,-9,1,25,41,52,67,75,71,71,64,47,28,5,-20,-41,-56,-76,-87,-91,-88,-71,-49,-28,3,30,52,79,96,101,99,84,63,44,18,-22,-53,-79,-102,-110,-122,-116,-96,-74,-35,-1,41,70,96,122,136,133,119,91,60,21,-15,-47,-88,-117,-136,-151,-142,-124,-96,-55,-12,37,80,112,148,156,158,151,122,93,43,-2,-330,-98,-143,-164,-181,-183,-152,-126,-92,-50,4,54,98,139,170,188,187,176,154,122,76,22,-32,-76,-124,-166,-194,-216,-216,-199,-173,-125,-65,-1,64,133,189,238,274,290,285,259,205,130,40,-50,-145,-241,-313,-362,-389,-379,-341,-270,-168,-50,70,195,303,394,453,465,439,384,291,174,44,-96,-234,-352,-436,-487,-503,-476,-409,-299,-162,-19,132,266,377,463,512,503,465,389,271,140,4,-128,-254,-351,-419,-452,-450,-423,-352,-260,-155,-39,74,179,274,336,370,392,373,337,280,200,112,20,-76,-167,-237,-300,-352,-377,-373,-343,-294,-227,-135,-28,78,170,259,628,-729,806,608,-204,-310,-389,-443,-469,-456,-403,-321,-207,-77,62,199,321,426,496,527,514,463,371,247,112,-36,-194,-325,-434,-511,-550,-537,-483,-395,-266,-122,26,176,308,412,485,511,505,461,372,266,143,10,-111,-231,-323,-382,-421,-428,-408,-354,-287,-206,-113,-19,78,168,239,301,351,386,388,372,336,276,199,103,-3,-123,-226,-323,-406,-462,-491,-483,-431,-343,-221,-84,63,212,343,460,532,563,555,499,397,262,115,-56,-219,-362,-475,-547,-578,-560,-495,-389,-251,-94,63,210,341,437,489,512,491,420,323,205,82,-50,-169,-265,-338,-380,-388,-374,-334,-264,-189,-94,-5,1105,139,203,244,266,267,248,228,192,146,96,42,-13,-58,-107,-151,-187,-217,-226,-231,-224,-199,-173,-123,-65,-7,59,129,194,258,301,317,317,293,235,167,80,-27,-126,-218,-304,-369,-390,-388,-360,-295,-211,-109,13,119,215,311,376,414,412,386,330,246,150,39,-80,-197,-290,-368,-423,-432,-415,-367,-277,-177,-60,64,184,288,366,412,431,406,353,267,170,62,-57,-167,-263,-328,-380,-398,-384,-336,-260,-170,-65,48,153,241,306,346,369,350,300,232,139,36,-72,-175,-257,-320,-345,-342,-303,-235,-143,-35,71,174,251,298,309,272,209,121,16,-81,-156,-191,877,947,1145,504,122,-76,-70,-47,-15,29,64,89,113,116,98,70,35,-14,-54,-84,-111,-126,-127,-112,-82,-47,-12,31,60,97,112,108,106,95,58,24,2,-28,-55,-71,-87,-89,-90,-81,-59,-40,-20,4,21,27,35,55,63,58,65,64,53,41,32,9,-13,-25,-44,-65,-74,-84,-80,-63,-58,-38,-10,15,43,68,81,93,96,83,76,63,38,14,-21,-54,-81,-95,-114,-117,-106,-90,-60,-28,3,42,71,101,123,131,126,107,87,52,15,-26,-63,-97,-120,-135,-134,-128,-113,-78,-45,-3,51,89,125,144,155,155,134,107,71,22,-18,-71,-108,-143,-160,-162,826,-144,-110,-65,-30,28,80,112,148,169,182,175,157,125,82,28,-20,-77,-120,-157,-184,-194,-190,-174,-155,-118,-75,-25,35,89,146,200,232,241,236,214,178,133,64,-16,-94,-175,-245,-302,-331,-336,-320,-272,-192,-101,8,119,223,310,384,418,423,389,325,235,118,-19,-149,-271,-379,-448,-484,-480,-432,-349,-235,-103,42,189,315,421,483,511,500,435,344,226,81,-67,-196,-323,-419,-471,-485,-468,-415,-326,-210,-78,46,174,280,356,409,426,414,374,305,212,119,18,-84,-170,-251,-315,-351,-366,-362,-326,-276,-213,-135,-39,64,157,240,311,371,397,390,353,1207,1069
39193,mtk,MTK 7916,2424608826,rx0-tx1,512,87,-766,-763,688,693,664,573,432,266,61,-149,-353,-550,-709,-811,-858,-838,-755,-612,-416,-185,68,320,544,736,883,960,968,899,769,577,331,57,-219,-490,-725,-913,-1032,-1078,-1041,-925,-741,-499,-219,86,387,659,880,1038,1114,1112,1040,887,673,402,100,-201,-496,-758,-962,-1109,-1168,-1144,-1040,-872,-630,-339,-22,300,605,865,1068,1197,1235,1187,1044,823,544,221,-121,-464,-761,-1010,-1179,-1264,-1255,-1149,-949,-693,-388,-44,296,610,876,1078,1194,1226,1164,1020,803,536,226,-90,-402,-685,-912,-1075,-1156,-1149,-1064,-903,-673,-398,-101,209,501,753,938,1067,1112,1068,952,773,538,271,-20,-303,-557,-689,-932,-1024,-1042,-990,-870,-697,-475,-206,71,343,586,791,951,1044,1059,1002,873,674,431,151,-152,-444,-708,-926,-1076,-1149,-1140,-1046,-873,-624,-316,19,346,655,929,1127,1230,1248,1173,1004,741,414,64,-296,-638,-928,-1146,-1267,-1291,-1215,-1044,-782,-458,-101,257,590,883,1109,1243,1268,1192,1019,764,460,109,-239,-578,-850,-1055,-1162,-1170,-1093,-914,-675,-388,-66,237,520,750,912,990,980,901,749,531,289,45,-197,-424,-605,-731,-794,-794,-730,-611,-445,-256,-42,166,352,510,615,665,660,598,477,324,143,-47,-226,-375,-490,-555,-559,-503,-393,-244,-65,111,260,367,412,394,308,189,-397,-588,0,466,183,104,184,239,254,226,162,71,-33,-138,-232,-295,-320,-318,-275,-210,-120,-16,87,185,266,321,348,352,322,260,180,83,-21,-129,-227,-307,-370,-403,-410,-381,-325,-234,-116,6,138,266,379,467,517,519,479,393,279,130,-33,-196,-355,-480,-564,-599,-587,-521,-421,-276,-105,69,239,386,502,577,604,584,512,411,269,107,-52,-214,-362,-476,-545,-575,-567,-504,-413,-295,-143,12,164,301,415,498,535,531,497,429,314,188,53,-87,-221,-334,-429,-489,-503,-483,-426,-338,-229,-105,25,149,265,350,405,439,443,410,349,265,164,58,-51,-153,-245,-320,-368,-392,-390,-366,-130,-235,-151,-58,42,141,221,288,340,365,364,335,290,224,146,61,-36,-123,-197,-259,-306,-333,-337,-323,-288,-236,-172,-101,-21,63,139,209,276,321,353,358,340,309,256,180,93,5,-99,-193,-285,-368,-419,-445,-444,-401,-341,-260,-145,-12,119,243,360,449,506,531,515,465,375,261,122,-34,-179,-319,-442,-530,-580,-584,-543,-465,-350,-217,-60,99,249,388,483,553,578,556,500,404,286,148,0,-138,-265,-379,-459,-503,-515,-488,-433,-354,-254,-142,-20,102,203,291,364,417,442,446,421,377,304,221,120,15,-97,-212,-311,-403,-477,-516,-532,-512,-451,-354,-233,-86,554,667,504,-98,137,100,-94,-281,-469,-604,-713,-778,-772,-717,-605,-434,-230,-6,228,451,648,800,896,924,880,765,599,379,128,-137,-399,-634,-835,-970,-1026,-1014,-924,-764,-542,-277,13,310,579,806,979,1083,1109,1049,909,701,443,149,-148,-447,-714,-927,-1076,-1137,-1130,-1043,-875,-651,-373,-62,248,543,802,1016,1147,1201,1166,1045,851,597,291,-37,-367,-679,-935,-1132,-1242,-1265,-1188,-1016,-775,-474,-138,210,548,837,1059,1206,1257,1212,1080,878,610,301,-36,-361,-657,-903,-1079,-1182,-1189,-1118,-962,-740,-468,-157,157,459,726,939,1078,1139,1122,1018,834,602,333,32,-260,-529,-765,-940,-1047,-1078,-1026,-906,261,-491,-225,49,322,565,766,931,1021,1035,980,853,678,455,188,-95,-371,-628,-845,-999,-1093,-1106,-1035,-885,-667,-393,-86,232,537,809,1026,1172,1218,1172,1047,830,537,201,-142,-482,-793,-1048,-1208,-1278,-1251,-1124,-904,-612,-270,90,450,772,1037,1211,1288,1263,1140,930,639,291,-73,-421,-737,-981,-1158,-1233,-1206,-1080,-858,-583,-255,76,407,695,904,1049,1098,1056,927,728,478,194,-85,-352,-585,-762,-861,-896,-863,-753,-588,-380,-160,68,282,469,610,694,731,696,613,477,304,113,-80,-270,-427,-541,-604,-611,-557,-455,-315,-139,45,222,369,468,508,478,389,257,97,-65,-198,-264,-652,-500,0,493,663,172,129,49,-49,-149,-230,-285,-298,-276,-217,-124,-25,83,181,260,317,337,331,292,230,141,45,-58,-163,-248,-313,-356,-375,-362,-315,-244,-154,-42,71,190,295,384,439,457,449,400,312,197,58,-92,-238,-369,-475,-546,-562,-543,-469,-351,-200,-30,143,302,443,556,610,612,565,473,343,189,17,-156,-307,-437,-537,-582,-588,-552,-463,-342,-194,-43,118,265,384,486,548,561,532,466,366,237,89,-57,-190,-324,-426,-489,-526,-515,-467,-383,-277,-145,-7,126,249,349,420,465,471,448,387,296,197,85,-37,-153,-254,-336,-389,-415,-414,-390,-336,-255,-158,-53,53,155,245,304,350,374,380,349,297,233,153,59,-39,-131,-213,-284,-327,-355,-354,-328,-287,-229,-155,-70,17,96,173,237,285,318,333,330,305,270,214,142,63,-27,-115,-195,-276,-340,-374,-395,-387,-352,-304,-225,-128,-20,102,216,312,397,463,488,477,439,366,258,135,-2,-143,-282,-404,-492,-551,-562,-533,-475,-370,-240,-92,67,217,354,466,545,589,579,533,440,321,185,26,-126,-269,-388,-479,-536,-550,-525,-467,-373,-252,-128,4,134,249,344,409,448,468,455,414,352,269,173,68,-38,-147,-248,-330,-393,-441,-463,-465,-435,-377,-300,-186,-61,64,202,335,449,533,583,-385,-94
39194,mtk,MTK 7916,2424608826,rx1-tx0,512,0,690,655,-589,-538,-462,-345,-189,-16,159,324,472,592,668,690,657,581,459,285,85,-112,-311,-491,-632,-735,-788,-765,-684,-553,-375,-164,69,294,498,667,784,848,842,762,628,445,230,-15,-258,-481,-670,-800,-865,-884,-826,-697,-531,-326,-77,174,409,613,781,888,912,880,776,617,402,168,-91,-343,-567,-757,-886,-929,-918,-845,-680,-477,-241,23,289,526,711,850,917,915,830,693,496,257,17,-218,-441,-633,-763,-829,-837,-768,-641,-481,-280,-64,134,332,498,620,700,725,688,612,486,325,156,-26,-204,-363,-487,-584,-633,-625,-588,-503,-379,-233,-85,77,244,383,487,560,593,216,513,423,298,153,-1,-152,-290,-404,-491,-544,-547,-519,-457,-350,-224,-83,62,204,340,439,502,538,525,472,390,267,137,-1,-146,-282,-394,-479,-514,-511,-482,-408,-305,-184,-49,87,234,351,428,483,499,468,413,318,197,58,-56,-168,-281,-362,-409,-431,-422,-397,-329,-228,-133,-8,114,213,314,382,423,434,415,365,275,164,42,-85,-199,-296,-364,-405,-418,-387,-321,-235,-127,-12,107,217,290,344,371,368,329,261,178,74,-22,-119,-197,-259,-297,-303,-285,-251,-190,-115,-25,66,143,199,231,249,235,206,151,82,3,-71,-132,-178,-197,-191,-157,-105,-39,33,75,39,340,0,-864,-982,-33,-95,-145,-177,-181,-154,-104,-16,59,128,187,221,228,205,169,105,21,-56,-124,-181,-223,-238,-233,-206,-154,-96,-28,53,112,167,208,227,226,212,182,124,69,1,-57,-113,-158,-190,-206,-218,-209,-180,-146,-87,-21,27,88,152,203,233,242,237,219,175,122,58,-33,-110,-167,-208,-247,-263,-250,-227,-183,-122,-44,29,103,161,206,231,249,238,205,172,113,47,-16,-73,-126,-173,-215,-224,-216,-190,-164,-126,-64,-14,43,94,131,169,190,199,187,157,117,81,27,-27,-69,-102,-127,-148,-160,-151,-132,-112,-86,-55,-16,21,58,81,91,103,103,102,104,-584,62,47,30,0,-30,-41,-56,-75,-86,-84,-76,-71,-78,-65,-45,-32,-15,10,39,52,66,75,90,102,100,100,100,83,54,35,4,-29,-55,-78,-102,-129,-143,-150,-143,-141,-121,-80,-48,-11,41,93,151,191,215,239,237,234,192,134,81,-4,-87,-167,-235,-300,-350,-367,-342,-297,-230,-138,-31,93,211,306,389,432,448,439,380,284,174,53,-91,-214,-325,-424,-481,-498,-475,-415,-331,-214,-72,67,200,317,418,478,512,499,442,363,259,126,-15,-140,-260,-369,-448,-493,-501,-471,-406,-318,-219,-86,51,174,299,395,464,497,509,481,412,317,203,61,-84,338,-110,0,-74,249,96,256,398,526,604,641,624,569,468,327,153,-36,-230,-406,-562,-675,-725,-728,-679,-570,-420,-246,-31,197,407,590,724,803,820,767,674,514,317,85,-166,-394,-592,-741,-842,-873,-838,-738,-581,-369,-143,97,345,556,722,839,900,879,798,663,477,241,-7,-251,-485,-686,-833,-915,-937,-875,-755,-571,-332,-79,169,429,650,811,916,942,893,766,592,377,124,-139,-383,-590,-752,-848,-873,-841,-746,-587,-383,-161,73,301,490,638,738,769,754,690,563,400,213,11,-176,-348,-500,-601,-658,-667,-631,-545,-430,-286,-109,59,222,376,491,560,588,593,546,456,338,195,31,757,-256,-394,-491,-550,-563,-538,-474,-375,-258,-114,35,178,313,416,491,531,529,490,415,304,182,41,-115,-250,-374,-464,-504,-514,-497,-443,-361,-235,-90,54,194,320,416,479,507,500,449,357,248,126,-14,-147,-259,-359,-434,-466,-467,-439,-375,-272,-157,-37,81,192,299,365,415,441,418,382,317,210,91,-30,-142,-254,-352,-406,-434,-424,-385,-316,-211,-95,30,156,255,334,388,399,388,332,254,167,57,-57,-167,-248,-309,-339,-334,-310,-252,-181,-92,1,83,156,222,260,278,263,223,164,103,21,-59,-129,-189,-221,-230,-211,-169,-108,-37,33,95,136,159,145,104,-696,-603,0,468,28,-133,-117,-76,-16,54,119,178,205,196,174,125,55,-27,-98,-159,-213,-235,-231,-204,-162,-96,-23,52,126,183,217,242,233,202,161,103,36,-27,-82,-144,-184,-213,-233,-219,-199,-156,-101,-53,8,76,126,176,214,219,214,207,179,132,71,8,-60,-122,-183,-216,-249,-257,-234,-192,-143,-86,-5,62,128,185,233,261,255,239,195,143,78,7,-75,-126,-170,-211,-230,-226,-214,-180,-135,-81,-17,40,85,132,177,195,201,193,164,136,97,50,1,-52,-98,-133,-154,-175,-165,-150,-129,-97,-64,-23,23,60,94,124,137,138,128,108,86,68,47,12,-6,-32,-674,-78,-82,-93,-102,-93,-81,-73,-53,-31,0,15,23,42,69,82,87,96,97,83,75,67,53,36,12,-13,-24,-49,-78,-91,-109,-126,-124,-112,-97,-87,-60,-28,12,44,79,121,144,156,177,187,183,165,118,75,10,-55,-122,-193,-233,-277,-301,-299,-270,-221,-159,-72,32,137,227,315,367,402,404,367,306,214,96,-18,-146,-272,-371,-431,-480,-480,-431,-363,-258,-126,9,152,274,376,460,502,503,465,398,293,168,29,-120,-248,-349,-434,-494,-506,-483,-435,-345,-231,-103,34,168,284,375,450,504,503,477,414,318,202,74,-56,-194,-318,-415,-493,-539,-532,911,963
39195,mtk,MTK 7916,2424608826,rx1-tx1,512,0,0,0,-204,208,566,785,814,635,290,-124,-508,-763,-825,-687,-377,28,423,705,811,709,429,48,-333,-629,-762,-691,-447,-98,279,573,711,664,449,111,-253,-547,-693,-652,-442,-116,242,535,685,655,452,131,-228,-536,-705,-686,-485,-145,229,545,722,720,529,199,-186,-522,-727,-750,-585,-271,114,472,710,769,634,350,-23,-390,-654,-757,-668,-411,-60,293,566,696,652,447,140,-196,-474,-619,-605,-450,-187,115,381,537,546,425,196,-79,-317,-460,-490,-393,-195,40,251,392,428,348,181,-31,-225,-351,-379,-310,-164,21,194,307,338,276,141,-19,-178,-290,-313,-244,-122,28,165,0,284,218,97,-45,-172,-253,-261,-196,-78,60,188,264,261,192,65,-83,-208,-280,-289,-213,-71,87,231,319,323,250,107,-70,-229,-332,-360,-297,-150,37,210,334,385,337,202,12,-167,-308,-386,-370,-265,-88,112,284,386,391,301,147,-41,-213,-332,-379,-339,-213,-47,130,276,351,350,279,144,-26,-181,-279,-309,-281,-195,-69,60,167,231,247,208,131,37,-52,-120,-162,-165,-139,-95,-39,18,55,75,87,81,65,49,41,27,0,-25,-50,-75,-101,-108,-97,-68,-19,40,94,141,160,151,119,60,-16,-89,-153,-193,-198,-169,-116,-47,33,99,144,168,166,139,0,0,0,0,0,102,79,35,-29,-98,-155,-185,-183,-149,-81,9,105,181,221,211,159,68,-48,-154,-221,-242,-211,-128,-14,110,212,265,256,189,72,-64,-190,-275,-293,-242,-134,13,160,266,302,269,172,30,-124,-245,-303,-285,-200,-63,89,220,292,287,206,72,-81,-220,-295,-294,-214,-72,88,230,318,321,232,87,-84,-242,-343,-354,-262,-102,91,266,377,396,307,139,-67,-271,-413,-447,-367,-184,48,268,428,489,431,260,19,-231,-426,-519,-486,-330,-94,167,387,519,525,401,171,-95,-336,-492,-521,-421,-215,42,281,448,507,426,233,-11,-249,-425,-488,-419,-241,-3,239,418,0,416,240,-8,-267,-446,-506,-436,-251,14,280,476,556,487,289,10,-276,-508,-608,-547,-343,-48,263,518,644,605,400,83,-259,-532,-683,-658,-460,-136,234,546,726,720,532,190,-200,-542,-756,-781,-606,-270,144,533,789,844,683,352,-71,-483,-781,-875,-757,-445,-11,430,756,895,809,515,94,-352,-713,-891,-836,-571,-166,281,655,860,848,619,231,-210,-600,-833,-848,-643,-280,155,547,791,831,658,312,-112,-503,-753,-811,-669,-356,55,453,729,812,689,385,-22,-412,-693,-801,-700,-414,-19,370,664,793,714,453,79,-324,-641,-785,-723,-481,-116,280,607,776,742,516,156,0,0,0,0,0,-792,-792,-592,-245,166,539,776,822,662,336,-76,-467,-738,-823,-699,-406,-12,381,677,788,701,447,81,-302,-602,-741,-683,-449,-102,257,548,695,658,441,110,-251,-544,-689,-652,-445,-123,234,531,686,659,466,150,-217,-541,-719,-698,-495,-164,209,525,714,732,559,233,-154,-502,-723,-763,-611,-311,67,431,688,765,658,386,24,-337,-604,-723,-662,-433,-103,239,514,662,643,453,155,-160,-421,-574,-583,-436,-187,94,339,500,525,411,198,-55,-282,-426,-459,-371,-186,34,235,367,404,334,175,-22,-206,-332,-362,-297,-158,22,192,304,330,263,132,-21,-169,-271,-290,-229,0,35,176,259,270,206,82,-59,-180,-260,-265,-197,-73,75,202,270,268,196,65,-85,-221,-302,-300,-215,-81,85,237,333,343,266,123,-49,-220,-337,-366,-309,-180,1,193,334,394,352,226,53,-134,-290,-377,-377,-284,-120,74,246,355,386,328,192,11,-172,-307,-368,-347,-251,-101,71,227,321,344,285,165,25,-113,-224,-279,-273,-212,-116,-3,102,177,204,187,141,81,6,-64,-103,-116,-114,-94,-62,-30,-4,19,42,61,70,77,78,71,53,18,-16,-59,-102,-132,-135,-112,-68,-6,63,125,169,186,165,116,48,-29,-101,-160,-194,-197,-169,-115,-57,3,61,0,0,0,0,0,69,109,144,160,142,93,27,-49,-127,-189,-213,-187,-120,-28,71,164,219,227,181,94,-17,-124,-216,-259,-239,-158,-45,84,200,271,277,219,108,-40,-177,-267,-303,-261,-157,-14,129,244,303,284,193,49,-110,-232,-295,-290,-209,-74,81,211,289,289,210,69,-94,-232,-301,-298,-225,-79,96,241,328,330,251,98,-88,-255,-354,-360,-273,-118,84,277,399,424,337,163,-60,-279,-432,-465,-396,-227,6,249,433,509,464,301,58,-204,-416,-527,-506,-370,-144,132,372,507,516,404,196,-62,-303,-472,-515,-429,-232,26,275,444,495,417,239,-2,-244,-422,-485,-422,-247,0,254,428,495,435,246,-16,-280,-465,-532,-465,-273,-2,279,492,581,522,323,33,-275,-510,-622,-577,-379,-72,257,530,668,629,426,109,-240,-540,-702,-685,-486,-165,217,552,749,755,568,228,-172,-543,-777,-815,-647,-313,111,512,784,861,713,392,-29,-454,-765,-883,-783,-481,-49,395,734,892,827,549,125,-331,-692,-882,-846,-590,-198,240,624,846,844,628,252,-182,-570,-811,-835,-648,-299,125,524,779,830,668,334,-87,-480,-749,-819,-682,-367,43,435,709,802,691,400,6,-386,-675,-789,-702,-430,-49,343,647,785,723,467,91,-302,-618,-778,-739,-503,-140,261,597,773,0,0
39196,mtk,MTK 7916,2424608826,rx2-tx0,512,0,0,0,997,931,618,140,-379,-805,-1016,-959,-659,-188,337,769,1000,969,684,222,-293,-734,-981,-965,-691,-240,267,709,962,953,690,240,-277,-713,-958,-950,-679,-224,287,731,987,974,693,225,-306,-759,-1022,-1013,-731,-253,296,769,1047,1048,768,282,-274,-762,-1048,-1062,-790,-306,263,759,1048,1054,786,304,-261,-754,-1045,-1063,-795,-301,285,786,1084,1090,803,303,-286,-811,-1124,-1136,-852,-338,278,832,1169,1208,931,407,-224,-805,-1185,-1257,-1003,-496,137,742,1164,1283,1071,591,-38,-659,-1106,-1267,-1104,-663,-54,563,1026,1219,1103,705,126,-479,-948,-1159,-1077,-720,-170,408,868,1104,1051,716,197,0,-824,-1065,-1024,-711,-210,345,809,1060,1028,717,222,-333,-804,-1065,-1046,-752,-248,319,804,1089,1087,796,296,-289,-811,-1123,-1145,-875,-369,248,813,1171,1231,978,470,-174,-780,-1204,-1325,-1110,-609,54,706,1182,1372,1221,761,107,-582,-1130,-1393,-1314,-908,-276,423,1013,1361,1374,1036,439,-264,-901,-1317,-1405,-1144,-599,84,742,1219,1402,1246,786,137,-539,-1076,-1358,-1309,-951,-373,283,860,1222,1288,1053,577,-14,-591,-1012,-1178,-1066,-712,-207,325,759,1004,1010,785,392,-73,-503,-798,-893,-780,-498,-112,281,587,749,733,560,276,-55,-357,-573,-662,-607,-436,-198,61,287,436,493,465,368,230,0,0,0,0,0,-85,-215,-323,-401,-417,-358,-228,-47,166,366,501,536,470,306,71,-188,-416,-559,-576,-464,-251,27,308,522,616,571,392,119,-186,-457,-620,-636,-496,-237,87,393,613,685,585,337,8,-331,-584,-700,-640,-420,-91,264,557,712,688,485,154,-223,-548,-741,-744,-560,-223,173,536,763,804,637,306,-107,-499,-776,-852,-714,-392,32,445,752,873,775,477,53,-379,-720,-886,-828,-552,-137,316,687,878,847,602,204,-244,-634,-859,-868,-660,-281,178,585,835,877,697,333,-116,-539,-825,-892,-733,-390,50,476,784,890,765,443,8,-428,-750,-882,-792,-496,-69,373,712,862,788,0,98,-332,-673,-841,-788,-523,-120,311,662,835,783,523,121,-314,-666,-842,-796,-536,-125,322,684,872,825,558,142,-322,-711,-910,-875,-608,-173,315,726,950,928,662,217,-292,-729,-976,-970,-714,-269,252,709,978,996,755,316,-206,-678,-971,-1003,-774,-339,184,660,963,1012,786,354,-171,-650,-959,-1013,-799,-367,166,655,967,1026,813,386,-142,-635,-967,-1041,-839,-416,118,623,962,1044,854,442,-83,-589,-942,-1047,-877,-476,48,555,920,1039,882,496,-18,-527,-895,-1029,-893,-527,-22,488,861,1005,889,537,46,-455,-835,-994,-886,-543,-59,438,818,990,895,561,86,-413,-811,-992,0,0,0,0,0,-107,402,816,1016,951,637,158,-362,-793,-1014,-970,-676,-209,313,748,988,965,687,234,-280,-720,-970,-957,-689,-237,276,712,956,951,684,231,-281,-718,-970,-959,-688,-230,297,747,999,987,708,237,-305,-774,-1038,-1027,-749,-267,288,772,1049,1056,787,306,-260,-754,-1046,-1059,-794,-312,252,751,1045,1056,779,294,-265,-763,-1059,-1072,-793,-299,283,798,1106,1118,829,312,-291,-824,-1148,-1176,-894,-368,258,818,1174,1230,966,445,-189,-784,-1183,-1276,-1039,-543,92,705,1142,1282,1092,626,-1,-618,-1070,-1251,-1114,-692,-101,511,987,1199,1095,714,159,-432,-904,-1132,-1060,-714,-183,388,847,1075,0,710,207,-354,-817,-1064,-1025,-713,-216,333,802,1059,1039,734,236,-325,-803,-1076,-1065,-771,-277,299,803,1101,1110,826,324,-273,-809,-1146,-1188,-920,-410,209,795,1188,1278,1043,540,-117,-750,-1194,-1350,-1162,-679,-27,642,1159,1389,1272,836,188,-505,-1077,-1383,-1347,-976,-360,344,964,1347,1393,1096,526,-173,-830,-1281,-1407,-1190,-692,-30,647,1160,1384,1276,869,255,-413,-976,-1296,-1305,-1010,-482,154,734,1129,1250,1073,660,110,-452,-887,-1102,-1050,-763,-310,199,634,901,949,777,441,22,-388,-694,-823,-760,-532,-196,169,478,668,703,590,357,64,-226,-453,-577,-583,-485,-313,-110,84,235,324,0,0,0,0,0,302,273,193,60,-107,-278,-414,-487,-474,-372,-190,46,279,463,555,536,397,168,-104,-359,-539,-600,-524,-327,-46,251,490,617,603,448,181,-141,-436,-629,-668,-544,-289,37,364,608,692,605,380,52,-298,-578,-709,-668,-451,-115,248,551,721,712,515,182,-200,-540,-751,-767,-585,-256,139,516,772,828,673,350,-63,-470,-760,-865,-748,-434,-11,415,739,881,800,520,103,-345,-705,-885,-838,-579,-175,276,661,877,866,632,240,-213,-605,-846,-880,-683,-305,145,556,824,883,717,365,-88,-511,-802,-891,-750,-419,13,451,774,891,779,474,44,-401,-738,-876,-790,-503,-90,345,0,850,790,522,117,-321,-663,-834,-783,-524,-126,309,663,836,788,529,126,-313,-675,-856,-809,-545,-129,329,703,893,851,583,151,-325,-719,-935,-903,-629,-191,307,726,959,953,696,245,-273,-719,-977,-985,-740,-293,232,692,974,1005,764,322,-204,-672,-960,-998,-775,-346,179,658,963,1011,787,355,-167,-655,-968,-1021,-805,-379,153,643,969,1033,822,397,-130,-631,-966,-1044,-850,-438,101,610,952,1045,868,460,-65,-575,-933,-1047,-883,-487,35,541,905,1031,887,510,1,-503,-878,-1021,-895,-530,-29,475,849,1000,884,540,58,-444,-832,-992,-889,-553,-71,423,808,982,902,574,91,0,0
39197,mtk,MTK 7916,2424608826,rx2-tx1,512,0,0,0,-463,-485,-398,-211,25,246,401,457,403,239,24,-188,-346,-420,-389,-270,-86,111,271,363,361,274,124,-51,-204,-294,-311,-250,-136,3,131,224,250,206,111,7,-89,-154,-171,-140,-83,-17,42,87,97,78,43,-1,-39,-50,-36,2,39,55,42,6,-40,-81,-116,-124,-82,-1,85,161,215,209,141,30,-86,-203,-290,-304,-232,-100,70,234,344,377,319,174,-23,-221,-370,-435,-395,-256,-50,182,378,473,448,320,112,-130,-349,-477,-488,-380,-179,72,317,479,517,428,240,-14,-265,-445,-517,-463,-290,-41,211,413,510,478,320,86,-163,-379,-498,-484,-352,-131,124,0,486,496,373,163,-90,-317,-454,-477,-388,-190,59,287,449,487,402,210,-34,-269,-429,-477,-400,-220,18,257,436,492,408,222,-20,-267,-454,-521,-452,-258,10,285,494,576,512,313,18,-288,-521,-629,-590,-394,-96,245,536,691,681,510,208,-154,-487,-710,-761,-627,-336,48,424,700,812,734,472,87,-318,-653,-830,-809,-601,-258,153,540,795,860,732,445,37,-385,-700,-850,-813,-590,-236,156,504,730,789,666,397,48,-300,-568,-699,-675,-504,-225,87,370,559,614,536,346,86,-181,-392,-517,-524,-422,-240,-16,195,360,443,432,342,196,30,-121,-235,-300,-304,-260,-187,0,0,0,0,0,35,90,141,179,192,177,131,56,-38,-127,-189,-220,-218,-175,-94,7,113,196,238,227,184,97,-16,-127,-205,-237,-224,-165,-70,37,138,216,249,226,155,48,-64,-161,-227,-239,-193,-113,-19,87,170,205,206,170,92,-5,-94,-154,-173,-169,-142,-83,5,82,129,155,160,137,76,7,-49,-91,-126,-138,-130,-100,-56,8,69,112,146,157,144,103,40,-33,-103,-163,-189,-182,-141,-67,23,106,180,222,208,150,69,-33,-129,-198,-232,-210,-136,-30,79,168,218,227,177,84,-30,-130,-196,-215,-191,-115,-16,93,176,210,185,125,35,-72,-159,-194,-179,-118,-22,0,157,193,181,122,22,-86,-168,-212,-204,-135,-29,89,189,241,225,151,37,-86,-190,-257,-253,-182,-56,100,227,294,292,222,87,-83,-232,-320,-329,-256,-122,48,215,332,366,309,168,-19,-192,-318,-368,-325,-202,-20,173,316,372,335,213,30,-159,-304,-364,-329,-202,-15,181,332,403,364,227,26,-189,-368,-452,-426,-283,-58,187,386,491,473,342,112,-157,-388,-532,-542,-411,-171,111,372,545,585,479,254,-38,-326,-534,-618,-556,-352,-50,259,506,639,616,442,163,-156,-443,-613,-637,-512,-265,47,342,549,623,543,338,64,-227,-460,-573,-542,-380,-132,142,378,503,0,0,0,0,0,178,-61,-287,-437,-478,-402,-223,3,220,375,437,400,264,63,-146,-314,-391,-370,-262,-100,82,240,324,330,264,131,-34,-169,-252,-275,-237,-133,-5,110,187,209,171,95,6,-72,-113,-123,-106,-66,-14,39,68,59,32,-1,-33,-35,-20,5,39,74,82,55,7,-53,-126,-169,-161,-108,-25,85,192,258,252,181,67,-84,-228,-321,-343,-281,-132,61,243,365,402,348,203,3,-209,-380,-460,-420,-276,-70,165,370,484,479,362,138,-117,-334,-482,-508,-407,-212,36,276,451,520,454,273,26,-230,-429,-516,-474,-308,-70,187,396,509,491,350,112,-150,-365,-484,-482,0,-159,103,338,479,500,392,181,-68,-299,-453,-488,-401,-205,40,276,436,483,406,213,-38,-269,-429,-477,-402,-221,26,276,448,496,418,232,-19,-282,-474,-554,-483,-281,-3,276,497,600,547,345,47,-270,-530,-671,-645,-459,-145,212,514,703,732,570,269,-107,-463,-720,-801,-685,-405,-23,375,681,823,774,541,173,-242,-607,-823,-843,-666,-337,75,469,752,865,777,513,130,-272,-604,-811,-820,-637,-323,47,395,647,753,689,468,150,-192,-480,-645,-655,-523,-284,3,277,485,581,544,392,164,-83,-299,-445,-494,-437,-300,-112,86,253,360,395,359,266,141,13,-92,-165,0,0,0,0,0,-136,-133,-100,-44,25,100,167,214,223,190,126,41,-63,-158,-222,-245,-216,-138,-42,62,158,223,240,208,135,27,-86,-176,-233,-242,-198,-116,-6,106,189,236,229,170,79,-23,-121,-187,-219,-209,-144,-46,46,129,192,206,171,114,37,-52,-123,-169,-180,-155,-104,-42,37,100,134,154,149,109,59,12,-48,-99,-133,-144,-137,-107,-56,13,82,131,161,168,142,95,21,-61,-140,-196,-212,-177,-107,-18,83,170,221,233,193,104,-3,-109,-190,-235,-226,-165,-63,50,153,223,237,182,94,-9,-111,-185,-207,-190,-122,-24,79,168,207,183,121,34,-69,-152,-198,0,-123,-30,74,159,204,188,127,27,-90,-187,-227,-212,-140,-22,102,201,249,237,160,34,-96,-203,-271,-270,-191,-60,87,222,308,316,244,100,-72,-226,-330,-354,-279,-138,35,203,331,372,314,185,15,-166,-313,-376,-337,-210,-25,164,310,372,330,205,33,-160,-315,-386,-348,-216,-27,183,349,418,373,231,28,-194,-379,-471,-445,-304,-80,176,391,515,513,379,146,-129,-384,-546,-569,-449,-215,79,354,547,606,519,298,0,-298,-529,-634,-579,-392,-107,205,472,629,632,479,213,-103,-389,-581,-639,-541,-312,-17,277,496,593,545,367,96,-189,-412,-531,-530,-396,-160,0,0
39198,mtk,MTK 7916,2424650125,rx0-tx0,512,-349,480,706,573,514,404,265,100,-81,-251,-406,-539,-633,-664,-643,-568,-448,-290,-94,106,300,473,595,672,703,670,570,433,260,57,-143,-329,-487,-598,-658,-664,-612,-520,-385,-220,-36,130,292,423,518,578,577,544,473,364,246,104,-37,-165,-276,-377,-452,-481,-492,-482,-427,-341,-254,-138,-8,125,255,366,473,542,572,569,515,422,292,128,-54,-239,-414,-551,-637,-688,-675,-598,-477,-311,-115,90,297,474,610,694,718,687,586,433,246,50,-154,-338,-490,-596,-649,-644,-581,-472,-327,-169,-2,152,293,409,476,502,489,445,371,269,155,42,-66,-171,-251,-320,-352,-360,-353,-320,-511,-202,-138,-65,25,100,169,236,287,325,345,334,308,260,202,123,32,-69,-173,-268,-349,-401,-437,-438,-402,-342,-237,-108,31,171,305,421,514,566,566,523,423,294,142,-44,-225,-391,-527,-613,-650,-630,-557,-437,-277,-99,92,277,446,580,661,684,646,564,433,265,68,-138,-330,-495,-622,-691,-706,-651,-544,-387,-200,0,204,372,527,628,658,641,576,447,290,108,-80,-247,-397,-508,-576,-596,-560,-473,-357,-208,-48,117,269,396,484,536,531,480,389,255,107,-48,-201,-326,-426,-483,-489,-440,-352,-231,-84,72,214,330,404,428,398,311,185,37,-104,-211,-278,-279,-363,-73,1179,1121,1222,35,38,22,-4,-27,-47,-70,-74,-67,-53,-26,3,38,71,91,103,103,81,55,27,-13,-57,-96,-119,-130,-126,-111,-75,-32,16,66,109,145,160,156,140,102,52,4,-51,-105,-145,-168,-172,-152,-123,-82,-27,29,70,120,147,163,163,149,124,78,35,-10,-50,-91,-127,-146,-148,-131,-115,-102,-70,-26,13,45,75,100,111,120,121,109,95,70,39,12,-17,-52,-80,-98,-117,-133,-136,-124,-101,-75,-45,-4,33,76,112,137,154,155,153,131,96,66,17,-31,-81,-120,-153,-176,-174,-173,-160,-119,-76,-25,27,88,130,168,198,208,198,178,137,88,-330,-19,-83,-133,-180,-211,-228,-218,-198,-157,-107,-55,4,65,122,163,206,230,238,227,198,158,111,50,-20,-87,-151,-194,-240,-266,-273,-271,-244,-190,-133,-54,36,124,219,286,344,382,382,363,295,208,105,-19,-154,-281,-381,-466,-502,-496,-458,-379,-252,-101,56,210,358,482,559,597,573,511,400,249,79,-106,-283,-435,-553,-629,-651,-613,-520,-383,-213,-25,149,322,475,572,628,624,570,471,330,165,-13,-179,-331,-455,-534,-581,-571,-505,-422,-314,-176,-21,115,250,362,442,491,503,483,432,350,238,105,-28,-158,-285,-389,-474,-523,-529,-493,-425,-325,-199,-49,104,259,628,-729,806,608,-153,-326,-461,-557,-613,-622,-579,-492,-361,-188,1,187,361,504,627,688,682,630,510,351,173,-25,-227,-406,-546,-654,-698,-681,-609,-489,-327,-148,50,233,398,526,610,634,611,544,431,297,142,-23,-167,-307,-406,-477,-521,-523,-483,-425,-344,-232,-111,5,133,259,353,429,490,512,501,455,391,292,158,10,-149,-303,-438,-548,-622,-645,-614,-529,-388,-224,-32,175,359,516,635,701,707,652,539,387,196,-7,-217,-407,-558,-651,-689,-672,-592,-467,-301,-115,72,245,395,502,569,581,546,471,360,226,84,-58,-184,-297,-373,-414,-421,-412,-370,-308,-227,-131,-41,51,142,1105,270,303,332,334,309,278,229,165,96,10,-75,-161,-233,-302,-354,-378,-383,-356,-304,-227,-128,-17,112,226,335,429,488,509,489,431,339,215,57,-112,-276,-424,-524,-599,-623,-581,-501,-367,-202,-27,162,337,489,599,653,655,605,508,361,176,-18,-211,-385,-536,-639,-695,-689,-617,-501,-330,-133,73,276,448,586,668,693,652,555,422,231,40,-138,-317,-468,-567,-624,-620,-568,-471,-331,-168,10,185,335,452,529,558,548,484,381,245,83,-81,-233,-364,-458,-503,-510,-465,-379,-260,-114,44,196,318,410,457,453,402,304,168,18,-134,-260,-345,-373,-339,-259,-144,-19,877,947,1145,504,122,-8,-29,-49,-58,-55,-46,-27,5,31,58,77,88,86,65,38,5,-31,-64,-84,-106,-119,-107,-82,-44,-7,32,77,116,140,148,142,115,76,18,-37,-91,-143,-165,-170,-162,-128,-81,-31,26,72,111,145,164,158,146,120,73,26,-23,-65,-105,-134,-150,-156,-143,-129,-91,-45,3,36,61,96,129,140,134,121,107,79,45,16,-20,-50,-71,-97,-110,-119,-117,-107,-91,-70,-56,-19,20,60,93,112,133,145,145,135,104,71,29,-10,-55,-102,-125,-145,-165,-169,-161,-131,-94,-43,4,43,101,149,175,190,202,186,154,113,57,-1,-58,-113,-163,-193,826,-226,-204,-174,-131,-77,-16,44,98,156,193,217,223,218,186,152,110,46,-14,-75,-128,-170,-206,-237,-243,-238,-208,-166,-120,-47,22,91,172,228,274,316,322,316,274,210,137,33,-76,-186,-289,-363,-423,-452,-438,-379,-296,-184,-39,108,250,384,483,538,551,528,452,330,180,11,-162,-319,-463,-562,-614,-617,-565,-463,-322,-153,35,217,393,533,621,648,623,558,436,274,98,-89,-267,-418,-534,-603,-617,-579,-498,-376,-237,-84,90,239,357,449,513,530,512,467,375,257,127,-11,-143,-265,-369,-449,-497,-508,-489,-430,-342,-231,-91,59,201,323,428,504,548,542,1207,1069
39199,mtk,MTK 7916,2424650125,rx0-tx1,512,87,-766,-763,623,598,527,419,263,88,-109,-306,-485,-627,-718,-762,-742,-668,-532,-351,-142,87,313,518,688,807,869,854,768,630,439,206,-49,-302,-542,-741,-883,-957,-957,-882,-734,-520,-265,15,293,551,766,917,1005,1014,941,799,589,337,59,-221,-485,-724,-904,-1019,-1061,-1016,-894,-712,-464,-176,127,421,681,891,1044,1119,1096,991,810,560,269,-49,-372,-664,-900,-1064,-1148,-1146,-1039,-853,-602,-302,19,333,624,860,1031,1112,1111,1026,850,616,342,43,-250,-530,-762,-926,-1026,-1047,-991,-858,-654,-398,-125,158,422,655,836,955,994,961,857,689,461,210,-55,-320,-550,-744,-880,-947,-942,-689,-736,-543,-317,-66,186,429,641,800,905,950,923,824,658,448,193,-77,-348,-599,-808,-960,-1031,-1025,-943,-776,-540,-257,48,362,643,877,1045,1137,1133,1028,838,575,264,-71,-409,-710,-963,-1138,-1212,-1180,-1039,-823,-539,-204,153,493,786,1026,1163,1205,1146,980,737,431,88,-251,-577,-852,-1038,-1140,-1142,-1043,-850,-583,-277,51,361,638,849,975,1026,971,837,637,383,111,-159,-408,-603,-746,-821,-817,-745,-621,-447,-245,-31,179,367,518,614,661,654,584,470,317,135,-50,-226,-371,-479,-543,-559,-517,-427,-297,-134,30,195,330,427,473,459,388,264,116,-36,-175,-271,-310,-285,-397,-588,0,466,183,-187,-189,-153,-81,12,111,197,255,284,275,232,160,68,-33,-130,-212,-283,-320,-323,-298,-244,-165,-76,27,134,221,295,351,370,355,310,245,149,39,-82,-198,-301,-380,-431,-449,-426,-359,-266,-143,9,155,293,412,491,530,520,463,370,235,86,-79,-244,-377,-488,-548,-557,-526,-444,-331,-191,-28,130,280,405,494,544,545,503,426,304,165,11,-132,-271,-394,-475,-521,-523,-486,-406,-299,-170,-32,114,253,363,448,494,491,466,401,300,183,44,-97,-222,-333,-413,-467,-487,-459,-394,-304,-192,-64,59,182,292,367,421,442,431,376,298,197,91,-25,-137,-237,-322,-130,-403,-404,-372,-314,-234,-145,-38,67,161,246,311,356,375,362,324,268,196,111,16,-76,-168,-235,-288,-329,-348,-349,-319,-270,-210,-130,-42,43,137,222,291,347,382,390,378,336,264,173,65,-50,-167,-282,-372,-444,-494,-499,-459,-389,-286,-162,-16,132,273,403,500,559,581,548,479,359,216,55,-112,-275,-415,-530,-598,-618,-594,-512,-399,-250,-83,82,252,394,503,581,604,579,511,402,267,118,-41,-188,-323,-432,-501,-536,-519,-473,-394,-294,-177,-48,80,195,294,373,426,448,448,416,356,287,192,80,-34,-149,-257,-345,-420,-470,-489,-485,-437,-360,-255,-129,21,554,667,504,-98,137,-38,-215,-378,-517,-623,-681,-691,-645,-544,-394,-217,-9,202,405,584,715,795,816,767,661,498,289,52,-199,-427,-628,-793,-892,-919,-877,-764,-582,-357,-101,166,426,659,840,959,1001,961,852,663,433,165,-126,-401,-650,-854,-983,-1041,-1016,-921,-755,-527,-264,27,320,580,806,980,1072,1084,1012,856,645,380,76,-237,-526,-789,-990,-1110,-1148,-1091,-946,-724,-447,-136,190,507,774,981,1111,1145,1095,956,743,475,171,-137,-440,-704,-903,-1035,-1085,-1053,-940,-752,-509,-238,56,338,596,812,953,1024,1013,922,763,552,299,27,-242,-493,-703,-861,-944,-966,-908,-784,-608,-385,-134,124,261,591,767,884,935,921,840,689,487,255,1,-256,-501,-709,-869,-968,-991,-937,-812,-619,-373,-94,195,478,731,927,1050,1100,1052,914,700,429,117,-217,-531,-809,-1018,-1148,-1184,-1115,-954,-715,-404,-62,294,619,884,1086,1196,1199,1097,915,651,322,-21,-370,-685,-934,-1111,-1186,-1164,-1042,-814,-522,-194,144,465,749,953,1073,1097,1015,857,617,340,35,-263,-521,-731,-867,-916,-892,-791,-637,-432,-193,56,280,471,618,708,734,703,612,470,292,101,-102,-290,-439,-553,-607,-607,-552,-449,-314,-150,21,192,335,447,506,514,469,372,235,75,-89,-240,-348,-398,-392,-330,-222,-86,33,-652,-500,0,493,663,-3,81,161,220,247,239,190,112,13,-92,-181,-254,-299,-309,-281,-232,-157,-58,43,141,228,292,331,344,320,266,199,106,-5,-113,-212,-299,-366,-403,-406,-371,-303,-202,-88,43,179,302,397,472,496,474,418,317,187,37,-121,-265,-398,-493,-542,-549,-499,-405,-279,-126,31,188,334,443,522,553,538,486,386,252,100,-62,-205,-343,-451,-517,-538,-516,-459,-359,-234,-95,51,191,321,416,481,509,504,451,361,245,103,-36,-169,-293,-395,-459,-492,-480,-433,-354,-245,-125,13,149,265,361,434,460,453,421,343,248,140,17,-105,-224,-314,-378,-414,-422,-396,-345,-266,245,-66,45,151,243,311,360,387,377,344,288,210,120,21,-84,-170,-246,-304,-342,-354,-347,-312,-257,-192,-105,-23,69,156,225,285,331,350,356,339,295,233,156,63,-35,-138,-238,-326,-391,-432,-441,-423,-368,-285,-186,-62,81,215,339,435,505,536,525,479,395,270,126,-39,-199,-344,-467,-547,-592,-591,-541,-448,-321,-158,7,184,342,466,561,605,609,561,460,334,180,12,-153,-303,-429,-513,-560,-562,-524,-454,-341,-216,-72,76,202,319,403,461,487,475,432,363,271,166,55,-56,-169,-264,-343,-411,-446,-457,-439,-393,-317,-226,-112,11,143,269,376,461,525,545,-385,-94
39200,mtk,MTK 7916,2424650125,rx1-tx0,512,0,690,655,-615,-581,-494,-358,-189,-6,188,371,522,643,710,724,683,583,435,241,18,-207,-421,-603,-744,-810,-817,-775,-657,-474,-252,-7,243,481,681,817,886,886,822,681,473,236,-22,-278,-521,-724,-855,-933,-939,-857,-703,-493,-249,23,294,533,749,883,952,955,881,733,516,255,-28,-299,-563,-772,-914,-983,-976,-888,-727,-512,-230,56,331,584,782,913,964,941,827,653,420,166,-109,-368,-588,-754,-851,-890,-843,-735,-565,-345,-106,125,348,528,656,740,758,713,623,474,296,119,-69,-265,-418,-531,-609,-639,-620,-559,-452,-313,-148,28,184,332,451,535,585,578,519,430,322,216,11,-140,-259,-387,-480,-522,-533,-499,-434,-328,-194,-57,85,229,349,437,490,505,484,433,331,204,72,-60,-202,-329,-416,-468,-494,-479,-411,-320,-221,-75,54,179,302,380,426,459,444,395,307,202,91,-37,-161,-252,-342,-413,-430,-420,-389,-310,-221,-106,13,126,227,311,372,417,411,377,310,214,118,1,-114,-234,-333,-392,-414,-413,-363,-281,-181,-69,51,182,278,338,371,377,348,276,192,96,-20,-122,-206,-272,-310,-320,-307,-253,-188,-108,-12,68,160,218,241,249,239,202,149,86,9,-57,-122,-168,-195,-212,-194,-148,-90,-24,41,99,141,153,140,101,60,39,340,0,-864,-982,143,170,167,135,80,-2,-88,-170,-228,-242,-227,-188,-127,-43,49,132,204,251,263,253,220,160,83,-4,-97,-174,-219,-249,-262,-248,-204,-155,-77,-2,70,135,179,215,236,238,210,166,125,79,7,-59,-113,-172,-208,-225,-228,-220,-196,-146,-91,-25,45,113,168,223,251,257,251,208,154,83,3,-64,-132,-193,-239,-264,-257,-247,-211,-134,-66,8,80,141,202,234,251,251,228,177,121,69,-6,-72,-138,-181,-203,-240,-242,-222,-185,-133,-65,1,60,118,165,196,200,204,192,159,129,75,11,-44,-86,-128,-151,-162,-164,-149,-136,-110,-75,-46,10,45,72,-584,113,142,146,138,120,102,76,45,17,-22,-55,-85,-105,-133,-149,-150,-137,-109,-87,-65,-31,6,45,72,103,126,146,159,146,141,125,85,51,10,-27,-75,-115,-143,-162,-175,-188,-186,-168,-147,-107,-49,19,85,142,206,245,272,294,299,283,219,129,32,-64,-180,-279,-361,-421,-441,-425,-381,-288,-161,-32,109,256,380,467,520,534,500,422,310,159,-8,-158,-310,-434,-519,-572,-568,-516,-423,-292,-149,20,185,330,455,533,579,576,518,422,294,145,-13,-172,-321,-442,-514,-555,-567,-526,-441,-321,-184,-33,117,271,404,499,553,569,534,480,383,252,109,-49,338,-110,0,-74,249,84,262,428,555,633,669,655,580,463,305,115,-86,-289,-476,-624,-728,-775,-759,-684,-548,-352,-124,99,329,551,721,829,867,841,742,578,363,115,-141,-390,-615,-779,-882,-920,-883,-780,-591,-367,-118,156,420,643,817,922,963,914,797,615,380,117,-152,-422,-659,-845,-957,-979,-934,-815,-629,-391,-119,162,436,671,864,975,988,933,791,587,335,60,-218,-473,-687,-845,-922,-927,-846,-703,-500,-272,-12,240,462,648,770,821,810,731,593,417,216,4,-203,-386,-545,-647,-686,-686,-630,-520,-384,-220,-36,147,301,447,547,603,602,561,487,378,242,86,-82,-234,-352,-456,757,-577,-533,-470,-383,-253,-117,34,182,314,426,485,507,507,457,375,262,130,-4,-141,-279,-392,-458,-486,-486,-458,-372,-261,-141,-17,123,252,346,435,483,470,438,365,259,146,17,-119,-236,-339,-398,-440,-447,-406,-337,-257,-140,-21,78,188,284,357,418,424,393,341,267,182,65,-67,-182,-279,-349,-399,-416,-402,-354,-268,-160,-48,81,214,310,379,409,412,374,278,183,79,-31,-144,-243,-299,-344,-352,-325,-280,-204,-106,-5,95,176,237,285,295,285,242,166,90,14,-68,-138,-189,-223,-235,-222,-182,-129,-62,5,79,133,167,179,167,138,86,25,-34,-79,-94,-696,-603,0,468,28,69,5,-71,-139,-191,-218,-211,-171,-95,-6,82,159,225,266,260,227,171,93,9,-73,-156,-220,-255,-269,-259,-210,-152,-75,10,92,154,203,240,245,235,193,147,92,30,-36,-107,-149,-177,-218,-231,-219,-199,-162,-106,-47,14,83,156,204,232,251,245,224,183,127,54,-13,-92,-167,-219,-258,-274,-268,-240,-189,-118,-32,44,109,185,237,253,262,242,215,169,102,30,-47,-118,-177,-214,-244,-257,-240,-208,-151,-105,-47,30,91,147,194,229,228,223,196,146,89,29,-21,-84,-126,-162,-189,-197,-186,-160,-132,-95,-54,-9,42,75,114,133,153,156,141,130,-674,81,46,-1,-37,-68,-89,-111,-124,-143,-137,-121,-99,-77,-60,-21,14,54,88,107,127,145,141,137,112,96,65,41,2,-40,-68,-117,-143,-151,-163,-164,-161,-139,-110,-71,-35,9,66,107,150,195,228,242,229,218,182,123,59,-21,-98,-193,-280,-334,-362,-367,-349,-296,-211,-102,30,152,268,381,452,488,487,442,344,227,92,-62,-217,-347,-455,-532,-554,-539,-478,-368,-227,-68,106,258,400,495,553,574,546,482,371,219,60,-110,-263,-388,-490,-557,-579,-554,-477,-362,-227,-91,68,226,357,456,522,552,548,500,406,285,138,-18,-164,-301,-427,-516,-572,-583,911,963
39201,mtk,MTK 7916,2424650125,rx1-tx1,512,0,0,0,-161,229,562,761,780,616,299,-92,-459,-708,-785,-676,-409,-49,316,598,732,685,486,170,-189,-486,-651,-652,-495,-226,90,377,554,588,468,233,-53,-322,-502,-543,-446,-232,45,299,470,521,439,240,-26,-295,-483,-540,-460,-266,0,267,467,553,503,321,65,-214,-447,-562,-545,-398,-147,132,373,532,551,446,240,-15,-268,-453,-519,-456,-291,-70,152,337,434,419,305,127,-62,-225,-331,-350,-284,-149,8,143,238,276,231,122,-7,-117,-185,-199,-160,-85,9,87,133,142,108,44,-23,-82,-113,-106,-64,1,61,92,100,79,18,-40,-95,-127,-115,-60,10,84,141,0,141,69,-32,-131,-196,-224,-203,-118,10,135,242,304,281,191,57,-105,-254,-342,-350,-283,-146,35,221,352,404,369,251,69,-136,-303,-404,-418,-340,-181,19,219,365,424,384,257,72,-127,-286,-382,-400,-326,-166,30,202,320,369,331,218,64,-96,-223,-297,-301,-235,-117,19,136,215,233,202,130,31,-68,-131,-148,-127,-72,-4,46,72,81,63,11,-46,-84,-90,-66,-19,46,112,152,153,111,35,-62,-152,-212,-227,-190,-101,13,131,232,286,275,199,79,-62,-196,-297,-334,-305,-221,-89,69,212,321,371,352,269,141,-4,-137,-248,-318,-333,-296,-221,-131,-44,0,0,0,0,0,-143,-137,-97,-33,48,139,210,248,245,202,110,-15,-140,-241,-303,-299,-229,-111,35,184,292,337,312,219,69,-99,-251,-349,-365,-302,-168,18,207,343,405,377,255,67,-141,-318,-425,-431,-331,-154,65,277,427,471,404,232,-4,-244,-422,-508,-467,-305,-71,191,410,535,533,398,152,-131,-381,-550,-601,-495,-258,51,343,557,644,583,371,59,-280,-550,-685,-662,-485,-178,177,496,691,731,602,324,-47,-406,-666,-776,-707,-464,-106,286,609,776,763,572,242,-147,-497,-728,-781,-645,-362,7,374,646,758,692,452,96,-275,-569,-717,-689,-490,-167,189,501,689,702,537,0,-129,-459,-676,-718,-570,-278,86,435,679,754,639,354,-23,-394,-679,-792,-705,-440,-60,347,671,830,780,536,154,-277,-647,-855,-858,-645,-258,207,621,884,929,747,376,-96,-558,-889,-1000,-865,-517,-33,473,863,1045,978,673,196,-336,-792,-1055,-1065,-811,-359,178,676,1010,1098,913,511,-11,-529,-919,-1082,-981,-642,-149,383,811,1034,1006,733,281,-227,-673,-951,-992,-792,-402,89,546,855,944,795,457,9,-436,-768,-904,-812,-524,-111,330,683,857,814,565,174,-250,-598,-800,-801,-606,-252,158,525,758,796,641,324,-72,-453,-711,-792,-669,-381,-6,376,664,783,700,447,92,0,0,0,0,0,-765,-758,-567,-236,153,507,736,792,657,365,-11,-381,-661,-774,-693,-452,-112,246,536,687,670,493,203,-133,-430,-602,-615,-482,-230,74,348,526,568,461,228,-53,-314,-487,-536,-443,-234,31,283,467,526,438,240,-17,-276,-472,-540,-475,-285,-22,249,465,563,518,345,87,-187,-417,-554,-557,-426,-198,69,321,488,538,453,271,29,-213,-398,-483,-446,-305,-107,106,291,388,389,293,140,-33,-196,-298,-313,-257,-144,-5,124,210,232,190,107,2,-96,-152,-161,-130,-70,12,79,124,127,85,17,-45,-90,-105,-88,-42,19,72,105,103,61,-4,-69,-121,-139,-118,-66,0,107,172,195,167,89,-24,-135,-219,-258,-238,-148,-17,125,251,325,315,230,95,-69,-227,-343,-382,-331,-202,-14,176,330,413,408,305,131,-84,-275,-402,-432,-365,-224,-34,171,334,417,406,302,128,-68,-251,-368,-390,-330,-197,-28,146,280,342,313,223,91,-54,-180,-255,-269,-214,-120,-9,98,171,193,168,106,26,-48,-100,-114,-91,-43,12,57,82,68,25,-26,-75,-113,-113,-82,-20,67,143,183,193,156,68,-45,-150,-228,-257,-230,-158,-41,99,220,299,311,255,149,13,-137,-262,-337,-349,-295,-182,-38,115,254,344,366,329,244,125,2,-113,-201,-242,-244,0,0,0,0,0,-38,-103,-160,-204,-216,-191,-127,-30,78,176,253,285,258,179,57,-86,-215,-297,-321,-282,-167,-15,146,274,346,341,260,113,-65,-232,-349,-389,-343,-213,-25,170,329,418,410,298,112,-99,-290,-422,-450,-368,-192,36,257,418,485,430,265,28,-217,-417,-524,-506,-360,-115,162,398,545,570,453,217,-81,-370,-572,-636,-539,-317,-15,299,548,667,622,419,112,-232,-530,-704,-707,-543,-250,112,454,694,765,653,386,25,-345,-642,-785,-742,-519,-172,217,551,758,782,618,309,-75,-438,-689,-766,-670,-402,-42,321,603,737,692,471,130,-237,-536,-702,-693,-505,-199,158,481,0,700,548,254,-112,-446,-669,-727,-597,-316,56,425,685,775,671,390,12,-375,-678,-812,-744,-487,-96,327,664,843,821,586,197,-245,-630,-874,-903,-700,-310,153,580,879,966,805,441,-41,-520,-881,-1034,-938,-603,-111,402,820,1049,1028,750,283,-260,-738,-1039,-1081,-862,-440,93,604,968,1088,952,585,76,-452,-866,-1069,-1003,-694,-221,301,740,993,1002,764,346,-145,-597,-899,-978,-804,-434,37,489,805,913,804,495,63,-377,-716,-877,-815,-545,-141,290,640,818,797,575,213,-199,-561,-773,-795,-624,-295,113,490,740,798,659,356,-35,-413,-684,-781,-690,-415,-37,346,638,776,0,0
39202,mtk,MTK 7916,2424650125,rx2-tx0,512,0,0,0,918,937,717,314,-170,-615,-902,-967,-792,-409,77,538,863,966,825,478,6,-473,-824,-966,-857,-526,-64,413,789,962,881,570,116,-370,-765,-963,-908,-618,-164,339,752,976,958,686,232,-284,-731,-993,-1004,-757,-314,217,692,994,1044,826,393,-138,-629,-962,-1051,-875,-466,69,583,941,1058,902,509,-14,-541,-930,-1076,-942,-563,-35,504,914,1090,987,630,99,-459,-901,-1125,-1071,-734,-198,385,869,1143,1141,849,339,-260,-791,-1126,-1183,-950,-478,115,672,1063,1189,1019,594,27,-538,-969,-1160,-1054,-688,-165,395,854,1095,1052,751,267,-285,-761,-1033,-1040,-793,-349,189,665,965,1019,0,404,-106,-587,-916,-1010,-847,-460,44,534,883,1016,890,534,39,-462,-857,-1037,-951,-617,-131,390,819,1048,1013,720,244,-307,-786,-1065,-1079,-831,-367,201,731,1081,1173,973,532,-44,-619,-1052,-1228,-1105,-714,-154,454,962,1237,1211,892,358,-268,-831,-1196,-1270,-1036,-555,54,647,1089,1279,1155,750,171,-444,-949,-1228,-1221,-930,-415,190,751,1122,1234,1060,647,83,-487,-931,-1154,-1118,-825,-347,190,669,983,1064,900,544,79,-383,-743,-919,-883,-654,-287,130,498,736,800,682,415,74,-264,-534,-676,-659,-504,-247,54,327,521,598,552,401,181,-64,-279,-425,-480,-456,-361,-217,-65,69,0,0,0,0,0,-222,-142,-22,129,281,403,472,460,366,200,-19,-246,-432,-536,-537,-435,-234,20,280,486,585,556,405,162,-124,-389,-569,-623,-532,-319,-27,277,526,659,630,450,163,-167,-466,-651,-687,-559,-296,49,383,629,722,647,414,70,-295,-593,-750,-727,-521,-178,211,553,764,789,619,297,-105,-494,-763,-849,-732,-434,-25,398,727,877,818,559,161,-285,-663,-877,-880,-672,-296,155,576,853,919,763,422,-23,-469,-799,-927,-830,-531,-97,359,722,908,875,626,227,-234,-640,-883,-906,-711,-338,116,539,828,908,765,440,4,-437,-761,-896,-811,-518,-106,325,677,860,820,574,189,0,-608,-815,-817,-610,-245,179,554,788,818,636,289,-135,-521,-776,-834,-669,-328,99,508,791,871,726,395,-43,-477,-796,-913,-794,-471,-29,433,796,956,872,572,122,-364,-761,-969,-933,-665,-226,277,705,953,963,730,316,-183,-641,-930,-979,-779,-381,117,581,895,981,811,433,-55,-531,-869,-981,-847,-494,-7,486,849,993,880,550,73,-425,-811,-988,-916,-608,-144,357,766,980,944,668,221,-286,-718,-966,-965,-717,-290,210,659,940,982,773,367,-132,-591,-901,-983,-812,-435,45,515,856,974,840,499,32,-444,-807,-963,-876,-562,-109,373,760,950,903,622,182,-305,-710,-933,0,0,0,0,0,-272,208,639,911,957,763,366,-125,-578,-889,-977,-812,-440,40,506,844,968,844,504,32,-451,-814,-966,-867,-549,-92,395,778,955,892,596,139,-354,-760,-975,-933,-645,-191,313,745,990,982,719,270,-254,-718,-1005,-1032,-795,-355,175,665,989,1059,853,426,-104,-600,-948,-1056,-885,-482,40,550,921,1055,909,529,9,-519,-917,-1081,-961,-585,-58,486,914,1118,1035,680,148,-426,-895,-1148,-1110,-787,-271,316,832,1137,1158,894,402,-191,-735,-1103,-1197,-989,-538,43,611,1026,1184,1046,649,99,-467,-913,-1131,-1065,-731,-218,334,794,1053,1044,767,302,-232,-701,-990,-1029,-803,-370,152,0,929,1009,830,429,-77,-561,-899,-1011,-865,-498,-2,500,873,1024,921,582,88,-427,-835,-1036,-977,-666,-181,351,800,1057,1051,774,293,-267,-766,-1081,-1137,-909,-447,130,682,1074,1207,1048,631,52,-543,-1011,-1237,-1162,-808,-254,367,905,1223,1245,972,465,-163,-747,-1147,-1278,-1106,-660,-53,558,1031,1260,1194,845,296,-320,-858,-1188,-1237,-1004,-542,50,620,1031,1202,1093,736,221,-335,-804,-1078,-1105,-881,-461,50,525,863,998,903,610,189,-255,-623,-839,-859,-684,-369,15,379,642,747,680,471,169,-154,-428,-599,-632,-530,-323,-58,205,413,531,541,450,287,88,-104,-255,-348,-372,-334,0,0,0,0,0,-222,-318,-378,-385,-329,-207,-34,161,346,480,528,479,333,117,-130,-357,-519,-570,-501,-325,-68,206,440,583,596,473,246,-43,-328,-549,-638,-581,-387,-100,221,495,653,660,505,227,-106,-420,-643,-710,-602,-348,-16,336,611,734,686,467,130,-248,-572,-759,-757,-571,-239,159,522,763,822,682,371,-39,-445,-746,-867,-778,-496,-86,344,700,885,856,617,218,-228,-619,-865,-905,-720,-354,97,526,822,923,798,477,35,-408,-752,-918,-859,-582,-155,299,676,893,896,671,280,-176,-590,-854,-912,-745,-395,55,489,801,909,794,485,57,-380,-718,-882,-823,-553,-149,282,640,836,0,595,225,-201,-578,-800,-812,-616,-268,155,539,782,823,652,312,-112,-517,-787,-851,-693,-359,73,493,795,893,764,438,-11,-464,-799,-934,-836,-523,-72,402,779,966,907,615,171,-317,-735,-969,-953,-699,-272,225,668,939,973,760,352,-148,-609,-910,-975,-791,-407,87,559,889,984,826,460,-25,-506,-857,-989,-865,-517,-34,459,833,997,907,577,101,-394,-791,-989,-933,-640,-182,322,741,975,961,698,254,-247,-687,-954,-976,-746,-330,168,625,920,978,790,399,-86,-553,-880,-979,-827,-468,11,484,833,970,860,533,72,-414,-793,-962,-884,-584,-134,345,737,943,906,645,229,0,0
39203,mtk,MTK 7916,2424650125,rx2-tx1,512,0,0,0,-524,-519,-380,-152,105,327,456,484,394,208,-22,-240,-391,-446,-399,-251,-49,153,312,389,355,245,84,-86,-229,-307,-298,-215,-90,56,180,249,249,186,73,-46,-138,-180,-175,-129,-41,61,130,155,124,55,-28,-94,-130,-130,-92,-12,82,158,187,149,66,-46,-156,-239,-257,-207,-101,54,211,313,344,295,148,-52,-235,-370,-430,-395,-241,-16,215,404,503,484,341,113,-157,-389,-533,-559,-448,-214,69,347,534,608,531,334,47,-255,-492,-609,-580,-421,-164,136,406,580,613,490,249,-51,-337,-540,-610,-530,-323,-36,258,489,591,549,385,118,-182,-432,-568,-571,-432,0,105,362,537,579,459,229,-51,-317,-510,-564,-484,-284,-17,253,455,543,499,323,58,-218,-431,-541,-514,-346,-88,188,424,557,537,384,127,-168,-434,-592,-602,-469,-206,128,426,626,680,569,308,-39,-394,-654,-762,-689,-455,-99,300,640,825,819,619,270,-145,-539,-818,-908,-779,-480,-53,395,747,918,883,651,270,-187,-597,-864,-943,-820,-509,-70,389,748,940,926,709,334,-107,-500,-779,-886,-804,-545,-177,223,558,768,805,660,381,43,-292,-560,-689,-656,-496,-241,53,335,529,593,535,376,142,-106,-316,-463,-501,-442,-309,-129,66,229,345,388,360,280,171,55,-44,0,0,0,0,0,70,17,-47,-118,-172,-203,-217,-197,-140,-56,40,135,210,248,235,185,98,-10,-116,-197,-239,-231,-178,-94,5,108,192,233,220,166,74,-30,-129,-196,-220,-201,-144,-60,23,109,164,172,150,105,37,-36,-98,-139,-147,-129,-80,-25,21,63,100,105,90,64,38,15,-17,-46,-61,-66,-85,-91,-77,-64,-42,17,81,123,149,155,128,66,-13,-100,-175,-221,-223,-186,-106,7,117,212,266,272,215,109,-28,-163,-263,-307,-296,-204,-71,68,193,286,311,256,149,16,-119,-238,-303,-283,-201,-75,70,191,263,272,209,102,-34,-153,-229,-253,-225,-133,-7,124,218,0,224,139,9,-124,-223,-268,-246,-146,-14,128,244,294,264,177,46,-102,-231,-307,-305,-216,-73,87,233,324,339,255,106,-74,-245,-365,-390,-319,-166,34,228,373,420,369,227,24,-193,-367,-452,-423,-293,-88,143,330,439,442,336,142,-92,-301,-433,-459,-365,-178,68,310,463,495,404,209,-47,-297,-482,-546,-469,-271,-3,273,497,602,562,374,95,-220,-487,-643,-647,-495,-214,116,425,635,692,579,326,-9,-344,-602,-722,-674,-462,-137,225,526,704,727,574,285,-68,-402,-644,-726,-636,-408,-87,255,529,674,664,500,216,-117,-407,-587,-628,-536,-315,-20,268,481,575,0,0,0,0,0,108,-150,-368,-492,-500,-392,-191,56,278,422,464,394,224,16,-187,-346,-416,-379,-245,-60,132,274,345,334,245,106,-59,-197,-271,-270,-202,-86,42,147,205,206,156,55,-50,-133,-165,-154,-94,-9,74,131,137,92,19,-60,-125,-155,-136,-67,26,120,189,216,182,81,-52,-181,-267,-297,-246,-116,68,237,348,389,335,186,-20,-232,-394,-474,-449,-309,-64,199,405,517,520,399,166,-114,-368,-541,-576,-485,-281,1,294,516,615,566,379,103,-201,-463,-611,-610,-460,-206,98,376,560,606,519,286,-16,-304,-518,-613,-549,-343,-66,223,460,576,552,402,147,-159,-418,0,-566,-438,-203,82,348,526,570,467,251,-18,-278,-484,-561,-491,-298,-34,235,445,543,504,334,79,-204,-431,-548,-521,-368,-114,177,427,571,570,422,158,-151,-430,-612,-646,-522,-249,92,415,649,736,643,379,17,-356,-658,-814,-763,-532,-165,245,597,821,865,703,375,-40,-461,-790,-918,-838,-565,-157,294,676,907,921,738,392,-59,-505,-822,-953,-881,-612,-214,235,632,875,918,767,456,49,-358,-677,-837,-812,-611,-290,88,438,669,741,664,451,136,-189,-448,-607,-641,-535,-315,-41,222,425,538,533,422,230,6,-207,-367,-445,-432,-352,-225,-72,82,196,263,281,250,0,0,0,0,0,146,169,176,164,121,48,-34,-118,-192,-232,-236,-207,-137,-38,71,169,229,237,214,148,51,-55,-154,-223,-238,-209,-142,-37,67,155,207,213,185,116,21,-76,-152,-195,-192,-147,-83,1,77,132,166,168,128,64,-3,-65,-109,-121,-109,-87,-53,-20,22,57,73,77,75,64,49,36,11,-21,-59,-94,-127,-125,-107,-75,-13,61,118,168,190,181,130,38,-65,-159,-221,-255,-238,-172,-61,73,191,266,293,251,149,21,-111,-238,-304,-300,-233,-123,19,157,262,299,277,181,50,-93,-212,-280,-282,-212,-88,50,170,237,253,219,130,-8,-145,-229,-244,-209,-119,0,127,223,264,231,138,10,-125,-233,-277,-254,-170,-36,111,233,300,285,190,49,-106,-242,-317,-318,-237,-92,84,241,347,361,282,128,-61,-239,-363,-403,-349,-201,4,217,376,447,407,274,67,-150,-336,-450,-445,-323,-122,116,319,437,447,346,151,-79,-293,-437,-473,-385,-181,65,308,471,519,432,234,-25,-286,-485,-574,-515,-323,-44,255,496,615,601,443,157,-174,-468,-648,-664,-524,-265,66,385,617,711,636,400,65,-279,-562,-719,-704,-524,-221,139,470,676,726,614,358,13,-333,-596,-719,-665,-455,-152,176,470,644,666,527,272,-47,-342,-535,-605,-546,-343,-55,0,0
39204,mtk,MTK 7916,2424682318,rx0-tx0,512,-349,480,706,97,-95,-281,-438,-550,-619,-633,-578,-463,-289,-89,132,321,490,616,676,671,592,449,269,60,-162,-363,-533,-646,-694,-671,-575,-426,-237,-23,184,372,516,604,633,602,515,369,197,24,-148,-312,-436,-520,-554,-533,-459,-362,-237,-88,52,190,306,400,461,479,461,411,333,233,95,-50,-193,-334,-448,-524,-559,-537,-469,-356,-206,-22,174,359,514,619,665,627,531,387,198,-11,-223,-421,-573,-660,-670,-627,-520,-345,-144,60,261,445,563,625,621,546,427,269,78,-101,-269,-395,-481,-517,-492,-417,-320,-194,-62,79,190,278,349,376,365,332,269,193,113,26,-55,-127,-511,-246,-282,-294,-281,-247,-212,-154,-67,12,103,187,255,308,350,354,328,270,186,77,-50,-172,-278,-370,-439,-459,-446,-379,-260,-117,44,209,352,468,545,563,528,437,288,103,-95,-276,-436,-552,-614,-614,-548,-432,-259,-62,128,319,476,575,631,620,532,392,222,18,-181,-369,-511,-604,-641,-610,-511,-356,-168,33,225,393,526,595,601,547,436,283,111,-80,-254,-394,-494,-546,-551,-491,-376,-232,-66,109,262,393,483,515,492,423,311,155,-8,-162,-306,-410,-469,-480,-431,-329,-196,-45,114,251,358,423,430,390,299,161,-1,-155,-277,-359,-377,-329,-231,-97,44,160,-363,-73,1179,1121,1222,70,67,46,6,-34,-76,-113,-121,-110,-82,-35,18,75,114,146,150,133,98,44,-10,-72,-136,-170,-184,-178,-145,-92,-27,52,116,171,210,208,193,146,83,11,-67,-136,-185,-211,-212,-196,-150,-89,-16,62,118,164,199,214,191,146,105,38,-24,-84,-125,-170,-196,-195,-182,-145,-99,-44,28,88,135,179,189,202,194,141,102,57,-20,-86,-135,-182,-215,-233,-211,-173,-126,-54,15,82,152,208,242,244,227,200,137,58,-25,-111,-183,-232,-265,-276,-247,-195,-128,-52,39,132,214,262,288,293,257,204,124,35,-57,-155,-234,-286,-300,-297,-265,-202,-120,-26,-330,162,235,282,308,297,263,197,117,26,-65,-148,-216,-268,-299,-290,-253,-204,-141,-63,22,115,181,243,292,302,300,259,204,135,37,-54,-137,-232,-306,-352,-370,-354,-311,-230,-116,4,142,264,356,446,481,454,395,293,151,0,-166,-323,-453,-538,-579,-547,-463,-331,-157,27,213,402,533,611,640,607,501,334,138,-79,-289,-462,-605,-681,-677,-612,-481,-292,-88,133,344,509,628,672,644,555,413,230,35,-166,-343,-481,-569,-602,-580,-498,-372,-213,-42,121,280,400,481,525,522,470,377,253,105,-44,-189,-332,-431,-496,-520,-489,-428,-321,-182,-30,139,293,420,505,259,628,-729,806,608,-584,-593,-542,-427,-276,-95,106,298,465,583,647,646,575,461,288,82,-139,-347,-514,-629,-684,-669,-587,-443,-256,-43,176,372,527,629,664,633,541,393,212,14,-182,-359,-494,-569,-592,-570,-485,-357,-207,-41,125,271,385,469,501,497,452,380,280,151,17,-120,-247,-352,-441,-493,-501,-478,-411,-304,-160,7,181,338,465,559,606,595,517,382,209,0,-212,-394,-544,-641,-677,-647,-547,-378,-173,38,241,435,580,648,649,598,474,301,109,-98,-281,-429,-538,-580,-561,-484,-363,-225,-67,97,231,345,418,444,429,362,292,195,78,-29,-129,-214,-267,-299,-313,-302,-276,1105,-158,-86,-6,73,141,202,266,296,306,296,263,209,137,40,-66,-164,-256,-332,-390,-410,-387,-328,-241,-118,27,166,309,424,494,525,492,404,282,120,-56,-225,-392,-522,-600,-603,-548,-431,-271,-85,114,293,454,572,622,620,558,413,246,51,-157,-352,-499,-602,-643,-612,-530,-385,-205,-5,203,386,525,608,621,576,472,324,140,-56,-240,-404,-506,-570,-575,-513,-408,-252,-89,90,259,391,485,532,521,455,352,205,40,-129,-277,-403,-481,-494,-467,-387,-260,-112,48,206,332,417,457,443,374,264,119,-39,-187,-315,-398,-420,-378,-286,-154,5,147,254,309,300,221,877,947,1145,504,122,-4,-40,-78,-96,-96,-84,-43,12,61,102,128,137,122,91,43,-22,-79,-132,-161,-175,-170,-134,-70,-7,58,123,167,194,194,162,120,51,-26,-91,-156,-192,-216,-207,-171,-109,-39,27,96,155,194,219,203,166,123,60,-9,-86,-127,-168,-201,-202,-185,-146,-105,-42,19,78,137,170,202,207,177,146,93,27,-21,-94,-143,-160,-199,-213,-188,-162,-115,-58,14,87,138,188,224,231,221,186,134,62,-14,-86,-154,-220,-253,-261,-245,-198,-133,-63,23,117,196,248,282,282,258,200,123,45,-49,-142,-219,-269,-294,-297,-265,-206,-115,-18,69,161,235,282,305,826,252,193,120,28,-67,-157,-229,-273,-297,-292,-256,-201,-129,-40,49,130,193,244,278,286,266,222,176,87,3,-81,-170,-228,-288,-323,-313,-300,-254,-178,-83,26,136,240,328,384,411,407,344,263,146,-6,-156,-290,-412,-492,-518,-501,-429,-308,-158,19,201,358,494,580,603,581,489,330,154,-45,-253,-437,-573,-649,-667,-609,-492,-323,-108,109,307,495,614,673,670,589,449,268,50,-164,-350,-506,-601,-639,-617,-527,-386,-218,-32,148,313,440,531,560,546,477,360,222,72,-85,-235,-361,-456,-507,-507,-481,-407,-290,-155,5,162,300,419,500,537,531,469,360,214,1207,1069
39205,mtk,MTK 7916,2424682318,rx0-tx1,512,87,-766,-763,299,112,-86,-283,-456,-598,-695,-717,-671,-565,-398,-181,49,285,507,679,792,827,784,664,478,239,-31,-296,-545,-738,-871,-924,-880,-761,-560,-302,-13,292,565,781,931,998,976,845,630,369,61,-259,-555,-800,-971,-1053,-1031,-920,-715,-443,-136,192,507,773,974,1078,1089,1001,817,555,237,-110,-453,-755,-987,-1134,-1180,-1101,-915,-644,-317,54,431,758,1017,1176,1227,1153,969,689,343,-35,-408,-747,-1010,-1163,-1208,-1139,-965,-698,-360,1,361,683,935,1104,1161,1105,950,702,394,49,-295,-612,-868,-1033,-1105,-1075,-937,-717,-434,-114,213,521,777,951,1041,1034,925,739,482,184,-120,-689,-677,-868,-981,-1014,-952,-798,-577,-299,9,308,595,834,992,1062,1041,906,693,407,77,-264,-594,-867,-1066,-1163,-1145,-1010,-772,-449,-81,298,663,964,1166,1258,1225,1062,792,436,26,-382,-755,-1058,-1241,-1306,-1234,-1025,-728,-348,70,476,840,1109,1261,1291,1182,951,625,236,-178,-570,-888,-1118,-1235,-1221,-1075,-818,-476,-89,293,636,906,1075,1126,1055,880,609,287,-50,-372,-651,-843,-945,-950,-847,-674,-428,-153,124,378,584,730,785,769,670,500,288,57,-179,-387,-547,-642,-667,-621,-505,-334,-137,71,267,423,535,572,540,440,285,101,-94,-270,-398,-460,-445,-360,-220,-53,106,215,-397,-588,0,466,183,-180,-218,-205,-144,-45,65,170,255,300,300,254,174,73,-52,-165,-255,-321,-347,-328,-269,-190,-85,44,158,262,342,383,380,340,266,157,33,-105,-231,-341,-419,-456,-445,-388,-282,-147,9,174,326,448,522,538,504,410,265,96,-93,-274,-437,-542,-587,-587,-516,-399,-222,-26,169,346,491,578,605,573,483,344,168,-25,-212,-372,-497,-577,-587,-539,-444,-302,-135,43,218,365,475,543,546,504,410,283,128,-42,-203,-336,-444,-510,-519,-490,-409,-286,-141,17,173,310,420,484,507,468,397,290,149,-4,-146,-275,-384,-453,-472,-449,-381,-276,-152,-18,116,229,330,399,-130,412,359,267,167,54,-69,-178,-269,-334,-370,-375,-341,-284,-203,-101,-4,93,188,258,305,330,324,300,246,184,104,17,-67,-153,-230,-286,-322,-340,-337,-302,-241,-158,-54,57,174,283,368,425,446,435,380,284,150,2,-151,-297,-427,-523,-561,-546,-486,-369,-214,-31,156,329,487,584,632,610,538,416,240,44,-162,-350,-500,-613,-658,-637,-556,-420,-246,-50,152,335,478,578,620,602,528,403,246,68,-110,-276,-410,-501,-541,-533,-480,-388,-266,-125,20,157,275,372,430,456,447,402,331,229,122,-4,-129,-242,-344,-418,-466,-482,-451,-387,-288,-157,-7,150,291,412,554,667,504,-98,137,-564,-633,-648,-601,-496,-347,-151,70,285,483,646,746,772,733,615,436,211,-45,-296,-530,-714,-836,-878,-835,-716,-522,-280,0,284,548,767,908,967,931,802,598,333,34,-277,-566,-789,-949,-1031,-1007,-881,-671,-400,-89,233,533,793,971,1062,1058,953,762,498,184,-148,-478,-764,-983,-1110,-1139,-1053,-869,-602,-279,84,446,760,1002,1158,1211,1136,951,672,331,-49,-426,-751,-1013,-1173,-1222,-1152,-973,-693,-348,22,389,716,980,1139,1187,1126,954,697,377,16,-332,-649,-905,-1066,-1134,-1093,-952,-718,-416,-84,259,573,826,999,1074,1053,930,718,450,146,-176,-474,-726,-914,-1007,-1013,261,-762,-522,-241,63,366,631,839,982,1027,982,851,632,356,46,-285,-594,-846,-1026,-1106,-1092,-965,-743,-444,-91,279,626,920,1121,1208,1186,1042,785,450,64,-341,-711,-1011,-1210,-1286,-1231,-1055,-763,-388,16,434,800,1075,1260,1299,1215,1004,683,300,-116,-523,-866,-1118,-1254,-1263,-1131,-888,-560,-171,233,605,908,1111,1196,1146,984,718,383,13,-344,-655,-888,-1016,-1035,-955,-766,-505,-212,102,384,616,783,853,843,747,581,354,103,-146,-382,-565,-680,-723,-691,-585,-425,-221,-2,215,402,537,606,611,539,413,239,36,-160,-336,-457,-515,-511,-429,-288,-108,77,236,342,376,332,231,-652,-500,0,493,663,-69,17,117,207,261,267,231,153,43,-75,-185,-268,-319,-329,-289,-217,-120,-3,120,219,297,353,364,331,271,173,56,-72,-194,-298,-372,-412,-409,-362,-276,-155,-15,132,275,393,470,505,485,410,286,126,-51,-222,-378,-496,-564,-576,-523,-407,-238,-59,133,321,473,576,607,580,501,369,192,1,-193,-369,-499,-584,-600,-558,-465,-328,-147,43,222,377,491,557,568,519,420,286,120,-56,-217,-358,-458,-523,-533,-495,-410,-293,-139,22,178,321,432,491,508,477,403,288,145,-16,-167,-293,-401,-469,-484,-457,-392,-285,-151,-2,135,264,361,422,446,424,366,282,162,245,-93,-213,-308,-365,-400,-393,-347,-278,-188,-83,36,144,231,302,339,345,333,287,219,137,43,-48,-136,-211,-259,-304,-316,-313,-288,-236,-163,-81,8,100,196,278,346,384,392,364,308,222,107,-20,-158,-289,-400,-475,-504,-493,-434,-336,-189,-18,153,319,461,557,603,586,519,393,224,35,-162,-336,-494,-599,-647,-632,-551,-424,-255,-48,155,345,497,601,646,628,545,416,249,57,-134,-309,-450,-543,-583,-567,-501,-390,-248,-89,73,223,344,433,481,488,453,388,289,172,48,-83,-201,-306,-379,-427,-449,-432,-386,-308,-201,-85,52,189,312,419,491,525,510,452,349,-385,-94
39206,mtk,MTK 7916,2424682318,rx1-tx0,512,0,690,655,-146,68,284,470,633,734,752,704,587,405,177,-74,-317,-533,-701,-810,-856,-797,-653,-443,-183,89,377,617,806,927,935,858,696,464,176,-131,-427,-683,-880,-985,-984,-899,-712,-457,-158,168,477,733,924,1017,1014,907,718,453,136,-182,-480,-744,-938,-1037,-1033,-925,-730,-460,-137,192,506,774,960,1047,1034,924,723,433,95,-234,-532,-790,-964,-1028,-990,-860,-643,-357,-43,266,537,753,898,936,887,748,545,295,25,-259,-499,-676,-798,-839,-787,-669,-485,-264,-27,210,405,574,671,709,686,603,458,273,73,-140,-324,-477,-602,-670,-650,-582,-453,-291,-108,96,285,436,556,216,603,541,424,271,113,-78,-253,-391,-502,-563,-566,-519,-425,-282,-120,47,216,364,467,528,535,489,403,282,134,-30,-200,-344,-430,-493,-518,-481,-401,-281,-138,13,174,301,394,451,478,456,375,263,126,-15,-150,-265,-360,-421,-431,-414,-356,-256,-140,-21,100,220,320,398,415,408,368,281,180,59,-75,-207,-324,-402,-425,-415,-369,-273,-149,-9,134,254,357,417,412,380,320,218,84,-51,-177,-274,-348,-371,-359,-312,-226,-121,-17,97,205,284,322,327,288,221,138,41,-62,-158,-222,-250,-260,-243,-194,-115,-30,59,136,194,225,205,169,109,30,-47,-106,-139,-125,39,340,0,-864,-982,128,166,168,130,57,-25,-113,-189,-227,-235,-209,-144,-63,42,134,195,239,256,234,179,105,21,-74,-155,-216,-247,-240,-213,-171,-104,-21,50,116,183,226,238,220,182,133,75,2,-57,-118,-164,-189,-200,-195,-173,-135,-76,-16,40,93,147,194,211,211,198,166,110,44,-18,-85,-149,-205,-247,-247,-224,-181,-131,-61,20,96,166,226,254,252,224,179,126,56,-35,-110,-174,-225,-259,-267,-239,-185,-118,-44,31,108,163,209,237,231,216,177,108,37,-29,-84,-151,-206,-223,-225,-211,-166,-105,-45,14,77,134,170,192,208,195,166,125,66,19,-32,-93,-138,-584,-185,-190,-174,-151,-109,-57,4,55,104,148,174,193,194,175,132,82,34,-18,-69,-110,-155,-182,-188,-176,-158,-124,-85,-33,21,72,124,162,178,198,193,175,143,104,44,-10,-61,-123,-173,-206,-234,-248,-234,-202,-148,-75,2,92,184,263,328,359,354,319,255,162,25,-115,-240,-356,-442,-492,-481,-423,-325,-187,-15,155,314,454,533,567,539,463,333,175,-7,-192,-366,-500,-589,-616,-577,-485,-343,-161,35,228,397,533,611,626,588,485,340,167,-29,-222,-390,-518,-594,-611,-582,-483,-358,-190,8,187,346,480,578,619,600,525,416,254,58,-138,-308,-465,-588,338,-110,0,-74,249,670,695,646,540,380,162,-69,-298,-511,-677,-782,-806,-751,-623,-429,-192,73,342,571,755,865,896,835,679,467,194,-107,-392,-641,-842,-951,-963,-878,-706,-463,-161,149,449,709,894,995,1004,898,714,454,143,-178,-485,-739,-933,-1025,-1015,-913,-720,-452,-133,194,501,765,957,1052,1041,930,725,436,120,-211,-520,-785,-981,-1053,-1016,-897,-687,-390,-64,258,548,784,939,991,948,806,597,324,25,-273,-534,-728,-850,-889,-850,-704,-507,-278,-14,238,457,636,735,775,728,624,471,271,58,-157,-360,-527,-635,-691,-677,-590,-461,-299,-85,123,307,470,576,636,629,554,438,283,757,-96,-271,-424,-513,-569,-584,-521,-423,-287,-117,63,223,373,481,534,545,504,411,282,127,-40,-201,-338,-448,-515,-529,-489,-395,-270,-140,21,182,312,422,481,502,472,379,261,128,-17,-169,-295,-383,-438,-455,-428,-362,-265,-128,4,124,247,341,393,411,399,354,278,166,41,-71,-204,-314,-385,-428,-419,-376,-294,-171,-38,93,227,339,411,431,405,344,246,113,-24,-152,-260,-355,-396,-391,-347,-269,-159,-40,78,191,278,323,335,320,269,186,91,-17,-123,-210,-272,-290,-286,-241,-166,-80,5,97,170,221,238,228,181,123,36,-45,-109,-161,-185,-169,-128,-66,-1,-696,-603,0,468,28,78,19,-61,-140,-189,-205,-191,-130,-51,37,130,199,245,254,216,155,79,-16,-105,-182,-234,-260,-253,-207,-139,-51,33,101,167,223,239,224,201,155,82,2,-71,-133,-175,-206,-211,-197,-169,-126,-71,-10,51,107,157,189,204,201,184,152,98,32,-25,-89,-148,-195,-217,-220,-207,-170,-127,-53,24,93,155,208,243,253,226,186,134,53,-32,-107,-166,-213,-248,-260,-228,-181,-118,-49,37,118,183,224,243,249,220,178,121,49,-24,-90,-164,-210,-230,-218,-205,-177,-115,-48,16,82,145,191,208,215,198,160,109,63,0,-62,-114,-164,-191,-192,-191,-168,-124,-674,-43,13,68,117,160,186,188,172,152,108,62,12,-44,-99,-143,-166,-181,-188,-171,-149,-115,-58,-4,48,91,134,166,188,188,174,148,104,64,17,-44,-93,-139,-180,-208,-208,-208,-186,-147,-93,-33,39,112,178,238,278,302,301,267,203,111,8,-98,-204,-301,-387,-432,-423,-375,-296,-179,-32,124,267,397,496,543,527,460,335,175,-5,-188,-353,-487,-564,-594,-569,-480,-343,-168,29,221,390,523,599,618,582,487,343,152,-40,-226,-397,-516,-594,-618,-581,-484,-342,-170,15,203,370,488,586,614,580,501,377,220,32,-158,-322,-462,-577,-629,-615,-549,-440,-275,911,963
39207,mtk,MTK 7916,2424682318,rx1-tx1,512,0,0,0,-718,-586,-327,6,336,588,712,698,532,247,-82,-384,-610,-697,-630,-434,-148,154,413,580,612,506,294,32,-224,-422,-522,-504,-366,-138,104,314,449,476,380,207,-24,-254,-424,-481,-434,-273,-50,187,374,481,481,364,165,-79,-313,-472,-529,-474,-309,-71,180,393,526,548,449,258,17,-232,-426,-529,-521,-399,-203,36,261,423,494,456,319,129,-73,-268,-393,-420,-356,-219,-42,130,261,330,321,240,116,-30,-161,-243,-267,-230,-140,-20,101,184,219,199,136,43,-58,-144,-188,-179,-131,-55,30,106,153,155,123,59,-19,-94,-139,-146,-117,-55,24,95,141,152,122,0,-31,-104,-167,-193,-161,-79,20,118,200,249,233,164,60,-68,-198,-289,-322,-283,-182,-44,113,257,350,379,325,197,33,-141,-291,-383,-412,-349,-207,-26,160,311,395,407,346,204,20,-159,-301,-376,-379,-308,-181,-19,145,276,343,342,277,156,11,-118,-222,-284,-280,-219,-112,0,100,176,210,189,139,72,3,-57,-101,-116,-96,-49,-10,20,41,38,20,-9,-37,-54,-52,-39,-4,48,100,131,134,105,40,-37,-113,-171,-202,-200,-155,-71,31,133,212,261,269,224,132,16,-109,-221,-297,-320,-291,-216,-108,18,140,241,310,330,302,236,150,55,-38,-114,-159,0,0,0,0,0,-122,-121,-87,-29,41,113,179,224,235,207,143,47,-63,-166,-243,-284,-270,-199,-89,35,161,267,317,299,226,113,-32,-185,-301,-350,-329,-248,-105,64,218,332,378,344,235,73,-108,-269,-376,-402,-340,-207,-20,174,336,434,436,328,151,-67,-275,-424,-483,-443,-303,-84,163,378,528,567,477,272,12,-257,-491,-619,-609,-472,-225,68,359,585,693,644,458,174,-157,-464,-677,-751,-670,-444,-115,244,550,742,786,673,408,53,-315,-619,-793,-804,-653,-356,21,382,661,811,788,584,265,-103,-454,-701,-795,-713,-484,-157,205,513,709,755,630,359,17,-324,-600,-738,-713,0,-219,137,461,688,756,650,400,53,-310,-610,-774,-763,-581,-268,116,474,723,818,734,483,121,-280,-621,-825,-851,-691,-366,49,462,777,922,867,627,236,-224,-634,-909,-996,-861,-528,-74,402,795,1026,1040,823,419,-71,-548,-914,-1087,-1027,-749,-301,210,671,993,1110,985,640,158,-350,-778,-1039,-1076,-884,-502,-13,465,840,1036,1003,748,341,-135,-579,-874,-984,-885,-591,-166,276,641,866,906,738,404,-15,-409,-704,-841,-791,-559,-218,167,510,737,795,668,385,30,-329,-613,-754,-721,-529,-227,123,450,671,739,634,384,62,-272,-546,-704,-703,-538,-254,83,398,625,711,634,0,0,0,0,0,-119,-436,-660,-732,-653,-435,-127,211,497,676,711,595,356,51,-272,-528,-649,-630,-489,-243,52,318,505,576,518,343,100,-157,-364,-481,-486,-372,-173,57,275,433,478,400,232,5,-219,-393,-482,-456,-318,-103,136,348,484,508,419,237,-8,-261,-453,-545,-528,-392,-168,87,324,499,559,505,345,106,-149,-358,-493,-528,-445,-271,-50,170,344,446,446,352,184,-17,-198,-322,-373,-339,-237,-82,79,211,288,302,239,131,-2,-128,-214,-242,-220,-141,-32,74,159,195,189,141,60,-36,-116,-162,-165,-124,-56,26,99,139,146,117,54,-23,-92,-136,-145,-115,-52,24,99,0,162,132,64,-28,-123,-195,-218,-187,-116,-14,102,209,271,274,218,111,-28,-167,-282,-346,-339,-263,-117,51,208,331,388,362,268,119,-65,-235,-360,-407,-375,-269,-114,77,243,358,406,380,269,109,-68,-223,-334,-373,-342,-242,-100,58,201,296,321,279,193,79,-56,-168,-227,-246,-220,-148,-55,42,116,160,160,130,74,12,-39,-67,-78,-60,-29,7,35,39,26,0,-34,-64,-86,-86,-59,-19,42,109,153,165,146,96,19,-76,-164,-225,-245,-218,-145,-45,69,177,261,297,280,212,112,-8,-137,-250,-318,-332,-303,-230,-124,-5,107,200,261,281,266,224,161,0,0,0,0,0,-48,-100,-150,-188,-196,-174,-126,-53,37,132,211,253,254,211,125,12,-102,-209,-283,-304,-257,-167,-42,96,223,310,332,285,181,37,-123,-265,-352,-364,-303,-181,-11,168,309,383,375,289,129,-59,-228,-361,-424,-397,-278,-90,122,310,429,461,388,228,8,-226,-409,-504,-500,-394,-179,89,339,518,596,542,376,123,-173,-435,-610,-655,-566,-352,-48,269,529,683,700,564,295,-36,-364,-628,-774,-752,-570,-261,97,434,691,804,748,537,206,-178,-517,-746,-824,-720,-471,-134,245,569,763,794,665,386,28,-327,-612,-765,-750,-570,-268,86,421,663,751,669,447,124,-231,0,-720,-736,-587,-307,41,381,642,762,713,492,155,-216,-536,-741,-784,-660,-379,3,386,689,845,813,588,231,-175,-550,-816,-903,-788,-492,-78,355,720,931,944,748,380,-85,-539,-877,-1028,-961,-683,-250,243,691,999,1090,950,595,111,-395,-816,-1065,-1096,-895,-496,15,514,898,1093,1049,778,341,-166,-634,-956,-1076,-965,-646,-188,309,728,983,1020,840,483,28,-422,-773,-950,-913,-673,-298,131,533,809,892,778,493,104,-298,-614,-791,-797,-625,-310,63,412,670,768,694,468,142,-223,-537,-727,-738,-583,-309,27,358,609,720,674,475,167,-176,-473,-667,-712,-593,-345,-18,311,0,0
39208,mtk,MTK 7916,2424682318,rx2-tx0,512,0,0,0,205,616,890,966,825,492,48,-405,-771,-958,-921,-680,-290,171,595,879,963,824,502,61,-394,-754,-945,-919,-676,-272,192,611,889,964,818,478,28,-434,-803,-983,-939,-676,-252,234,672,962,1028,859,487,6,-482,-865,-1054,-1007,-726,-276,239,699,1002,1074,897,516,17,-481,-875,-1067,-1011,-725,-254,275,729,1018,1081,890,487,-37,-559,-958,-1139,-1063,-741,-246,313,810,1129,1193,990,557,-13,-574,-1013,-1239,-1193,-880,-366,230,773,1148,1274,1115,711,150,-441,-927,-1208,-1225,-975,-511,66,624,1031,1208,1115,781,281,-274,-764,-1078,-1149,-966,-566,-41,482,889,1089,1046,769,322,-192,0,-973,-1067,-916,-557,-69,439,840,1044,1011,749,318,-183,-648,-969,-1066,-927,-575,-82,430,840,1067,1062,808,367,-163,-664,-1019,-1148,-1027,-673,-162,402,889,1177,1209,981,537,-37,-615,-1063,-1283,-1229,-913,-396,208,783,1191,1344,1209,811,237,-383,-931,-1273,-1349,-1141,-687,-85,528,1029,1316,1316,1040,546,-59,-655,-1106,-1321,-1263,-944,-432,163,729,1139,1304,1198,857,347,-224,-740,-1097,-1221,-1105,-768,-284,238,686,987,1084,960,646,219,-230,-617,-864,-928,-812,-535,-165,214,531,732,780,673,439,127,-194,-462,-629,-669,-585,-397,-149,111,340,497,563,537,428,258,68,-106,-238,-318,-341,0,0,0,0,0,-198,-102,28,182,338,463,530,520,428,264,47,-196,-412,-565,-621,-571,-416,-179,96,362,564,658,628,472,218,-86,-376,-600,-705,-667,-494,-216,111,426,651,742,688,489,171,-186,-499,-708,-774,-677,-433,-92,268,579,769,789,639,347,-27,-397,-685,-829,-790,-577,-233,167,538,796,883,782,508,115,-310,-669,-892,-920,-746,-410,17,449,787,954,917,676,284,-171,-590,-882,-985,-876,-575,-140,321,708,946,983,807,456,-1,-460,-813,-991,-949,-705,-310,155,590,891,991,884,590,158,-308,-701,-940,-974,-797,-447,0,439,785,950,906,665,280,-163,-564,-840,-923,-799,-496,0,340,681,864,856,650,293,-129,-516,-780,-866,-760,-477,-78,343,687,870,853,632,264,-165,-565,-838,-919,-795,-487,-59,389,751,946,931,700,310,-153,-591,-898,-1006,-890,-573,-126,354,758,994,1004,785,387,-95,-554,-889,-1022,-922,-608,-158,324,731,975,999,791,398,-88,-551,-883,-1021,-922,-602,-141,342,752,992,1006,791,393,-100,-569,-911,-1043,-936,-619,-165,331,757,1006,1026,812,414,-78,-552,-905,-1049,-954,-647,-195,306,734,997,1029,833,447,-38,-509,-867,-1029,-961,-680,-246,244,677,951,1009,837,481,21,-444,-809,-987,-940,-680,-266,203,621,900,976,830,490,38,-411,0,0,0,0,0,-943,-744,-375,77,516,838,970,883,599,174,-290,-686,-925,-953,-766,-401,55,497,824,961,877,599,185,-283,-680,-915,-941,-746,-377,83,524,849,984,884,575,135,-341,-745,-981,-992,-770,-375,115,584,920,1048,940,615,149,-357,-788,-1037,-1043,-819,-406,104,584,935,1072,956,620,138,-380,-809,-1047,-1049,-801,-371,150,645,991,1111,976,608,88,-459,-901,-1146,-1134,-869,-398,168,707,1090,1228,1094,721,185,-402,-904,-1204,-1236,-1001,-544,37,611,1051,1256,1184,850,335,-244,-769,-1126,-1229,-1051,-653,-114,451,908,1154,1150,886,428,-112,-626,-991,-1129,-1015,-678,-189,334,774,1036,1063,0,445,-61,-550,-909,-1058,-964,-646,-189,306,740,1007,1040,838,445,-51,-545,-919,-1080,-999,-693,-224,301,761,1054,1114,920,512,-13,-542,-963,-1179,-1132,-832,-340,233,761,1133,1268,1121,728,175,-421,-939,-1255,-1302,-1067,-607,-8,599,1083,1335,1294,983,465,-158,-740,-1166,-1345,-1241,-867,-317,299,856,1237,1346,1173,758,190,-419,-937,-1259,-1317,-1102,-667,-100,489,966,1231,1244,1011,581,48,-487,-908,-1137,-1127,-892,-491,-9,457,813,994,967,752,398,-22,-415,-710,-850,-814,-621,-318,35,363,602,714,689,529,272,-24,-297,-506,-614,-606,-493,-304,-80,143,330,448,486,450,360,240,108,0,0,0,0,0,-288,-375,-426,-418,-346,-212,-30,169,360,512,585,564,447,242,-8,-260,-476,-616,-637,-536,-337,-62,230,480,637,677,580,363,67,-246,-515,-686,-715,-595,-350,-31,306,585,741,744,592,315,-38,-386,-652,-777,-741,-543,-223,152,498,739,819,726,468,102,-291,-628,-833,-853,-684,-368,29,428,742,897,858,630,261,-174,-580,-857,-949,-839,-550,-131,319,696,924,959,785,436,-11,-458,-809,-983,-943,-696,-300,162,589,889,995,887,584,153,-315,-712,-954,-989,-809,-451,3,453,805,987,950,703,307,-154,-581,-874,-971,-860,-568,-149,302,679,902,924,739,390,-35,-448,-761,0,-831,-575,-191,233,598,827,867,710,389,-30,-440,-742,-874,-805,-551,-167,259,631,861,899,727,383,-53,-479,-803,-942,-870,-598,-180,281,683,940,981,801,442,-17,-484,-846,-1016,-955,-683,-255,231,669,953,1025,863,505,36,-439,-819,-1008,-964,-705,-287,200,639,931,1010,858,500,30,-451,-827,-1017,-965,-695,-271,223,665,952,1026,867,505,23,-463,-840,-1033,-990,-722,-289,208,659,965,1048,893,537,61,-430,-826,-1040,-1009,-749,-328,169,633,944,1043,907,569,108,-379,-781,-1004,-998,-767,-366,116,571,889,1005,895,587,147,-325,-723,-950,-964,-758,-381,82,527,849,971,872,0,0
39209,mtk,MTK 7916,2424682318,rx2-tx1,512,0,0,0,-63,-331,-529,-607,-551,-380,-134,134,369,525,561,469,280,42,-205,-403,-506,-496,-389,-199,29,237,383,444,410,285,101,-98,-271,-371,-388,-319,-183,-8,154,264,315,286,193,59,-82,-193,-253,-248,-176,-66,51,144,201,203,141,49,-50,-142,-193,-183,-125,-26,87,173,221,209,138,24,-106,-221,-287,-294,-226,-87,79,230,330,374,335,207,14,-189,-357,-453,-448,-345,-171,54,278,452,527,487,340,119,-127,-350,-510,-566,-496,-308,-50,221,444,561,560,447,242,-17,-281,-487,-581,-540,-384,-147,119,361,523,574,500,308,50,-216,-428,-541,-545,-430,-210,58,310,0,555,498,341,100,-171,-391,-513,-531,-435,-239,19,268,449,524,494,352,119,-143,-367,-518,-542,-444,-240,21,276,471,559,519,358,111,-171,-424,-597,-632,-520,-286,9,321,572,697,673,504,209,-143,-475,-715,-809,-724,-488,-131,258,592,823,896,772,481,78,-346,-702,-917,-953,-795,-466,-30,405,762,979,982,794,440,-2,-443,-797,-1001,-1007,-806,-446,-2,434,782,976,976,787,454,45,-362,-695,-891,-898,-735,-441,-68,298,597,781,808,672,413,87,-228,-483,-650,-690,-595,-394,-126,151,383,530,576,522,378,178,-35,-230,-382,-456,-451,-384,-273,-129,18,132,202,236,0,0,0,0,0,82,40,-18,-87,-156,-212,-242,-234,-196,-129,-35,62,147,218,257,248,203,131,28,-84,-175,-234,-253,-227,-155,-58,41,129,199,236,223,164,79,-17,-102,-169,-201,-199,-160,-92,-9,70,133,168,160,127,81,22,-37,-82,-106,-107,-92,-67,-26,7,34,48,39,27,33,32,31,33,32,31,24,8,-30,-71,-98,-115,-123,-105,-52,13,84,161,199,204,178,115,16,-99,-199,-269,-283,-248,-170,-44,100,216,295,322,288,193,58,-85,-208,-305,-342,-299,-193,-51,101,226,307,320,279,176,39,-111,-235,-309,-307,-239,-127,10,147,253,293,263,185,61,-76,0,-279,-282,-224,-122,17,154,254,291,262,171,43,-98,-225,-294,-297,-239,-124,31,181,294,346,322,220,59,-118,-265,-358,-365,-288,-148,32,216,362,428,399,274,85,-110,-294,-420,-456,-387,-228,-20,186,360,457,449,334,155,-60,-266,-422,-470,-414,-270,-60,174,371,479,470,355,154,-99,-331,-492,-542,-477,-295,-37,235,451,581,586,457,217,-74,-354,-566,-665,-617,-433,-144,184,475,663,714,618,390,70,-278,-570,-732,-742,-599,-325,23,359,630,774,749,574,273,-88,-425,-670,-781,-732,-533,-216,137,458,680,752,659,439,135,-191,-482,-667,-693,-578,-347,-50,247,0,0,0,0,0,610,519,312,43,-235,-457,-574,-565,-438,-218,43,291,466,535,493,348,126,-113,-325,-452,-473,-397,-247,-43,168,341,422,402,300,141,-48,-211,-320,-345,-298,-178,-29,120,226,286,271,194,74,-50,-160,-219,-222,-164,-68,36,129,184,187,141,46,-66,-155,-205,-195,-123,-22,93,195,250,242,167,42,-103,-232,-318,-333,-265,-134,34,212,358,423,399,278,81,-128,-317,-457,-492,-419,-255,-33,212,416,531,524,412,212,-31,-282,-479,-576,-541,-382,-144,118,353,517,569,503,319,66,-205,-423,-550,-551,-440,-226,36,287,478,565,525,375,138,-131,-363,-513,-548,-454,0,-27,226,429,537,523,386,166,-84,-320,-489,-549,-474,-289,-48,205,418,534,526,397,173,-80,-320,-489,-545,-470,-293,-38,228,445,573,562,429,194,-104,-386,-582,-657,-594,-396,-100,236,533,718,757,631,357,-11,-375,-673,-834,-831,-634,-303,101,492,782,921,879,648,258,-173,-569,-861,-986,-903,-633,-239,211,626,917,1021,916,630,227,-229,-647,-929,-1026,-920,-645,-247,199,596,862,967,885,627,259,-139,-499,-761,-862,-798,-587,-273,80,409,645,745,703,527,262,-36,-308,-511,-612,-603,-476,-267,-22,210,397,502,519,448,303,123,-48,-201,-314,-364,-358,-308,-230,-130,0,0,0,0,0,145,174,193,188,154,99,23,-67,-151,-210,-242,-247,-213,-142,-47,60,157,227,260,244,185,97,-9,-113,-184,-232,-238,-199,-126,-31,79,168,207,220,203,142,46,-46,-122,-176,-195,-176,-120,-44,32,87,128,148,133,91,40,2,-34,-70,-89,-82,-62,-36,-13,-2,-6,-3,6,10,17,33,44,62,70,68,43,-3,-63,-106,-136,-168,-167,-117,-43,49,138,207,251,256,191,74,-51,-163,-253,-307,-295,-227,-115,22,167,273,330,330,261,134,-13,-164,-276,-328,-319,-251,-130,18,165,276,334,308,215,78,-62,-193,-281,-297,-254,-164,-37,100,212,271,266,0,90,-43,-174,-261,-287,-254,-151,-14,132,245,299,281,217,91,-69,-207,-300,-329,-273,-158,-8,152,286,351,335,244,93,-88,-253,-353,-383,-339,-213,-32,169,333,428,427,343,179,-33,-244,-398,-465,-426,-303,-105,123,315,428,457,380,208,-8,-227,-394,-467,-429,-295,-84,150,358,486,500,399,206,-40,-289,-484,-571,-535,-375,-116,165,413,590,635,539,325,29,-283,-532,-668,-665,-520,-263,60,377,621,741,695,491,189,-158,-478,-695,-766,-688,-457,-117,238,537,732,788,676,415,68,-297,-587,-750,-762,-612,-334,-2,324,582,716,696,526,251,-69,-371,-582,-666,-614,0,0
39210,mtk,MTK 7916,2424723864,rx0-tx0,512,-349,480,706,-103,-246,-374,-483,-548,-579,-565,-497,-404,-271,-111,53,216,362,491,583,617,609,553,447,312,151,-17,-184,-340,-471,-568,-612,-601,-545,-458,-328,-176,-15,136,279,399,486,533,544,508,438,345,229,106,-19,-152,-260,-341,-412,-444,-447,-430,-392,-318,-223,-128,-23,83,184,283,366,428,462,471,447,394,319,211,82,-62,-202,-337,-449,-534,-579,-578,-524,-430,-318,-164,16,188,344,480,570,616,617,564,472,333,177,-1,-172,-334,-462,-544,-594,-579,-519,-430,-300,-142,10,152,288,388,455,483,471,425,343,247,138,25,-76,-171,-247,-302,-332,-338,-323,-281,-226,-167,-511,-42,27,86,141,183,219,234,241,241,230,206,173,129,70,11,-57,-127,-194,-245,-290,-324,-323,-309,-271,-214,-132,-37,75,181,272,353,413,439,435,391,318,216,89,-51,-188,-314,-410,-481,-513,-507,-461,-370,-254,-111,37,189,323,435,514,547,540,489,395,268,119,-31,-181,-318,-434,-523,-559,-544,-488,-389,-268,-127,26,180,310,412,482,509,502,449,365,255,124,-12,-152,-276,-377,-447,-472,-468,-424,-343,-237,-105,26,142,262,352,409,433,417,362,285,182,62,-63,-174,-276,-351,-388,-392,-347,-272,-170,-50,67,177,266,320,330,302,229,126,14,-86,-155,-363,-73,1179,1121,1222,-90,-64,-19,33,87,134,160,163,143,96,33,-31,-101,-158,-182,-200,-192,-156,-101,-44,23,100,163,201,233,234,199,151,88,11,-59,-130,-190,-226,-243,-232,-203,-154,-89,-17,60,127,178,209,227,223,203,169,118,56,-13,-79,-132,-174,-210,-220,-221,-199,-159,-110,-44,23,79,135,173,216,234,216,186,158,109,56,-5,-70,-131,-180,-212,-219,-221,-218,-178,-133,-77,-14,52,100,152,208,231,236,236,217,162,96,24,-47,-116,-186,-227,-253,-274,-270,-239,-188,-126,-43,42,115,182,242,283,296,275,241,191,128,45,-43,-117,-180,-241,-270,-284,-280,-248,-330,-132,-48,26,95,163,216,252,269,261,228,194,143,75,23,-41,-106,-156,-192,-212,-226,-227,-207,-183,-142,-102,-54,1,59,113,168,208,242,270,274,258,228,191,127,57,-36,-133,-221,-307,-370,-410,-413,-384,-324,-233,-117,6,147,277,394,484,531,546,502,425,310,166,-3,-167,-332,-471,-565,-614,-631,-583,-484,-343,-176,6,203,376,518,628,670,657,600,485,337,156,-35,-214,-378,-504,-589,-630,-617,-561,-453,-312,-167,-1,165,297,411,490,531,534,506,436,335,216,85,-48,-180,-299,-383,-451,-493,-501,-464,-400,-315,-199,-69,56,187,314,408,474,516,520,259,628,-729,806,608,-547,-496,-420,-307,-163,-12,156,305,428,530,585,597,564,494,380,220,47,-122,-286,-430,-536,-603,-617,-588,-515,-407,-259,-90,85,243,384,492,558,576,554,496,398,269,129,-15,-158,-280,-381,-454,-486,-491,-462,-394,-312,-216,-98,9,114,216,311,383,427,449,436,395,344,268,168,62,-60,-179,-289,-390,-468,-518,-527,-501,-437,-336,-205,-55,111,274,406,516,596,618,588,520,405,254,88,-91,-263,-416,-526,-597,-617,-591,-516,-390,-246,-80,94,244,377,484,538,542,511,439,335,212,76,-61,-185,-289,-360,-403,-413,-392,-347,-277,-194,-100,-15,67,143,200,239,1105,278,269,248,216,176,126,70,20,-40,-92,-142,-184,-227,-255,-265,-269,-257,-219,-169,-113,-29,51,131,213,283,343,379,389,364,310,233,127,6,-121,-246,-345,-426,-479,-491,-461,-390,-289,-165,-24,118,266,382,470,523,538,514,437,330,192,43,-111,-258,-386,-484,-540,-552,-524,-448,-344,-207,-48,104,254,375,463,522,535,502,423,322,195,47,-102,-238,-348,-432,-484,-497,-468,-402,-309,-186,-51,82,216,319,402,443,441,415,363,269,155,26,-103,-220,-313,-380,-410,-397,-355,-290,-188,-74,49,166,260,331,362,356,310,227,118,-2,-115,-210,-269,-278,-240,-163,877,947,1145,504,122,54,96,125,132,117,75,18,-44,-105,-155,-179,-186,-174,-122,-63,-1,76,142,187,212,220,200,152,100,39,-49,-124,-178,-222,-238,-230,-208,-153,-85,-12,65,130,184,219,236,236,202,155,91,23,-44,-102,-152,-194,-220,-227,-212,-177,-137,-79,-17,47,111,159,200,224,224,210,174,133,82,8,-55,-102,-153,-195,-218,-225,-212,-187,-145,-90,-29,24,91,158,196,220,235,224,200,175,114,45,-15,-70,-137,-199,-237,-258,-260,-241,-206,-143,-81,-12,69,139,198,251,281,280,251,214,161,86,3,-76,-149,-212,-264,-296,-292,-268,-231,-168,-85,-6,77,153,826,255,278,273,263,224,169,100,25,-57,-117,-169,-216,-235,-240,-240,-216,-177,-128,-75,-23,36,88,131,176,203,227,236,232,215,187,134,88,24,-42,-109,-173,-237,-292,-326,-345,-328,-295,-234,-150,-36,81,198,299,392,448,478,471,419,335,216,79,-77,-231,-365,-479,-559,-588,-568,-513,-400,-250,-85,97,278,431,556,631,662,633,542,418,258,69,-114,-297,-458,-575,-646,-656,-616,-531,-397,-239,-66,108,270,412,504,564,588,560,487,387,254,111,-32,-170,-301,-402,-470,-501,-504,-474,-406,-316,-210,-88,49,179,287,385,456,490,492,475,410,311,198,66,-81,1207,1069
39211,mtk,MTK 7916,2424723864,rx0-tx1,512,87,-766,-763,187,11,-173,-345,-493,-618,-712,-741,-720,-645,-518,-351,-149,62,281,484,656,782,849,860,810,695,522,310,79,-169,-410,-626,-803,-926,-978,-953,-860,-706,-499,-245,32,310,572,789,952,1042,1066,1010,873,675,425,135,-160,-444,-703,-907,-1045,-1118,-1119,-1024,-860,-637,-361,-56,253,548,819,1026,1161,1215,1182,1061,858,586,264,-76,-407,-715,-981,-1171,-1271,-1274,-1181,-997,-743,-427,-88,261,597,875,1086,1218,1264,1215,1068,839,562,241,-95,-423,-713,-949,-1107,-1184,-1183,-1098,-921,-680,-402,-91,220,507,763,961,1083,1123,1088,972,785,550,271,-21,-308,-564,-784,-944,-1033,-1052,-995,-689,-687,-455,-198,75,344,587,789,925,1004,1021,966,844,659,425,162,-116,-394,-652,-861,-1016,-1105,-1104,-1026,-863,-638,-359,-47,277,587,847,1051,1185,1222,1169,1019,785,489,152,-200,-547,-842,-1074,-1231,-1282,-1234,-1095,-864,-551,-198,157,506,816,1058,1217,1280,1240,1100,874,577,233,-126,-474,-772,-1009,-1168,-1226,-1188,-1050,-825,-539,-216,122,438,714,932,1063,1101,1051,911,698,438,154,-127,-397,-625,-786,-888,-915,-861,-744,-566,-351,-119,120,343,530,667,742,754,698,592,437,244,39,-166,-345,-488,-590,-637,-609,-526,-403,-235,-50,137,305,428,498,502,435,316,163,-1,-145,-232,-397,-588,0,466,183,189,171,113,23,-75,-169,-247,-292,-294,-263,-204,-120,-19,88,184,261,316,337,336,299,234,143,44,-66,-166,-258,-333,-376,-395,-381,-331,-253,-154,-39,80,208,321,409,467,485,464,413,314,183,31,-122,-273,-405,-503,-569,-581,-543,-461,-340,-182,-10,165,328,470,569,623,619,571,473,331,171,-7,-178,-336,-474,-568,-614,-609,-559,-463,-331,-179,-10,164,310,434,525,568,578,538,453,335,194,51,-103,-246,-355,-443,-503,-525,-496,-437,-347,-238,-113,23,151,264,361,426,457,456,426,369,287,182,69,-56,-175,-261,-344,-403,-426,-414,-374,-318,-234,-139,-38,72,-130,264,332,377,389,377,340,279,200,111,15,-75,-154,-233,-295,-322,-332,-323,-295,-248,-191,-126,-51,16,87,149,201,250,281,295,297,289,262,227,177,104,20,-70,-157,-235,-314,-384,-418,-429,-406,-361,-285,-173,-50,85,220,340,445,519,552,551,500,411,284,141,-19,-179,-339,-467,-561,-617,-631,-590,-506,-384,-231,-62,111,276,423,535,612,638,613,544,441,302,142,-22,-187,-331,-446,-534,-577,-576,-536,-460,-354,-227,-98,49,182,290,381,439,474,479,460,408,330,237,133,25,-84,-195,-284,-363,-428,-472,-481,-465,-423,-352,-249,-131,-5,131,268,390,490,563,554,667,504,-98,137,-637,-676,-668,-606,-498,-360,-176,26,220,411,578,707,785,802,769,672,528,333,110,-116,-341,-550,-723,-847,-914,-913,-839,-705,-521,-292,-30,242,496,712,880,994,1030,990,879,698,461,190,-98,-384,-641,-847,-1002,-1087,-1092,-1027,-877,-655,-390,-104,200,500,756,966,1108,1167,1142,1044,870,622,328,7,-319,-628,-894,-1101,-1221,-1246,-1187,-1043,-817,-522,-184,166,509,815,1054,1212,1275,1259,1138,926,653,333,-8,-348,-668,-919,-1105,-1210,-1226,-1151,-990,-762,-481,-170,149,464,742,953,1096,1165,1134,1027,850,617,337,37,-261,-544,-775,-951,-1058,-1083,-1032,-908,-727,-487,-220,57,331,261,782,927,1005,1018,965,846,664,435,180,-91,-360,-603,-805,-955,-1040,-1059,-1004,-866,-659,-410,-120,180,467,734,947,1096,1166,1149,1039,845,588,276,-65,-404,-722,-976,-1158,-1251,-1253,-1157,-958,-692,-364,-2,352,682,969,1172,1272,1278,1190,1004,741,416,54,-311,-648,-926,-1132,-1247,-1261,-1168,-973,-720,-405,-60,292,618,882,1062,1155,1156,1059,882,636,344,37,-275,-558,-786,-934,-1007,-999,-904,-733,-513,-269,-1,256,483,662,779,832,814,727,588,405,196,-30,-241,-425,-568,-654,-687,-655,-565,-432,-261,-64,127,293,434,533,572,547,459,321,153,-32,-202,-327,-398,-401,-338,-228,-652,-500,0,493,663,-58,-134,-208,-249,-250,-218,-150,-54,52,151,233,295,326,317,273,205,115,17,-85,-182,-268,-327,-364,-367,-335,-278,-189,-86,20,134,243,328,396,424,429,399,330,228,106,-34,-166,-296,-411,-491,-530,-525,-479,-385,-260,-111,55,222,371,494,579,608,588,520,408,260,92,-88,-258,-416,-527,-599,-624,-597,-525,-407,-251,-86,85,248,396,510,583,612,579,504,402,259,106,-53,-213,-349,-451,-520,-551,-546,-482,-391,-285,-158,-13,127,254,356,431,477,485,454,400,314,205,83,-43,-162,-270,-353,-408,-437,-443,-400,-336,-264,-162,-45,70,171,264,336,381,405,404,245,303,220,124,22,-74,-165,-249,-307,-351,-362,-344,-313,-262,-186,-105,-27,50,126,197,248,285,299,293,282,252,217,167,102,35,-30,-101,-167,-227,-282,-329,-354,-356,-337,-299,-241,-151,-47,59,169,275,379,453,488,495,460,397,301,169,29,-125,-276,-409,-512,-577,-598,-576,-513,-399,-264,-103,68,237,387,512,594,630,621,571,475,347,191,19,-154,-311,-447,-552,-606,-614,-581,-500,-394,-260,-104,48,196,324,431,495,526,527,483,416,326,212,95,-22,-135,-239,-326,-397,-440,-461,-454,-417,-359,-286,-197,-84,34,150,261,366,453,506,536,531,488,407,302,161,-385,-94
39212,mtk,MTK 7916,2424723864,rx1-tx0,512,0,690,655,-72,99,270,436,562,653,703,696,640,527,362,169,-36,-248,-447,-611,-739,-804,-810,-751,-636,-460,-242,-8,222,454,651,794,888,907,847,723,544,310,65,-197,-455,-662,-827,-920,-955,-906,-791,-617,-383,-132,134,389,619,802,927,974,950,861,699,480,233,-39,-305,-541,-752,-908,-984,-984,-913,-771,-562,-319,-46,235,497,700,861,958,969,916,782,594,356,98,-165,-415,-626,-785,-876,-900,-853,-743,-582,-380,-153,84,306,504,650,752,798,777,706,581,419,227,28,-163,-348,-513,-631,-697,-710,-674,-589,-466,-317,-133,58,243,410,541,628,673,659,603,503,366,204,216,-156,-322,-463,-566,-634,-642,-594,-514,-389,-247,-72,102,265,405,507,580,601,576,508,405,270,108,-47,-201,-350,-461,-519,-553,-542,-488,-389,-264,-129,30,163,290,401,467,497,488,446,360,249,126,-8,-127,-234,-317,-376,-402,-391,-356,-295,-218,-124,-36,52,136,197,256,296,315,301,273,235,183,114,47,-32,-109,-179,-236,-275,-291,-287,-262,-223,-164,-86,-4,68,142,197,251,279,271,254,213,152,81,5,-70,-128,-184,-235,-248,-245,-227,-183,-127,-63,9,81,138,179,214,223,211,184,129,67,4,-66,-119,-154,-182,-187,-169,-127,-70,-5,53,97,121,123,39,340,0,-864,-982,-125,-134,-109,-57,6,80,143,188,201,186,151,104,40,-31,-106,-171,-205,-218,-219,-183,-140,-84,-11,60,118,172,206,220,206,183,138,85,28,-28,-86,-136,-171,-191,-195,-188,-165,-125,-82,-43,10,61,104,138,155,180,185,168,148,115,83,37,-23,-73,-119,-164,-190,-200,-205,-187,-155,-115,-64,-4,47,106,151,189,214,218,202,180,144,87,22,-37,-93,-153,-193,-222,-228,-230,-197,-165,-110,-38,14,82,135,186,216,233,230,211,173,125,77,7,-57,-122,-167,-198,-217,-203,-195,-177,-133,-81,-20,32,72,115,143,162,179,174,159,128,95,57,18,-584,-63,-102,-135,-147,-152,-147,-138,-122,-86,-51,-23,19,60,88,111,131,140,143,128,98,84,53,27,-3,-31,-53,-80,-88,-91,-105,-104,-103,-88,-77,-75,-66,-48,-21,2,26,68,91,123,158,175,175,175,169,150,112,55,-20,-90,-173,-243,-285,-323,-340,-326,-274,-195,-101,17,134,246,343,427,461,461,428,358,260,131,-17,-165,-301,-404,-492,-535,-528,-489,-408,-283,-140,5,154,297,416,510,555,562,526,432,317,182,34,-122,-261,-383,-478,-532,-548,-529,-465,-360,-244,-115,28,176,302,411,486,531,551,514,443,348,223,92,-58,-207,-338,-447,-530,-573,338,-110,0,-74,249,642,645,611,520,380,220,32,-163,-352,-524,-659,-740,-764,-736,-644,-505,-323,-104,128,348,551,715,816,851,834,753,600,401,167,-91,-342,-564,-752,-875,-924,-921,-833,-674,-475,-224,41,308,544,744,880,950,955,882,745,549,307,43,-221,-471,-690,-849,-951,-982,-936,-825,-649,-406,-136,134,392,636,820,940,993,968,860,690,472,205,-69,-339,-577,-762,-890,-945,-931,-836,-679,-475,-244,5,249,475,656,779,849,847,779,659,491,303,84,-135,-329,-507,-645,-727,-752,-722,-648,-524,-359,-174,21,211,379,517,626,686,687,643,553,421,259,76,-112,-279,-434,-553,-634,757,-629,-553,-442,-308,-143,45,212,365,486,569,611,602,554,458,331,181,14,-154,-306,-425,-522,-565,-575,-545,-467,-334,-194,-46,114,259,386,466,523,534,498,439,334,199,59,-83,-213,-327,-403,-451,-455,-426,-363,-277,-178,-62,37,138,227,293,337,347,339,304,255,193,120,33,-45,-116,-182,-241,-275,-295,-290,-269,-228,-178,-105,-25,54,126,191,243,280,289,279,249,199,135,44,-34,-100,-167,-220,-255,-262,-247,-214,-178,-107,-31,34,104,162,208,233,236,220,183,133,73,1,-62,-123,-170,-197,-209,-202,-166,-118,-66,3,71,125,162,168,150,114,62,0,-696,-603,0,468,28,-1,51,111,154,176,168,132,72,-2,-71,-135,-185,-214,-219,-201,-149,-83,-17,60,124,171,211,232,220,187,140,78,13,-54,-109,-167,-194,-207,-205,-189,-153,-110,-58,-8,48,104,145,167,181,191,181,156,116,74,35,-22,-70,-119,-157,-177,-190,-189,-172,-162,-127,-79,-26,33,93,143,176,206,216,208,190,148,104,47,-20,-74,-125,-175,-208,-217,-213,-199,-167,-121,-66,-5,54,116,158,210,225,226,220,189,144,84,31,-32,-85,-143,-179,-211,-225,-219,-193,-152,-108,-44,18,72,128,164,185,191,186,175,149,106,63,16,-30,-77,-120,-146,-162,-162,-674,-155,-136,-103,-60,-19,24,61,102,131,142,151,151,135,108,85,53,18,-16,-60,-78,-89,-103,-109,-119,-113,-102,-82,-55,-39,-20,9,34,53,60,74,91,104,113,109,125,118,101,90,70,25,-15,-61,-111,-158,-201,-241,-259,-259,-239,-186,-120,-47,52,152,253,324,384,410,401,358,286,178,51,-78,-207,-328,-425,-491,-513,-498,-432,-335,-213,-58,91,235,371,472,527,549,530,470,367,236,84,-65,-225,-362,-459,-525,-557,-546,-490,-403,-284,-145,1,148,290,398,476,525,537,509,444,351,233,105,-37,-185,-309,-418,-505,-552,-567,-526,-455,-354,-230,-79,911,963
39213,mtk,MTK 7916,2424723864,rx1-tx1,512,0,0,0,-709,-581,-310,39,376,626,717,626,381,44,-300,-567,-693,-641,-430,-112,228,498,638,618,434,146,-171,-442,-586,-570,-407,-142,151,405,545,532,372,120,-169,-411,-538,-520,-362,-102,192,442,572,543,375,105,-191,-447,-591,-580,-412,-136,178,454,613,620,469,193,-129,-414,-608,-653,-524,-265,52,352,567,632,542,315,17,-281,-505,-596,-535,-340,-68,221,441,539,501,334,85,-174,-379,-484,-456,-312,-101,135,339,444,423,293,99,-112,-302,-409,-399,-282,-99,105,277,369,363,269,106,-83,-243,-327,-334,-251,-102,71,215,296,301,228,97,-63,-195,-265,-266,-198,-75,0,190,257,254,177,45,-95,-205,-257,-240,-155,-27,122,237,288,265,166,16,-138,-263,-331,-311,-204,-46,129,277,358,353,266,107,-86,-259,-367,-391,-319,-159,32,208,343,404,364,229,36,-157,-309,-389,-376,-275,-114,75,249,355,367,291,163,-5,-171,-293,-337,-305,-204,-63,92,215,283,275,202,92,-27,-131,-199,-227,-199,-123,-28,64,128,160,151,106,43,-19,-66,-82,-80,-60,-29,1,20,24,13,-3,-19,-28,-23,-3,32,67,95,89,61,19,-38,-96,-137,-150,-138,-91,-15,69,139,190,207,181,125,45,-47,-131,-194,-217,-209,-172,-112,-42,25,83,0,0,0,0,0,124,133,116,72,6,-74,-149,-198,-216,-200,-134,-34,73,173,246,265,226,131,5,-132,-239,-296,-290,-217,-86,68,209,311,345,294,170,1,-171,-308,-380,-351,-238,-71,118,283,387,390,300,137,-66,-256,-390,-425,-350,-185,26,241,395,451,389,227,8,-221,-404,-485,-438,-281,-43,213,414,516,493,344,93,-188,-427,-558,-558,-412,-158,136,408,586,617,494,239,-88,-397,-606,-673,-584,-342,-4,336,592,720,668,436,96,-265,-569,-736,-722,-533,-215,163,501,712,747,600,312,-55,-409,-660,-747,-648,-380,-19,336,603,723,664,431,90,-269,-553,-701,-665,-455,-125,0,531,688,666,473,153,-214,-520,-693,-693,-513,-190,191,521,720,736,566,240,-151,-504,-730,-772,-615,-294,107,480,738,806,664,350,-62,-469,-761,-860,-730,-411,15,443,765,900,798,488,45,-411,-772,-937,-859,-567,-136,337,739,951,919,659,227,-269,-699,-950,-960,-729,-317,167,615,909,972,788,414,-65,-530,-851,-951,-812,-478,-23,436,776,912,811,516,97,-342,-687,-846,-780,-516,-133,274,610,785,750,523,160,-235,-554,-724,-700,-494,-167,201,513,692,684,495,178,-182,-489,-664,-665,-487,-179,173,476,650,658,497,203,-151,-459,-647,-669,-516,-224,124,440,648,690,0,0,0,0,0,-87,-413,-640,-713,-611,-355,-7,346,609,712,637,410,84,-266,-544,-674,-630,-432,-135,192,469,616,593,423,157,-152,-417,-561,-552,-400,-132,167,413,547,530,367,104,-181,-421,-551,-536,-370,-107,190,444,578,557,399,128,-188,-452,-604,-603,-439,-166,159,448,620,636,501,237,-91,-399,-598,-644,-532,-294,17,316,530,613,539,331,44,-244,-472,-571,-513,-335,-78,194,405,503,473,321,93,-155,-359,-459,-439,-306,-91,131,317,419,412,292,100,-111,-280,-381,-381,-278,-102,88,248,345,353,264,104,-75,-228,-320,-325,-242,-100,64,204,291,297,216,84,-57,-185,-262,0,-182,-58,80,194,256,244,159,28,-112,-227,-280,-257,-159,-13,136,250,308,285,187,34,-138,-279,-347,-331,-234,-68,117,268,359,371,289,132,-65,-249,-366,-396,-333,-194,-6,186,333,403,381,261,83,-105,-274,-371,-374,-299,-147,45,213,319,354,305,187,27,-136,-264,-321,-298,-209,-77,65,182,252,258,209,120,9,-98,-171,-194,-176,-120,-41,37,95,124,122,88,41,-3,-34,-53,-48,-26,1,13,12,6,-11,-35,-55,-58,-38,-2,41,87,117,126,100,43,-27,-91,-146,-174,-172,-130,-58,28,110,181,219,222,181,115,34,-49,-123,-173,-190,-181,-148,0,0,0,0,0,-5,53,106,153,181,180,141,71,-19,-111,-193,-240,-237,-185,-88,36,154,247,290,261,171,41,-97,-223,-311,-324,-257,-128,37,198,313,358,325,209,39,-148,-299,-378,-373,-278,-101,105,286,391,406,331,168,-45,-249,-393,-441,-370,-206,13,230,396,460,413,259,31,-221,-411,-500,-466,-311,-68,201,417,532,525,376,120,-167,-420,-574,-590,-458,-200,119,405,595,647,531,278,-51,-373,-615,-708,-626,-390,-57,300,591,735,701,489,152,-220,-537,-733,-753,-579,-258,112,451,693,766,641,358,-12,-373,-636,-736,-656,-407,-65,294,578,707,657,440,111,-243,-538,-697,0,-472,-145,220,526,698,688,498,170,-204,-525,-714,-717,-540,-222,168,517,727,755,593,268,-132,-498,-737,-788,-635,-322,83,477,753,832,695,372,-46,-460,-758,-865,-753,-448,-9,436,767,908,829,526,86,-380,-758,-945,-894,-619,-188,303,720,950,943,702,278,-219,-655,-930,-966,-760,-364,118,565,877,964,797,434,-30,-479,-811,-935,-814,-489,-57,384,726,878,805,529,122,-306,-652,-820,-770,-523,-155,254,584,751,717,506,168,-209,-529,-706,-694,-495,-173,192,501,676,670,483,177,-174,-482,-659,-652,-484,-187,164,473,653,663,494,207,-130,-444,-646,-675,-532,-245,108,0,0
39214,mtk,MTK 7916,2424723864,rx2-tx0,512,0,0,0,7,484,836,972,850,509,34,-453,-824,-970,-858,-529,-65,423,799,962,872,549,81,-408,-788,-955,-865,-552,-96,389,772,948,868,548,75,-411,-790,-960,-873,-548,-69,428,814,986,899,566,81,-433,-832,-1015,-931,-599,-102,424,833,1025,947,617,122,-412,-832,-1022,-941,-610,-116,419,844,1036,944,596,84,-455,-873,-1065,-966,-607,-77,481,922,1123,1030,653,96,-491,-954,-1175,-1095,-722,-159,448,954,1226,1179,824,254,-382,-920,-1226,-1222,-907,-361,276,839,1182,1233,973,457,-178,-749,-1119,-1202,-976,-506,85,648,1040,1163,981,557,-9,-565,-964,-1104,-962,-573,-38,492,887,1047,0,566,65,-452,-840,-1002,-903,-561,-70,435,817,976,889,563,82,-417,-804,-982,-900,-580,-100,416,825,1010,929,598,103,-423,-843,-1052,-991,-667,-152,402,864,1114,1080,757,237,-352,-868,-1169,-1175,-888,-372,246,813,1182,1253,1009,521,-104,-712,-1143,-1290,-1118,-665,-41,589,1070,1289,1187,788,195,-444,-979,-1277,-1258,-925,-378,259,832,1196,1272,1043,572,-30,-616,-1046,-1220,-1105,-732,-197,376,847,1099,1084,826,387,-128,-598,-908,-991,-841,-502,-62,370,699,851,794,562,215,-170,-501,-697,-723,-584,-321,2,309,528,623,582,422,177,-96,-332,-486,-538,-484,-346,-165,27,186,290,332,0,0,0,0,0,350,304,197,30,-170,-363,-512,-579,-541,-403,-178,99,368,568,655,611,435,156,-165,-457,-647,-693,-583,-343,-12,331,599,730,694,488,165,-201,-526,-736,-770,-612,-307,69,437,707,805,698,424,50,-341,-655,-800,-746,-508,-136,273,610,797,778,559,194,-224,-587,-802,-816,-619,-262,169,566,821,863,685,332,-115,-539,-830,-908,-756,-415,38,485,813,934,815,486,36,-426,-785,-948,-866,-563,-115,362,750,949,907,626,190,-290,-704,-941,-929,-687,-270,215,650,919,954,748,351,-137,-587,-890,-968,-790,-421,49,509,834,941,811,476,22,-434,-775,-910,-809,-505,-70,382,0,875,795,505,83,-353,-694,-844,-770,-492,-83,342,683,842,771,488,81,-355,-700,-859,-789,-502,-80,371,729,892,818,529,94,-371,-746,-927,-868,-572,-122,365,757,957,908,617,162,-332,-746,-967,-928,-651,-200,311,737,960,939,669,215,-299,-730,-963,-946,-680,-222,298,734,969,953,685,230,-290,-733,-986,-975,-701,-242,284,737,997,993,726,268,-262,-730,-1005,-1016,-761,-305,234,712,997,1026,784,336,-201,-681,-988,-1034,-807,-370,161,651,970,1031,823,406,-118,-608,-939,-1022,-836,-430,85,577,908,997,834,455,-47,-535,-876,-983,-834,-468,17,501,848,970,837,478,-2,0,0,0,0,0,-974,-845,-495,-11,471,829,972,855,515,45,-437,-807,-963,-872,-550,-76,412,787,953,870,553,89,-402,-781,-952,-863,-543,-80,403,783,955,868,548,85,-406,-795,-974,-885,-556,-77,424,816,997,911,578,88,-431,-840,-1027,-942,-607,-109,420,840,1032,948,613,120,-416,-833,-1021,-936,-603,-101,428,850,1043,950,593,69,-473,-895,-1084,-984,-621,-82,489,945,1151,1062,692,132,-481,-976,-1210,-1139,-779,-217,410,940,1235,1208,868,307,-325,-880,-1212,-1230,-933,-407,219,791,1162,1227,977,482,-122,-694,-1084,-1185,-990,-547,35,602,993,1131,979,572,19,-520,-917,-1069,-939,-567,-53,0,866,1029,913,563,73,-440,-834,-994,-893,-563,-84,416,802,978,894,567,88,-414,-807,-996,-917,-584,-88,427,830,1030,955,621,118,-422,-865,-1093,-1043,-714,-190,387,873,1146,1135,833,307,-304,-845,-1175,-1215,-948,-439,187,766,1166,1280,1070,587,-40,-656,-1114,-1293,-1154,-726,-118,521,1029,1279,1224,865,293,-348,-901,-1235,-1262,-987,-483,140,731,1132,1255,1086,662,83,-503,-954,-1172,-1108,-783,-289,249,714,1003,1046,841,451,-30,-481,-799,-918,-826,-548,-154,264,596,771,759,573,265,-83,-400,-617,-677,-579,-366,-80,211,444,572,578,461,261,27,-192,-360,-450,-453,-378,-255,-113,0,0,0,0,0,139,283,402,479,483,397,228,6,-239,-458,-597,-622,-528,-319,-37,264,517,661,659,517,253,-75,-392,-628,-721,-648,-417,-87,267,565,734,732,552,237,-134,-482,-726,-790,-661,-375,4,387,692,814,726,468,99,-302,-629,-796,-762,-531,-166,244,592,797,797,585,220,-206,-581,-813,-842,-651,-289,147,559,828,881,715,370,-81,-518,-823,-920,-790,-454,2,457,801,943,842,525,77,-393,-767,-947,-888,-600,-161,325,725,940,913,659,231,-259,-681,-924,-943,-724,-314,183,628,909,958,769,386,-98,-556,-871,-956,-801,-453,13,474,808,928,813,492,50,-400,-742,-889,-800,0,-79,358,699,856,780,505,95,-347,-688,-838,-771,-498,-85,351,691,845,770,492,81,-359,-712,-874,-802,-515,-87,372,738,909,843,552,107,-370,-751,-941,-878,-592,-143,350,760,968,920,630,179,-327,-746,-969,-939,-659,-209,296,724,960,942,674,221,-293,-730,-975,-955,-678,-224,287,727,976,961,696,242,-286,-743,-997,-987,-716,-258,273,735,1007,1014,749,287,-251,-726,-1009,-1022,-770,-318,218,700,997,1031,797,352,-183,-669,-980,-1037,-820,-392,138,630,959,1032,833,422,-97,-585,-915,-1006,-836,-443,67,551,890,997,838,462,-36,-517,-862,-977,-832,-475,12,492,840,962,0,0
39215,mtk,MTK 7916,2424723864,rx2-tx1,512,0,0,0,43,-228,-438,-538,-505,-345,-107,157,380,503,493,358,141,-107,-322,-450,-469,-367,-177,49,250,387,424,356,200,-2,-195,-326,-370,-319,-190,-24,140,266,314,279,173,35,-107,-214,-261,-229,-133,-4,107,178,204,178,100,-4,-96,-149,-145,-97,-29,45,115,137,110,40,-45,-120,-159,-151,-88,16,123,201,225,195,107,-30,-175,-270,-295,-250,-136,30,196,318,355,309,183,5,-189,-338,-410,-381,-254,-52,170,346,439,430,312,109,-123,-322,-445,-460,-357,-164,75,290,433,473,387,190,-52,-274,-425,-474,-408,-237,-2,228,394,461,415,261,35,-207,-388,-461,-416,0,-48,176,364,455,435,307,82,-162,-347,-447,-438,-304,-84,150,341,445,434,302,89,-143,-346,-458,-448,-316,-101,143,360,490,484,344,108,-156,-384,-532,-536,-395,-146,151,426,596,614,475,204,-128,-425,-631,-698,-590,-324,27,383,654,773,703,465,99,-296,-626,-808,-803,-587,-232,181,554,817,887,734,409,-11,-431,-753,-904,-846,-583,-188,252,631,862,887,717,389,-28,-436,-732,-858,-787,-549,-192,197,530,731,769,626,347,6,-322,-566,-669,-625,-449,-179,120,377,539,575,487,295,47,-193,-381,-485,-489,-392,-225,-22,167,312,392,394,325,211,76,-46,-139,-199,0,0,0,0,0,-122,-84,-30,37,109,176,219,227,194,128,37,-63,-157,-223,-244,-220,-162,-62,51,154,224,245,214,144,41,-79,-168,-217,-230,-186,-98,6,99,174,214,196,135,54,-33,-111,-166,-172,-139,-82,-8,66,120,137,124,88,34,-17,-59,-90,-93,-72,-38,5,37,42,32,17,0,-11,-6,12,32,39,37,32,11,-37,-83,-110,-116,-104,-56,20,99,165,197,185,125,39,-61,-170,-243,-265,-225,-121,13,133,239,294,279,195,63,-83,-203,-276,-295,-244,-127,10,155,263,301,262,166,31,-109,-225,-287,-269,-186,-60,76,192,245,239,181,72,-60,-177,-247,0,-184,-71,60,178,249,253,186,71,-63,-187,-256,-261,-199,-83,66,199,277,280,205,71,-81,-213,-288,-292,-226,-90,72,220,309,324,248,104,-78,-235,-344,-365,-297,-147,44,229,350,384,321,179,-19,-206,-349,-398,-336,-195,-1,195,341,392,348,199,-8,-212,-358,-414,-348,-190,13,214,375,433,386,227,-14,-244,-417,-499,-440,-263,-14,246,452,544,498,317,59,-225,-461,-586,-560,-396,-124,178,442,600,611,463,199,-120,-412,-601,-644,-529,-288,34,352,581,674,606,388,70,-260,-527,-655,-626,-451,-175,152,437,606,628,498,240,-70,-359,-553,-613,-517,-294,4,0,0,0,0,0,552,510,337,77,-193,-410,-523,-502,-357,-126,135,357,481,483,375,172,-68,-286,-428,-456,-366,-190,21,219,356,401,331,183,10,-164,-297,-344,-302,-186,-33,122,243,290,258,162,24,-113,-201,-224,-190,-108,4,108,164,170,130,49,-41,-107,-138,-129,-72,10,86,138,139,90,17,-75,-156,-196,-172,-93,33,157,240,266,223,117,-30,-188,-300,-331,-282,-157,15,196,344,407,359,215,23,-180,-351,-444,-419,-287,-81,146,339,455,451,331,129,-102,-311,-442,-470,-377,-182,65,293,435,463,389,221,-7,-242,-412,-471,-413,-241,-10,214,382,455,412,263,39,-195,0,-459,-426,-286,-71,170,366,458,431,295,86,-147,-345,-451,-434,-307,-104,136,344,453,439,311,100,-143,-348,-466,-456,-316,-97,162,391,520,510,368,115,-172,-425,-578,-586,-437,-178,134,425,618,663,536,264,-83,-415,-656,-744,-654,-390,-21,351,640,788,747,524,163,-245,-598,-811,-836,-659,-314,104,504,794,897,787,493,82,-345,-705,-898,-881,-657,-290,140,532,808,897,771,474,93,-303,-631,-804,-790,-600,-277,98,427,653,731,637,407,103,-215,-475,-613,-613,-481,-242,34,284,469,548,500,349,133,-93,-287,-415,-457,-408,-292,-129,46,194,288,323,299,234,151,0,0,0,0,0,-91,-142,-180,-191,-172,-127,-56,35,126,197,239,234,189,102,-1,-107,-190,-240,-242,-190,-96,6,104,198,249,237,173,68,-41,-137,-197,-217,-192,-132,-36,69,152,194,191,144,74,-14,-94,-139,-146,-129,-88,-23,40,90,110,105,75,38,-13,-57,-74,-62,-36,-13,2,11,12,4,-7,-15,-15,-6,15,44,69,79,64,19,-37,-97,-143,-165,-145,-92,-8,87,182,230,221,166,77,-44,-162,-245,-277,-247,-168,-43,113,233,287,287,229,109,-42,-179,-273,-305,-265,-153,-7,131,242,293,272,187,52,-92,-208,-265,-259,-187,-63,66,174,246,247,173,55,0,-174,-237,-244,-183,-60,76,186,254,250,181,67,-74,-199,-264,-263,-198,-76,76,205,279,288,215,84,-67,-204,-296,-311,-239,-102,67,229,332,346,270,122,-56,-227,-345,-381,-315,-161,36,219,346,392,343,194,-7,-205,-350,-404,-350,-201,1,203,351,399,341,194,-8,-218,-372,-422,-359,-200,12,230,400,466,406,240,4,-249,-433,-515,-474,-298,-36,228,443,557,527,356,87,-206,-450,-591,-591,-435,-163,150,427,607,633,501,248,-69,-378,-597,-671,-577,-336,-16,307,553,674,625,419,115,-210,-484,-643,-638,-483,-213,114,410,589,615,502,273,-25,-309,-517,-602,0,0
39216,mtk,MTK 7916,2424766705,rx0-tx0,512,-349,559,364,407,508,568,579,533,437,301,139,-50,-238,-396,-525,-612,-639,-604,-524,-388,-213,-12,189,367,513,607,657,642,565,431,252,60,-133,-321,-473,-569,-623,-605,-542,-437,-286,-120,51,214,357,453,508,534,495,420,328,206,75,-61,-178,-280,-363,-422,-442,-427,-403,-340,-253,-152,-26,93,205,314,404,461,493,481,435,353,231,82,-80,-252,-406,-528,-607,-621,-596,-511,-368,-180,22,223,416,564,669,706,671,571,422,221,8,-214,-411,-568,-674,-703,-666,-568,-413,-213,-4,192,370,509,591,613,580,483,351,188,16,-147,-284,-393,-465,-486,-454,-386,-286,-174,-57,63,-511,232,286,310,313,285,242,181,116,49,-16,-82,-132,-166,-188,-197,-199,-193,-183,-156,-116,-73,-27,17,66,132,179,226,262,266,255,220,169,98,5,-90,-178,-261,-329,-360,-357,-330,-270,-190,-81,49,168,267,346,406,423,397,342,255,145,15,-113,-243,-344,-411,-441,-441,-400,-311,-203,-67,70,205,329,415,457,464,434,362,250,108,-37,-176,-297,-394,-460,-480,-447,-370,-264,-132,7,154,281,379,443,462,441,376,269,133,-9,-147,-274,-375,-430,-434,-393,-324,-220,-88,44,173,281,354,392,386,326,235,113,-22,-150,-250,-317,-340,-306,-228,-121,-3,103,176,848,807,1179,156,-181,51,-15,-94,-160,-205,-212,-179,-115,-32,65,154,220,254,256,225,158,72,-19,-115,-191,-242,-274,-274,-241,-165,-74,20,114,182,242,276,267,230,180,104,15,-76,-142,-201,-240,-243,-241,-196,-136,-75,1,72,122,160,194,206,201,194,150,93,34,-41,-90,-136,-184,-208,-216,-200,-167,-115,-45,15,83,142,184,208,227,216,182,135,69,-1,-61,-114,-173,-217,-225,-220,-205,-165,-92,-24,35,105,163,211,241,242,226,176,119,44,-37,-106,-169,-217,-249,-246,-232,-193,-134,-66,9,94,169,219,248,257,242,200,142,68,-12,-91,-160,-213,-242,-256,-250,-214,-330,-95,-15,63,135,194,227,247,251,223,183,127,60,-21,-87,-151,-206,-237,-255,-245,-222,-183,-129,-69,15,92,164,225,267,294,299,276,223,154,67,-28,-133,-229,-312,-373,-393,-379,-340,-259,-156,-22,120,250,359,450,491,496,455,359,226,72,-104,-276,-412,-520,-581,-588,-544,-439,-286,-104,93,292,461,582,651,659,607,484,320,123,-91,-306,-481,-607,-675,-685,-617,-491,-333,-120,88,280,448,559,626,633,571,467,323,144,-31,-207,-361,-472,-538,-571,-540,-460,-345,-208,-67,93,227,346,439,493,505,468,411,317,191,56,-94,-230,-349,-444,-497,-513,-487,-421,994,760,-729,-628,-749,387,251,96,-75,-247,-395,-515,-590,-613,-576,-482,-349,-177,19,206,379,528,621,661,629,543,407,235,41,-161,-349,-504,-598,-643,-630,-559,-430,-265,-87,101,267,418,526,577,575,524,423,296,158,-2,-155,-266,-368,-441,-481,-470,-419,-350,-260,-157,-31,76,180,282,358,418,447,437,406,347,253,139,6,-136,-268,-392,-494,-551,-564,-530,-441,-313,-145,42,227,406,552,646,671,644,552,410,228,5,-220,-416,-571,-674,-705,-681,-580,-434,-231,-6,208,399,555,646,668,629,532,386,207,13,-179,-345,-461,-531,-547,-508,-428,-320,-180,-31,107,230,320,374,398,385,1105,267,178,84,-9,-96,-166,-212,-241,-255,-249,-234,-193,-150,-99,-49,2,46,87,132,168,192,203,203,208,190,155,113,46,-34,-109,-181,-239,-290,-323,-323,-293,-238,-147,-42,61,167,261,340,399,406,368,301,221,108,-25,-153,-267,-355,-417,-445,-435,-389,-293,-173,-43,94,231,345,423,461,455,413,332,215,82,-54,-195,-320,-407,-460,-464,-436,-363,-260,-131,12,159,286,388,451,470,443,370,268,140,-1,-139,-272,-374,-436,-449,-426,-359,-249,-115,30,161,275,367,408,408,367,289,176,54,-87,-211,-302,-361,-372,-334,-255,-146,-12,117,214,270,277,233,155,-33,-263,1145,-1227,-1218,-146,-168,-156,-108,-36,54,137,200,238,240,198,127,40,-50,-143,-216,-255,-265,-244,-181,-109,-24,68,154,234,271,280,249,194,130,42,-53,-134,-207,-257,-276,-257,-212,-157,-79,-6,71,143,185,217,226,206,173,137,84,15,-43,-102,-159,-188,-212,-212,-189,-164,-114,-48,15,74,133,183,213,221,212,172,126,66,4,-70,-129,-173,-209,-217,-206,-188,-149,-83,-14,45,104,177,225,237,235,210,166,110,36,-34,-106,-169,-212,-247,-240,-220,-192,-139,-67,16,95,165,219,244,254,248,205,144,71,-14,-98,-168,-220,-248,-263,-246,-211,-149,-74,-5,75,150,826,247,268,261,226,168,103,37,-35,-106,-169,-218,-251,-252,-233,-201,-154,-86,-16,63,126,190,231,267,276,257,222,167,101,22,-61,-153,-223,-280,-320,-339,-324,-274,-209,-112,0,111,227,329,404,451,444,389,306,190,44,-103,-260,-395,-489,-547,-557,-498,-396,-253,-81,97,280,437,553,615,628,581,468,306,113,-88,-296,-467,-588,-664,-679,-620,-495,-323,-128,82,291,457,593,670,661,604,484,321,136,-67,-254,-409,-529,-590,-597,-558,-457,-324,-175,-20,148,286,407,482,526,519,462,379,265,133,-12,-152,-276,-390,-462,-499,-500,-454,-377,-260,-123,27,178,322,-735,-978
39217,mtk,MTK 7916,2424766705,rx0-tx1,512,87,21,213,104,287,459,597,679,701,671,577,426,233,16,-210,-419,-593,-721,-795,-797,-724,-587,-404,-177,68,310,528,709,836,892,864,763,600,379,124,-149,-426,-660,-839,-956,-988,-933,-794,-580,-327,-40,263,536,775,945,1034,1028,948,788,553,268,-39,-345,-631,-862,-1029,-1105,-1096,-988,-801,-546,-239,104,443,738,977,1142,1205,1164,1024,785,477,123,-250,-606,-905,-1125,-1243,-1257,-1162,-965,-675,-323,52,433,756,1014,1188,1258,1218,1067,824,512,152,-209,-556,-854,-1072,-1195,-1209,-1122,-938,-669,-351,-2,346,652,904,1074,1146,1120,996,781,508,201,-120,-430,-699,-899,-1025,-1054,-998,-865,-689,-402,-118,178,457,685,866,968,994,941,808,617,368,88,-200,-471,-709,-892,-1005,-1029,-970,-824,-609,-341,-33,280,580,838,1017,1109,1104,1000,812,535,212,-141,-481,-781,-1015,-1158,-1192,-1116,-941,-672,-345,20,379,706,965,1133,1201,1153,995,749,437,85,-272,-606,-878,-1068,-1157,-1129,-997,-784,-499,-175,167,492,769,957,1054,1058,962,773,514,216,-104,-401,-649,-837,-938,-941,-865,-704,-481,-225,52,313,530,695,790,799,737,606,420,204,-13,-235,-423,-562,-647,-664,-615,-500,-348,-165,31,221,382,504,562,555,485,357,202,24,-158,-307,-411,-456,-426,-333,-196,-45,97,200,-462,-321,0,327,571,-64,2,85,161,213,236,216,158,81,-16,-109,-187,-245,-279,-280,-239,-181,-99,-7,84,177,251,299,322,312,270,198,109,5,-107,-214,-296,-364,-391,-383,-344,-262,-150,-22,120,250,364,448,488,475,425,334,191,24,-142,-303,-438,-533,-584,-555,-478,-367,-198,-19,162,332,471,569,606,575,497,376,217,39,-139,-320,-452,-548,-588,-573,-507,-399,-243,-66,106,269,410,500,550,553,496,395,258,108,-49,-202,-330,-421,-478,-491,-457,-395,-292,-164,-28,107,226,318,390,420,408,372,305,210,111,4,-109,-212,-293,-346,-371,-373,-345,-281,-190,-91,10,107,200,273,-130,340,340,306,243,175,86,-15,-110,-194,-258,-292,-306,-301,-262,-207,-141,-68,8,88,146,181,222,244,242,227,202,165,119,76,21,-39,-96,-150,-201,-238,-271,-288,-275,-245,-195,-121,-36,58,159,252,326,391,413,398,357,275,166,37,-105,-235,-355,-451,-503,-512,-473,-392,-268,-122,38,200,336,454,531,553,530,464,360,220,59,-106,-263,-397,-495,-538,-540,-499,-416,-291,-140,7,151,287,389,456,494,482,427,345,243,121,-6,-124,-229,-316,-374,-400,-404,-383,-334,-259,-174,-79,24,125,214,298,369,416,428,421,384,299,195,68,-65,-209,-345,-450,-534,-571,-560,-318,504,729,701,640,595,497,344,153,-51,-257,-450,-609,-713,-757,-739,-649,-504,-316,-93,143,367,566,718,816,838,786,674,503,282,29,-236,-476,-686,-840,-919,-934,-858,-699,-484,-221,69,352,616,820,954,1018,984,869,683,433,144,-160,-443,-704,-909,-1034,-1077,-1033,-892,-680,-406,-98,225,537,803,1012,1137,1166,1087,914,670,360,9,-341,-673,-952,-1141,-1241,-1230,-1107,-881,-577,-221,148,510,833,1088,1238,1282,1204,1016,752,422,58,-320,-663,-944,-1142,-1235,-1220,-1104,-887,-594,-252,105,449,759,994,1136,1183,1120,962,728,425,97,-234,-546,-807,-988,-1086,-1095,-1005,-830,-588,-298,11,308,577,261,944,1014,1004,904,731,504,232,-50,-328,-578,-784,-931,-996,-980,-888,-721,-495,-220,77,371,643,857,1007,1073,1041,925,717,439,126,-212,-525,-805,-1018,-1142,-1163,-1070,-883,-612,-280,84,434,750,994,1151,1202,1141,976,715,392,31,-327,-651,-917,-1101,-1186,-1155,-1013,-776,-476,-128,225,547,816,1012,1107,1101,993,788,515,204,-124,-439,-711,-901,-1006,-1014,-921,-742,-503,-219,76,355,597,770,865,876,796,651,457,216,-35,-274,-479,-628,-706,-721,-673,-559,-398,-202,13,224,399,524,595,603,553,450,296,110,-81,-257,-397,-483,-518,-481,-381,-240,-66,110,253,341,363,322,226,528,634,0,-572,-339,152,186,182,142,68,-21,-119,-197,-248,-268,-246,-198,-127,-40,64,155,228,280,299,289,254,182,96,-2,-105,-197,-271,-321,-345,-343,-298,-229,-134,-14,103,222,324,394,438,437,393,306,178,29,-125,-269,-398,-497,-536,-526,-463,-350,-202,-22,168,321,461,561,590,571,494,367,205,20,-166,-326,-460,-557,-589,-583,-509,-385,-236,-55,125,289,434,541,579,567,510,398,255,94,-78,-242,-378,-473,-521,-525,-480,-388,-270,-136,16,153,275,377,439,457,441,380,299,193,67,-53,-165,-270,-339,-376,-391,-376,-325,-252,-155,-52,56,160,251,315,353,362,340,291,215,245,36,-62,-158,-230,-284,-321,-329,-310,-264,-194,-111,-27,62,143,205,245,271,279,263,219,172,123,51,-11,-67,-118,-165,-197,-219,-236,-234,-219,-197,-153,-102,-44,36,107,174,241,300,336,351,331,277,209,111,-13,-133,-254,-358,-427,-465,-460,-416,-339,-222,-76,78,226,362,465,522,541,506,431,324,171,8,-153,-299,-426,-515,-558,-549,-496,-397,-257,-97,63,217,356,460,513,520,495,422,316,192,54,-91,-219,-321,-395,-441,-447,-418,-367,-288,-188,-84,23,125,225,302,357,394,405,384,341,276,190,85,-27,-138,-259,-363,-440,-486,-500,-478,-405,-300,-167,-1,-342,-567
39218,mtk,MTK 7916,2424766705,rx1-tx0,512,0,-254,80,-213,-396,-566,-678,-736,-732,-655,-526,-338,-117,130,374,582,745,842,870,813,673,477,238,-38,-325,-574,-784,-920,-971,-929,-814,-611,-342,-51,254,536,791,960,1033,1020,919,734,466,154,-167,-470,-744,-946,-1064,-1086,-1009,-833,-582,-289,28,348,639,880,1036,1102,1067,925,727,454,125,-207,-526,-800,-988,-1093,-1099,-998,-807,-556,-241,93,413,697,912,1045,1077,1007,848,620,342,42,-278,-558,-769,-921,-985,-955,-854,-676,-432,-158,114,374,600,767,857,884,827,697,510,290,49,-192,-420,-608,-745,-820,-808,-728,-600,-411,-196,36,275,487,648,754,794,758,656,501,303,77,216,-380,-561,-687,-757,-751,-679,-548,-371,-151,73,296,478,624,704,730,671,558,412,220,3,-207,-395,-549,-640,-684,-654,-571,-428,-249,-44,152,334,481,576,626,614,527,414,267,88,-86,-264,-405,-487,-528,-526,-476,-374,-251,-107,29,161,281,357,401,412,390,332,241,141,48,-51,-154,-230,-270,-301,-319,-303,-261,-209,-130,-54,36,120,192,276,311,319,298,248,193,111,13,-73,-154,-233,-284,-294,-296,-265,-201,-114,-38,60,151,218,265,280,265,230,169,91,9,-85,-162,-216,-251,-254,-231,-183,-114,-30,55,127,184,207,218,185,135,64,-16,-82,-136,-150,-123,-642,-666,0,618,183,79,21,-53,-126,-181,-201,-192,-145,-77,0,86,160,208,230,227,193,131,59,-22,-98,-167,-212,-231,-236,-205,-147,-81,-13,59,125,181,215,226,210,174,134,77,14,-59,-122,-161,-192,-206,-209,-197,-158,-115,-58,5,70,128,172,212,232,219,202,172,99,27,-44,-114,-176,-211,-240,-237,-218,-174,-113,-46,22,90,147,183,213,226,224,198,148,91,21,-45,-113,-178,-214,-227,-230,-215,-169,-120,-62,3,71,131,175,211,224,211,198,150,93,23,-56,-112,-153,-196,-218,-218,-193,-149,-100,-47,7,74,130,165,182,187,175,138,100,62,11,-39,-64,-104,-584,-140,-139,-134,-116,-82,-53,-28,12,47,76,96,112,123,115,96,73,61,32,-1,-19,-36,-53,-61,-81,-87,-67,-69,-69,-64,-40,-26,-14,-4,6,36,59,68,83,106,126,124,112,105,89,45,-3,-51,-107,-153,-207,-257,-271,-258,-215,-151,-65,41,146,242,324,378,402,392,330,233,109,-40,-188,-319,-433,-502,-530,-498,-418,-293,-139,24,196,355,479,559,591,562,474,342,190,3,-173,-336,-464,-556,-594,-574,-517,-408,-248,-83,104,273,405,507,567,576,534,443,328,182,15,-150,-298,-429,-519,-562,-566,-522,-447,-319,-174,-6,168,320,460,559,611,622,742,939,0,-624,-673,-663,-578,-445,-257,-55,173,386,569,711,796,812,745,603,401,171,-83,-352,-584,-763,-877,-923,-876,-749,-547,-289,2,291,558,793,939,1006,982,871,676,402,98,-212,-511,-772,-962,-1055,-1052,-969,-793,-533,-233,94,414,697,915,1046,1089,1032,886,663,366,51,-291,-583,-825,-1022,-1106,-1094,-988,-782,-508,-186,151,479,743,950,1076,1092,1013,842,594,291,-31,-350,-632,-847,-982,-1027,-988,-846,-641,-386,-88,198,460,687,840,922,915,838,689,474,228,-34,-289,-509,-682,-799,-841,-816,-721,-566,-363,-120,133,347,530,686,764,795,751,631,467,257,20,-217,-434,-603,-719,-765,757,-685,-525,-337,-117,113,337,523,666,745,751,690,567,388,175,-48,-269,-438,-583,-686,-711,-669,-565,-412,-238,-39,167,351,506,605,652,634,559,428,258,71,-131,-301,-434,-543,-583,-577,-519,-400,-257,-98,68,221,345,426,471,461,426,345,230,121,14,-105,-211,-299,-341,-354,-354,-328,-255,-174,-95,-3,94,164,235,280,313,322,282,242,169,67,-18,-114,-183,-240,-288,-300,-283,-253,-195,-102,-19,64,156,234,272,289,289,244,184,105,12,-69,-145,-211,-251,-276,-265,-212,-151,-72,15,95,168,215,239,225,194,134,65,-15,-95,-150,-186,-187,-161,-108,-32,17,228,-105,0,726,948,-116,-162,-172,-144,-81,-5,77,153,204,222,211,164,100,24,-60,-138,-194,-231,-238,-219,-172,-101,-32,42,120,182,213,227,214,182,137,74,2,-66,-123,-164,-200,-215,-214,-179,-139,-89,-41,14,81,136,179,213,221,211,172,125,72,7,-62,-110,-169,-216,-226,-223,-205,-161,-108,-37,39,108,166,198,224,231,220,185,128,64,-3,-65,-128,-173,-212,-225,-225,-208,-168,-103,-35,28,98,148,190,222,235,218,174,127,74,6,-49,-115,-173,-210,-229,-215,-186,-153,-105,-37,34,99,145,178,193,202,191,151,107,55,1,-59,-104,-129,-147,-167,-151,-136,-116,-674,-28,2,36,81,105,113,121,128,123,101,67,38,4,-22,-52,-70,-89,-107,-102,-86,-78,-65,-43,-34,1,14,13,30,51,61,65,71,77,87,90,72,60,53,39,2,-40,-66,-100,-139,-170,-181,-187,-176,-146,-110,-48,36,121,209,277,325,343,329,287,207,93,-32,-169,-289,-387,-453,-484,-453,-380,-265,-124,33,198,347,470,536,557,530,453,325,162,-17,-204,-365,-477,-558,-596,-571,-501,-376,-218,-36,137,292,446,546,596,596,523,420,283,119,-51,-219,-361,-470,-548,-573,-546,-478,-381,-243,-92,71,230,371,485,558,596,577,510,399,245,81,-102,-598,-165
39219,mtk,MTK 7916,2424766705,rx1-tx1,512,0,0,0,703,856,814,592,232,-190,-577,-822,-881,-749,-450,-42,371,695,861,836,620,261,-145,-517,-764,-826,-696,-418,-46,334,631,768,727,516,192,-180,-497,-700,-723,-570,-274,79,410,643,722,625,386,43,-315,-592,-731,-699,-501,-179,199,532,729,757,620,340,-33,-398,-672,-795,-733,-496,-152,224,552,755,776,622,335,-25,-378,-634,-743,-686,-481,-164,193,482,657,678,548,295,-16,-322,-543,-624,-562,-374,-114,175,418,548,545,420,210,-49,-288,-452,-503,-436,-261,-31,192,364,445,419,292,104,-105,-283,-393,-399,-312,-158,30,214,336,373,315,172,3,-157,-284,-340,-302,0,-30,144,273,333,318,216,56,-124,-265,-346,-338,-249,-96,82,248,362,395,329,168,-24,-212,-364,-443,-410,-281,-87,132,331,462,491,416,244,9,-232,-423,-517,-508,-384,-174,75,313,479,539,489,333,95,-164,-379,-504,-533,-447,-258,-19,216,405,509,510,405,211,-24,-242,-399,-481,-458,-336,-150,61,244,362,409,378,265,97,-73,-213,-311,-340,-288,-185,-62,59,161,226,243,205,128,37,-45,-110,-141,-139,-108,-61,-20,25,50,51,35,17,-4,-14,-10,5,30,53,70,71,55,21,-22,-76,-122,-146,-147,-123,-76,-13,52,111,153,174,175,152,113,67,0,0,0,0,0,-102,-138,-152,-143,-111,-54,21,98,171,212,217,185,115,11,-94,-184,-248,-266,-228,-142,-17,116,222,293,309,248,138,-1,-154,-285,-350,-344,-269,-131,40,200,324,379,355,251,90,-92,-260,-366,-395,-344,-209,-26,160,314,395,380,281,108,-91,-263,-376,-396,-324,-167,42,236,380,445,396,251,38,-189,-384,-501,-503,-377,-161,99,347,534,602,528,330,54,-249,-504,-649,-650,-511,-260,68,385,622,734,685,470,144,-218,-522,-720,-771,-646,-374,-28,331,631,783,755,572,260,-118,-471,-712,-794,-699,-451,-106,261,571,746,749,583,282,-81,-426,-668,-753,-662,-417,0,281,576,738,716,521,206,-164,-503,-728,-776,-637,-352,19,393,687,832,776,524,147,-264,-623,-849,-869,-689,-356,75,501,815,945,859,561,128,-340,-735,-967,-978,-768,-379,108,584,935,1068,960,625,141,-374,-810,-1071,-1087,-853,-423,100,610,986,1143,1040,697,192,-352,-812,-1088,-1122,-905,-468,67,582,953,1107,1014,690,207,-307,-749,-1016,-1054,-845,-446,52,530,873,1006,912,607,166,-300,-688,-909,-922,-716,-347,99,510,787,881,761,462,56,-358,-685,-844,-798,-563,-199,206,564,790,826,665,343,-60,-445,-715,-825,-742,-488,-107,298,626,807,805,605,264,-138,-506,-751,0,0,0,0,0,-504,-121,291,635,844,859,680,345,-69,-468,-759,-881,-801,-540,-163,248,600,813,844,670,352,-35,-413,-690,-793,-717,-469,-119,255,557,721,714,541,234,-126,-452,-663,-711,-594,-332,11,355,621,734,663,433,99,-259,-560,-731,-726,-554,-249,124,468,700,771,667,411,53,-319,-618,-770,-753,-565,-245,130,471,705,772,665,408,65,-289,-567,-710,-695,-522,-236,97,403,605,662,564,343,48,-244,-471,-590,-565,-406,-156,117,352,500,528,428,230,-12,-241,-409,-480,-434,-288,-83,142,330,426,419,319,138,-72,-251,-358,-384,-315,-176,5,182,314,354,306,183,18,-144,0,-326,-299,-194,-41,119,251,327,322,231,70,-112,-261,-348,-362,-287,-128,70,251,368,418,370,233,34,-178,-357,-454,-452,-348,-162,71,293,450,511,463,311,83,-165,-370,-501,-524,-440,-255,-2,249,441,540,523,394,182,-62,-294,-468,-540,-489,-336,-120,122,331,466,503,434,276,66,-144,-326,-441,-459,-378,-226,-32,156,303,377,363,283,161,11,-129,-231,-285,-275,-208,-112,-9,90,165,190,171,127,68,-3,-61,-93,-90,-71,-48,-23,-2,8,9,-1,-21,-39,-40,-20,10,42,78,109,116,99,63,13,-44,-104,-153,-178,-174,-145,-100,-41,23,79,117,133,0,0,0,0,0,79,31,-24,-80,-134,-174,-192,-171,-115,-38,49,134,202,235,228,170,76,-45,-158,-244,-288,-276,-200,-77,63,192,288,335,302,203,59,-98,-241,-342,-372,-315,-197,-36,145,293,373,379,307,162,-28,-201,-327,-392,-362,-244,-72,117,282,369,376,293,133,-65,-247,-377,-417,-352,-196,9,223,393,474,450,309,90,-152,-373,-520,-548,-455,-253,23,303,520,633,599,422,146,-170,-453,-641,-698,-600,-360,-37,302,584,740,724,549,259,-98,-438,-685,-785,-716,-482,-137,239,561,765,789,645,361,-9,-375,-650,-785,-744,-526,-198,170,502,718,756,625,356,0,-356,-627,0,-687,-470,-147,216,536,725,739,585,283,-97,-458,-708,-796,-705,-445,-68,339,670,849,825,608,247,-176,-568,-838,-920,-778,-456,-25,420,779,959,918,661,252,-230,-670,-959,-1035,-876,-505,-14,494,890,1086,1036,752,290,-237,-713,-1034,-1131,-966,-572,-49,477,898,1116,1085,806,339,-208,-697,-1039,-1135,-967,-586,-78,452,866,1081,1046,775,336,-173,-639,-946,-1033,-881,-528,-64,403,777,964,921,665,254,-208,-609,-859,-906,-746,-415,16,434,744,867,785,516,135,-277,-625,-821,-821,-626,-284,127,504,757,826,703,406,18,-370,-675,-820,-769,-541,-178,223,570,788,826,664,351,0,0
39220,mtk,MTK 7916,2424766705,rx2-tx0,512,0,0,0,536,52,-448,-842,-1033,-980,-697,-256,244,692,968,1012,817,436,-43,-513,-858,-991,-889,-576,-129,343,727,934,915,670,265,-196,-611,-875,-925,-749,-391,62,501,818,932,812,496,56,-401,-768,-949,-894,-619,-196,281,690,930,952,743,348,-129,-576,-884,-975,-827,-478,-14,449,805,966,883,576,126,-356,-751,-968,-950,-690,-254,248,696,983,1032,824,413,-108,-616,-984,-1121,-998,-636,-112,455,916,1165,1150,865,374,-208,-749,-1127,-1240,-1075,-658,-87,502,971,1218,1184,884,385,-203,-739,-1098,-1201,-1027,-619,-74,481,914,1137,1087,785,312,-222,-701,-1013,-1085,-893,-495,7,496,864,0,931,630,180,-305,-709,-939,-942,-727,-334,141,577,868,948,800,462,8,-451,-799,-952,-877,-584,-148,323,728,958,956,719,311,-182,-647,-971,-1060,-896,-526,-26,499,920,1132,1084,785,298,-269,-786,-1122,-1206,-1020,-603,-43,535,1001,1244,1200,886,371,-225,-775,-1159,-1288,-1122,-697,-116,487,983,1268,1271,991,490,-119,-703,-1130,-1316,-1215,-848,-299,302,836,1185,1283,1106,698,147,-416,-881,-1154,-1175,-946,-535,-28,462,841,1036,1011,773,384,-70,-483,-773,-893,-822,-588,-243,138,467,687,758,666,440,140,-173,-431,-589,-630,-553,-372,-130,123,336,478,530,491,381,225,54,-95,-197,0,0,0,0,0,-355,-338,-264,-131,44,229,404,531,578,532,391,169,-88,-337,-534,-634,-622,-488,-253,40,330,558,673,654,502,238,-77,-378,-607,-715,-673,-484,-190,145,451,660,729,634,404,89,-249,-532,-691,-697,-541,-269,59,375,602,683,601,383,70,-262,-531,-680,-666,-488,-189,158,475,689,738,609,339,-18,-383,-663,-790,-741,-518,-173,222,568,789,834,679,366,-33,-427,-735,-874,-809,-555,-176,246,620,852,884,709,374,-50,-471,-787,-919,-837,-566,-161,284,668,899,922,733,378,-63,-494,-807,-939,-857,-578,-167,272,653,886,913,728,371,-66,-487,-789,-900,-804,-522,-117,311,0,860,844,631,267,-156,-541,-796,-862,-719,-400,18,432,741,868,781,515,119,-316,-677,-875,-865,-648,-264,186,594,863,934,783,443,-16,-478,-829,-976,-896,-606,-167,325,742,990,1003,774,356,-141,-608,-939,-1042,-892,-534,-51,454,848,1037,979,684,222,-294,-741,-1015,-1051,-828,-405,117,615,967,1086,953,586,67,-466,-886,-1100,-1053,-756,-271,280,762,1067,1125,912,481,-66,-595,-989,-1154,-1041,-681,-158,401,867,1128,1127,861,390,-167,-683,-1045,-1153,-989,-604,-81,463,897,1120,1077,781,301,-246,-729,-1037,-1096,-898,-492,27,540,922,1082,983,656,183,-340,-773,-1022,-1031,-794,-371,0,0,0,0,0,900,1045,942,623,157,-353,-772,-1004,-1008,-773,-354,139,595,912,1013,866,515,46,-429,-797,-973,-911,-630,-201,269,670,909,923,715,334,-132,-564,-852,-930,-780,-445,6,457,798,943,852,552,120,-350,-733,-941,-924,-678,-268,206,633,911,969,786,417,-49,-508,-846,-971,-860,-536,-79,399,778,966,919,638,190,-304,-730,-978,-985,-751,-328,185,661,983,1077,909,514,-16,-546,-963,-1163,-1088,-749,-229,347,854,1166,1210,974,514,-67,-636,-1064,-1245,-1143,-778,-237,353,855,1161,1201,962,503,-68,-611,-1006,-1165,-1060,-709,-198,352,811,1077,1085,846,412,-114,-598,-939,-1059,-925,-573,0,403,792,988,944,674,248,-229,-646,-908,-949,-763,-394,71,518,829,941,830,519,74,-390,-759,-953,-910,-646,-223,261,694,963,1005,804,416,-85,-589,-958,-1102,-997,-658,-156,388,859,1139,1155,911,457,-113,-667,-1073,-1232,-1118,-750,-203,391,901,1214,1256,1014,538,-57,-640,-1086,-1294,-1206,-853,-304,319,872,1226,1306,1109,673,82,-519,-1003,-1273,-1269,-996,-516,70,630,1048,1238,1162,841,357,-191,-683,-1020,-1128,-999,-676,-224,256,664,920,972,816,492,90,-305,-621,-796,-802,-641,-357,-16,316,567,686,657,507,265,-20,-284,-484,-584,-572,-458,-276,-62,142,307,404,427,386,299,0,0,0,0,0,-78,-219,-351,-451,-497,-469,-362,-189,33,266,462,590,621,535,349,92,-190,-440,-612,-664,-585,-388,-106,212,483,652,694,595,367,60,-260,-530,-696,-707,-566,-302,30,356,605,714,670,484,190,-147,-454,-655,-701,-589,-338,-12,314,565,685,639,431,124,-208,-500,-687,-705,-542,-250,95,422,673,774,682,427,67,-308,-625,-802,-794,-600,-271,126,508,771,855,748,468,72,-347,-685,-866,-847,-637,-271,159,552,826,913,784,471,58,-373,-722,-910,-883,-650,-271,170,576,859,945,810,487,60,-383,-738,-921,-888,-653,-275,173,574,840,912,772,452,27,-399,-727,-883,-831,0,-197,226,588,818,850,676,336,-82,-477,-763,-865,-751,-455,-53,369,703,866,824,576,185,-259,-642,-877,-901,-714,-353,104,542,854,966,841,518,70,-409,-791,-983,-949,-691,-256,244,682,962,1024,838,447,-53,-534,-892,-1044,-949,-622,-148,367,801,1038,1019,762,323,-201,-682,-1000,-1078,-895,-493,31,544,932,1100,1006,669,167,-376,-831,-1088,-1088,-832,-377,175,687,1039,1146,982,581,47,-501,-935,-1155,-1096,-776,-281,285,781,1087,1141,929,497,-49,-579,-978,-1146,-1039,-693,-191,353,815,1083,1095,849,401,-137,-637,-980,-1091,-945,-582,-75,439,848,1052,1010,728,277,-236,-689,-978,0,0
39221,mtk,MTK 7916,2424766705,rx2-tx1,512,0,0,0,-359,-97,184,428,566,569,453,242,-21,-271,-455,-545,-507,-354,-130,115,331,462,491,412,246,31,-181,-341,-416,-399,-288,-122,65,224,324,335,275,161,13,-127,-222,-258,-233,-160,-53,59,143,181,166,115,39,-35,-90,-109,-99,-54,5,59,86,82,52,-13,-85,-130,-125,-91,-26,61,144,201,212,167,63,-61,-183,-277,-321,-286,-171,-16,149,297,396,403,307,131,-78,-275,-411,-459,-415,-277,-58,176,370,487,505,412,223,-25,-274,-451,-533,-509,-360,-122,131,357,506,532,437,243,-3,-246,-437,-523,-483,-338,-110,140,357,486,508,420,221,-44,-286,-449,-513,0,-305,-78,171,385,503,504,383,173,-69,-300,-457,-514,-447,-264,-24,215,406,510,500,357,123,-136,-361,-500,-529,-433,-219,49,310,498,571,510,317,44,-242,-482,-622,-615,-453,-184,137,440,650,723,629,383,40,-329,-646,-813,-799,-612,-289,109,503,796,916,836,581,190,-253,-651,-909,-967,-815,-500,-67,384,759,982,1006,811,447,-8,-465,-826,-1011,-991,-769,-381,70,488,809,969,922,685,319,-93,-472,-758,-885,-826,-598,-259,118,452,685,770,696,497,209,-114,-400,-595,-663,-596,-417,-172,93,329,486,552,515,385,198,-7,-195,-335,-410,-413,-357,-258,-136,-18,84,0,0,0,0,0,146,126,87,28,-43,-120,-186,-230,-238,-215,-154,-60,47,143,209,244,238,196,117,8,-107,-197,-249,-250,-209,-131,-24,98,195,247,253,213,130,29,-81,-174,-223,-229,-202,-135,-33,59,136,195,201,166,113,44,-37,-108,-150,-151,-125,-98,-50,2,38,68,91,93,77,64,50,26,-3,-29,-49,-65,-80,-97,-104,-92,-60,-12,46,104,157,200,194,135,58,-26,-125,-217,-258,-259,-213,-120,10,147,246,298,302,246,131,-21,-159,-269,-330,-322,-240,-106,46,182,285,335,311,220,81,-68,-206,-309,-338,-279,-165,-26,121,229,296,283,199,76,-70,-204,-284,0,-225,-110,23,153,252,294,264,169,30,-125,-257,-325,-313,-227,-82,79,223,328,356,294,165,-10,-187,-334,-397,-359,-237,-75,122,300,404,421,339,168,-47,-252,-406,-453,-405,-279,-76,149,338,455,470,362,172,-47,-263,-429,-485,-429,-268,-42,192,377,470,450,324,117,-125,-336,-469,-489,-392,-201,43,292,474,536,476,295,44,-229,-456,-586,-576,-432,-185,106,385,582,652,573,354,45,-287,-543,-680,-675,-524,-244,88,402,635,730,662,435,110,-232,-526,-710,-734,-606,-346,-3,342,602,727,697,516,219,-121,-429,-640,-713,-628,-400,-92,230,494,640,640,500,248,0,0,0,0,0,-493,-597,-567,-417,-178,103,351,514,571,498,309,62,-194,-396,-506,-502,-391,-190,45,254,404,458,406,265,81,-120,-284,-371,-363,-284,-145,19,167,260,296,265,170,40,-82,-182,-230,-210,-140,-56,34,113,153,135,87,22,-46,-87,-92,-69,-28,23,80,104,80,22,-42,-110,-155,-170,-136,-49,70,168,230,250,212,122,-21,-190,-311,-356,-328,-234,-72,119,295,416,451,379,207,-16,-232,-392,-483,-480,-354,-134,107,320,479,535,474,292,46,-206,-407,-524,-521,-403,-192,67,309,474,530,466,292,53,-193,-403,-516,-507,-378,-163,95,318,470,515,447,268,24,0,-417,-518,-491,-351,-129,117,338,489,515,415,223,-17,-259,-442,-518,-474,-315,-80,169,382,505,504,387,172,-89,-335,-499,-547,-462,-259,13,275,485,597,559,384,112,-204,-473,-640,-664,-531,-275,49,386,653,774,714,494,155,-227,-570,-805,-870,-735,-436,-33,385,728,923,919,712,344,-101,-531,-854,-1007,-942,-673,-266,194,623,916,1019,915,628,207,-270,-687,-950,-1019,-874,-562,-147,292,657,885,934,786,489,103,-298,-624,-798,-804,-663,-394,-55,287,545,683,690,564,320,30,-250,-467,-586,-589,-483,-293,-60,168,357,474,501,445,322,158,-12,-163,-264,-312,-309,-260,0,0,0,0,0,66,121,165,201,215,192,136,58,-32,-127,-201,-247,-254,-213,-137,-38,67,165,231,255,233,168,69,-37,-142,-225,-263,-242,-174,-89,11,122,204,243,235,170,82,-11,-103,-181,-229,-228,-169,-77,18,95,156,181,168,133,81,6,-60,-111,-128,-123,-107,-79,-42,-11,28,72,91,86,76,69,67,60,36,6,-36,-80,-121,-139,-135,-114,-72,-4,76,158,218,234,205,139,50,-74,-196,-268,-281,-251,-175,-63,68,204,288,321,298,201,47,-104,-237,-322,-337,-290,-187,-28,135,253,314,318,258,132,-27,-175,-279,-316,-284,-194,-53,94,217,287,292,223,103,0,-181,-277,-305,-255,-152,-9,143,261,318,293,198,57,-107,-245,-330,-336,-265,-122,48,215,327,367,325,202,29,-154,-305,-394,-392,-292,-114,86,275,402,434,371,226,21,-203,-379,-465,-438,-322,-133,99,311,451,482,392,215,-13,-233,-401,-473,-430,-293,-86,152,355,466,467,354,158,-88,-316,-482,-533,-443,-245,6,265,467,562,526,361,112,-169,-421,-581,-614,-507,-278,27,330,564,672,633,450,154,-186,-483,-666,-709,-593,-338,-3,330,593,739,721,532,224,-122,-444,-676,-754,-663,-433,-116,223,513,692,717,583,323,-11,-333,-572,-677,-640,-462,-180,138,407,581,0,0
39222,mtk,MTK 7916,2424846614,rx0-tx0,512,-349,-544,-283,36,-113,-256,-382,-477,-527,-539,-510,-438,-323,-176,-26,135,296,421,509,555,561,518,424,294,134,-28,-190,-337,-453,-529,-557,-530,-459,-349,-213,-68,79,230,347,427,472,476,441,364,280,171,55,-66,-174,-257,-321,-353,-359,-342,-308,-255,-190,-111,-33,43,116,176,229,286,318,325,321,294,253,181,93,4,-107,-223,-312,-381,-440,-463,-443,-376,-282,-158,-4,154,306,423,519,569,574,525,407,258,93,-85,-261,-417,-528,-602,-606,-566,-464,-305,-125,63,238,389,504,573,576,530,438,299,142,-23,-173,-309,-406,-463,-478,-440,-366,-265,-144,-21,99,195,276,324,-511,324,284,214,144,66,-17,-89,-147,-181,-201,-201,-181,-154,-134,-93,-60,-22,18,44,65,81,102,108,106,115,116,100,84,75,47,19,-22,-58,-92,-133,-156,-171,-165,-153,-130,-94,-42,6,65,119,164,186,197,186,157,123,83,34,-23,-73,-113,-140,-157,-162,-165,-140,-113,-76,-54,-18,32,66,103,136,160,170,159,154,138,101,56,-4,-48,-86,-138,-177,-200,-210,-201,-163,-114,-60,9,74,134,188,223,235,228,192,133,74,0,-74,-136,-177,-222,-235,-226,-196,-145,-79,-3,75,143,191,220,220,199,152,86,14,-62,-126,-170,-187,-170,-130,-70,-13,-934,-883,1179,-43,332,8,-89,-191,-270,-309,-298,-237,-138,-9,128,250,343,404,408,355,275,156,7,-142,-278,-388,-461,-491,-475,-399,-277,-125,50,220,375,493,562,568,523,419,269,87,-100,-274,-434,-544,-594,-590,-532,-415,-257,-85,86,261,416,507,559,555,494,399,269,123,-31,-186,-312,-416,-486,-496,-469,-398,-286,-181,-60,75,187,282,363,398,403,378,323,258,165,66,-27,-125,-212,-272,-321,-339,-336,-315,-271,-199,-120,-27,69,160,239,296,335,358,351,309,249,174,74,-32,-137,-232,-306,-358,-385,-380,-335,-276,-195,-84,36,135,234,321,374,401,388,349,279,189,90,-28,-330,-235,-320,-379,-405,-400,-373,-311,-224,-112,0,120,230,319,383,414,419,385,325,241,147,28,-83,-202,-309,-384,-436,-452,-443,-386,-308,-213,-85,49,175,310,407,478,527,523,466,385,269,130,-21,-191,-349,-468,-562,-613,-612,-555,-461,-324,-140,51,237,403,538,647,696,684,616,474,315,123,-93,-302,-487,-636,-717,-744,-705,-608,-463,-269,-46,184,395,565,687,740,733,665,535,356,152,-55,-262,-447,-574,-658,-678,-643,-555,-418,-260,-85,96,260,403,507,562,575,528,458,361,223,78,-71,-202,-319,-412,-481,-507,-487,-443,-361,-257,-132,8,140,266,370,447,492,-1002,-740,-729,764,897,-516,-512,-465,-375,-250,-108,42,191,336,449,523,551,546,482,368,235,84,-79,-242,-386,-494,-554,-566,-529,-448,-327,-182,-18,141,287,400,477,513,509,461,366,254,122,-15,-149,-260,-340,-398,-424,-412,-368,-301,-213,-110,-15,74,147,216,269,302,311,311,287,253,210,148,69,-12,-92,-171,-244,-311,-359,-391,-402,-357,-289,-204,-91,46,186,312,412,491,525,513,448,352,210,46,-120,-295,-435,-534,-593,-602,-548,-433,-283,-111,75,246,416,537,596,601,549,454,314,137,-46,-211,-356,-458,-520,-526,-489,-407,-288,-152,-4,142,254,349,397,409,377,317,238,144,1105,-56,-141,-203,-245,-269,-271,-243,-193,-146,-95,-30,24,67,109,133,138,151,136,124,103,82,64,28,14,-3,-37,-65,-82,-105,-124,-136,-143,-138,-131,-103,-63,-14,36,79,124,165,183,189,183,160,123,75,20,-48,-105,-144,-168,-191,-187,-167,-133,-94,-51,-10,36,83,112,131,144,164,162,142,125,93,57,7,-36,-73,-118,-154,-177,-186,-177,-166,-144,-92,-39,23,87,145,181,208,219,210,185,136,70,0,-69,-137,-182,-218,-240,-234,-195,-149,-82,-1,70,136,185,221,229,216,179,126,55,-26,-100,-160,-198,-210,-198,-157,-97,-26,45,102,137,138,26,304,1145,1227,1171,-215,-229,-189,-107,11,134,247,328,367,350,290,195,65,-83,-218,-329,-412,-452,-431,-373,-270,-137,23,182,333,443,517,535,501,409,277,108,-70,-241,-401,-521,-584,-583,-532,-425,-264,-81,105,288,437,537,575,572,524,410,265,109,-76,-236,-372,-468,-513,-523,-484,-402,-295,-151,-3,130,262,352,408,447,438,388,316,217,102,-13,-118,-208,-280,-340,-363,-366,-343,-286,-219,-133,-38,47,132,217,280,322,341,335,315,264,190,107,11,-93,-190,-259,-321,-363,-370,-348,-300,-224,-131,-25,91,192,273,346,392,391,368,326,242,142,24,-87,-193,-286,-348,-391,-398,826,-328,-251,-153,-39,71,181,277,348,393,410,398,346,271,171,66,-54,-167,-268,-347,-401,-427,-420,-397,-324,-228,-113,7,131,251,341,420,475,479,462,401,292,179,34,-123,-259,-381,-485,-545,-571,-556,-481,-364,-224,-54,122,289,437,563,646,661,625,533,407,239,33,-164,-367,-522,-627,-705,-719,-664,-552,-382,-181,37,253,448,611,720,764,742,645,500,307,87,-126,-327,-506,-635,-704,-715,-671,-557,-392,-202,2,195,361,496,582,625,616,548,444,300,146,-18,-182,-308,-426,-501,-532,-524,-479,-401,-297,-175,-28,105,228,339,423,472,490,464,411,327,213,77,703,971
39223,mtk,MTK 7916,2424846614,rx0-tx1,512,87,-313,-519,279,110,-70,-259,-442,-583,-688,-740,-730,-673,-534,-355,-155,77,305,508,677,799,856,842,754,610,413,174,-81,-325,-554,-750,-874,-938,-925,-834,-684,-476,-223,51,325,577,787,936,1009,998,909,753,534,270,-14,-297,-556,-784,-942,-1035,-1044,-971,-829,-614,-361,-74,219,494,744,934,1062,1101,1048,923,735,477,164,-144,-450,-723,-933,-1088,-1148,-1113,-995,-802,-540,-223,104,417,699,925,1080,1152,1124,1012,824,569,271,-50,-366,-650,-873,-1027,-1114,-1115,-1016,-829,-592,-310,-5,304,587,811,970,1054,1056,983,821,597,338,51,-232,-501,-723,-884,-974,-992,-938,-809,-620,-387,-129,-689,388,611,785,898,952,932,837,682,480,237,-24,-286,-521,-723,-877,-962,-984,-928,-792,-600,-357,-86,203,485,734,930,1053,1091,1039,905,687,409,94,-247,-558,-837,-1053,-1174,-1198,-1121,-939,-682,-364,-10,352,680,940,1119,1201,1181,1059,847,553,220,-122,-454,-745,-971,-1092,-1119,-1059,-911,-683,-399,-85,211,488,722,883,974,976,891,733,530,280,16,-247,-473,-645,-768,-827,-815,-731,-591,-409,-197,22,234,412,558,655,695,672,599,474,309,133,-68,-251,-407,-526,-593,-610,-566,-471,-332,-169,16,195,348,467,537,545,491,383,227,44,-131,-284,-390,-433,-401,-306,-175,-32,382,162,0,-202,-440,-63,-1,72,135,181,203,192,158,93,16,-60,-128,-178,-214,-227,-213,-179,-132,-73,-8,58,123,174,215,246,249,232,202,154,90,16,-66,-145,-221,-291,-334,-354,-336,-292,-221,-116,14,143,269,382,459,494,490,434,332,190,28,-140,-310,-457,-549,-597,-586,-518,-402,-243,-65,124,293,433,539,595,599,545,454,309,134,-43,-218,-365,-485,-558,-577,-554,-479,-371,-229,-65,100,244,371,462,510,521,484,395,292,168,24,-117,-239,-340,-410,-454,-453,-414,-349,-261,-145,-21,95,203,288,352,392,381,352,304,222,134,38,-67,-154,-235,-293,-322,-323,-301,-261,-202,-130,-48,32,111,173,225,253,256,248,222,172,117,60,-6,-60,-109,-145,-165,-173,-174,-159,-130,-106,-78,-48,-23,-10,6,29,45,66,84,104,130,147,162,169,167,151,122,75,14,-51,-127,-192,-252,-309,-330,-329,-304,-242,-166,-61,56,172,284,378,443,470,456,413,321,195,53,-101,-246,-374,-477,-541,-565,-535,-456,-341,-194,-33,131,289,422,518,565,573,533,443,323,173,15,-143,-282,-403,-480,-523,-517,-472,-398,-292,-168,-39,84,200,300,364,404,419,402,363,302,231,149,54,-38,-128,-214,-287,-352,-397,-421,-415,-387,-339,-254,-148,-17,112,245,366,467,526,347,504,-761,-631,-577,-643,-667,-640,-548,-403,-230,-21,181,383,569,691,777,806,757,646,487,280,42,-207,-438,-631,-786,-878,-900,-848,-739,-555,-328,-73,195,455,673,850,959,983,935,808,621,379,102,-182,-457,-696,-882,-992,-1028,-981,-869,-687,-443,-173,121,395,652,861,1000,1072,1046,952,781,550,276,-30,-330,-599,-833,-1015,-1107,-1108,-1042,-880,-651,-370,-43,278,576,832,1035,1144,1157,1080,922,692,409,88,-240,-543,-802,-995,-1106,-1135,-1077,-927,-707,-441,-146,169,479,735,928,1058,1097,1055,920,717,464,175,-120,-406,-665,-858,-986,-1035,-1007,-898,-720,-492,-228,47,318,563,756,891,953,261,877,741,545,312,58,-209,-456,-663,-826,-922,-955,-913,-805,-641,-424,-176,95,371,614,816,953,1025,1017,926,759,530,249,-59,-364,-647,-887,-1051,-1146,-1132,-1021,-831,-554,-231,118,462,764,1004,1160,1221,1172,1011,767,460,116,-240,-576,-859,-1062,-1161,-1166,-1075,-886,-624,-312,11,329,619,850,1003,1056,1017,903,714,473,197,-92,-369,-590,-761,-873,-904,-861,-740,-567,-355,-118,125,344,531,667,740,754,705,599,453,262,58,-143,-326,-480,-578,-637,-645,-590,-487,-338,-165,24,206,365,483,556,582,543,447,309,136,-50,-223,-370,-472,-503,-471,-377,-236,-67,100,228,305,316,-711,-790,0,554,405,131,162,159,124,68,-8,-81,-149,-201,-223,-218,-184,-136,-69,1,75,135,183,214,226,225,200,158,109,43,-30,-99,-162,-217,-258,-279,-284,-262,-222,-156,-66,35,142,239,331,400,433,419,370,278,149,4,-147,-297,-427,-517,-558,-549,-490,-369,-213,-40,143,311,456,554,607,600,526,415,270,99,-80,-247,-400,-518,-578,-589,-548,-463,-342,-180,-17,155,312,425,510,547,536,481,393,262,117,-29,-184,-308,-402,-468,-493,-473,-416,-329,-220,-95,40,165,266,348,405,417,406,358,282,196,81,-38,-137,-227,-296,-330,-352,-344,-305,-247,-168,-81,8,93,173,240,245,296,292,268,225,169,87,12,-52,-116,-170,-202,-223,-221,-201,-172,-129,-83,-41,4,52,78,96,107,116,112,110,115,106,100,90,82,77,59,35,1,-40,-84,-132,-174,-216,-240,-251,-239,-203,-163,-92,4,92,195,278,345,395,403,386,334,245,126,-11,-142,-268,-386,-472,-517,-517,-472,-391,-272,-127,32,197,344,462,543,571,557,501,397,262,102,-60,-227,-364,-468,-537,-563,-536,-472,-366,-234,-91,58,190,308,397,456,474,455,415,333,237,138,29,-79,-175,-256,-318,-365,-389,-388,-369,-327,-269,-196,-108,-6,102,202,305,390,457,485,487,454,383,279,268,484
39224,mtk,MTK 7916,2424846614,rx1-tx0,512,0,337,34,-75,110,288,454,591,674,724,702,636,504,319,116,-110,-330,-528,-694,-812,-846,-817,-722,-559,-342,-89,169,420,633,803,918,940,888,763,570,323,47,-233,-491,-715,-899,-994,-988,-916,-771,-553,-280,-9,274,544,764,920,1002,1000,920,757,536,279,-2,-285,-553,-764,-918,-1010,-1006,-916,-763,-536,-266,19,312,564,777,929,1005,979,893,727,489,218,-56,-329,-578,-764,-885,-931,-900,-787,-614,-397,-148,98,322,520,675,777,815,763,662,522,345,160,-46,-243,-405,-541,-643,-682,-671,-609,-507,-370,-219,-38,139,311,459,570,632,643,610,533,424,267,88,-91,-267,-419,216,-626,-661,-629,-541,-427,-257,-81,110,281,429,551,620,635,602,513,380,220,44,-142,-307,-436,-535,-594,-591,-557,-482,-346,-175,-4,163,313,433,509,550,535,478,400,272,133,-16,-172,-291,-397,-469,-495,-472,-418,-330,-213,-89,41,159,261,343,379,388,380,330,267,191,83,-25,-118,-199,-266,-302,-321,-321,-292,-254,-190,-97,-5,71,149,202,263,296,302,289,251,185,103,24,-65,-149,-213,-254,-278,-279,-251,-208,-140,-70,11,96,165,218,248,266,244,208,157,82,2,-84,-155,-197,-232,-247,-221,-177,-121,-45,34,110,170,201,202,176,121,54,-12,-75,-117,630,676,0,-790,-425,127,61,-37,-132,-214,-270,-283,-250,-185,-93,17,131,230,288,322,323,286,213,115,3,-103,-201,-277,-332,-355,-333,-284,-214,-121,-5,94,195,280,324,359,350,313,255,168,68,-46,-144,-243,-323,-369,-379,-357,-314,-237,-152,-35,82,191,295,365,405,406,384,330,237,122,-9,-138,-256,-346,-401,-431,-423,-380,-292,-177,-57,59,184,293,365,404,404,385,325,236,132,29,-75,-177,-258,-326,-362,-368,-336,-282,-211,-108,-5,84,172,247,308,341,340,313,266,200,103,7,-79,-173,-242,-281,-306,-302,-268,-212,-150,-78,1,84,158,217,239,244,239,214,170,121,-584,-5,-74,-127,-157,-184,-200,-205,-177,-144,-102,-49,11,56,93,127,136,150,146,121,98,66,19,-24,-52,-79,-79,-87,-85,-68,-47,-26,-12,13,18,12,15,7,-16,-39,-51,-55,-64,-66,-46,-10,33,74,116,162,186,193,192,158,102,32,-35,-117,-204,-282,-329,-336,-338,-278,-187,-93,28,157,269,371,440,469,470,407,314,185,46,-106,-269,-386,-501,-556,-554,-517,-443,-307,-146,22,192,348,471,564,603,590,524,415,271,97,-79,-233,-387,-511,-585,-607,-578,-515,-406,-266,-100,72,227,366,479,551,580,566,518,432,300,147,-12,-173,-329,-447,-537,-589,-703,-955,0,585,679,636,648,606,518,377,204,6,-203,-395,-570,-691,-774,-794,-735,-617,-448,-231,9,245,478,675,825,899,893,810,657,461,206,-64,-333,-579,-771,-913,-968,-942,-841,-673,-445,-163,122,394,646,849,960,996,968,846,655,416,145,-141,-415,-661,-842,-964,-1010,-978,-862,-665,-425,-133,163,429,664,854,971,1014,959,826,634,388,103,-179,-438,-683,-863,-955,-968,-909,-763,-562,-321,-57,209,455,651,797,874,868,792,659,479,268,35,-196,-388,-552,-664,-723,-735,-676,-574,-445,-272,-87,97,270,416,535,617,665,646,585,467,318,148,-30,-205,-361,-501,-603,-650,-647,-591,-486,757,-180,-1,194,355,498,602,647,644,578,470,332,160,-22,-208,-372,-501,-586,-631,-615,-538,-423,-290,-121,53,217,376,500,566,582,555,481,366,234,73,-94,-229,-360,-456,-509,-530,-495,-417,-320,-190,-42,104,231,340,408,446,449,408,344,247,130,27,-89,-189,-264,-323,-362,-351,-325,-283,-211,-128,-49,43,115,184,257,290,299,293,261,212,147,59,-24,-106,-185,-244,-276,-292,-289,-258,-196,-128,-47,38,117,184,238,259,273,249,209,156,89,9,-74,-140,-200,-238,-252,-237,-194,-142,-83,1,83,141,192,222,222,190,137,62,-9,-86,-142,-169,-166,-134,-75,-245,70,0,-608,-908,-148,-211,-232,-208,-149,-59,50,152,235,294,313,293,229,134,31,-82,-185,-269,-319,-338,-321,-273,-198,-104,10,114,202,270,330,355,336,301,215,125,31,-80,-173,-260,-326,-366,-369,-349,-299,-211,-102,14,113,218,296,370,413,400,363,284,181,65,-52,-158,-265,-355,-410,-426,-405,-348,-258,-150,-28,99,224,327,389,417,415,383,307,209,101,-15,-125,-236,-317,-362,-382,-372,-325,-257,-166,-72,35,126,204,283,340,354,337,304,238,161,63,-36,-124,-202,-268,-313,-317,-312,-278,-213,-134,-52,44,130,196,249,278,283,269,234,174,96,30,-40,-106,-159,-193,-674,-242,-232,-191,-139,-87,-23,37,94,131,168,187,184,161,142,96,58,18,-38,-70,-97,-111,-130,-113,-98,-67,-40,-24,9,28,41,41,53,43,19,3,-7,-25,-36,-26,-8,9,27,61,94,116,125,120,106,72,13,-34,-94,-163,-213,-252,-264,-266,-234,-164,-64,38,145,265,337,383,413,394,343,266,144,13,-137,-276,-388,-472,-512,-522,-463,-373,-257,-87,68,219,371,493,560,590,563,496,373,219,43,-139,-306,-440,-548,-607,-609,-562,-481,-343,-185,-7,158,314,440,538,591,589,544,462,338,190,34,-126,-265,-400,-507,-565,-588,-566,-492,-390,-262,-103,704,302
39225,mtk,MTK 7916,2424846614,rx1-tx1,512,0,0,0,-714,-615,-369,-30,317,593,736,697,482,146,-221,-534,-718,-731,-571,-274,96,439,666,736,628,369,15,-337,-604,-720,-653,-425,-99,248,538,694,668,478,173,-177,-485,-669,-689,-539,-248,109,432,644,704,592,325,-23,-370,-629,-734,-659,-421,-74,301,595,741,717,515,188,-178,-510,-726,-764,-620,-323,50,415,679,776,690,444,92,-279,-571,-733,-729,-546,-234,121,437,651,713,607,357,42,-275,-525,-640,-602,-426,-156,138,388,538,553,435,226,-25,-252,-412,-475,-418,-255,-49,153,316,391,365,245,67,-116,-255,-332,-322,-223,-82,67,204,287,287,211,93,-48,-168,0,-238,-194,-97,37,157,232,243,196,96,-27,-141,-214,-237,-197,-108,9,124,209,234,195,112,3,-106,-192,-229,-210,-132,-25,91,191,248,230,152,47,-74,-190,-254,-253,-199,-91,38,162,258,294,250,150,6,-130,-241,-309,-314,-236,-101,53,198,299,333,302,209,64,-92,-227,-313,-338,-284,-176,-37,109,230,305,322,271,164,34,-104,-224,-283,-276,-235,-156,-33,92,182,237,247,209,139,43,-61,-150,-209,-230,-209,-143,-62,23,101,162,194,199,161,97,17,-62,-129,-172,-191,-187,-142,-70,3,75,139,182,195,182,145,88,23,-42,-97,-133,-150,-150,-126,0,0,0,0,0,-7,-12,-20,-30,-28,-19,-6,9,33,48,43,29,16,-9,-38,-59,-70,-70,-47,-11,27,64,98,113,97,57,5,-50,-100,-131,-136,-108,-61,3,65,109,126,114,82,38,-18,-68,-112,-122,-101,-57,-1,50,81,90,75,27,-29,-71,-94,-88,-40,18,69,113,134,119,65,-14,-106,-184,-227,-212,-140,-36,90,220,308,324,263,136,-32,-203,-333,-398,-382,-274,-95,107,290,415,443,376,219,5,-217,-391,-482,-476,-354,-140,107,329,476,515,437,255,24,-219,-412,-505,-481,-347,-133,113,343,478,494,398,212,-31,-269,-433,-475,-409,-241,-11,224,401,480,0,284,63,-186,-393,-507,-486,-339,-102,160,396,540,558,427,175,-114,-382,-575,-628,-518,-277,41,351,585,686,624,399,75,-270,-563,-735,-732,-542,-210,176,524,754,808,667,360,-48,-449,-737,-865,-792,-523,-121,314,670,873,867,662,298,-147,-557,-829,-907,-770,-445,-14,424,764,916,846,580,181,-271,-650,-866,-874,-671,-307,114,514,787,858,723,418,18,-380,-684,-816,-742,-484,-124,262,586,759,733,521,182,-196,-519,-712,-723,-552,-253,111,450,674,720,585,317,-27,-369,-622,-716,-628,-385,-45,302,575,705,665,459,138,-215,-518,-683,-683,-519,-220,132,448,655,697,0,0,0,0,0,-25,-365,-623,-729,-665,-432,-92,271,568,734,726,539,214,-160,-490,-694,-736,-606,-328,33,383,629,723,641,403,68,-283,-559,-696,-658,-456,-145,211,510,674,668,502,207,-145,-466,-671,-709,-571,-287,72,403,645,734,632,370,19,-343,-614,-736,-683,-464,-126,248,561,738,740,568,257,-122,-464,-702,-777,-659,-387,-26,336,621,755,709,497,167,-200,-509,-691,-713,-567,-292,45,366,590,669,601,398,103,-214,-467,-600,-587,-444,-200,82,329,473,507,438,262,24,-210,-372,-433,-392,-253,-65,125,276,361,343,238,79,-86,-219,-296,-305,-229,-92,57,186,267,278,214,0,-40,-163,-240,-254,-196,-93,33,149,227,243,195,103,-14,-132,-212,-234,-198,-106,8,115,196,229,201,118,8,-104,-193,-234,-219,-141,-23,99,195,246,240,180,70,-64,-184,-260,-276,-232,-124,20,156,253,304,284,191,57,-96,-227,-310,-330,-272,-152,-4,147,271,343,337,256,124,-30,-174,-279,-328,-313,-229,-103,32,163,263,305,284,211,97,-37,-154,-231,-263,-250,-190,-89,25,123,196,235,230,179,104,9,-84,-158,-202,-213,-187,-129,-42,52,125,174,197,186,145,81,11,-68,-142,-196,-204,-184,-139,-82,-9,64,126,170,190,180,149,99,48,2,-40,0,0,0,0,0,23,25,16,1,-12,-24,-31,-31,-27,-13,14,35,51,61,53,28,2,-30,-63,-88,-96,-77,-34,13,56,95,117,113,86,36,-22,-76,-118,-135,-122,-71,-9,40,88,121,129,96,49,-7,-60,-101,-106,-87,-46,12,59,84,82,61,17,-42,-86,-109,-108,-70,12,93,151,180,161,93,-12,-124,-212,-265,-273,-211,-78,73,216,320,361,324,203,31,-157,-317,-412,-414,-324,-151,60,261,414,489,449,298,70,-166,-364,-488,-497,-388,-198,43,276,442,508,459,306,72,-174,-375,-488,-490,-370,-161,76,300,453,492,410,228,-6,-228,-400,-476,-428,-270,-43,0,395,483,455,304,77,-177,-394,-519,-513,-380,-142,137,390,555,582,468,231,-71,-370,-580,-660,-573,-342,-26,302,574,708,668,463,147,-219,-547,-746,-760,-603,-295,101,486,759,845,730,439,38,-380,-711,-877,-840,-597,-209,231,621,863,897,716,372,-71,-491,-793,-912,-815,-514,-91,351,716,904,877,636,241,-194,-582,-839,-877,-707,-371,50,450,728,842,748,467,75,-320,-630,-783,-738,-507,-156,230,557,739,733,549,226,-150,-475,-676,-721,-583,-292,69,405,634,707,611,354,8,-335,-595,-709,-645,-424,-102,255,547,701,674,483,174,-174,-478,-668,-691,-543,-259,83,0,0
39226,mtk,MTK 7916,2424846614,rx2-tx0,512,0,0,0,232,728,1047,1107,893,455,-99,-626,-999,-1117,-956,-566,-37,505,915,1088,991,645,131,-404,-818,-1028,-987,-687,-206,317,741,975,959,692,247,-260,-696,-942,-944,-699,-271,234,677,943,960,729,302,-201,-660,-954,-1004,-793,-375,145,630,954,1032,845,443,-76,-573,-919,-1030,-875,-500,7,512,880,1011,878,511,12,-490,-871,-1021,-897,-540,-41,480,881,1054,954,604,92,-456,-896,-1112,-1038,-697,-178,399,888,1159,1139,832,318,-279,-818,-1160,-1210,-967,-478,135,710,1100,1225,1059,622,37,-540,-981,-1183,-1087,-726,-199,375,854,1119,1093,793,301,-254,-736,-1026,-1055,-818,-373,156,637,0,1028,831,423,-87,-574,-910,-1010,-848,-469,33,525,880,1012,892,531,28,-481,-868,-1041,-945,-603,-104,432,867,1086,1027,710,205,-367,-867,-1156,-1156,-868,-350,266,824,1192,1285,1064,570,-71,-708,-1182,-1375,-1240,-802,-164,518,1078,1395,1385,1039,437,-270,-909,-1329,-1446,-1228,-707,-16,676,1208,1446,1353,941,304,-392,-990,-1366,-1419,-1141,-607,61,708,1184,1387,1270,869,278,-361,-910,-1236,-1273,-1025,-560,10,559,969,1145,1062,750,282,-224,-655,-923,-973,-804,-468,-46,360,662,808,772,565,240,-114,-422,-620,-674,-582,-367,-88,193,419,551,569,473,298,84,-128,-292,-385,-406,-363,-271,0,0,0,0,0,-304,-325,-297,-209,-70,101,275,417,494,488,392,213,-17,-253,-444,-551,-549,-434,-223,46,306,509,599,558,394,144,-148,-407,-581,-623,-525,-304,-5,296,523,636,601,417,136,-170,-439,-607,-630,-489,-229,85,375,575,631,520,278,-41,-362,-590,-669,-578,-337,1,359,641,760,695,458,92,-303,-635,-828,-823,-618,-261,169,570,841,908,757,422,-19,-461,-792,-937,-855,-565,-130,330,709,921,913,681,274,-203,-632,-896,-941,-767,-401,73,534,860,969,845,516,50,-423,-791,-970,-915,-633,-192,292,702,943,950,725,321,-162,-604,-902,-972,-800,-433,36,498,841,969,853,0,78,-396,-768,-942,-877,-593,-160,312,703,911,890,643,231,-241,-656,-900,-912,-692,-299,176,613,891,945,751,361,-122,-573,-888,-974,-813,-439,46,529,881,998,864,512,27,-470,-847,-1014,-924,-591,-106,405,819,1021,961,655,174,-353,-789,-1029,-1005,-716,-239,298,762,1032,1033,773,306,-251,-741,-1044,-1077,-836,-378,184,712,1062,1137,926,484,-91,-648,-1047,-1186,-1030,-609,-24,564,1007,1208,1110,726,165,-439,-941,-1206,-1169,-837,-299,315,847,1171,1201,931,427,-183,-736,-1095,-1196,-998,-546,37,604,1014,1170,1025,628,75,-483,-921,-1125,-1040,-688,-170,384,842,1081,1041,744,257,-300,0,0,0,0,0,-1085,-848,-395,165,672,1014,1116,933,507,-39,-567,-957,-1109,-984,-610,-89,450,868,1066,984,657,173,-344,-775,-1010,-978,-689,-229,281,719,966,953,699,269,-236,-681,-945,-956,-720,-293,218,672,951,984,756,330,-177,-645,-958,-1024,-819,-406,114,608,942,1034,864,471,-52,-554,-903,-1024,-888,-516,-6,501,874,1017,894,538,35,-480,-873,-1033,-918,-563,-63,473,885,1074,992,645,120,-443,-900,-1136,-1085,-766,-252,342,865,1166,1178,901,398,-209,-767,-1134,-1227,-1019,-561,34,611,1042,1210,1077,681,121,-468,-926,-1153,-1098,-772,-257,313,794,1068,1070,806,345,-199,-683,-984,-1034,-827,0,118,602,932,1021,841,443,-64,-555,-897,-1007,-862,-496,-1,499,877,1030,915,566,65,-462,-873,-1059,-983,-655,-149,412,871,1112,1079,771,264,-324,-851,-1177,-1208,-944,-449,176,775,1193,1339,1152,675,34,-621,-1140,-1397,-1319,-923,-304,398,1011,1383,1425,1139,584,-120,-797,-1281,-1456,-1297,-836,-173,535,1111,1421,1397,1051,453,-241,-868,-1285,-1417,-1222,-747,-106,546,1062,1328,1296,969,431,-193,-757,-1127,-1227,-1061,-674,-141,398,820,1045,1033,793,390,-84,-512,-799,-894,-799,-524,-151,234,545,719,724,576,316,-6,-312,-529,-623,-584,-428,-198,54,283,446,513,484,369,208,40,-104,-206,0,0,0,0,0,27,-91,-218,-337,-418,-435,-379,-245,-62,145,344,493,543,486,332,107,-150,-381,-536,-579,-499,-310,-50,235,466,593,593,468,228,-71,-359,-567,-639,-566,-366,-74,236,487,623,613,463,198,-124,-409,-589,-624,-502,-260,51,352,571,642,547,302,-25,-357,-597,-704,-636,-396,-39,338,640,796,762,532,166,-243,-611,-847,-882,-696,-340,96,519,823,934,812,495,57,-399,-760,-945,-897,-626,-204,265,674,914,934,725,338,-131,-576,-884,-968,-808,-458,5,472,822,972,880,570,119,-363,-760,-970,-942,-684,-255,230,663,931,973,771,380,-103,-557,-870,-966,-825,-483,-23,445,0,953,870,566,121,-348,-729,-929,-889,-621,-197,274,680,910,903,664,259,-218,-632,-891,-923,-725,-336,140,586,888,957,782,405,-83,-547,-871,-983,-841,-481,10,493,853,1009,903,554,65,-443,-838,-1021,-945,-624,-135,383,795,1013,973,683,206,-323,-775,-1035,-1022,-737,-266,272,745,1032,1057,807,343,-216,-725,-1048,-1108,-890,-435,139,682,1054,1164,982,549,-28,-604,-1032,-1205,-1074,-669,-93,511,986,1215,1141,780,221,-391,-902,-1187,-1182,-884,-362,247,790,1134,1192,956,487,-100,-657,-1048,-1172,-1004,-587,-26,543,969,1148,1033,656,124,-436,-883,-1104,-1041,-720,-217,341,808,1066,1055,0,0
39227,mtk,MTK 7916,2424846614,rx2-tx1,512,0,0,0,95,-199,-437,-568,-565,-428,-188,89,346,517,559,465,265,15,-239,-429,-514,-478,-331,-105,133,338,455,455,352,167,-32,-220,-359,-400,-332,-199,-39,125,260,320,303,215,86,-54,-172,-224,-224,-178,-91,10,89,140,155,129,75,21,-23,-49,-50,-37,-19,-10,-16,-31,-52,-64,-68,-50,4,74,130,167,179,143,55,-61,-178,-251,-280,-248,-148,-5,151,287,363,351,260,95,-108,-291,-403,-432,-352,-187,20,239,415,490,451,306,74,-181,-393,-507,-508,-382,-151,113,348,507,541,446,249,-17,-293,-494,-563,-508,-328,-63,222,455,582,568,408,147,-147,-407,-574,0,-489,-246,54,337,545,621,534,321,31,-273,-513,-615,-567,-386,-112,199,459,594,583,434,170,-134,-415,-593,-621,-481,-212,113,402,601,668,565,305,-46,-396,-649,-747,-662,-408,-36,358,679,835,792,553,175,-266,-659,-898,-932,-752,-387,81,536,879,1020,937,636,165,-355,-792,-1050,-1071,-849,-422,111,613,980,1132,1025,684,202,-333,-791,-1075,-1125,-918,-499,21,537,929,1100,1034,750,309,-185,-637,-948,-1039,-901,-563,-123,324,680,891,903,719,384,-13,-395,-669,-799,-751,-548,-240,101,408,613,691,629,444,183,-101,-350,-514,-577,-533,-405,-219,-20,163,290,360,364,305,0,0,0,0,0,213,226,211,153,62,-51,-160,-257,-318,-329,-281,-180,-42,104,240,342,377,334,221,63,-111,-264,-365,-401,-348,-218,-48,124,281,384,403,331,190,14,-166,-313,-394,-394,-314,-176,1,176,320,389,370,263,121,-38,-194,-297,-335,-309,-211,-72,64,184,265,287,246,158,43,-58,-136,-189,-206,-175,-108,-45,11,63,110,127,121,108,86,58,38,5,-39,-87,-119,-142,-147,-124,-74,-9,59,144,211,226,203,149,53,-66,-180,-271,-298,-255,-161,-38,111,239,314,313,245,131,-13,-164,-278,-331,-306,-206,-59,104,234,301,311,246,120,-30,-179,-274,-298,-254,-153,0,158,272,318,272,149,-3,-159,-281,-327,-294,-191,-34,150,297,372,349,241,74,-121,-297,-395,-404,-316,-143,75,278,412,447,367,202,-18,-239,-407,-480,-436,-279,-45,198,394,499,481,346,126,-127,-344,-480,-499,-397,-206,40,278,445,491,413,233,-7,-244,-424,-491,-432,-261,-19,219,408,492,444,283,45,-215,-422,-525,-488,-338,-97,185,426,552,544,410,161,-138,-402,-571,-607,-485,-233,74,361,567,647,568,342,18,-310,-559,-678,-644,-448,-148,185,482,679,704,560,279,-70,-396,-629,-718,-638,-408,-89,247,531,694,678,495,212,-111,-409,-608,-653,-547,-314,-12,0,0,0,0,0,592,569,398,135,-154,-396,-544,-562,-449,-228,40,293,473,539,481,306,62,-188,-388,-491,-478,-353,-155,79,279,399,424,351,195,3,-182,-313,-367,-331,-221,-65,87,219,287,280,206,106,-22,-125,-180,-185,-159,-96,-19,43,88,103,88,60,28,2,-7,-8,4,13,-1,-25,-49,-81,-121,-128,-97,-25,69,156,213,226,187,91,-29,-156,-263,-320,-296,-202,-43,142,292,379,398,314,145,-62,-260,-410,-466,-397,-231,-10,218,401,492,477,345,122,-144,-369,-504,-527,-411,-188,73,317,494,563,493,288,11,-262,-477,-585,-537,-357,-100,187,437,576,587,451,198,0,-372,-562,-615,-514,-289,6,302,531,625,555,356,74,-230,-472,-599,-581,-414,-141,163,430,585,590,454,193,-132,-416,-607,-646,-515,-249,89,409,631,705,596,330,-20,-380,-666,-790,-726,-471,-83,322,663,867,873,662,286,-174,-607,-896,-989,-847,-501,-43,443,847,1054,1011,740,294,-226,-703,-1021,-1096,-929,-557,-46,483,902,1122,1084,803,342,-184,-672,-1017,-1131,-997,-637,-144,374,795,1035,1047,846,455,-34,-497,-828,-977,-921,-670,-281,159,537,784,848,739,481,118,-253,-545,-703,-720,-596,-347,-35,269,496,614,615,508,307,59,-177,-361,-471,-495,-433,-312,-169,-26,102,0,0,0,0,0,-13,57,143,228,281,297,268,191,69,-68,-196,-299,-352,-347,-270,-137,21,177,309,379,372,286,146,-25,-200,-336,-403,-389,-285,-129,51,227,358,410,378,261,92,-92,-254,-366,-403,-348,-224,-60,116,263,346,357,301,178,26,-127,-244,-301,-292,-231,-120,10,116,190,235,232,176,99,11,-75,-142,-170,-169,-139,-89,-36,15,52,70,90,110,121,115,102,67,20,-42,-112,-151,-174,-184,-158,-87,8,122,213,271,268,202,94,-28,-153,-253,-299,-283,-206,-78,69,197,292,325,284,171,16,-136,-256,-317,-303,-222,-83,71,201,286,310,253,126,-33,-174,-267,0,-258,-148,7,161,270,315,287,172,2,-169,-294,-358,-331,-220,-40,149,296,373,375,272,92,-100,-278,-405,-426,-339,-171,51,270,414,457,399,236,9,-221,-394,-485,-456,-303,-88,151,374,498,498,385,174,-83,-311,-458,-495,-408,-219,23,258,427,494,427,246,3,-234,-405,-485,-448,-277,-36,211,406,502,464,300,53,-214,-429,-537,-517,-371,-126,160,418,569,571,431,191,-98,-380,-571,-622,-522,-288,22,330,563,662,593,380,75,-257,-529,-680,-672,-504,-216,128,446,653,710,603,360,20,-324,-584,-703,-660,-462,-161,182,470,636,652,521,266,-48,-346,-555,-628,0,0
39228,mtk,MTK 7916,2424921749,rx0-tx0,512,-349,37,-161,-518,-511,-462,-374,-239,-90,86,249,384,489,538,542,512,422,283,120,-60,-232,-371,-486,-551,-559,-506,-403,-274,-105,65,214,345,437,480,480,431,345,224,88,-48,-169,-270,-341,-373,-373,-334,-266,-188,-94,-7,70,150,214,231,234,222,196,162,113,71,28,-11,-37,-62,-96,-125,-142,-165,-190,-194,-193,-176,-138,-79,-1,84,183,256,301,337,338,290,220,121,8,-116,-241,-342,-410,-430,-412,-348,-235,-92,47,192,325,415,467,463,403,307,186,35,-118,-260,-368,-432,-448,-406,-334,-222,-84,50,181,289,354,379,364,312,230,119,7,-107,-201,-261,-305,-303,-511,-200,-123,-44,41,117,163,201,205,200,168,119,64,2,-52,-99,-128,-141,-136,-125,-109,-59,-24,13,43,65,77,76,66,62,50,35,26,6,-8,-32,-41,-33,-49,-53,-52,-39,-28,-31,-15,3,20,40,49,50,60,57,48,23,2,-24,-46,-45,-52,-58,-51,-37,-11,13,32,50,61,46,35,18,2,-17,-33,-53,-65,-61,-44,-25,-17,5,35,48,66,59,48,51,21,0,-11,-38,-62,-52,-53,-56,-37,-15,5,23,44,41,54,62,47,25,3,-7,-21,-30,-40,-42,-47,-45,-37,-23,-6,9,22,37,41,42,40,31,13,-3,-20,-35,522,373,1179,-491,-775,228,223,159,56,-71,-196,-302,-364,-366,-327,-229,-104,39,184,313,405,445,436,379,279,141,-18,-187,-330,-446,-515,-531,-494,-396,-251,-77,119,293,445,553,598,592,519,373,197,1,-199,-378,-516,-597,-611,-571,-479,-330,-153,21,193,361,488,551,568,531,448,338,195,27,-133,-278,-417,-494,-522,-522,-474,-377,-263,-117,36,183,316,426,483,508,492,430,351,221,63,-78,-211,-336,-425,-477,-512,-490,-428,-323,-180,-39,111,256,369,467,527,534,495,413,303,167,-4,-180,-320,-433,-528,-572,-554,-487,-380,-243,-76,106,263,400,512,568,578,550,455,322,170,-6,-330,-341,-459,-551,-596,-583,-528,-423,-277,-107,75,250,394,513,596,615,592,508,370,214,32,-155,-319,-454,-553,-625,-628,-571,-469,-329,-166,27,201,366,514,612,662,649,575,466,323,128,-77,-267,-439,-577,-666,-707,-690,-600,-463,-292,-93,132,360,530,671,747,752,688,577,403,198,-30,-274,-489,-658,-769,-812,-789,-686,-524,-302,-49,203,427,625,765,828,804,714,553,339,92,-156,-381,-575,-714,-774,-755,-676,-532,-343,-126,88,287,462,577,643,656,594,486,344,185,6,-169,-319,-426,-502,-530,-513,-466,-388,-275,-134,10,144,263,358,434,481,476,441,375,268,129,442,130,-729,-726,-715,-42,114,256,387,481,538,541,492,402,261,101,-65,-228,-383,-491,-547,-559,-506,-413,-282,-118,55,228,369,471,533,524,477,383,247,100,-52,-193,-314,-397,-432,-426,-378,-305,-205,-89,28,142,226,280,303,294,271,234,166,98,34,-32,-85,-128,-152,-170,-176,-169,-154,-148,-137,-104,-78,-48,-11,37,90,146,204,247,272,281,245,183,101,15,-102,-214,-294,-361,-382,-375,-324,-234,-113,24,153,283,390,442,451,424,333,211,67,-89,-232,-343,-425,-467,-444,-382,-268,-132,21,160,278,372,419,412,372,281,162,41,-92,-196,-283,-323,-329,-308,-253,-179,-83,23,1105,187,238,259,254,203,153,87,10,-47,-108,-147,-172,-179,-168,-133,-83,-40,12,42,85,100,98,94,84,69,49,19,-6,-24,-42,-47,-58,-61,-63,-53,-25,-16,-18,-3,13,30,32,41,58,62,62,45,20,7,-6,-27,-39,-52,-54,-60,-41,-21,-11,13,35,55,69,63,51,37,10,-20,-36,-49,-52,-47,-40,-23,1,24,47,49,53,58,44,34,22,-5,-16,-45,-69,-60,-58,-53,-24,-1,8,26,52,63,65,62,48,27,22,-7,-38,-49,-50,-50,-43,-40,-25,-13,-4,15,30,41,40,36,37,30,16,0,-18,-32,-41,-42,-42,-25,-506,-618,1145,-1126,-949,-16,-129,-232,-293,-313,-278,-190,-57,82,214,323,391,414,387,301,175,31,-120,-261,-382,-462,-493,-468,-387,-265,-100,66,232,389,507,581,579,509,393,222,32,-155,-350,-497,-587,-625,-599,-507,-361,-183,19,210,385,517,578,590,559,473,325,155,-8,-178,-319,-433,-520,-545,-521,-467,-359,-218,-68,81,229,354,449,508,517,482,408,295,164,21,-128,-250,-365,-463,-502,-492,-453,-379,-271,-150,-1,157,291,406,473,510,512,459,366,247,99,-53,-206,-338,-439,-516,-552,-524,-446,-351,-217,-46,132,296,419,514,574,575,523,431,294,125,-36,-212,-374,-490,-567,-600,826,-486,-371,-224,-47,129,296,442,554,610,615,557,461,332,172,-12,-197,-370,-498,-575,-616,-599,-524,-407,-269,-101,85,261,412,533,616,638,610,536,412,242,53,-142,-319,-459,-583,-666,-672,-629,-534,-386,-212,-13,195,391,547,659,729,732,657,522,347,133,-91,-298,-495,-658,-756,-799,-761,-652,-479,-261,-22,226,461,647,780,833,800,704,543,323,74,-177,-408,-601,-741,-802,-789,-708,-557,-352,-107,127,345,530,654,713,703,637,518,344,162,-41,-229,-379,-498,-568,-594,-552,-466,-352,-214,-59,85,220,335,431,486,501,479,418,326,209,68,-76,-202,-318,-419,-477,-1141,-1215
39229,mtk,MTK 7916,2424921749,rx0-tx1,512,87,541,659,-559,-617,-621,-570,-473,-312,-108,99,299,502,653,743,779,731,619,456,234,-14,-258,-490,-682,-815,-882,-866,-770,-608,-387,-129,151,420,651,830,940,963,904,765,554,290,-2,-299,-564,-789,-948,-1019,-997,-893,-710,-465,-178,123,412,670,865,990,1040,1002,879,683,419,128,-184,-474,-734,-933,-1050,-1084,-1032,-884,-659,-379,-62,261,561,822,1020,1121,1134,1041,860,605,288,-50,-384,-692,-931,-1094,-1156,-1119,-990,-781,-494,-158,178,497,771,977,1109,1142,1080,911,666,375,36,-295,-589,-838,-1015,-1096,-1083,-974,-780,-534,-238,81,381,639,839,971,1022,988,862,672,429,160,-126,-689,-641,-803,-914,-957,-923,-823,-651,-413,-149,129,396,634,817,937,998,969,850,667,428,134,-176,-470,-738,-951,-1087,-1135,-1071,-909,-672,-361,-11,354,692,977,1177,1263,1236,1097,858,521,126,-284,-666,-984,-1208,-1314,-1313,-1176,-916,-573,-178,222,604,932,1153,1263,1257,1138,911,595,237,-135,-496,-802,-1019,-1146,-1150,-1052,-865,-595,-286,44,369,643,847,977,1005,941,797,572,315,36,-239,-480,-678,-802,-842,-814,-701,-535,-333,-104,140,352,529,655,713,703,622,502,321,110,-92,-284,-454,-567,-618,-614,-537,-410,-237,-43,159,343,479,552,545,465,317,133,-62,-232,-343,-383,-345,49,235,0,-57,249,-164,-168,-141,-76,6,92,176,228,252,232,178,95,3,-87,-169,-230,-256,-250,-224,-174,-107,-28,55,130,189,219,237,234,215,176,124,63,-11,-76,-140,-202,-245,-268,-270,-257,-222,-159,-90,-4,108,218,306,377,414,407,366,271,141,-6,-163,-301,-426,-500,-520,-501,-421,-290,-132,50,214,369,485,545,563,521,422,277,117,-55,-238,-382,-482,-543,-550,-513,-413,-274,-124,49,212,356,463,517,532,482,396,267,121,-30,-180,-299,-396,-452,-464,-434,-365,-268,-146,-19,120,239,327,384,404,394,344,269,173,67,-51,-154,-238,-302,-341,-348,-317,-259,-181,-87,12,-130,185,244,284,289,265,231,175,96,11,-67,-132,-190,-231,-241,-223,-191,-139,-71,-2,63,120,156,176,175,145,97,47,3,-47,-82,-100,-109,-101,-69,-35,11,52,85,114,117,103,71,17,-40,-102,-153,-188,-207,-198,-163,-108,-39,54,142,216,277,312,313,277,214,115,0,-117,-233,-336,-402,-422,-410,-350,-255,-141,4,152,286,390,464,490,465,404,284,146,-5,-165,-294,-395,-460,-477,-452,-385,-274,-154,-28,105,212,301,373,393,379,346,283,211,124,29,-69,-150,-214,-258,-301,-314,-314,-303,-263,-219,-154,-68,17,117,218,302,379,432,449,426,364,268,-575,-540,504,513,360,-223,-53,130,306,477,612,692,699,659,556,378,176,-53,-292,-491,-664,-784,-824,-799,-701,-531,-307,-52,214,459,667,823,910,916,838,687,468,198,-86,-364,-617,-820,-948,-997,-953,-830,-633,-373,-75,223,500,739,915,1017,1033,960,801,570,299,3,-302,-577,-807,-964,-1046,-1044,-952,-788,-543,-255,61,373,662,884,1044,1113,1090,976,769,496,175,-157,-480,-760,-986,-1120,-1151,-1095,-934,-693,-395,-58,283,596,860,1049,1140,1133,1035,843,587,277,-56,-393,-692,-916,-1070,-1133,-1081,-950,-739,-457,-136,189,499,747,933,1043,1058,980,819,599,335,40,-258,-534,-745,-895,-968,-973,261,-738,-520,-279,-7,257,503,720,873,954,962,889,745,534,289,10,-284,-553,-773,-944,-1044,-1045,-961,-797,-548,-253,82,419,716,965,1134,1204,1158,1014,771,443,73,-313,-664,-971,-1199,-1311,-1295,-1152,-898,-551,-161,246,642,966,1197,1308,1293,1169,916,583,199,-194,-557,-873,-1092,-1204,-1216,-1100,-886,-597,-256,102,428,719,929,1055,1086,1000,827,592,308,3,-294,-561,-758,-877,-925,-878,-765,-575,-328,-66,190,420,594,716,773,755,654,511,319,105,-113,-300,-467,-599,-658,-648,-584,-464,-288,-100,103,295,446,552,591,567,468,314,120,-86,-270,-408,-480,-476,-392,-248,-74,80,730,695,0,-587,-543,-19,53,130,187,211,204,156,83,-10,-105,-187,-241,-257,-245,-200,-131,-45,42,118,185,229,248,243,213,158,98,31,-40,-110,-171,-208,-234,-242,-232,-210,-168,-107,-36,38,116,196,260,304,337,342,293,224,129,5,-125,-256,-372,-446,-481,-465,-398,-285,-132,30,186,349,461,538,553,514,426,284,121,-50,-227,-382,-491,-548,-565,-527,-414,-282,-120,52,220,371,467,526,540,501,413,277,131,-32,-191,-325,-436,-489,-497,-459,-382,-272,-136,12,151,272,361,416,431,413,351,266,156,38,-84,-193,-281,-333,-366,-364,-322,-261,-175,-78,26,119,202,265,310,318,245,249,184,97,5,-75,-148,-216,-260,-267,-250,-219,-170,-99,-14,57,123,176,201,204,192,153,97,43,-19,-70,-112,-129,-136,-125,-91,-55,-14,42,77,97,98,80,56,19,-35,-77,-122,-144,-145,-134,-95,-45,23,95,163,214,253,263,239,193,119,17,-93,-196,-280,-345,-370,-359,-319,-239,-128,-1,141,274,375,442,469,444,370,269,140,-5,-156,-296,-408,-473,-503,-469,-391,-284,-154,-5,140,272,364,413,441,422,359,286,179,58,-47,-151,-237,-289,-327,-336,-326,-292,-242,-184,-115,-36,30,111,188,248,313,345,360,359,318,256,177,66,-59,-192,-316,-420,58,-234
39230,mtk,MTK 7916,2424921749,rx1-tx0,512,0,-520,-274,639,598,527,409,241,58,-148,-349,-519,-649,-736,-764,-702,-576,-406,-189,55,300,522,703,827,876,845,732,550,309,36,-254,-520,-744,-895,-953,-944,-846,-650,-408,-121,172,466,723,895,996,986,910,749,510,238,-63,-362,-624,-824,-959,-1006,-971,-849,-647,-379,-83,229,509,734,901,997,996,905,746,511,228,-70,-369,-623,-817,-951,-1001,-936,-796,-600,-344,-63,228,486,712,863,914,898,806,631,418,175,-93,-343,-556,-717,-803,-820,-769,-649,-487,-280,-58,157,368,541,666,721,713,667,556,389,194,-12,-205,-382,-512,-617,-671,-656,-589,-470,-312,-131,66,257,408,531,216,631,603,525,384,226,42,-151,-315,-449,-544,-602,-599,-540,-447,-294,-121,59,221,371,480,545,559,530,469,339,178,25,-140,-281,-398,-483,-515,-515,-460,-367,-247,-104,42,184,316,407,448,466,420,365,267,132,13,-112,-224,-312,-373,-401,-381,-338,-272,-186,-100,3,103,182,255,299,322,328,297,238,176,104,12,-74,-173,-252,-306,-337,-334,-302,-245,-167,-55,58,153,238,302,343,346,313,246,160,60,-50,-141,-223,-290,-306,-308,-285,-209,-120,-28,56,140,207,261,288,276,224,167,86,-9,-91,-164,-224,-252,-242,-201,-134,-54,40,119,174,200,179,133,79,-382,-583,0,940,737,143,214,256,245,180,83,-32,-167,-269,-332,-359,-324,-256,-147,-19,113,247,343,396,410,382,306,186,43,-102,-235,-343,-415,-448,-440,-378,-287,-159,-11,128,262,372,439,462,441,391,294,162,28,-119,-252,-369,-460,-505,-490,-432,-340,-209,-60,100,259,394,489,531,523,474,376,240,76,-83,-243,-381,-485,-531,-527,-475,-376,-247,-115,46,198,336,451,486,499,479,391,282,137,-4,-131,-270,-377,-443,-465,-451,-409,-317,-200,-65,82,221,335,405,449,460,412,322,218,94,-36,-168,-282,-363,-415,-429,-397,-332,-246,-129,-8,119,221,304,351,372,356,314,245,143,-584,-57,-156,-224,-279,-306,-308,-284,-214,-139,-60,20,106,177,222,261,251,228,189,133,71,4,-56,-118,-160,-175,-187,-177,-137,-95,-62,-18,40,67,86,94,90,83,58,26,10,-13,-30,-37,-30,-13,5,24,52,75,74,66,49,18,-22,-62,-118,-165,-187,-199,-176,-143,-82,-15,67,155,227,276,305,317,285,235,137,21,-99,-222,-324,-402,-438,-426,-381,-297,-178,-36,118,258,394,466,500,510,466,366,232,88,-87,-251,-390,-500,-541,-543,-503,-408,-282,-137,25,197,342,446,516,544,528,475,361,224,63,-91,-243,-377,-471,-522,-545,-521,-450,-347,-211,-54,165,601,0,-365,-577,-18,-200,-364,-521,-623,-676,-679,-609,-488,-319,-127,108,335,523,676,784,821,775,657,479,253,-5,-279,-526,-728,-866,-925,-906,-793,-607,-357,-71,213,500,734,888,976,976,894,706,460,166,-137,-416,-681,-866,-983,-1011,-951,-794,-583,-316,-18,276,549,778,931,1001,980,863,684,451,169,-143,-426,-673,-873,-976,-1001,-932,-772,-553,-297,1,303,552,769,906,958,928,812,635,380,105,-162,-422,-638,-785,-868,-876,-786,-638,-443,-210,22,257,464,622,731,760,736,656,523,341,135,-73,-265,-456,-592,-667,-690,-655,-569,-439,-274,-70,128,309,467,580,646,649,587,487,360,757,-16,-188,-361,-487,-578,-626,-607,-525,-406,-259,-94,93,261,411,516,573,577,541,453,315,157,-11,-160,-319,-449,-513,-540,-518,-458,-359,-225,-74,80,233,356,444,487,487,451,378,254,123,-25,-159,-268,-367,-410,-424,-411,-357,-273,-162,-46,66,160,250,305,341,350,320,275,212,131,51,-41,-138,-207,-263,-308,-323,-315,-284,-210,-131,-37,67,160,243,306,346,338,310,248,164,61,-48,-154,-242,-307,-345,-337,-297,-245,-150,-50,40,145,221,267,287,282,252,191,116,28,-70,-145,-209,-262,-269,-242,-195,-128,-44,47,128,190,227,228,189,120,38,-44,-103,-140,513,264,0,162,616,159,91,-8,-125,-226,-292,-323,-298,-208,-104,26,152,261,345,379,373,318,218,97,-36,-174,-296,-388,-425,-420,-372,-286,-164,-24,123,254,353,429,458,439,380,279,151,11,-125,-257,-379,-445,-475,-468,-414,-328,-199,-38,125,262,382,459,506,513,469,367,226,62,-97,-247,-391,-493,-539,-538,-485,-385,-250,-90,75,232,367,459,508,528,481,401,260,109,-22,-179,-313,-412,-476,-481,-473,-423,-309,-178,-24,108,238,353,428,472,466,415,319,208,80,-60,-204,-303,-378,-425,-438,-409,-338,-234,-115,14,141,244,335,385,406,374,314,239,134,22,-90,-189,-274,-327,-674,-345,-291,-224,-146,-59,34,133,213,256,284,287,269,214,151,73,-13,-76,-141,-190,-221,-227,-209,-178,-119,-61,-7,54,95,111,127,145,137,104,74,35,2,-29,-57,-52,-48,-43,-25,-6,17,29,32,30,27,1,-31,-58,-88,-111,-116,-131,-126,-80,-23,53,115,176,231,252,269,232,180,104,18,-90,-194,-280,-351,-379,-377,-337,-259,-159,-29,106,230,350,432,483,475,429,333,195,61,-90,-254,-392,-481,-533,-535,-484,-391,-253,-84,73,237,373,474,532,553,521,434,317,172,8,-144,-293,-417,-493,-533,-521,-478,-390,-267,-132,12,171,309,427,513,549,-935,-736
39231,mtk,MTK 7916,2424921749,rx1-tx1,512,0,0,0,159,-154,-440,-628,-666,-558,-326,-10,305,554,686,662,482,192,-145,-447,-639,-692,-595,-364,-42,281,536,670,657,493,209,-128,-422,-614,-669,-570,-343,-42,274,528,650,613,443,170,-148,-435,-618,-649,-534,-294,13,314,549,656,605,405,107,-218,-492,-651,-659,-513,-243,83,399,626,712,625,399,74,-269,-553,-715,-715,-564,-284,67,410,663,766,699,476,150,-210,-527,-722,-760,-641,-372,-26,313,577,728,720,556,270,-69,-371,-588,-686,-623,-427,-148,151,406,564,594,494,284,17,-240,-423,-512,-484,-353,-149,84,285,408,431,362,211,11,-184,-321,-381,-354,-244,-78,0,257,340,340,264,119,-45,-189,-288,-326,-283,-178,-25,119,233,306,292,200,71,-69,-196,-272,-288,-233,-115,30,164,258,287,245,148,10,-140,-249,-291,-262,-182,-48,109,247,329,334,261,123,-62,-233,-358,-409,-363,-225,-47,151,325,442,467,385,204,-24,-250,-434,-535,-521,-396,-192,51,301,491,585,558,410,180,-77,-313,-505,-591,-557,-421,-195,79,327,497,575,538,395,171,-65,-289,-465,-546,-513,-383,-179,49,263,422,494,476,369,196,-15,-211,-367,-447,-442,-355,-216,-45,133,284,377,402,359,260,131,-11,-144,-249,-313,-323,-285,-215,-125,-37,38,96,143,0,0,0,0,0,14,27,39,49,52,43,24,2,-30,-62,-86,-98,-101,-85,-41,13,65,102,121,119,107,68,3,-65,-114,-143,-150,-115,-66,-10,51,110,136,134,101,44,-15,-68,-105,-127,-123,-81,-10,47,88,116,113,65,6,-54,-114,-139,-132,-87,-11,69,138,188,191,134,42,-69,-184,-257,-283,-250,-156,-18,140,278,364,372,311,178,-11,-212,-368,-450,-442,-333,-154,58,266,435,506,471,341,138,-100,-327,-487,-541,-480,-324,-88,168,383,515,532,439,252,15,-228,-418,-516,-490,-361,-163,82,311,457,499,435,270,40,-189,-375,-469,-456,-340,-146,84,296,449,491,0,228,2,-227,-410,-491,-457,-311,-79,167,374,501,519,412,212,-52,-310,-501,-576,-525,-345,-82,208,453,599,605,473,224,-81,-376,-591,-667,-598,-387,-79,238,512,687,706,550,269,-78,-421,-670,-767,-692,-460,-123,252,571,767,794,646,344,-30,-410,-696,-826,-771,-543,-184,213,556,773,822,680,397,40,-344,-655,-796,-760,-566,-244,133,475,705,772,656,387,41,-298,-563,-703,-682,-491,-193,137,433,625,665,543,301,4,-305,-543,-649,-589,-384,-100,193,452,612,620,476,221,-87,-376,-579,-642,-557,-348,-62,243,489,626,613,461,206,-102,-392,-583,-640,-542,-320,-27,0,0,0,0,0,636,640,499,237,-79,-384,-605,-680,-607,-405,-103,223,506,678,696,556,285,-53,-365,-599,-692,-635,-433,-130,204,478,640,659,530,278,-45,-355,-579,-667,-604,-398,-99,223,479,627,642,497,228,-83,-371,-579,-651,-567,-348,-47,268,517,651,625,450,170,-147,-443,-633,-675,-563,-317,10,339,588,708,670,472,165,-187,-499,-702,-757,-639,-373,-26,329,611,751,741,571,268,-88,-413,-655,-756,-689,-473,-163,190,490,671,711,610,370,62,-253,-500,-627,-617,-473,-232,51,311,496,554,492,328,97,-151,-352,-460,-462,-362,-181,36,233,364,414,360,224,41,-137,-286,-369,0,-259,-112,60,215,311,327,270,143,-9,-157,-272,-322,-290,-189,-47,105,225,291,294,220,87,-55,-179,-264,-280,-231,-125,12,139,238,285,267,172,32,-120,-244,-309,-298,-221,-81,87,236,340,371,310,171,-17,-204,-354,-432,-414,-307,-135,83,285,433,488,444,305,93,-158,-382,-516,-554,-484,-304,-55,201,416,555,583,494,311,65,-200,-436,-573,-588,-496,-312,-56,201,402,530,562,473,290,56,-179,-375,-498,-527,-449,-287,-79,135,328,448,473,416,289,110,-88,-256,-375,-423,-399,-306,-166,-2,147,271,348,365,328,238,121,-1,-110,-190,-235,-248,-229,-186,-120,0,0,0,0,0,-32,-25,-15,-1,20,43,66,85,83,68,39,7,-41,-85,-114,-118,-105,-74,-33,22,78,119,127,119,89,34,-29,-86,-128,-142,-126,-86,-32,34,94,125,128,106,60,-3,-69,-117,-133,-106,-62,-11,48,106,133,123,74,9,-59,-120,-150,-147,-100,-21,81,162,219,228,186,93,-35,-171,-284,-332,-309,-218,-81,86,259,378,419,372,246,67,-132,-324,-455,-489,-410,-248,-35,193,387,506,513,406,223,-16,-256,-443,-537,-522,-385,-157,94,312,464,522,469,320,94,-154,-371,-488,-500,-407,-225,11,240,404,476,437,299,99,-141,-353,-462,-460,-372,-186,42,0,417,472,424,269,35,-210,-403,-500,-486,-364,-150,101,338,503,556,479,274,-3,-278,-482,-584,-568,-414,-152,145,416,595,639,531,300,-7,-319,-562,-686,-652,-465,-173,161,479,698,747,628,370,14,-348,-627,-776,-753,-553,-232,147,494,736,810,707,444,73,-318,-641,-825,-818,-628,-304,89,456,727,832,750,492,124,-257,-573,-767,-782,-622,-328,38,382,631,727,669,459,132,-217,-501,-667,-671,-517,-247,74,369,581,655,571,344,47,-256,-502,-633,-611,-440,-160,155,422,593,632,526,288,-19,-318,-543,-647,-589,-405,-135,169,442,609,626,507,274,-27,-329,-554,-644,0,0
39232,mtk,MTK 7916,2424921749,rx2-tx0,512,0,0,0,-980,-872,-559,-102,380,770,974,949,693,276,-199,-627,-912,-971,-796,-437,22,477,804,931,839,548,127,-326,-687,-874,-849,-614,-233,206,584,811,835,650,290,-144,-536,-788,-848,-692,-363,69,489,786,888,772,460,38,-403,-757,-931,-867,-596,-179,290,690,918,921,693,297,-167,-603,-885,-947,-777,-416,55,514,844,969,848,513,47,-427,-804,-995,-939,-632,-163,342,771,1020,1020,772,335,-195,-694,-1044,-1136,-953,-542,0,555,990,1191,1118,782,259,-322,-833,-1150,-1208,-986,-533,39,597,1016,1194,1091,743,228,-335,-814,-1095,-1120,-883,-436,104,600,951,1074,934,571,76,-420,0,-998,-948,-664,-225,260,680,928,951,740,337,-143,-582,-883,-960,-799,-452,15,493,841,983,896,587,119,-386,-803,-1027,-1007,-734,-281,255,751,1079,1148,955,525,-45,-622,-1067,-1275,-1193,-825,-263,368,923,1279,1356,1120,624,-23,-674,-1175,-1421,-1343,-962,-366,317,940,1350,1449,1232,752,98,-592,-1145,-1427,-1399,-1067,-489,186,810,1251,1421,1284,876,278,-380,-941,-1289,-1359,-1132,-673,-79,521,994,1229,1209,941,482,-70,-577,-944,-1098,-1020,-733,-315,151,567,839,918,803,533,165,-216,-528,-715,-743,-618,-372,-65,232,464,596,606,492,294,56,-175,-363,-470,-492,-429,-307,-155,-7,124,0,0,0,0,0,-84,25,147,273,375,431,419,331,183,-2,-207,-386,-500,-526,-458,-299,-72,172,384,524,568,500,325,81,-189,-418,-555,-587,-502,-308,-43,233,459,589,583,464,247,-17,-275,-479,-564,-517,-375,-150,108,332,465,488,397,216,-7,-228,-377,-422,-356,-202,-5,192,348,419,373,223,3,-223,-400,-482,-445,-295,-68,192,417,542,540,418,182,-108,-377,-564,-621,-534,-316,-13,296,536,654,625,442,151,-181,-478,-668,-701,-564,-296,44,380,636,737,668,439,101,-265,-576,-756,-757,-589,-278,106,467,721,813,716,451,71,-327,-644,-811,-798,-604,-258,155,529,774,841,717,0,19,-382,-684,-822,-772,-540,-175,231,580,788,801,627,303,-105,-492,-753,-831,-715,-426,-28,387,703,843,784,533,150,-274,-642,-851,-856,-659,-296,151,564,838,908,763,433,-9,-459,-795,-939,-860,-567,-132,338,730,944,931,699,294,-198,-640,-918,-977,-801,-425,67,539,888,1024,911,568,83,-428,-842,-1054,-1011,-720,-246,282,749,1063,1125,902,459,-92,-630,-1025,-1175,-1058,-693,-147,437,913,1177,1168,883,393,-186,-719,-1094,-1203,-1030,-623,-70,498,942,1162,1109,803,310,-252,-743,-1062,-1125,-924,-502,28,539,914,1064,956,635,161,-354,-766,-985,-972,-719,-298,186,628,914,969,0,0,0,0,0,16,-450,-812,-978,-909,-621,-189,287,702,945,956,742,358,-112,-553,-865,-962,-826,-495,-47,401,743,900,844,588,184,-266,-638,-843,-841,-633,-262,174,560,786,819,660,323,-110,-503,-777,-862,-735,-414,19,451,764,901,823,533,107,-349,-727,-925,-896,-654,-243,236,644,901,947,754,366,-103,-547,-863,-956,-808,-461,9,476,817,968,880,569,109,-390,-797,-1001,-967,-694,-242,288,753,1037,1080,863,429,-116,-640,-1024,-1173,-1046,-670,-138,433,915,1188,1177,891,402,-178,-719,-1096,-1214,-1051,-646,-94,474,919,1144,1110,818,339,-211,-713,-1032,-1095,-905,-511,0,504,881,1039,941,0,157,-330,-736,-960,-946,-700,-282,205,629,897,944,762,393,-75,-532,-864,-979,-845,-506,-40,438,821,1010,949,650,191,-331,-786,-1064,-1084,-835,-389,164,705,1091,1216,1061,669,101,-510,-1014,-1294,-1280,-974,-440,209,818,1255,1407,1250,804,172,-505,-1069,-1401,-1414,-1107,-551,120,769,1252,1457,1325,906,291,-386,-978,-1356,-1438,-1185,-681,-42,603,1123,1388,1349,1020,480,-149,-737,-1157,-1317,-1193,-823,-294,285,790,1112,1184,1010,633,135,-363,-758,-979,-990,-801,-448,-22,379,673,816,783,591,286,-60,-381,-605,-688,-623,-443,-190,91,336,500,556,509,383,200,-3,-183,-312,-379,-379,-315,0,0,0,0,0,-285,-327,-325,-266,-155,-6,162,319,434,484,456,342,157,-64,-282,-451,-535,-522,-411,-207,53,296,477,573,558,422,190,-85,-337,-522,-602,-561,-397,-150,126,369,542,596,515,326,73,-190,-394,-517,-524,-407,-198,45,263,411,451,375,211,6,-195,-358,-425,-365,-205,10,227,384,447,400,244,18,-216,-416,-523,-505,-351,-108,162,401,554,583,473,250,-42,-336,-556,-639,-574,-376,-86,232,508,667,666,502,218,-120,-429,-648,-719,-616,-365,-26,323,608,755,722,513,188,-186,-525,-746,-786,-649,-360,15,394,686,819,757,523,167,-235,-581,-796,-823,-658,-339,61,449,0,850,750,479,98,-305,-638,-819,-796,-586,-242,166,539,773,827,668,357,-43,-442,-737,-844,-755,-485,-93,323,665,852,826,597,220,-212,-603,-849,-885,-706,-362,81,513,818,921,807,507,72,-391,-753,-933,-893,-630,-211,262,680,935,965,754,355,-130,-594,-915,-1013,-868,-505,-8,489,866,1038,962,651,171,-360,-800,-1056,-1071,-820,-362,187,700,1051,1150,981,576,27,-535,-973,-1185,-1114,-782,-270,316,833,1150,1197,970,517,-57,-619,-1030,-1196,-1082,-713,-187,374,847,1114,1118,863,413,-129,-641,-991,-1096,-943,-567,-69,440,836,1028,967,679,236,-257,-692,-952,-969,-754,-363,109,0,0
39233,mtk,MTK 7916,2424921749,rx2-tx1,512,0,0,0,590,594,460,213,-71,-330,-513,-595,-531,-342,-73,196,405,531,550,433,217,-29,-265,-441,-514,-471,-322,-111,113,307,425,448,378,217,10,-180,-312,-373,-344,-248,-106,56,193,281,302,247,147,29,-76,-153,-198,-195,-144,-70,10,77,112,106,82,57,29,-2,-9,10,20,22,21,3,-41,-91,-124,-134,-108,-51,33,124,202,235,214,139,24,-102,-217,-296,-322,-266,-138,28,195,330,400,375,263,84,-124,-316,-434,-453,-375,-201,30,246,416,499,472,332,111,-139,-361,-504,-535,-440,-245,2,252,458,556,517,361,131,-146,-388,-539,-576,-477,-264,9,279,492,0,557,381,117,-170,-413,-563,-590,-476,-247,34,317,525,597,531,346,69,-221,-443,-573,-578,-436,-184,111,390,571,600,494,271,-27,-337,-567,-663,-602,-402,-99,245,550,728,723,556,260,-111,-467,-727,-838,-758,-492,-103,314,665,879,906,719,366,-68,-492,-821,-974,-917,-656,-235,243,655,943,1024,871,540,86,-399,-788,-1003,-1014,-810,-429,40,512,878,1040,977,716,311,-156,-580,-878,-990,-897,-619,-212,222,592,834,903,787,513,140,-250,-572,-748,-774,-653,-402,-74,251,515,667,678,557,325,50,-223,-435,-560,-581,-492,-321,-108,106,290,409,456,427,336,215,88,-29,0,0,0,0,0,25,-61,-153,-237,-298,-326,-305,-230,-120,18,163,287,370,392,344,231,68,-105,-264,-374,-416,-378,-266,-101,82,261,391,439,397,287,110,-87,-262,-388,-434,-394,-283,-103,93,269,387,427,374,241,73,-103,-277,-390,-410,-350,-217,-36,143,285,366,375,297,165,7,-149,-267,-333,-332,-267,-149,-11,115,208,244,244,204,131,40,-41,-107,-151,-167,-150,-110,-74,-30,12,40,54,68,88,93,92,94,89,58,7,-36,-90,-149,-171,-158,-120,-68,6,88,172,223,221,171,84,-19,-115,-193,-237,-225,-159,-60,48,132,191,219,193,120,25,-80,-163,-197,-185,-127,0,65,151,199,187,135,58,-54,-161,-209,-212,-169,-72,57,168,244,252,214,125,-6,-141,-239,-281,-262,-185,-58,93,226,307,318,247,120,-34,-182,-308,-359,-312,-199,-43,132,272,358,360,271,120,-54,-219,-330,-360,-315,-195,-17,162,296,361,341,224,47,-143,-283,-358,-354,-260,-91,98,268,375,385,294,122,-81,-279,-407,-452,-382,-212,27,254,426,509,470,331,111,-154,-400,-538,-556,-452,-241,38,327,541,620,563,387,113,-201,-470,-631,-657,-539,-292,24,343,584,703,666,473,176,-154,-452,-645,-696,-603,-379,-71,243,509,659,646,491,240,-66,-351,-553,-636,0,0,0,0,0,-153,140,399,557,587,493,292,27,-248,-462,-560,-529,-386,-157,107,343,499,536,445,271,49,-191,-385,-481,-470,-354,-164,53,250,378,418,373,242,60,-119,-260,-336,-326,-251,-133,9,152,235,253,226,159,59,-42,-125,-161,-154,-111,-61,-17,20,41,47,35,14,0,8,30,55,65,64,48,16,-49,-122,-172,-187,-164,-100,-2,109,214,276,275,205,86,-58,-206,-317,-357,-319,-197,-15,178,331,413,416,322,142,-74,-274,-419,-474,-428,-277,-54,186,384,497,502,386,179,-82,-320,-489,-545,-481,-305,-61,194,418,552,549,420,194,-73,-333,-520,-591,-518,-320,0,233,465,581,566,426,184,-109,-369,-546,-603,-506,-289,-14,254,475,596,559,385,123,-158,-410,-568,-590,-473,-242,67,368,566,636,557,339,22,-300,-561,-691,-661,-476,-174,184,516,734,784,653,363,-16,-403,-710,-866,-829,-604,-240,191,598,882,968,831,508,72,-380,-758,-979,-988,-770,-384,80,537,887,1037,957,670,252,-222,-652,-945,-1037,-913,-598,-144,340,738,975,1009,831,479,37,-405,-751,-934,-919,-720,-377,35,432,719,847,796,598,280,-77,-402,-642,-744,-681,-488,-207,106,376,568,642,587,423,195,-53,-280,-452,-528,-512,-416,-262,-81,90,225,305,326,295,0,0,0,0,0,227,245,230,171,81,-29,-153,-262,-333,-362,-337,-249,-113,39,198,323,394,389,312,182,8,-172,-323,-415,-424,-345,-204,-15,179,333,423,429,346,188,-2,-190,-349,-438,-442,-343,-176,18,194,340,415,405,304,155,-25,-201,-340,-393,-358,-260,-113,57,213,318,359,321,213,72,-66,-195,-278,-298,-272,-200,-97,25,129,195,222,202,149,83,23,-39,-79,-109,-115,-102,-76,-55,-47,-33,-9,19,50,79,100,123,134,118,82,17,-63,-138,-179,-193,-173,-117,-29,65,146,210,236,201,130,33,-75,-169,-220,-230,-193,-106,6,100,168,198,178,120,41,-54,-145,0,-181,-125,-43,55,143,202,209,159,61,-42,-143,-215,-227,-184,-100,22,149,240,275,245,155,37,-103,-224,-296,-297,-229,-89,67,197,292,337,285,155,-8,-168,-290,-343,-329,-244,-96,81,250,363,370,286,147,-25,-198,-315,-364,-332,-209,-33,150,294,358,335,236,70,-117,-274,-360,-364,-270,-106,90,270,387,411,333,164,-58,-277,-434,-486,-423,-265,-43,198,403,527,524,392,169,-103,-363,-541,-599,-519,-307,-22,264,502,633,628,473,205,-118,-406,-612,-688,-601,-390,-89,247,526,681,687,548,292,-46,-365,-593,-690,-638,-445,-152,165,443,615,654,546,314,11,0,0
39234,mtk,MTK 7916,2424964393,rx0-tx0,512,-349,37,-161,-85,75,222,342,429,482,473,415,325,184,20,-135,-283,-413,-488,-505,-459,-375,-251,-94,74,236,363,438,477,457,377,267,131,-15,-163,-286,-368,-406,-392,-340,-265,-145,-24,81,182,245,282,298,272,221,157,77,-1,-65,-122,-152,-173,-169,-149,-127,-102,-69,-38,-18,-2,18,49,74,106,130,146,173,171,144,99,39,-15,-96,-179,-233,-273,-292,-255,-197,-111,0,111,217,302,356,371,334,256,139,3,-139,-266,-354,-398,-396,-355,-257,-121,21,171,288,363,401,385,316,214,74,-60,-185,-292,-358,-361,-330,-262,-158,-47,69,185,252,298,301,269,205,116,-511,-78,-166,-221,-249,-243,-214,-161,-90,-8,76,136,175,194,183,160,120,63,7,-45,-82,-126,-141,-138,-114,-94,-64,-12,19,54,74,95,107,95,79,59,40,11,-25,-37,-58,-71,-74,-88,-77,-57,-27,2,29,66,94,88,91,81,52,21,-9,-38,-74,-92,-96,-85,-71,-50,-12,22,48,66,80,78,72,48,8,-22,-44,-58,-61,-61,-43,-24,-6,13,37,41,48,41,22,9,-9,-23,-34,-37,-28,-27,-19,-1,15,25,35,44,42,23,7,-3,-14,-23,-20,-21,-15,-6,3,5,7,10,6,7,8,9,10,5,4,5,0,-1,-4,-3,522,373,1179,-491,-775,-234,-256,-215,-117,12,152,272,354,380,337,251,128,-31,-177,-306,-402,-436,-433,-352,-245,-98,82,243,383,484,517,503,419,287,106,-92,-275,-431,-550,-597,-578,-493,-336,-147,57,271,449,568,627,607,520,382,211,7,-190,-361,-503,-584,-597,-550,-452,-303,-137,58,240,386,503,558,565,518,405,269,87,-91,-249,-380,-488,-552,-557,-505,-400,-266,-94,85,240,382,494,561,566,508,401,263,99,-86,-264,-414,-516,-591,-587,-524,-413,-265,-85,97,282,432,545,609,603,536,413,241,55,-136,-321,-469,-569,-616,-591,-512,-387,-211,-22,156,340,492,575,611,582,493,-330,185,5,-186,-352,-492,-590,-614,-576,-482,-354,-184,12,194,367,505,586,615,589,494,351,184,-6,-194,-371,-491,-583,-611,-574,-497,-362,-191,-13,164,348,490,574,624,611,537,412,236,39,-159,-339,-502,-614,-657,-643,-576,-446,-284,-82,150,353,539,663,713,697,627,470,278,60,-192,-412,-598,-733,-774,-734,-622,-441,-225,24,282,505,669,761,778,709,565,367,121,-135,-362,-547,-682,-740,-711,-599,-430,-238,-20,207,404,543,626,641,581,461,304,135,-52,-219,-347,-448,-498,-496,-452,-365,-244,-114,10,147,266,351,392,414,409,358,272,172,53,-85,-207,-299,-375,442,130,-729,-726,-715,446,457,415,327,203,57,-104,-241,-368,-466,-501,-477,-408,-294,-143,26,186,323,429,485,489,432,321,189,37,-128,-270,-372,-436,-451,-412,-324,-201,-72,65,176,274,339,348,335,280,193,102,4,-88,-154,-203,-233,-234,-212,-174,-118,-58,-2,41,67,87,107,108,111,116,114,104,94,81,56,27,-8,-78,-133,-182,-208,-220,-221,-184,-121,-50,54,159,239,302,333,320,272,184,71,-57,-184,-293,-370,-402,-378,-310,-194,-61,79,214,333,394,412,376,287,174,42,-112,-239,-333,-384,-373,-337,-254,-126,10,133,239,305,329,326,270,191,89,-27,-133,-219,-260,1105,-269,-213,-133,-46,36,107,165,210,231,212,161,95,28,-36,-83,-133,-161,-170,-158,-131,-94,-32,23,59,78,111,115,111,97,70,46,3,-37,-62,-71,-79,-86,-78,-66,-54,-23,-1,23,54,79,95,85,80,71,39,11,-13,-56,-75,-84,-85,-85,-72,-37,-5,40,64,85,92,83,60,38,2,-27,-52,-70,-71,-62,-49,-31,-14,19,37,46,42,44,38,22,12,-15,-27,-35,-39,-32,-24,-4,3,10,27,34,34,31,27,9,-16,-37,-37,-37,-30,-20,-10,-1,16,27,26,23,17,7,2,1,-5,-9,-13,-12,-7,-7,-9,-9,-9,-15,-506,-618,1145,-1126,-949,-28,74,196,284,329,312,230,107,-50,-196,-314,-394,-419,-380,-305,-172,-23,146,297,401,476,487,434,335,185,9,-171,-343,-474,-558,-566,-507,-395,-227,-21,178,376,527,604,613,559,438,272,74,-149,-337,-484,-586,-616,-569,-478,-329,-147,49,229,388,496,567,583,523,423,274,104,-68,-247,-389,-494,-562,-561,-506,-399,-260,-91,82,257,391,499,562,551,493,408,269,100,-80,-253,-397,-501,-571,-575,-518,-409,-270,-94,101,276,415,520,582,581,525,410,258,74,-114,-295,-442,-548,-590,-595,-530,-402,-233,-40,155,329,475,579,605,581,513,373,201,21,-173,-340,826,-567,-608,-584,-498,-376,-199,-4,194,364,500,589,609,569,491,354,173,-4,-196,-371,-500,-592,-619,-584,-486,-351,-193,3,183,352,494,577,602,586,514,377,219,41,-158,-336,-494,-601,-645,-626,-556,-438,-262,-56,147,345,514,620,693,677,602,468,274,50,-160,-376,-562,-673,-739,-720,-626,-483,-268,-17,234,452,626,735,779,738,611,417,183,-82,-332,-535,-683,-760,-753,-662,-514,-306,-61,187,403,561,659,698,656,535,372,182,-31,-227,-395,-500,-561,-568,-505,-402,-269,-108,43,189,316,399,433,444,420,349,249,137,27,-100,-221,-314,-378,-421,-418,-369,-291,-193,-1141,-1215
39235,mtk,MTK 7916,2424964393,rx0-tx1,512,87,541,659,-181,-6,187,375,524,633,673,647,559,401,192,-47,-283,-499,-670,-776,-798,-744,-612,-410,-166,105,382,616,786,892,901,816,650,422,146,-163,-454,-701,-882,-968,-965,-869,-677,-418,-111,208,501,752,930,1016,1007,889,693,427,123,-198,-507,-758,-944,-1039,-1038,-933,-744,-477,-165,161,485,754,961,1080,1094,1000,804,535,211,-134,-470,-767,-988,-1119,-1141,-1047,-851,-568,-231,135,481,783,1013,1135,1150,1061,857,565,234,-128,-474,-778,-1004,-1118,-1124,-1046,-844,-565,-243,114,465,765,985,1112,1118,1018,823,548,213,-124,-458,-739,-937,-1051,-1062,-970,-787,-529,-223,95,399,665,877,-689,1012,938,776,550,277,-18,-320,-594,-815,-954,-1010,-975,-842,-639,-372,-60,255,563,815,1002,1100,1079,956,734,452,101,-267,-618,-916,-1119,-1213,-1193,-1049,-796,-447,-34,381,768,1081,1279,1345,1276,1055,726,318,-135,-557,-939,-1220,-1367,-1359,-1211,-942,-565,-125,327,735,1059,1260,1327,1251,1040,724,331,-78,-478,-819,-1066,-1190,-1187,-1053,-818,-497,-142,219,542,802,979,1041,988,836,606,314,-1,-300,-558,-746,-848,-860,-789,-632,-418,-173,95,330,528,673,735,717,636,476,272,43,-183,-384,-543,-637,-648,-587,-459,-275,-60,161,359,498,568,555,456,290,77,-130,-296,-386,-397,-325,49,235,0,-57,249,173,197,173,105,7,-102,-192,-255,-279,-257,-190,-92,16,132,220,273,305,288,232,151,48,-48,-146,-227,-277,-289,-276,-241,-176,-103,-8,83,162,228,272,299,293,265,209,131,39,-61,-175,-266,-346,-398,-407,-370,-281,-165,-16,138,282,416,503,526,491,402,257,81,-101,-286,-438,-541,-585,-556,-476,-338,-158,30,231,390,499,571,583,527,407,243,66,-121,-300,-446,-534,-574,-550,-460,-327,-162,20,193,344,460,525,528,480,386,252,85,-72,-219,-347,-436,-471,-457,-405,-314,-189,-41,99,221,321,388,411,401,344,260,146,27,-97,-219,-303,-356,-373,-350,-296,-130,-119,-10,105,207,274,318,334,304,252,174,75,-31,-120,-203,-257,-283,-276,-239,-175,-95,-7,78,144,188,210,203,170,116,47,-5,-50,-101,-123,-123,-95,-61,-22,24,64,85,84,69,37,1,-55,-102,-131,-144,-140,-123,-77,-4,75,147,208,256,264,237,182,108,7,-105,-213,-309,-358,-372,-356,-295,-180,-52,93,228,346,429,461,440,370,260,105,-52,-202,-338,-437,-484,-474,-413,-317,-184,-34,117,245,349,414,428,405,340,244,133,15,-101,-199,-273,-324,-332,-324,-295,-240,-170,-93,-24,47,127,194,253,300,329,328,311,266,192,90,-25,-153,-272,-372,-575,-540,504,513,360,549,596,588,502,367,189,-26,-236,-435,-604,-715,-750,-708,-598,-411,-180,83,333,563,734,834,857,790,629,413,151,-140,-413,-651,-828,-932,-937,-839,-664,-414,-118,186,484,736,911,997,986,876,686,419,113,-211,-516,-767,-946,-1030,-1025,-912,-724,-459,-144,186,496,758,955,1057,1066,969,775,514,192,-142,-474,-761,-976,-1101,-1112,-1018,-830,-554,-230,131,480,782,1011,1136,1146,1048,854,572,233,-123,-472,-781,-1005,-1128,-1149,-1053,-857,-571,-233,118,464,770,987,1112,1134,1045,839,563,230,-128,-458,-746,-967,-1078,-1090,-1004,-800,-533,-220,115,433,705,910,1019,1027,943,777,532,261,-70,-371,-636,-841,-964,-1000,-947,-809,-592,-320,-22,287,572,798,967,1038,1017,900,690,416,82,-261,-579,-847,-1045,-1157,-1140,-1014,-775,-451,-77,310,680,988,1209,1296,1242,1071,769,387,-37,-469,-856,-1152,-1341,-1378,-1262,-1020,-654,-214,234,651,1000,1252,1362,1324,1141,836,446,22,-411,-782,-1074,-1233,-1262,-1160,-935,-615,-239,151,513,814,1027,1117,1091,947,710,398,57,-269,-554,-779,-921,-958,-886,-732,-504,-234,45,316,541,699,783,781,699,555,348,106,-127,-350,-530,-651,-696,-659,-553,-388,-178,46,259,440,568,617,592,481,308,102,-121,-312,-454,-511,-473,-356,-185,1,156,730,695,0,-587,-543,46,-36,-130,-204,-245,-234,-179,-93,16,127,220,282,302,276,202,112,13,-98,-191,-264,-297,-294,-263,-196,-108,-11,76,162,224,271,291,280,245,179,108,17,-74,-160,-243,-298,-332,-346,-316,-252,-162,-38,93,231,342,426,474,457,396,290,134,-39,-210,-369,-491,-550,-560,-502,-379,-213,-17,168,340,479,555,587,546,433,293,117,-81,-271,-428,-529,-577,-573,-497,-365,-201,-26,164,334,461,539,555,513,424,292,123,-50,-212,-352,-458,-508,-496,-442,-346,-216,-65,83,220,336,414,447,431,376,288,168,38,-93,-218,-311,-370,-387,-381,-326,-236,-128,-10,105,208,245,332,351,334,277,195,103,-7,-113,-198,-262,-299,-300,-274,-221,-138,-45,49,140,206,247,259,237,185,119,43,-30,-90,-142,-160,-152,-140,-100,-49,6,48,76,92,84,64,24,-18,-53,-84,-102,-105,-79,-36,17,67,119,164,190,187,164,119,42,-57,-140,-215,-276,-311,-313,-276,-189,-74,47,164,287,372,418,419,369,281,152,2,-148,-287,-402,-473,-479,-442,-353,-226,-72,93,244,360,446,469,448,379,276,147,12,-120,-239,-324,-367,-379,-355,-301,-230,-136,-33,47,132,204,249,284,288,295,273,228,176,109,21,-69,-162,-255,-334,-390,-413,-403,-351,-265,58,-234
39236,mtk,MTK 7916,2424964393,rx1-tx0,512,0,-520,-274,-28,-225,-404,-543,-643,-689,-662,-563,-411,-198,40,278,498,670,779,806,760,634,429,171,-105,-374,-628,-808,-909,-919,-831,-654,-393,-98,209,508,755,926,1003,960,829,624,337,16,-309,-599,-834,-986,-1023,-959,-808,-569,-270,57,378,651,869,999,1034,952,775,528,232,-109,-428,-694,-912,-1026,-1025,-934,-743,-478,-160,172,469,740,918,1007,985,866,669,391,77,-227,-509,-744,-883,-943,-906,-786,-579,-296,-14,267,512,704,809,836,784,649,462,242,-4,-245,-455,-614,-698,-728,-701,-592,-423,-225,-12,211,406,549,646,674,639,546,403,216,18,-175,-360,-513,-603,-638,-610,216,-368,-205,-7,183,353,479,568,598,566,473,345,175,-16,-189,-340,-469,-546,-564,-531,-440,-302,-150,22,198,345,450,505,517,476,384,262,123,-39,-204,-342,-428,-466,-481,-435,-345,-221,-78,62,203,312,390,423,411,364,289,178,59,-56,-167,-252,-304,-339,-337,-303,-260,-166,-84,13,111,200,269,311,329,320,278,208,109,10,-93,-191,-271,-326,-347,-332,-278,-195,-94,29,152,232,300,344,339,295,224,124,22,-82,-181,-251,-298,-308,-286,-227,-146,-44,57,158,226,268,278,255,212,131,37,-60,-146,-214,-258,-252,-221,-151,-66,34,127,186,203,185,127,47,-382,-583,0,940,737,-103,-201,-258,-261,-218,-124,3,132,249,329,361,339,262,148,4,-141,-261,-343,-396,-394,-335,-242,-101,41,171,302,389,439,422,364,275,140,-22,-167,-294,-388,-443,-451,-410,-326,-209,-80,78,233,359,446,486,469,411,304,170,10,-162,-302,-421,-504,-525,-478,-387,-252,-90,81,262,393,497,533,519,444,318,175,12,-151,-312,-434,-486,-512,-481,-392,-275,-125,33,198,325,421,483,487,432,349,241,98,-60,-197,-320,-414,-458,-450,-412,-313,-183,-49,96,237,332,407,438,413,353,259,131,-3,-133,-246,-336,-380,-386,-361,-291,-197,-90,33,143,235,299,335,336,-584,216,142,52,-41,-136,-215,-259,-280,-274,-236,-180,-110,-52,41,125,186,226,240,236,190,145,73,10,-39,-108,-146,-160,-162,-146,-110,-71,-30,16,39,49,70,73,61,38,18,4,-6,-14,-7,0,14,41,51,60,60,48,26,-14,-52,-94,-147,-184,-187,-171,-136,-79,-1,79,167,245,296,318,308,258,174,67,-61,-187,-300,-380,-424,-423,-376,-288,-163,-25,144,292,405,486,508,492,418,283,125,-51,-218,-373,-486,-549,-559,-501,-397,-258,-85,101,279,421,518,562,557,484,360,213,57,-120,-287,-417,-511,-546,-534,-479,-379,-240,-82,82,250,388,500,562,165,601,0,-365,-577,-621,-592,-502,-362,-184,23,237,434,596,715,750,714,600,419,195,-58,-314,-545,-738,-842,-864,-801,-651,-415,-145,159,447,695,874,949,944,844,640,376,54,-278,-556,-798,-963,-1016,-971,-824,-591,-288,43,353,627,852,987,1030,951,789,548,256,-73,-398,-682,-888,-1012,-1036,-937,-765,-515,-194,136,444,712,906,1008,997,906,713,445,130,-197,-491,-744,-921,-985,-945,-829,-614,-341,-50,248,514,741,872,897,845,708,511,264,2,-260,-489,-659,-761,-791,-737,-615,-433,-220,-8,218,426,576,667,703,669,564,415,229,17,-192,-380,-527,-625,-655,-627,-531,-383,-207,-22,178,757,498,592,626,590,489,351,184,-1,-184,-345,-473,-564,-580,-534,-453,-323,-160,18,195,348,463,521,541,506,412,279,125,-41,-200,-335,-429,-492,-506,-464,-362,-233,-103,50,202,319,412,445,444,404,308,191,61,-75,-187,-292,-363,-385,-380,-337,-253,-154,-55,57,133,226,289,309,328,309,268,192,102,9,-91,-183,-261,-313,-329,-328,-283,-213,-110,1,114,214,284,336,361,322,254,175,67,-51,-156,-245,-304,-324,-314,-267,-190,-91,12,116,203,268,301,295,259,186,103,7,-91,-178,-242,-265,-261,-224,-163,-65,35,127,198,236,235,189,113,20,-61,-129,-138,513,264,0,162,616,-185,-142,-39,74,188,283,322,303,235,121,-11,-149,-269,-349,-384,-360,-281,-180,-50,100,228,339,414,415,385,298,174,34,-116,-234,-338,-422,-448,-423,-350,-233,-96,62,203,324,407,449,467,416,313,184,32,-127,-272,-397,-481,-517,-483,-400,-279,-122,54,217,344,460,517,542,479,370,217,42,-124,-292,-417,-498,-529,-497,-420,-290,-139,11,188,326,425,480,492,447,362,254,115,-59,-210,-326,-417,-471,-468,-417,-327,-201,-59,76,214,341,414,452,442,384,284,169,17,-125,-248,-349,-410,-420,-390,-325,-221,-98,25,136,245,310,357,366,334,267,173,63,-53,-674,-227,-278,-310,-309,-282,-216,-134,-49,53,139,199,230,251,264,221,170,98,24,-60,-126,-171,-197,-186,-184,-153,-98,-53,5,57,95,122,129,117,84,66,50,13,-8,-33,-36,-23,-16,3,16,22,28,20,-1,-20,-44,-75,-109,-123,-115,-108,-82,-24,41,109,171,220,241,249,230,166,72,-33,-131,-225,-298,-355,-373,-352,-282,-174,-50,93,228,349,438,478,470,394,289,148,-14,-167,-330,-449,-522,-543,-506,-415,-272,-105,83,258,400,506,563,557,496,372,225,60,-120,-292,-427,-510,-551,-546,-478,-364,-220,-54,107,259,395,495,544,548,500,405,275,110,-935,-736
39237,mtk,MTK 7916,2424964393,rx1-tx1,512,0,0,0,646,675,560,316,2,-311,-558,-699,-698,-544,-276,51,370,614,724,694,520,229,-106,-411,-633,-727,-666,-458,-162,162,455,649,695,600,386,84,-241,-514,-672,-687,-550,-298,19,324,565,684,648,466,188,-124,-410,-618,-695,-606,-384,-79,244,520,684,695,553,291,-41,-375,-627,-747,-710,-518,-213,137,472,721,817,738,498,152,-224,-555,-781,-848,-747,-491,-130,267,612,816,847,724,460,92,-287,-596,-785,-821,-699,-437,-83,272,559,739,768,635,378,57,-269,-534,-676,-671,-534,-301,-10,273,491,601,586,441,216,-41,-283,-457,-519,-479,-339,-128,114,315,438,467,397,0,22,-169,-324,-418,-414,-314,-155,30,213,343,386,354,246,79,-105,-260,-354,-369,-303,-174,-10,159,295,360,342,255,100,-75,-219,-324,-363,-306,-181,-7,174,307,379,381,290,117,-79,-255,-388,-444,-405,-278,-77,149,346,481,523,463,299,64,-184,-404,-552,-601,-527,-339,-92,184,442,607,650,591,419,151,-144,-414,-610,-688,-646,-483,-228,68,345,555,666,654,525,297,27,-242,-462,-601,-627,-531,-347,-112,144,364,510,562,520,389,192,-39,-255,-412,-493,-492,-406,-254,-81,101,267,378,422,402,323,204,63,-81,-200,-287,-332,-331,-286,-210,-120,-36,43,98,136,0,0,0,0,0,-27,-38,-44,-51,-47,-28,-16,-2,24,53,67,73,76,68,40,-6,-44,-76,-99,-111,-94,-65,-25,22,68,100,113,105,77,32,-20,-57,-93,-115,-114,-80,-40,13,63,97,98,83,49,4,-50,-92,-114,-99,-61,-14,35,87,121,123,100,43,-43,-102,-146,-184,-182,-119,-26,73,175,253,282,253,177,51,-89,-224,-329,-374,-348,-245,-97,64,227,372,440,405,296,134,-52,-232,-379,-453,-441,-339,-166,28,229,392,478,461,354,187,-20,-221,-369,-456,-438,-341,-180,23,220,351,416,411,314,140,-62,-233,-354,-405,-367,-248,-75,110,272,375,390,320,194,0,-170,-316,-393,-387,-285,-115,81,264,390,431,385,249,58,-153,-347,-464,-475,-387,-217,1,231,427,540,522,398,189,-71,-326,-511,-601,-558,-400,-159,125,399,591,663,591,400,116,-201,-487,-675,-717,-616,-392,-77,258,536,713,743,617,363,32,-310,-591,-749,-748,-601,-322,19,351,622,758,735,568,281,-67,-398,-642,-746,-696,-512,-216,124,428,638,715,638,424,124,-192,-462,-633,-666,-550,-317,-15,274,504,628,613,465,213,-83,-357,-552,-633,-577,-391,-111,186,442,606,636,532,314,23,-278,-510,-635,-633,-494,-243,54,337,555,649,602,436,169,-133,-409,-602,-672,0,0,0,0,0,-191,121,413,625,705,634,432,138,-193,-481,-673,-726,-631,-406,-96,241,523,693,716,604,362,32,-302,-559,-703,-699,-547,-285,45,354,582,690,654,474,191,-132,-431,-629,-688,-596,-376,-77,235,493,645,666,539,284,-28,-333,-572,-690,-656,-473,-178,155,457,668,731,627,396,74,-266,-556,-742,-769,-623,-354,-3,360,651,807,803,626,322,-48,-422,-712,-844,-817,-618,-298,80,446,728,846,800,594,274,-100,-441,-697,-805,-747,-545,-244,108,428,650,732,671,471,182,-129,-401,-580,-631,-558,-376,-112,165,391,532,558,468,288,50,-195,-388,-486,-482,-372,-183,36,236,0,450,416,283,91,-102,-269,-382,-408,-344,-209,-35,149,297,377,372,285,138,-42,-212,-329,-370,-328,-214,-56,114,256,344,362,288,138,-30,-189,-312,-373,-342,-230,-59,128,289,380,400,335,189,-7,-210,-379,-468,-465,-366,-182,55,289,467,552,532,404,199,-59,-316,-520,-626,-613,-482,-252,29,313,540,661,664,541,324,56,-235,-495,-657,-691,-604,-402,-126,169,424,592,643,587,429,196,-69,-311,-493,-585,-574,-454,-256,-20,203,388,510,536,467,324,124,-87,-267,-397,-459,-446,-363,-221,-55,104,245,346,391,379,314,217,96,-28,-131,-208,-250,-249,-222,-186,-138,0,0,0,0,0,21,15,1,-12,-28,-51,-68,-74,-67,-51,-30,-1,38,72,94,105,100,72,29,-18,-60,-94,-113,-110,-99,-64,-9,47,83,107,113,101,63,14,-33,-74,-106,-117,-105,-61,-2,53,87,100,94,64,19,-39,-87,-107,-104,-80,-24,35,94,141,148,119,60,-18,-111,-186,-235,-235,-195,-108,16,151,259,324,326,265,151,-3,-169,-307,-396,-405,-332,-197,-29,154,311,419,445,381,240,63,-136,-319,-445,-478,-409,-270,-79,129,319,436,466,410,282,96,-111,-296,-413,-448,-390,-250,-66,133,300,397,405,338,198,18,-163,-312,-390,-377,-278,-133,43,213,341,0,348,231,61,-130,-295,-401,-423,-344,-188,18,209,362,451,442,323,137,-87,-299,-445,-503,-464,-312,-92,157,377,523,564,480,286,31,-239,-476,-613,-616,-486,-262,22,304,544,681,668,513,260,-63,-378,-614,-727,-700,-518,-224,113,434,670,758,693,492,186,-169,-490,-700,-768,-675,-450,-128,223,529,723,766,650,410,86,-260,-543,-704,-722,-589,-326,-5,304,557,684,656,492,232,-74,-364,-572,-651,-591,-403,-125,177,436,603,632,516,301,21,-270,-503,-623,-603,-456,-211,80,357,559,644,588,406,135,-166,-434,-603,-652,-560,-348,-63,238,491,639,654,524,282,-15,0,0
39238,mtk,MTK 7916,2424964393,rx2-tx0,512,0,0,0,125,-315,-688,-909,-932,-747,-397,38,467,796,939,874,622,240,-199,-590,-840,-901,-768,-466,-58,354,677,842,823,618,269,-130,-496,-746,-815,-690,-414,-46,331,626,780,748,532,196,-184,-529,-754,-804,-661,-362,21,406,709,844,781,545,185,-228,-590,-818,-853,-702,-386,29,432,728,864,804,553,176,-246,-614,-834,-859,-694,-359,66,481,783,908,823,549,139,-318,-709,-934,-954,-761,-388,87,555,909,1064,989,695,238,-289,-764,-1074,-1148,-984,-611,-100,443,895,1150,1161,925,496,-33,-558,-967,-1165,-1110,-823,-365,170,662,1000,1116,998,666,191,-320,-748,-1011,-1045,-852,-475,0,469,834,1004,939,673,261,-205,-622,-890,-952,-804,-479,-45,404,761,949,917,674,277,-184,-610,-894,-974,-837,-506,-57,415,811,1029,1021,790,365,-161,-656,-1016,-1169,-1070,-732,-223,338,841,1180,1273,1092,679,107,-493,-996,-1298,-1331,-1082,-603,-2,605,1095,1360,1335,1041,531,-101,-715,-1174,-1398,-1342,-1009,-475,163,768,1213,1403,1309,951,415,-211,-783,-1193,-1373,-1274,-918,-388,201,731,1120,1276,1172,856,390,-140,-628,-975,-1119,-1044,-776,-366,88,497,793,933,882,659,333,-43,-393,-638,-748,-714,-549,-293,6,284,496,603,593,482,294,64,-157,-337,-448,-478,-434,-336,-205,-66,62,0,0,0,0,0,38,-64,-178,-296,-387,-433,-419,-342,-202,-20,178,364,489,534,490,363,167,-62,-289,-474,-575,-572,-462,-255,-2,258,471,597,614,510,309,49,-223,-464,-605,-622,-526,-335,-78,196,423,557,582,492,303,61,-191,-390,-495,-493,-383,-189,36,239,390,439,388,242,40,-172,-337,-417,-404,-298,-121,98,305,435,464,384,218,-4,-229,-410,-505,-481,-354,-143,105,342,499,549,477,295,35,-232,-452,-580,-580,-441,-211,66,342,554,643,585,390,117,-190,-468,-647,-683,-569,-333,-19,306,575,717,701,529,246,-92,-421,-658,-765,-711,-498,-160,207,523,732,790,667,401,51,0,-629,-791,-786,-609,-295,80,442,710,817,742,501,151,-235,-567,-783,-828,-679,-376,10,394,700,850,812,587,235,-172,-555,-811,-887,-765,-469,-57,360,698,879,875,677,324,-116,-529,-827,-940,-838,-553,-143,305,686,918,936,753,397,-59,-501,-829,-977,-907,-623,-192,286,705,964,1005,824,451,-32,-510,-884,-1060,-1002,-721,-274,245,712,1036,1133,972,596,91,-439,-881,-1143,-1156,-910,-464,86,622,1020,1191,1111,798,312,-244,-748,-1090,-1192,-1037,-665,-158,378,831,1103,1130,907,493,-11,-508,-894,-1075,-1026,-754,-321,173,623,929,1017,874,546,106,-354,-736,-941,-926,-713,-343,105,0,0,0,0,0,930,891,646,259,-178,-580,-857,-943,-816,-506,-94,335,689,901,911,714,358,-70,-475,-767,-891,-810,-547,-173,234,584,801,828,663,342,-43,-409,-682,-795,-720,-475,-117,263,584,766,765,593,277,-111,-481,-735,-820,-719,-454,-69,333,658,837,836,635,284,-130,-505,-775,-873,-768,-480,-80,333,668,854,839,632,284,-146,-539,-806,-884,-754,-443,-26,407,748,926,894,651,251,-215,-648,-939,-1027,-887,-540,-61,444,863,1089,1080,842,418,-108,-617,-999,-1173,-1099,-785,-299,249,737,1074,1189,1053,685,171,-371,-820,-1096,-1138,-934,-527,-16,485,879,1085,1044,768,338,-153,-606,-918,0,-907,-579,-131,332,726,954,961,745,375,-78,-511,-830,-952,-870,-583,-162,292,682,920,952,759,384,-76,-516,-858,-1006,-932,-648,-208,303,758,1045,1108,927,541,14,-520,-960,-1201,-1193,-926,-451,129,686,1111,1304,1230,893,367,-252,-826,-1227,-1381,-1249,-841,-258,375,929,1293,1402,1223,781,181,-454,-996,-1333,-1403,-1187,-729,-119,515,1032,1333,1367,1138,690,104,-502,-995,-1275,-1310,-1086,-651,-103,437,885,1156,1187,983,611,138,-349,-745,-975,-1013,-859,-547,-146,257,592,793,828,708,459,134,-192,-461,-634,-676,-586,-399,-151,109,337,489,548,513,403,237,45,-134,-268,-344,-364,-338,0,0,0,0,0,291,322,309,245,136,-9,-170,-322,-440,-497,-475,-370,-205,4,218,409,531,563,495,334,104,-151,-380,-541,-611,-564,-402,-164,101,356,546,626,586,437,204,-80,-341,-523,-600,-574,-436,-207,62,307,485,554,514,366,143,-102,-312,-437,-471,-402,-234,-13,192,346,426,393,260,74,-137,-323,-435,-441,-348,-165,58,271,433,498,449,292,68,-169,-381,-503,-513,-405,-206,49,291,476,562,523,358,118,-157,-412,-584,-621,-524,-308,-14,284,522,651,639,490,223,-102,-409,-624,-708,-642,-439,-133,210,511,706,750,624,363,30,-319,-612,-769,-757,-583,-282,85,431,684,797,0,506,170,-207,-545,-761,-811,-677,-394,-25,346,642,804,791,599,263,-132,-498,-752,-843,-749,-487,-109,298,635,835,852,687,357,-53,-448,-752,-898,-829,-576,-196,233,616,865,924,769,439,12,-416,-760,-940,-902,-653,-268,185,604,880,959,831,509,66,-395,-768,-974,-960,-726,-318,165,616,937,1050,927,590,115,-392,-817,-1062,-1079,-863,-441,87,595,976,1151,1073,761,277,-277,-771,-1098,-1190,-1024,-639,-113,435,890,1157,1171,931,498,-40,-572,-982,-1172,-1105,-802,-339,192,680,1016,1121,983,643,161,-346,-762,-1005,-1028,-827,-445,28,495,836,983,913,639,226,-226,-619,-880,-944,0,0
39239,mtk,MTK 7916,2424964393,rx2-tx1,512,0,0,0,-172,112,375,556,612,543,374,125,-154,-399,-547,-582,-506,-331,-80,190,400,521,543,442,255,26,-201,-386,-478,-470,-376,-209,2,206,360,428,407,311,155,-32,-199,-303,-339,-310,-226,-100,34,154,233,255,225,157,66,-21,-90,-133,-139,-121,-84,-31,3,28,34,20,2,-2,7,31,64,85,98,88,51,-2,-71,-142,-186,-204,-176,-102,-2,114,218,289,302,248,133,-8,-160,-301,-374,-361,-277,-139,45,235,380,449,417,301,118,-94,-289,-437,-500,-437,-282,-84,145,358,485,512,440,272,34,-208,-406,-529,-547,-446,-243,9,263,470,572,544,399,175,-78,0,-505,-582,-533,-372,-134,137,383,545,573,479,288,32,-238,-454,-567,-566,-439,-209,65,334,520,593,540,362,100,-190,-443,-596,-622,-507,-271,34,342,581,686,660,488,198,-150,-474,-701,-786,-701,-461,-116,258,597,815,876,755,472,71,-349,-696,-906,-945,-790,-472,-46,396,762,975,991,815,485,42,-419,-788,-1000,-1012,-823,-468,-29,427,789,998,1016,840,490,49,-399,-750,-950,-971,-815,-504,-101,318,667,878,916,780,500,140,-227,-549,-758,-804,-705,-479,-179,146,430,624,696,636,464,220,-58,-302,-481,-580,-577,-470,-305,-104,106,286,403,450,430,354,246,127,15,0,0,0,0,0,31,116,198,267,313,319,284,211,96,-46,-188,-304,-378,-392,-341,-234,-79,85,243,362,420,406,324,177,0,-188,-338,-414,-430,-370,-231,-50,143,320,428,452,401,282,97,-103,-291,-411,-451,-402,-284,-112,82,254,380,439,404,286,126,-50,-217,-340,-394,-380,-293,-143,23,170,275,332,341,284,175,39,-94,-192,-241,-247,-219,-156,-79,-1,68,123,134,116,95,73,53,29,1,-7,-8,-11,-25,-47,-71,-103,-133,-127,-87,-30,38,101,156,192,198,164,95,-1,-94,-172,-226,-238,-203,-125,-16,94,184,231,243,198,114,12,-89,-172,-213,-205,-153,-73,20,0,183,206,172,103,10,-93,-173,-211,-204,-150,-54,56,156,228,250,214,125,-3,-132,-229,-272,-264,-199,-86,55,190,281,316,285,187,51,-101,-240,-328,-339,-276,-156,5,172,309,367,337,248,113,-58,-212,-319,-358,-316,-198,-41,130,278,356,346,254,112,-53,-223,-341,-369,-303,-185,-22,163,316,394,377,277,105,-105,-301,-426,-455,-386,-241,-41,186,394,508,510,401,205,-45,-287,-472,-560,-540,-402,-158,126,388,574,636,573,389,116,-186,-454,-637,-687,-594,-372,-76,236,505,676,705,584,348,44,-270,-526,-679,-693,-574,-333,-23,280,521,653,647,509,265,-38,0,0,0,0,0,-605,-617,-498,-278,-3,270,484,587,575,451,229,-44,-296,-480,-563,-526,-392,-179,73,309,468,523,472,328,120,-105,-296,-424,-461,-399,-266,-83,109,269,363,384,322,198,43,-110,-231,-293,-292,-235,-140,-27,79,160,203,202,151,81,10,-48,-79,-88,-73,-54,-38,-25,-12,-13,-31,-48,-39,-8,27,75,123,151,149,120,52,-51,-140,-209,-261,-258,-177,-51,76,200,304,342,307,199,43,-123,-271,-387,-421,-361,-224,-32,167,339,446,461,379,211,-2,-214,-397,-503,-489,-373,-179,63,289,451,533,506,362,137,-119,-349,-504,-565,-504,-330,-84,179,407,549,565,0,282,24,-240,-455,-570,-559,-434,-220,43,302,489,581,541,374,121,-149,-390,-553,-586,-485,-278,-9,265,481,595,584,437,190,-105,-388,-593,-663,-576,-361,-65,253,523,696,725,587,316,-33,-386,-676,-831,-802,-609,-285,110,499,788,916,861,632,271,-150,-546,-854,-996,-933,-670,-265,195,622,922,1034,945,671,257,-214,-626,-919,-1031,-947,-666,-256,203,616,908,1031,947,678,292,-144,-553,-839,-961,-901,-672,-324,78,458,730,852,817,628,327,-28,-358,-609,-737,-718,-571,-330,-39,251,488,625,639,541,358,134,-100,-315,-473,-532,-503,-411,-273,-102,62,195,281,313,300,0,0,0,0,0,-235,-227,-192,-128,-35,74,188,286,352,368,334,239,99,-54,-201,-323,-397,-404,-340,-209,-45,129,288,398,445,404,280,111,-60,-244,-391,-452,-426,-332,-175,16,209,365,443,440,363,213,8,-181,-330,-422,-435,-372,-222,-31,162,307,389,391,338,219,53,-112,-253,-353,-387,-342,-242,-103,56,183,269,307,282,212,116,-2,-110,-176,-205,-197,-154,-100,-47,3,36,56,62,54,47,43,46,68,71,65,59,34,-6,-67,-127,-162,-167,-158,-117,-39,57,141,205,239,223,163,72,-39,-140,-207,-237,-226,-167,-76,26,130,208,232,209,143,43,-63,-141,-196,-215,0,-92,-4,94,178,214,195,120,22,-82,-166,-219,-226,-185,-92,39,148,215,261,253,160,34,-94,-204,-275,-298,-253,-140,6,151,273,332,310,223,89,-60,-204,-308,-353,-321,-211,-51,114,260,344,357,281,150,-7,-162,-292,-358,-338,-237,-82,94,246,342,351,281,142,-26,-194,-320,-371,-341,-230,-53,141,305,405,417,328,167,-47,-251,-414,-493,-464,-325,-113,138,366,510,554,490,299,49,-213,-444,-587,-605,-486,-261,14,300,532,656,639,487,237,-67,-366,-594,-704,-667,-493,-221,93,394,619,708,654,474,196,-117,-402,-609,-689,-625,-427,-147,162,436,610,655,0,0
39240,mtk,MTK 7916,2425042469,rx0-tx0,512,-349,-495,-523,158,49,-76,-189,-299,-383,-436,-445,-420,-356,-250,-119,19,161,286,389,463,484,473,409,304,180,36,-124,-259,-376,-460,-502,-494,-428,-330,-205,-60,91,225,330,412,444,438,399,323,201,78,-39,-171,-261,-326,-357,-368,-342,-276,-200,-117,-33,45,121,177,230,256,245,224,202,168,123,80,37,-16,-61,-119,-155,-195,-223,-234,-242,-223,-197,-137,-60,22,110,182,259,318,342,335,303,246,154,40,-79,-179,-282,-362,-403,-409,-373,-303,-194,-63,76,206,314,392,426,431,394,309,185,63,-65,-203,-295,-357,-399,-389,-339,-265,-164,-39,71,169,250,294,323,323,-511,213,142,54,-28,-111,-178,-216,-230,-227,-207,-176,-118,-64,-5,65,98,133,149,157,148,124,88,50,24,-14,-32,-52,-59,-62,-71,-76,-65,-77,-70,-54,-45,-22,-7,5,38,52,56,75,86,88,93,77,39,13,-12,-40,-56,-74,-94,-100,-88,-62,-37,-23,-6,23,38,43,51,56,51,50,45,42,33,33,27,10,9,1,-22,-29,-39,-54,-69,-76,-79,-81,-66,-36,-12,20,51,87,110,119,121,113,86,49,9,-39,-80,-118,-138,-143,-142,-121,-78,-37,14,52,95,128,132,132,119,88,51,9,-31,-67,-100,-114,-107,-87,-55,-21,13,44,-264,-361,1179,-1252,-1254,192,190,137,53,-48,-154,-248,-307,-312,-290,-217,-124,-3,123,229,318,376,395,355,291,194,66,-67,-197,-316,-411,-454,-450,-401,-305,-178,-41,106,252,382,470,496,484,431,327,196,50,-104,-250,-374,-455,-496,-491,-445,-365,-249,-105,39,183,307,406,464,481,469,395,301,188,44,-94,-225,-343,-414,-471,-471,-442,-381,-274,-158,-21,109,246,343,412,467,458,442,377,266,146,11,-127,-248,-354,-439,-482,-490,-449,-366,-268,-136,10,148,286,395,466,509,494,444,365,243,98,-55,-195,-337,-445,-501,-528,-510,-438,-334,-198,-52,102,254,374,449,500,524,482,400,-330,155,7,-151,-278,-385,-481,-517,-507,-460,-372,-249,-104,43,180,297,405,469,498,481,422,339,225,104,-35,-169,-291,-390,-436,-462,-463,-419,-344,-240,-125,7,141,263,371,441,475,486,457,382,285,159,7,-149,-288,-398,-496,-536,-542,-504,-415,-295,-147,12,180,334,468,560,602,597,529,425,278,104,-95,-274,-426,-554,-619,-630,-581,-483,-345,-168,14,194,366,505,584,601,581,496,373,224,49,-115,-267,-397,-478,-515,-522,-468,-374,-260,-117,21,151,267,359,412,432,409,360,292,200,102,-6,-110,-202,-278,-330,-357,-366,-340,-292,-227,-139,-36,68,168,257,335,-932,-1150,-729,-252,-165,-370,-411,-412,-379,-312,-209,-85,48,176,295,397,455,478,463,396,293,161,13,-131,-276,-390,-461,-498,-480,-419,-331,-206,-61,102,246,362,448,484,474,415,329,211,69,-64,-185,-297,-378,-404,-416,-379,-301,-208,-103,3,113,203,260,293,303,290,254,203,146,68,3,-46,-105,-155,-184,-197,-208,-208,-199,-182,-144,-110,-53,3,66,127,184,245,282,299,288,252,198,115,12,-96,-192,-283,-353,-386,-380,-344,-285,-188,-64,65,189,300,381,429,434,394,315,195,62,-70,-203,-315,-389,-414,-415,-361,-272,-174,-57,70,180,272,342,368,349,310,236,149,55,-50,1105,-202,-260,-285,-278,-254,-200,-129,-52,23,80,137,178,192,204,179,145,107,64,14,-38,-75,-105,-107,-121,-120,-109,-88,-62,-45,-27,-3,14,23,50,49,59,68,64,75,75,53,47,37,11,-8,-30,-66,-85,-91,-94,-84,-73,-65,-39,-7,31,54,72,77,88,78,51,39,27,11,-2,-10,-15,-25,-29,-33,-42,-42,-38,-53,-55,-48,-47,-37,-22,5,23,45,74,90,100,107,100,80,44,4,-32,-70,-106,-122,-135,-137,-122,-85,-37,9,47,94,124,137,136,120,103,63,24,-18,-63,-100,-119,-122,-113,-97,-65,-20,24,59,82,89,84,68,-258,-401,1145,-54,162,-22,-113,-199,-256,-271,-246,-176,-67,45,158,253,319,356,342,284,199,88,-43,-167,-273,-363,-412,-419,-380,-312,-193,-52,90,234,359,443,481,473,422,326,187,35,-118,-262,-384,-457,-491,-486,-437,-343,-219,-68,83,231,346,435,479,483,458,382,278,136,-3,-141,-268,-359,-438,-478,-469,-430,-339,-238,-107,37,158,291,384,450,476,465,418,319,219,83,-51,-167,-296,-391,-453,-484,-465,-403,-325,-214,-80,66,203,321,409,485,503,482,421,317,195,52,-102,-237,-362,-457,-508,-513,-485,-414,-289,-152,-3,158,299,411,484,520,524,469,365,237,104,-50,-206,-337,826,-491,-520,-497,-430,-338,-211,-52,93,228,348,438,490,500,464,400,291,159,23,-119,-243,-352,-429,-471,-478,-445,-384,-280,-159,-38,93,218,325,402,454,480,458,404,314,193,73,-58,-201,-327,-420,-492,-521,-504,-447,-358,-233,-83,69,231,377,492,560,585,560,479,365,206,39,-141,-310,-448,-555,-623,-620,-560,-459,-315,-134,56,238,389,517,600,616,590,501,364,201,28,-150,-324,-452,-541,-578,-557,-492,-380,-234,-87,62,216,332,418,471,474,441,375,276,157,33,-87,-188,-275,-335,-371,-382,-367,-322,-248,-158,-64,32,134,221,296,353,374,373,334,276,197,-623,-513
39241,mtk,MTK 7916,2425042469,rx0-tx1,512,87,-253,-247,402,271,106,-81,-262,-431,-579,-677,-717,-698,-623,-482,-299,-87,142,358,556,711,810,835,791,690,522,307,61,-197,-438,-647,-813,-914,-933,-889,-766,-570,-330,-51,230,488,713,887,985,996,940,806,594,334,59,-231,-500,-736,-925,-1032,-1052,-1007,-864,-652,-405,-115,184,474,728,925,1057,1103,1056,933,737,475,174,-137,-445,-732,-949,-1097,-1159,-1120,-1002,-803,-531,-216,114,435,727,964,1116,1181,1155,1040,833,557,235,-94,-421,-717,-955,-1121,-1192,-1169,-1058,-852,-571,-263,71,400,711,958,1115,1191,1162,1044,842,564,245,-82,-413,-702,-936,-1090,-1158,-1129,-1015,-823,-555,-252,72,-689,669,897,1052,1126,1110,1001,823,569,277,-35,-352,-633,-877,-1050,-1138,-1131,-1037,-861,-609,-309,14,341,643,892,1088,1198,1203,1111,915,652,328,-39,-394,-720,-1002,-1197,-1287,-1275,-1144,-916,-602,-243,155,541,881,1135,1299,1348,1261,1075,792,433,56,-347,-705,-982,-1172,-1262,-1235,-1097,-873,-566,-212,140,477,763,977,1102,1119,1039,878,651,366,61,-239,-515,-728,-867,-930,-917,-823,-667,-452,-205,48,280,478,642,743,763,731,644,504,316,111,-101,-298,-460,-575,-642,-646,-600,-498,-350,-172,22,201,371,502,571,578,534,419,258,82,-105,-285,-418,-485,-477,-400,-272,-108,57,178,10,-213,0,1099,1358,-158,-142,-84,4,95,178,238,258,239,191,115,18,-73,-150,-214,-256,-267,-249,-211,-151,-71,8,83,156,206,233,248,247,223,185,127,61,-15,-84,-152,-221,-273,-305,-314,-304,-270,-212,-117,-8,117,235,336,411,448,454,416,319,195,51,-114,-261,-389,-490,-534,-533,-478,-370,-242,-83,87,241,377,481,537,543,504,427,308,152,-15,-168,-305,-431,-506,-539,-522,-457,-364,-230,-82,75,215,335,434,492,504,475,398,298,172,38,-97,-229,-328,-401,-444,-444,-408,-340,-247,-129,-11,103,214,297,354,387,381,351,292,203,110,5,-100,-196,-263,-309,-328,-322,-297,-130,-191,-107,-11,60,139,206,255,290,284,257,221,166,90,14,-53,-111,-160,-199,-222,-215,-182,-151,-109,-63,-14,22,56,76,88,82,80,80,75,68,76,73,73,84,81,69,55,32,2,-43,-94,-141,-198,-232,-249,-257,-229,-184,-114,-21,73,176,275,341,391,408,391,330,232,115,-19,-151,-279,-397,-483,-520,-514,-455,-359,-224,-75,90,241,380,486,541,551,509,427,308,161,5,-149,-296,-402,-475,-502,-490,-429,-341,-239,-115,14,131,226,295,343,370,360,328,280,211,143,76,7,-56,-116,-171,-225,-271,-305,-332,-338,-326,-292,-234,-152,-49,69,183,303,-1184,-361,504,0,44,-430,-539,-616,-634,-599,-513,-373,-189,12,215,414,582,702,775,780,718,599,413,190,-55,-291,-504,-692,-823,-889,-874,-788,-640,-441,-192,69,332,582,781,915,975,951,854,692,471,193,-94,-370,-633,-836,-964,-1027,-1011,-908,-745,-512,-226,62,353,628,834,986,1068,1059,969,800,574,301,-4,-311,-593,-839,-1012,-1103,-1113,-1042,-885,-645,-361,-36,290,587,847,1046,1154,1177,1098,935,690,386,57,-273,-587,-854,-1054,-1168,-1191,-1123,-960,-721,-426,-94,242,564,846,1050,1166,1194,1126,968,724,422,86,-257,-570,-841,-1047,-1156,-1183,-1106,-942,-705,-411,-86,245,549,811,1004,1117,1140,261,923,691,414,98,-219,-520,-779,-977,-1090,-1124,-1067,-933,-723,-448,-136,189,493,766,975,1110,1162,1117,985,771,500,175,-174,-510,-809,-1045,-1204,-1255,-1190,-1043,-802,-474,-113,274,639,949,1178,1308,1328,1225,1010,708,350,-59,-451,-796,-1076,-1247,-1317,-1275,-1099,-836,-510,-139,245,591,877,1089,1187,1181,1079,876,611,292,-50,-360,-633,-852,-991,-1031,-986,-856,-652,-408,-138,144,396,606,758,840,842,771,647,478,264,39,-179,-377,-543,-654,-703,-697,-623,-501,-340,-153,45,229,397,524,605,619,578,484,335,153,-36,-223,-389,-493,-538,-529,-451,-309,-131,56,219,337,391,363,276,-163,-106,0,-838,-102,63,128,191,218,211,169,90,-10,-104,-184,-246,-271,-256,-217,-155,-76,11,95,165,223,259,258,249,213,154,88,19,-56,-122,-179,-224,-253,-267,-257,-241,-194,-130,-51,38,129,218,298,358,384,376,335,260,155,32,-108,-251,-376,-452,-506,-502,-450,-359,-220,-69,98,262,394,493,555,553,502,405,277,114,-54,-210,-347,-458,-523,-535,-506,-443,-341,-195,-40,122,267,385,473,509,512,461,377,266,121,-25,-164,-289,-384,-451,-471,-461,-409,-317,-209,-83,47,167,274,357,403,409,393,342,269,175,62,-53,-149,-237,-305,-344,-363,-346,-302,-230,-152,-53,40,126,245,255,304,307,288,263,206,144,58,-31,-104,-161,-213,-247,-252,-235,-205,-161,-108,-44,27,76,111,140,159,151,144,121,97,69,42,30,14,0,-2,-11,-22,-20,-35,-58,-83,-108,-133,-159,-172,-167,-151,-112,-53,14,87,170,241,299,332,337,318,259,169,68,-48,-166,-286,-379,-445,-469,-447,-392,-302,-174,-36,119,266,398,490,536,536,488,405,273,121,-47,-208,-349,-458,-521,-539,-518,-448,-340,-201,-51,93,224,321,396,440,443,403,335,253,165,68,-32,-117,-194,-246,-279,-300,-306,-295,-271,-241,-198,-144,-85,-17,65,147,233,311,374,422,435,419,362,-902,-1282
39242,mtk,MTK 7916,2425042469,rx1-tx0,512,0,-256,500,-218,-53,112,271,425,557,636,665,633,559,431,263,60,-157,-360,-549,-683,-771,-795,-746,-638,-483,-260,-17,237,476,670,823,905,906,834,672,457,210,-70,-349,-599,-792,-929,-984,-950,-840,-655,-409,-132,161,437,689,871,979,1019,965,827,628,378,79,-220,-490,-747,-925,-1027,-1042,-966,-816,-589,-308,-11,290,570,807,962,1035,1016,911,731,494,216,-81,-375,-622,-823,-946,-983,-937,-810,-622,-377,-111,148,391,606,759,835,852,804,684,511,300,85,-138,-343,-522,-652,-711,-726,-691,-596,-466,-295,-105,90,279,439,566,648,674,651,579,465,303,124,-65,-259,-416,-545,216,-666,-647,-570,-454,-296,-115,76,267,431,558,637,663,639,554,419,244,61,-134,-309,-457,-569,-626,-643,-594,-493,-359,-191,-12,175,342,469,557,589,572,518,420,291,143,-26,-194,-341,-456,-542,-558,-525,-461,-353,-229,-76,91,225,341,423,481,494,445,375,271,157,23,-100,-212,-299,-353,-393,-389,-363,-310,-223,-119,-32,72,178,255,325,355,349,317,275,196,96,12,-91,-176,-251,-305,-318,-311,-283,-220,-147,-64,33,114,187,241,279,291,272,228,153,81,3,-83,-159,-222,-252,-260,-248,-204,-143,-70,14,99,175,221,242,221,172,104,24,-57,-122,-160,-157,-1278,-1225,0,-513,-46,178,190,170,115,30,-71,-158,-230,-268,-267,-235,-168,-80,16,117,198,266,296,292,262,203,124,30,-71,-159,-233,-274,-307,-303,-267,-207,-135,-46,52,140,211,263,305,319,296,246,189,102,12,-89,-189,-259,-324,-353,-346,-317,-250,-160,-65,47,162,251,321,367,369,344,294,212,108,9,-101,-209,-290,-333,-355,-356,-315,-246,-155,-63,31,129,223,286,321,333,316,279,227,138,55,-29,-120,-187,-254,-299,-321,-300,-260,-201,-132,-49,40,127,193,247,288,292,269,228,182,110,35,-42,-118,-174,-229,-247,-254,-238,-205,-157,-92,-22,26,94,157,183,215,223,-584,174,134,92,46,-14,-60,-110,-151,-176,-177,-178,-170,-142,-90,-49,-10,35,77,116,132,148,147,139,115,97,66,35,0,-35,-65,-82,-98,-118,-119,-108,-99,-91,-77,-63,-35,-3,11,32,52,75,91,111,125,135,141,129,113,95,60,19,-37,-98,-143,-189,-240,-257,-253,-231,-191,-137,-56,43,141,227,314,369,388,387,328,251,150,33,-88,-224,-334,-422,-471,-467,-446,-384,-270,-129,5,169,307,423,498,533,525,472,368,229,86,-66,-219,-353,-457,-519,-533,-506,-437,-337,-209,-57,83,223,339,429,486,507,491,440,350,243,117,-19,-163,-293,-398,-477,-853,-954,0,-1258,-1186,548,588,587,548,462,322,156,-33,-220,-395,-556,-672,-736,-725,-665,-539,-371,-167,72,306,515,689,812,858,838,738,578,363,106,-161,-427,-656,-820,-925,-958,-901,-767,-562,-313,-20,267,526,748,906,987,988,910,753,517,254,-42,-337,-602,-816,-963,-1039,-1003,-905,-728,-473,-192,114,405,659,869,992,1037,999,878,674,407,112,-187,-473,-716,-901,-1002,-1016,-935,-780,-573,-306,-21,260,506,713,858,924,902,812,653,444,209,-30,-267,-477,-646,-749,-792,-767,-682,-556,-382,-186,12,219,402,545,650,695,687,629,523,377,210,21,-167,-332,-483,-592,-646,-667,-612,-520,-392,757,-45,159,334,484,594,658,667,615,508,365,189,-2,-189,-368,-514,-609,-653,-643,-568,-457,-301,-129,48,231,384,505,587,613,590,504,385,238,71,-92,-252,-395,-499,-558,-575,-536,-448,-335,-183,-12,140,288,403,476,525,517,461,379,255,118,-38,-174,-280,-366,-420,-443,-421,-366,-276,-180,-74,35,135,233,318,355,368,367,319,250,173,71,-29,-126,-212,-294,-319,-320,-324,-281,-225,-135,-31,56,146,217,263,299,298,265,222,162,89,-2,-89,-172,-228,-254,-271,-258,-222,-157,-81,-7,85,155,208,240,245,226,169,98,13,-75,-142,-192,-210,-191,-141,-71,2,684,-145,0,-815,-938,41,-36,-123,-191,-238,-242,-205,-138,-39,62,148,223,265,283,265,211,130,34,-53,-134,-213,-270,-305,-295,-259,-193,-115,-29,71,155,224,279,312,314,280,227,156,69,-38,-136,-205,-264,-313,-330,-328,-283,-217,-134,-29,68,175,266,325,354,367,338,276,196,91,-25,-128,-230,-316,-361,-377,-366,-314,-236,-138,-37,78,181,262,316,341,351,330,274,192,102,5,-96,-176,-253,-305,-317,-324,-293,-238,-173,-92,0,87,162,233,272,298,296,269,219,158,74,-18,-89,-149,-203,-251,-263,-258,-232,-199,-143,-64,11,87,149,195,225,225,223,217,173,121,66,-13,-674,-105,-152,-177,-200,-198,-182,-157,-117,-64,-10,29,76,123,147,152,163,160,142,107,76,47,8,-32,-70,-95,-114,-122,-133,-129,-112,-83,-65,-34,-4,28,44,58,74,86,102,101,105,106,97,80,65,53,30,2,-34,-73,-105,-140,-167,-188,-202,-198,-173,-143,-76,2,78,156,222,284,325,340,315,274,199,96,-5,-128,-240,-332,-407,-436,-440,-407,-318,-213,-74,65,193,324,431,484,515,504,427,322,179,31,-127,-277,-406,-484,-525,-528,-491,-404,-290,-141,16,163,297,400,481,509,500,460,384,277,148,8,-123,-248,-358,-443,-490,-506,-486,-429,-341,-228,707,193
39243,mtk,MTK 7916,2425042469,rx1-tx1,512,0,0,0,-784,-649,-348,40,423,706,830,760,500,118,-294,-632,-817,-819,-630,-280,141,518,767,846,724,425,25,-373,-676,-817,-753,-500,-131,258,585,767,755,555,223,-166,-519,-736,-772,-620,-303,90,460,726,810,684,383,-11,-394,-692,-822,-755,-493,-108,316,669,862,838,613,233,-195,-587,-849,-918,-758,-413,35,473,807,948,865,579,154,-310,-690,-913,-921,-720,-350,95,515,811,914,804,503,98,-321,-657,-834,-812,-607,-259,142,493,713,773,653,374,19,-323,-580,-691,-633,-429,-130,186,448,594,591,450,206,-83,-337,-496,-529,-439,-245,10,250,412,471,414,249,19,-204,0,-437,-395,-254,-47,163,332,416,399,283,93,-124,-310,-413,-410,-302,-117,92,281,405,424,340,168,-50,-258,-398,-435,-371,-224,-9,209,386,470,430,291,85,-154,-361,-472,-473,-366,-169,75,320,501,558,474,287,39,-222,-446,-567,-558,-424,-189,92,346,536,612,550,370,105,-190,-438,-590,-619,-518,-304,-31,247,462,586,584,456,232,-21,-278,-465,-557,-536,-404,-191,52,281,439,490,448,329,144,-60,-245,-367,-410,-378,-278,-133,35,183,293,346,330,255,139,1,-121,-217,-279,-288,-242,-162,-67,29,109,175,219,222,193,147,86,23,-38,-85,-115,-124,-123,-125,0,0,0,0,0,-54,-90,-109,-115,-101,-64,-16,37,87,126,140,126,86,32,-29,-94,-138,-148,-130,-77,-4,70,127,165,164,120,56,-19,-106,-170,-200,-187,-134,-50,52,143,198,215,195,132,40,-58,-152,-223,-228,-181,-110,-29,63,134,186,203,161,90,20,-46,-104,-135,-133,-112,-71,-22,18,50,63,57,48,37,31,37,32,22,23,13,-13,-35,-68,-98,-104,-87,-46,13,77,136,166,168,128,54,-44,-139,-207,-223,-198,-135,-35,91,202,262,262,217,119,-14,-146,-255,-305,-273,-188,-60,82,211,290,298,239,126,-23,-169,-267,-299,-258,-152,-2,142,242,285,266,0,22,-127,-244,-311,-297,-205,-51,118,268,355,357,264,93,-116,-303,-416,-439,-361,-186,47,275,446,519,474,312,66,-211,-451,-597,-593,-442,-185,118,411,614,673,576,337,16,-322,-596,-730,-686,-486,-172,186,508,726,768,625,326,-48,-412,-689,-807,-727,-473,-102,296,616,790,790,602,257,-140,-506,-759,-841,-702,-398,-10,378,682,810,745,509,155,-230,-563,-758,-767,-589,-272,117,469,701,760,629,347,-20,-378,-650,-759,-680,-433,-84,282,580,735,709,505,179,-193,-518,-721,-745,-582,-276,92,436,681,759,657,391,25,-343,-629,-763,-704,-478,-134,244,562,742,746,0,0,0,0,0,-103,-472,-729,-810,-700,-427,-39,360,681,837,793,565,204,-214,-573,-797,-834,-673,-344,59,439,711,820,733,464,76,-325,-640,-794,-755,-537,-188,210,556,752,764,588,267,-126,-487,-726,-781,-643,-348,42,420,697,807,722,450,61,-351,-676,-838,-790,-554,-175,256,627,847,874,688,327,-120,-537,-829,-930,-818,-496,-51,387,742,932,900,653,263,-193,-605,-872,-929,-772,-430,1,420,742,892,826,567,185,-229,-577,-786,-807,-646,-340,52,411,651,743,656,411,86,-243,-503,-642,-622,-458,-185,118,381,538,565,445,222,-45,-288,-456,-507,-432,-252,-14,222,389,451,403,0,44,-177,-345,-427,-398,-268,-78,138,319,412,398,292,105,-116,-305,-412,-425,-325,-144,73,261,397,436,364,195,-13,-227,-384,-452,-417,-271,-46,193,379,476,460,335,124,-129,-345,-489,-519,-422,-227,23,284,477,558,516,355,110,-163,-410,-566,-587,-482,-278,-16,258,498,622,598,444,207,-81,-356,-553,-624,-564,-390,-139,135,382,545,599,515,333,83,-164,-369,-498,-522,-438,-275,-58,165,345,445,451,362,220,40,-140,-279,-365,-381,-322,-203,-55,97,211,287,314,282,206,100,-19,-130,-209,-250,-254,-217,-148,-65,16,87,139,168,178,165,134,90,48,8,-31,0,0,0,0,0,74,46,14,-30,-77,-113,-131,-133,-107,-54,6,64,113,137,140,108,50,-17,-79,-139,-164,-149,-101,-33,54,131,170,175,149,94,12,-84,-174,-213,-211,-172,-86,18,110,189,226,211,162,82,-16,-113,-180,-209,-204,-155,-77,11,100,151,160,152,120,61,-1,-51,-86,-102,-96,-74,-48,-26,-4,10,14,17,22,26,38,52,67,72,52,12,-32,-76,-109,-132,-127,-87,-17,64,143,192,196,161,92,-11,-121,-206,-251,-243,-181,-71,48,170,262,291,249,158,20,-127,-242,-301,-289,-203,-82,52,186,279,304,252,136,-10,-143,-253,-298,-266,-170,-31,119,0,300,277,186,44,-123,-266,-333,-313,-218,-68,113,274,379,395,309,135,-86,-292,-433,-485,-421,-240,7,258,459,564,529,363,117,-169,-436,-596,-621,-499,-256,60,371,598,681,616,412,97,-260,-563,-731,-730,-560,-249,128,476,718,792,678,405,31,-358,-657,-802,-766,-545,-189,215,563,775,809,655,341,-63,-447,-723,-823,-731,-460,-86,309,626,788,764,558,212,-183,-527,-740,-774,-617,-310,73,437,683,759,652,388,33,-336,-621,-747,-688,-464,-130,238,548,723,722,552,235,-142,-486,-699,-748,-611,-331,34,388,655,759,671,419,77,-288,-587,-750,-731,-529,-193,181,0,0
39244,mtk,MTK 7916,2425042469,rx2-tx0,512,0,0,0,321,738,981,980,729,299,-201,-649,-932,-986,-803,-422,63,531,868,980,846,504,37,-431,-783,-942,-867,-572,-134,326,701,889,850,596,192,-254,-631,-843,-843,-611,-221,213,581,810,832,638,265,-178,-567,-808,-850,-676,-321,120,525,801,867,713,371,-63,-482,-772,-862,-726,-410,13,435,740,846,727,415,-1,-415,-735,-860,-748,-435,-7,436,761,893,799,494,47,-430,-807,-988,-917,-604,-132,386,817,1049,1029,752,279,-269,-764,-1090,-1152,-929,-485,87,636,1033,1185,1053,666,116,-456,-916,-1162,-1125,-817,-319,251,752,1067,1121,910,478,-67,-588,-946,-1067,-924,-563,-71,436,0,1010,931,629,180,-316,-727,-940,-917,-672,-260,219,635,883,902,685,301,-154,-572,-847,-906,-724,-350,119,553,856,944,787,421,-62,-540,-897,-1040,-915,-551,-47,480,909,1125,1070,748,234,-351,-869,-1176,-1212,-958,-474,144,730,1147,1311,1165,730,115,-518,-1044,-1331,-1304,-965,-406,255,860,1263,1372,1162,687,53,-599,-1113,-1370,-1320,-971,-394,268,856,1247,1354,1159,712,120,-491,-976,-1239,-1216,-930,-457,99,627,995,1121,1003,682,221,-271,-672,-912,-938,-760,-433,-29,366,656,782,739,540,231,-111,-402,-593,-655,-573,-375,-113,160,386,526,554,475,321,129,-68,-232,-335,-370,-341,0,0,0,0,0,-228,-165,-60,80,234,366,444,450,379,238,39,-183,-373,-499,-538,-477,-311,-71,184,408,548,582,487,279,12,-262,-486,-603,-593,-451,-209,81,351,550,622,559,374,95,-203,-440,-587,-595,-463,-230,48,308,480,536,460,269,26,-211,-393,-479,-428,-261,-33,202,394,478,426,265,36,-216,-422,-515,-472,-309,-68,205,438,566,555,403,148,-152,-420,-589,-619,-492,-234,86,388,596,658,568,330,0,-337,-594,-709,-642,-422,-87,273,571,732,719,523,197,-187,-529,-746,-786,-636,-323,74,457,727,829,730,447,52,-352,-673,-835,-800,-563,-185,231,596,828,851,655,304,0,-532,-800,-870,-733,-407,24,445,756,884,800,517,100,-350,-710,-902,-864,-607,-200,254,653,895,911,705,321,-148,-583,-868,-937,-776,-423,48,497,826,959,848,520,58,-416,-784,-958,-892,-599,-147,337,738,953,929,665,230,-260,-692,-952,-962,-725,-308,201,661,951,1005,805,389,-132,-633,-973,-1063,-890,-493,36,569,964,1124,1001,618,85,-473,-930,-1160,-1104,-781,-258,340,848,1146,1173,911,420,-171,-721,-1096,-1205,-1020,-583,-4,572,993,1179,1077,713,177,-395,-865,-1119,-1100,-811,-331,225,719,1029,1082,864,437,-93,-591,-938,-1033,-877,-512,-18,482,857,1001,896,573,107,-381,0,0,0,0,0,-945,-679,-234,268,698,958,983,761,353,-137,-597,-904,-992,-836,-472,13,487,826,960,860,547,100,-367,-733,-915,-857,-578,-165,286,663,872,847,611,220,-227,-609,-826,-830,-620,-245,197,587,816,843,645,282,-153,-551,-819,-874,-695,-339,99,504,779,866,728,398,-38,-457,-751,-851,-729,-413,8,422,732,850,736,428,6,-428,-750,-875,-774,-465,-30,421,780,938,855,545,81,-419,-821,-1015,-969,-677,-204,337,810,1086,1099,843,374,-194,-716,-1073,-1177,-1002,-588,-28,556,998,1188,1093,743,216,-359,-843,-1118,-1132,-868,-399,157,663,1004,1102,933,533,4,-511,-893,-1050,-946,0,-125,376,774,971,925,648,215,-264,-676,-905,-900,-671,-280,181,600,867,898,701,329,-128,-554,-844,-922,-754,-377,97,554,883,996,844,476,-21,-527,-918,-1083,-982,-648,-144,422,893,1159,1149,859,346,-249,-800,-1172,-1265,-1060,-601,12,627,1101,1324,1237,850,261,-387,-956,-1305,-1353,-1081,-551,115,749,1205,1390,1264,844,219,-447,-997,-1323,-1359,-1089,-574,63,676,1124,1315,1213,843,303,-285,-800,-1129,-1193,-993,-587,-68,446,830,1023,991,738,336,-112,-511,-778,-864,-759,-492,-132,233,526,689,701,562,309,-2,-289,-499,-599,-575,-436,-225,18,241,397,474,464,375,237,91,-45,0,0,0,0,0,-184,-285,-355,-377,-339,-236,-75,113,295,435,503,481,369,182,-47,-285,-472,-560,-535,-399,-180,88,342,528,601,544,366,109,-173,-422,-584,-614,-504,-289,-12,275,499,608,580,428,177,-116,-375,-537,-574,-469,-259,-3,255,438,505,441,276,46,-199,-394,-475,-429,-271,-35,217,412,493,449,287,46,-221,-441,-550,-522,-361,-100,184,428,579,585,441,186,-120,-408,-599,-643,-520,-277,46,374,602,685,600,364,36,-301,-580,-726,-689,-473,-133,236,554,749,765,582,258,-131,-487,-736,-805,-679,-382,8,395,692,832,760,500,117,-292,-630,-826,-829,-614,-243,182,564,810,0,709,364,-73,-489,-776,-881,-770,-464,-35,397,733,892,830,560,150,-305,-687,-902,-891,-663,-273,186,613,886,935,744,374,-89,-539,-857,-959,-819,-466,-7,454,807,962,872,562,104,-381,-770,-961,-916,-635,-193,299,711,945,945,702,271,-231,-673,-947,-987,-767,-344,175,656,966,1034,847,442,-86,-603,-974,-1095,-941,-556,-21,528,950,1146,1059,706,173,-405,-887,-1155,-1141,-845,-334,264,793,1131,1195,966,506,-81,-648,-1051,-1191,-1048,-645,-91,478,932,1155,1087,761,257,-313,-794,-1078,-1096,-846,-381,165,661,984,1065,882,483,-36,-538,-891,-1016,-888,-545,-65,430,814,985,908,0,0
39245,mtk,MTK 7916,2425042469,rx2-tx1,512,0,0,0,-15,-288,-491,-573,-523,-353,-97,183,417,538,530,405,196,-54,-292,-456,-513,-453,-288,-60,172,356,452,448,342,156,-55,-246,-378,-419,-359,-221,-40,137,275,346,345,253,118,-32,-171,-263,-287,-242,-150,-39,69,160,204,198,150,83,15,-50,-100,-115,-115,-96,-63,-34,-17,12,35,48,62,86,100,91,62,25,-23,-81,-136,-173,-170,-124,-49,56,147,213,244,223,142,15,-117,-232,-311,-317,-235,-99,59,211,320,365,318,197,23,-161,-314,-395,-385,-291,-119,86,268,388,426,359,199,-7,-212,-369,-445,-420,-290,-78,149,331,442,451,348,158,-71,-284,-427,0,-417,-241,-16,208,391,483,458,324,112,-129,-344,-473,-487,-379,-176,67,292,448,490,419,238,-5,-247,-427,-495,-439,-274,-36,209,414,522,495,340,100,-177,-422,-556,-562,-429,-185,116,401,593,647,554,307,-20,-335,-590,-725,-687,-476,-142,230,548,747,793,641,337,-51,-426,-714,-843,-781,-543,-174,241,600,835,885,715,403,4,-417,-741,-891,-857,-639,-270,155,540,791,873,778,509,126,-264,-588,-785,-807,-657,-368,-4,342,608,731,696,520,236,-83,-372,-577,-659,-596,-420,-165,121,371,531,579,509,340,132,-90,-292,-430,-478,-439,-336,-197,-36,112,219,270,267,0,0,0,0,0,107,47,-26,-109,-188,-246,-267,-253,-192,-96,27,149,244,300,306,247,135,1,-139,-255,-322,-323,-259,-154,1,176,296,348,342,266,132,-28,-196,-320,-371,-350,-253,-95,76,230,347,394,349,227,62,-99,-240,-335,-362,-308,-190,-30,125,253,314,314,264,164,20,-117,-216,-267,-269,-220,-124,-13,99,166,190,190,163,100,22,-36,-83,-108,-116,-109,-93,-74,-44,-6,18,34,59,77,93,105,102,68,16,-43,-99,-144,-163,-152,-104,-24,57,128,184,208,185,120,33,-67,-159,-218,-224,-175,-89,10,109,183,213,195,135,36,-74,-168,-218,-214,-153,-52,63,0,226,224,175,81,-47,-161,-237,-251,-205,-107,24,158,256,291,260,166,24,-135,-267,-332,-312,-221,-75,99,250,346,360,278,133,-40,-213,-346,-394,-334,-206,-37,152,319,403,387,284,107,-105,-284,-392,-405,-322,-168,23,217,355,396,344,210,16,-189,-328,-388,-350,-218,-27,163,312,389,367,242,48,-163,-333,-421,-413,-289,-79,144,331,455,470,364,155,-89,-322,-490,-528,-434,-240,12,275,471,564,520,348,80,-208,-454,-595,-604,-469,-215,97,385,588,659,572,351,53,-258,-517,-655,-643,-476,-212,99,392,591,647,555,339,52,-257,-504,-620,-590,-433,-173,127,0,0,0,0,0,566,493,298,36,-232,-444,-554,-531,-379,-145,113,343,497,535,445,252,7,-232,-411,-496,-464,-319,-105,119,303,421,442,353,184,-12,-194,-328,-387,-356,-244,-74,96,225,307,314,252,144,13,-115,-204,-244,-226,-161,-68,26,101,157,172,148,102,47,2,-41,-82,-93,-76,-65,-59,-53,-36,-18,3,46,91,117,126,123,79,6,-67,-144,-206,-217,-166,-82,16,129,223,267,261,196,70,-87,-224,-318,-336,-272,-150,11,181,313,377,359,249,70,-128,-300,-406,-414,-331,-175,44,246,385,440,398,256,38,-189,-367,-463,-444,-315,-122,96,306,449,481,386,200,0,-251,-417,-487,-438,-284,-60,182,377,471,451,333,134,-98,-320,-462,-488,-393,-212,33,279,447,500,437,262,17,-230,-421,-509,-466,-297,-48,216,419,535,526,389,149,-147,-414,-584,-610,-486,-231,82,388,615,702,610,378,65,-286,-578,-738,-733,-557,-237,141,493,742,823,718,451,62,-347,-671,-839,-830,-641,-303,125,522,791,884,791,518,127,-296,-647,-853,-882,-716,-388,15,409,708,849,811,602,261,-125,-475,-707,-788,-693,-457,-129,217,489,654,684,571,338,38,-253,-476,-599,-605,-479,-268,-10,236,418,511,509,418,255,56,-135,-284,-374,-394,-348,-264,-158,-46,0,0,0,0,0,149,199,217,198,156,89,-9,-123,-216,-277,-299,-263,-177,-58,72,199,284,319,293,207,75,-75,-213,-316,-352,-312,-204,-53,108,251,344,367,308,188,32,-131,-269,-362,-383,-316,-179,-3,165,305,378,368,283,138,-40,-187,-299,-346,-325,-240,-106,50,187,275,306,282,207,84,-52,-162,-238,-254,-219,-155,-74,19,98,142,157,155,119,64,16,-22,-58,-81,-88,-88,-93,-74,-54,-37,-9,39,77,112,140,142,116,65,-1,-75,-150,-189,-191,-151,-80,11,106,182,217,204,148,60,-48,-143,-204,-228,-200,-118,-7,98,176,219,218,151,39,-75,-166,-223,-226,0,-61,53,164,237,243,187,86,-35,-166,-254,-269,-224,-129,9,163,275,313,288,198,50,-117,-263,-351,-347,-256,-107,72,236,343,384,327,187,-4,-195,-341,-398,-368,-253,-67,136,309,408,403,308,144,-67,-255,-373,-405,-341,-188,6,200,340,387,337,213,33,-167,-318,-382,-354,-232,-45,158,325,412,387,255,55,-162,-340,-438,-439,-327,-124,115,328,471,501,402,200,-59,-311,-487,-552,-484,-300,-30,247,465,577,552,392,133,-161,-426,-605,-642,-518,-280,28,335,563,661,615,432,144,-176,-452,-626,-654,-529,-281,30,330,546,632,577,390,113,-189,-435,-573,-577,0,0
39246,mtk,MTK 7916,2425083590,rx0-tx0,512,-349,-495,-523,311,224,111,-23,-138,-256,-365,-443,-494,-519,-504,-451,-361,-243,-103,38,181,324,439,518,566,572,531,453,339,200,40,-116,-263,-393,-485,-544,-560,-530,-466,-362,-248,-118,31,169,279,379,446,468,463,422,353,269,167,74,-19,-120,-194,-250,-295,-308,-302,-281,-259,-225,-188,-144,-91,-45,4,56,102,138,192,242,277,307,311,303,275,235,164,65,-26,-118,-220,-311,-386,-433,-457,-445,-393,-312,-209,-86,49,185,300,402,494,511,505,472,389,274,142,0,-133,-271,-373,-450,-483,-480,-443,-374,-282,-155,-30,85,186,279,337,375,395,370,323,256,168,81,-7,-511,-162,-213,-237,-261,-259,-237,-208,-163,-118,-67,-14,32,67,94,121,134,135,129,126,118,109,92,74,51,34,22,2,-19,-41,-72,-100,-118,-151,-173,-169,-170,-145,-120,-91,-44,11,71,128,179,223,241,246,226,200,164,103,27,-33,-92,-163,-200,-231,-245,-246,-230,-196,-154,-98,-33,30,79,133,181,208,229,228,211,184,150,101,45,-5,-58,-103,-144,-178,-202,-209,-212,-190,-162,-124,-83,-30,42,94,128,168,196,213,209,196,161,104,60,1,-52,-107,-152,-187,-212,-205,-182,-163,-125,-72,-13,44,103,146,167,183,183,150,109,55,-4,-55,-95,-114,-264,-361,1179,-1252,-1254,6,-74,-150,-216,-253,-255,-223,-157,-74,24,132,220,287,327,333,317,271,189,86,-18,-126,-225,-308,-368,-388,-381,-337,-270,-180,-75,44,165,261,333,393,418,409,368,307,221,120,4,-116,-225,-306,-377,-420,-427,-408,-362,-297,-194,-93,16,133,250,335,395,441,460,431,368,287,184,67,-37,-153,-274,-364,-421,-460,-451,-410,-359,-285,-178,-71,47,154,249,342,401,435,442,413,374,298,198,90,-30,-144,-243,-333,-404,-442,-449,-425,-371,-310,-212,-91,20,141,242,334,400,440,457,430,382,309,205,98,-23,-142,-256,-344,-402,-436,-443,-421,-365,-293,-190,-84,-330,132,233,319,396,430,422,408,366,291,201,104,-5,-106,-216,-306,-359,-403,-418,-408,-371,-307,-232,-131,-30,71,172,255,328,376,407,416,397,358,299,212,110,1,-106,-212,-316,-396,-449,-474,-485,-450,-384,-301,-175,-35,100,229,355,453,520,564,566,522,436,324,184,32,-125,-287,-421,-511,-591,-628,-612,-547,-445,-309,-152,20,196,357,481,580,626,638,591,498,373,218,64,-97,-256,-390,-492,-553,-572,-554,-490,-404,-285,-147,-14,109,227,326,397,440,457,449,404,338,261,162,65,-34,-138,-226,-296,-353,-385,-401,-386,-349,-299,-238,-146,-47,53,162,259,338,-932,-1150,-729,-252,-165,-334,-407,-463,-478,-456,-425,-348,-240,-119,19,161,295,406,497,546,558,539,468,361,224,81,-81,-231,-361,-475,-556,-587,-566,-514,-418,-296,-151,1,153,291,401,473,522,526,487,417,328,203,77,-47,-161,-257,-326,-370,-386,-379,-346,-286,-230,-167,-85,-15,46,100,149,187,223,233,244,253,250,225,210,189,145,93,25,-48,-115,-186,-262,-338,-382,-390,-387,-354,-289,-198,-94,25,146,268,367,438,489,502,469,403,318,188,37,-95,-231,-357,-446,-506,-518,-500,-441,-340,-227,-84,46,176,291,385,443,457,436,389,312,213,116,3,-101,-185,-257,-302,-324,-329,1105,-262,-197,-130,-66,6,61,111,152,179,190,193,179,158,137,107,68,32,7,-17,-40,-51,-67,-69,-85,-96,-108,-118,-121,-119,-117,-97,-87,-67,-25,18,67,113,147,181,205,214,210,188,154,97,37,-27,-86,-138,-191,-246,-255,-245,-236,-199,-146,-90,-31,31,92,146,190,222,240,233,223,199,152,100,43,-17,-72,-122,-172,-211,-217,-211,-201,-172,-147,-113,-68,-21,34,93,136,176,204,228,231,196,165,126,72,16,-37,-87,-145,-177,-197,-208,-204,-185,-152,-108,-46,24,71,115,159,191,197,190,165,121,76,23,-46,-104,-138,-160,-158,-137,-97,-46,-258,-401,1145,-54,162,-186,-191,-163,-108,-23,73,165,242,288,309,291,240,164,69,-40,-138,-232,-309,-352,-370,-353,-300,-225,-125,-19,94,204,297,367,409,424,392,322,243,144,25,-85,-189,-285,-357,-406,-424,-410,-361,-288,-207,-95,14,124,224,320,389,420,441,435,386,289,193,86,-41,-158,-264,-352,-415,-447,-446,-429,-376,-286,-189,-67,63,172,268,358,412,437,439,406,363,283,181,76,-44,-154,-249,-335,-395,-427,-439,-411,-358,-295,-204,-90,22,143,242,333,411,441,444,423,378,305,204,95,-24,-138,-242,-341,-406,-441,-454,-430,-379,-296,-197,-96,18,140,243,333,393,421,826,426,372,299,209,86,-21,-120,-231,-321,-378,-421,-426,-412,-375,-295,-209,-112,-3,98,194,269,338,383,398,402,371,318,250,161,65,-38,-144,-237,-315,-380,-421,-440,-427,-396,-345,-254,-153,-41,89,222,333,426,494,521,516,483,424,311,191,47,-108,-257,-389,-488,-566,-599,-602,-550,-446,-324,-178,-8,157,312,447,555,622,642,615,534,418,270,107,-62,-239,-383,-505,-573,-605,-602,-542,-448,-321,-183,-33,118,249,358,453,498,513,495,451,368,263,148,32,-87,-194,-283,-352,-403,-422,-420,-398,-338,-268,-191,-102,-8,96,188,266,331,388,403,407,389,333,254,-623,-513
39247,mtk,MTK 7916,2425083590,rx0-tx1,512,87,-253,-247,560,484,370,227,59,-115,-284,-444,-583,-684,-745,-753,-712,-627,-499,-339,-147,64,266,457,613,734,815,846,819,740,623,455,256,45,-180,-398,-588,-746,-859,-924,-929,-873,-764,-609,-404,-177,64,306,520,706,860,948,979,965,878,740,562,352,107,-142,-371,-594,-787,-930,-1018,-1045,-1022,-932,-776,-576,-327,-56,209,467,709,909,1052,1128,1138,1083,942,750,499,219,-69,-362,-629,-868,-1057,-1164,-1198,-1158,-1040,-861,-624,-345,-47,255,542,792,1000,1131,1194,1183,1095,927,714,457,164,-139,-427,-685,-901,-1055,-1140,-1151,-1089,-961,-766,-527,-254,18,293,543,754,927,1032,1067,1036,-689,801,607,379,131,-125,-375,-594,-775,-908,-989,-1016,-980,-884,-735,-549,-327,-81,177,425,647,836,984,1067,1081,1024,911,732,503,244,-47,-340,-610,-862,-1052,-1163,-1204,-1165,-1037,-851,-605,-294,29,351,662,921,1119,1238,1260,1193,1047,825,534,237,-91,-416,-698,-923,-1084,-1171,-1167,-1079,-928,-721,-465,-189,108,388,635,822,950,1014,1007,923,784,604,381,139,-98,-330,-528,-672,-776,-832,-825,-753,-642,-489,-313,-123,75,255,419,546,636,682,674,628,539,411,262,89,-88,-257,-396,-503,-569,-596,-577,-510,-397,-250,-88,83,244,378,471,511,494,424,302,151,-7,-144,-251,-305,10,-213,0,1099,1358,42,106,163,198,206,183,139,72,-6,-81,-144,-200,-230,-236,-225,-190,-147,-94,-28,37,98,151,195,228,248,253,241,208,164,111,42,-24,-96,-168,-237,-298,-329,-349,-341,-306,-249,-175,-74,42,161,268,356,430,470,476,441,371,277,145,-5,-144,-280,-392,-482,-537,-547,-513,-440,-338,-213,-68,79,215,331,434,506,535,526,489,403,289,165,29,-112,-240,-345,-423,-477,-493,-480,-426,-343,-250,-131,-7,109,209,293,358,400,409,401,353,290,225,126,32,-55,-143,-216,-280,-313,-324,-321,-300,-261,-217,-155,-81,-15,54,118,175,218,246,262,262,254,223,184,-130,73,22,-36,-94,-141,-176,-208,-226,-227,-212,-192,-162,-122,-77,-34,12,56,83,113,141,147,161,162,154,137,135,130,116,94,67,29,-1,-42,-88,-134,-173,-210,-253,-276,-283,-273,-241,-193,-133,-61,33,128,218,306,372,416,438,441,397,333,241,123,-3,-133,-267,-382,-478,-540,-563,-553,-505,-417,-306,-164,-12,146,289,417,522,591,618,591,540,445,318,180,29,-137,-279,-395,-489,-544,-557,-536,-488,-407,-305,-189,-66,61,171,266,342,395,428,430,409,372,326,260,184,113,37,-44,-121,-195,-261,-320,-364,-394,-413,-412,-385,-341,-278,-190,-83,32,153,282,-1184,-361,504,0,44,-284,-423,-544,-632,-681,-681,-641,-560,-437,-283,-105,92,283,460,607,722,792,804,763,674,545,389,195,-16,-229,-421,-598,-749,-842,-887,-884,-814,-703,-535,-338,-113,122,350,557,733,862,937,958,916,813,665,471,242,12,-228,-464,-663,-825,-943,-1009,-1000,-941,-830,-659,-448,-214,32,284,530,744,917,1040,1092,1073,1001,864,665,415,142,-140,-423,-683,-905,-1067,-1157,-1177,-1124,-1001,-819,-574,-290,5,312,592,840,1030,1149,1198,1175,1071,902,674,395,107,-192,-491,-751,-955,-1100,-1169,-1167,-1088,-942,-738,-486,-209,84,368,623,832,993,1085,1109,1067,942,779,567,316,51,-216,261,-678,-853,-966,-1027,-1029,-970,-848,-672,-456,-223,23,264,499,700,861,977,1030,1024,952,825,648,425,166,-106,-370,-625,-842,-1005,-1110,-1149,-1102,-991,-814,-567,-281,27,345,637,881,1086,1209,1246,1209,1076,861,584,270,-65,-386,-683,-940,-1113,-1201,-1225,-1145,-991,-775,-510,-200,123,421,673,881,1023,1099,1095,1015,856,650,408,145,-117,-370,-582,-759,-879,-921,-907,-839,-711,-544,-347,-133,93,297,467,605,696,743,739,683,585,451,297,115,-67,-238,-396,-513,-593,-633,-626,-574,-478,-348,-197,-30,141,296,426,510,559,551,489,381,238,74,-90,-243,-353,-416,-416,-361,-259,-122,-163,-106,0,-838,-102,154,144,99,34,-43,-116,-178,-222,-236,-220,-188,-135,-65,5,77,140,186,222,236,234,216,190,144,89,28,-35,-98,-161,-202,-247,-274,-282,-281,-252,-209,-136,-60,27,118,212,288,358,404,421,401,344,272,168,40,-93,-224,-337,-431,-504,-522,-506,-455,-365,-251,-109,45,190,319,424,500,538,535,491,418,320,180,40,-99,-235,-353,-444,-498,-523,-510,-451,-372,-265,-149,-25,106,231,328,399,451,459,433,385,317,228,125,19,-84,-185,-252,-320,-361,-367,-359,-330,-284,-218,-136,-55,25,103,162,214,260,282,287,282,256,216,167,111,51,-12,-78,-133,-175,245,-226,-237,-237,-219,-187,-152,-107,-53,2,56,100,133,165,180,191,194,179,154,138,99,72,44,15,-23,-42,-65,-94,-120,-144,-166,-178,-187,-195,-192,-177,-149,-124,-77,-17,47,122,191,256,305,349,373,359,331,278,197,97,-7,-129,-246,-348,-436,-492,-511,-505,-462,-386,-278,-148,-4,143,287,408,506,571,597,586,527,436,311,170,9,-144,-283,-423,-520,-580,-606,-588,-523,-434,-316,-180,-31,106,236,345,426,478,504,491,453,395,312,219,116,12,-81,-162,-235,-298,-340,-358,-373,-370,-356,-322,-279,-220,-151,-77,8,103,202,289,373,441,488,506,499,454,-902,-1282
39248,mtk,MTK 7916,2425083590,rx1-tx0,512,0,-256,500,-544,-437,-296,-132,47,242,423,569,695,784,821,790,707,574,393,189,-38,-265,-488,-677,-829,-931,-955,-919,-820,-656,-455,-214,52,316,559,767,920,1023,1050,1008,895,714,490,228,-49,-317,-582,-792,-956,-1049,-1070,-1030,-920,-753,-526,-275,1,277,542,773,945,1055,1088,1045,950,792,574,326,53,-226,-482,-717,-907,-1030,-1087,-1065,-968,-814,-591,-352,-87,182,436,661,826,946,1002,975,898,755,572,348,109,-139,-355,-547,-701,-803,-863,-848,-799,-707,-558,-378,-184,17,201,379,534,649,727,758,750,687,596,466,306,122,-70,-247,-415,-554,-660,-724,-733,-698,-629,-516,-371,216,1,183,356,515,627,698,740,729,660,538,390,218,39,-154,-329,-478,-601,-684,-714,-690,-628,-532,-383,-231,-66,130,307,448,561,632,663,651,597,499,365,209,48,-117,-270,-405,-506,-579,-606,-587,-524,-442,-320,-181,-42,104,234,342,419,467,492,475,443,378,288,183,63,-49,-147,-237,-326,-394,-419,-416,-392,-351,-298,-214,-112,-17,78,173,255,319,365,385,378,338,287,194,117,38,-61,-151,-227,-290,-332,-333,-319,-306,-252,-179,-98,-1,90,173,235,290,318,308,291,245,179,111,15,-77,-148,-215,-265,-289,-282,-242,-181,-104,-9,86,156,208,226,202,145,-1278,-1225,0,-513,-46,12,-58,-136,-199,-230,-227,-202,-141,-57,32,112,182,247,271,279,254,205,139,67,-13,-98,-176,-239,-266,-285,-291,-256,-195,-137,-73,7,83,148,207,258,284,292,272,238,194,139,58,-19,-96,-175,-230,-277,-314,-312,-302,-264,-216,-156,-60,17,87,185,255,303,330,339,320,270,203,147,63,-30,-119,-192,-249,-294,-321,-317,-307,-265,-193,-131,-56,29,98,163,214,257,285,290,285,245,197,152,85,13,-71,-129,-184,-224,-265,-286,-273,-245,-209,-167,-108,-38,33,90,146,198,230,252,249,235,203,164,105,55,-1,-66,-103,-157,-198,-198,-210,-210,-198,-163,-584,-66,-24,17,73,126,149,174,173,169,168,148,129,85,36,-2,-39,-64,-92,-115,-127,-137,-133,-119,-106,-81,-59,-41,-19,1,17,31,41,59,68,64,74,75,75,76,68,68,67,61,63,49,35,15,-9,-41,-70,-103,-132,-169,-183,-197,-206,-198,-160,-117,-67,7,89,165,230,291,350,376,358,336,276,193,91,-31,-137,-258,-369,-433,-479,-500,-474,-421,-340,-217,-89,51,178,309,423,498,547,557,524,462,366,241,98,-46,-195,-333,-447,-518,-560,-572,-525,-473,-387,-275,-153,-13,135,251,361,458,510,541,552,527,466,370,255,127,-14,-153,-285,-406,-853,-954,0,-1258,-1186,401,531,641,709,731,708,617,497,350,169,-40,-254,-458,-639,-777,-859,-885,-857,-766,-624,-441,-212,39,288,528,729,876,974,1005,966,862,694,484,234,-46,-322,-579,-787,-949,-1050,-1071,-1031,-911,-731,-498,-228,38,311,562,789,959,1056,1094,1058,954,783,566,306,24,-253,-509,-744,-917,-1032,-1078,-1055,-966,-817,-605,-353,-79,206,471,698,880,993,1054,1031,940,783,587,361,96,-166,-411,-622,-776,-887,-939,-931,-848,-725,-551,-360,-145,76,276,467,620,728,791,799,759,682,562,413,245,59,-132,-313,-465,-590,-685,-737,-739,-700,-621,-500,-340,-161,24,204,379,530,645,757,743,722,657,535,378,208,27,-165,-349,-496,-613,-696,-738,-718,-645,-533,-394,-228,-34,153,318,474,589,642,685,684,613,506,373,219,53,-121,-286,-426,-538,-603,-639,-623,-567,-470,-345,-204,-43,117,250,368,470,525,547,532,475,401,300,184,48,-90,-203,-297,-371,-429,-463,-452,-414,-366,-292,-198,-85,16,108,199,278,349,385,394,385,349,284,210,120,28,-76,-166,-256,-324,-345,-367,-361,-323,-272,-203,-114,-19,54,143,235,285,323,331,313,278,227,160,64,-19,-100,-185,-243,-289,-315,-297,-257,-205,-128,-33,63,146,210,257,268,241,185,113,28,-60,-112,684,-145,0,-815,-938,-165,-185,-161,-100,-16,65,144,216,258,266,241,204,136,51,-37,-127,-194,-243,-271,-280,-273,-236,-164,-87,-21,59,136,202,247,278,287,265,236,200,134,62,-17,-92,-158,-215,-265,-299,-302,-291,-252,-197,-146,-66,15,96,177,243,304,333,315,313,286,218,147,66,-25,-120,-200,-252,-292,-335,-337,-315,-262,-203,-124,-44,37,96,179,229,266,303,309,287,256,199,146,72,-1,-70,-144,-186,-234,-270,-285,-270,-244,-213,-164,-107,-28,41,103,153,204,243,263,260,242,219,179,118,54,-20,-82,-128,-174,-213,-229,-245,-219,-194,-175,-111,-66,-17,44,100,148,-674,190,195,194,195,155,122,72,22,-10,-56,-94,-124,-154,-158,-163,-150,-124,-101,-73,-49,-13,20,40,61,75,85,97,100,97,92,79,72,59,37,28,19,5,-3,-21,-38,-45,-48,-54,-71,-93,-102,-106,-118,-126,-121,-109,-90,-69,-27,10,65,127,182,223,259,288,283,261,218,163,86,-22,-108,-199,-290,-363,-424,-442,-431,-395,-308,-201,-97,37,169,285,399,479,525,534,509,457,357,238,106,-47,-191,-326,-443,-524,-566,-569,-537,-467,-372,-249,-121,37,185,296,405,479,527,562,537,478,412,302,185,65,-68,-204,-327,-434,-509,-571,-592,-570,-524,-457,707,193
39249,mtk,MTK 7916,2425083590,rx1-tx1,512,0,0,0,-664,-325,105,513,787,850,683,328,-126,-548,-818,-865,-680,-319,126,544,812,848,656,294,-148,-543,-786,-809,-612,-247,183,554,755,746,529,156,-262,-600,-764,-710,-453,-70,341,654,780,683,389,-30,-439,-722,-808,-671,-336,103,517,789,844,669,303,-161,-585,-858,-887,-674,-278,195,627,887,908,687,275,-208,-630,-890,-915,-694,-281,207,624,873,892,668,276,-186,-601,-845,-848,-625,-249,180,554,772,774,576,229,-171,-517,-706,-700,-510,-185,181,484,645,626,440,131,-197,-457,-586,-551,-359,-77,209,425,514,464,280,27,-225,-409,-474,-389,-199,35,257,412,433,321,0,-110,-293,-391,-379,-261,-65,157,345,422,364,205,-4,-217,-373,-434,-365,-182,51,266,416,455,365,169,-81,-310,-449,-478,-382,-167,95,336,484,505,387,174,-98,-351,-519,-540,-416,-186,103,365,523,553,446,217,-70,-343,-533,-581,-476,-253,35,314,509,576,506,311,32,-259,-472,-568,-525,-357,-105,165,389,519,523,400,178,-74,-292,-442,-488,-410,-246,-33,176,337,411,387,275,117,-48,-196,-305,-339,-295,-193,-55,83,189,248,259,217,142,40,-65,-148,-191,-201,-182,-137,-68,9,79,136,175,177,150,114,54,-20,-81,-131,-158,-166,-155,-123,-70,-20,28,76,0,0,0,0,0,101,83,31,-40,-107,-161,-187,-176,-127,-41,50,129,183,203,167,85,-18,-116,-189,-218,-192,-123,-13,110,204,244,226,152,39,-93,-210,-271,-263,-190,-70,71,203,282,292,231,109,-43,-173,-269,-303,-256,-138,-1,134,235,266,229,142,27,-95,-188,-219,-179,-98,-4,83,142,150,107,37,-32,-99,-128,-99,-40,25,97,136,135,85,5,-98,-175,-193,-151,-66,43,153,236,245,175,58,-82,-215,-294,-299,-220,-70,103,253,339,336,238,80,-102,-277,-385,-380,-275,-105,107,294,402,406,303,122,-97,-290,-392,-393,-292,-103,120,304,390,377,261,60,-150,-311,0,-371,-218,-4,213,379,440,365,186,-49,-286,-460,-493,-384,-161,113,367,528,542,401,142,-162,-433,-595,-600,-431,-136,205,497,655,648,462,137,-233,-556,-732,-711,-496,-134,280,615,781,743,506,120,-310,-662,-835,-790,-525,-110,332,693,874,816,527,85,-363,-721,-891,-818,-515,-69,403,754,897,809,496,46,-417,-772,-917,-801,-478,-26,434,766,883,765,434,-16,-456,-769,-870,-722,-377,67,487,768,827,656,305,-119,-509,-762,-801,-611,-253,181,554,769,772,558,183,-232,-583,-773,-751,-519,-127,293,620,776,724,466,73,-338,-652,-783,-701,-416,-15,396,695,802,690,0,0,0,0,0,-485,-761,-832,-676,-329,111,526,799,861,682,318,-132,-546,-817,-860,-677,-307,138,544,801,831,633,272,-156,-536,-762,-781,-572,-199,219,567,761,734,493,109,-303,-628,-772,-700,-425,-21,394,698,805,684,362,-66,-479,-757,-828,-671,-318,128,550,818,864,668,284,-184,-599,-865,-904,-685,-279,199,635,897,913,688,280,-204,-629,-887,-908,-685,-278,196,615,860,870,653,269,-177,-566,-795,-807,-601,-239,179,543,748,750,552,211,-175,-499,-683,-667,-475,-163,179,461,602,583,397,107,-207,-445,-551,-494,-309,-48,222,421,492,425,244,-4,-247,-405,-432,-341,-165,64,272,0,399,288,92,-133,-313,-403,-379,-239,-27,198,357,415,360,201,-25,-249,-404,-445,-360,-171,69,297,448,468,360,161,-90,-323,-468,-492,-384,-166,96,345,502,514,399,180,-98,-364,-530,-561,-430,-191,93,357,532,570,467,236,-57,-331,-519,-579,-499,-289,5,291,505,582,518,331,71,-215,-437,-553,-537,-392,-147,123,346,485,512,413,218,-17,-233,-392,-460,-411,-268,-85,110,274,366,364,283,154,-2,-146,-247,-296,-279,-203,-95,19,124,195,227,215,160,82,-2,-79,-135,-170,-180,-157,-111,-54,11,79,133,164,172,153,112,61,0,-64,-107,-132,-143,-135,-98,0,0,0,0,0,74,121,154,159,135,83,10,-74,-148,-192,-194,-151,-72,22,109,179,208,181,101,-2,-102,-182,-229,-214,-131,-25,94,193,247,236,166,48,-93,-217,-277,-266,-207,-87,57,188,279,308,247,121,-24,-155,-250,-287,-242,-139,-13,106,193,239,212,124,16,-77,-139,-170,-150,-77,11,87,136,130,80,7,-71,-124,-128,-93,-21,72,139,159,140,71,-36,-132,-204,-224,-175,-69,60,187,272,279,198,71,-94,-237,-316,-311,-229,-73,108,265,361,358,261,85,-109,-286,-397,-399,-298,-116,101,289,395,404,299,116,-108,-301,-409,-392,-276,-84,133,308,396,369,241,0,-195,-362,-423,-361,-201,26,253,418,458,366,165,-90,-330,-486,-506,-386,-153,134,403,560,566,420,155,-176,-467,-630,-630,-450,-139,221,529,704,685,474,137,-254,-590,-769,-731,-502,-125,295,644,819,770,512,113,-326,-682,-855,-800,-529,-111,347,712,889,813,517,85,-375,-742,-915,-823,-511,-67,394,756,908,807,485,35,-417,-761,-899,-785,-453,-3,445,770,879,743,403,-48,-487,-776,-845,-683,-341,94,499,761,817,636,276,-154,-533,-763,-781,-578,-219,205,571,778,761,531,156,-261,-605,-777,-731,-475,-90,315,637,786,711,445,50,-364,-676,-793,-687,-396,7,413,0,0
39250,mtk,MTK 7916,2425083590,rx2-tx0,512,0,0,0,756,1014,985,680,182,-373,-820,-1026,-948,-610,-95,446,856,1026,905,530,10,-508,-882,-1001,-834,-437,78,575,906,971,752,322,-195,-646,-903,-901,-643,-194,309,717,918,851,529,52,-443,-803,-928,-791,-421,79,559,876,935,719,293,-218,-668,-920,-903,-631,-178,326,744,947,862,516,27,-469,-830,-945,-779,-383,134,618,920,955,698,232,-310,-772,-1018,-968,-634,-109,467,930,1128,1000,594,9,-597,-1049,-1211,-1038,-570,68,698,1142,1278,1057,545,-118,-748,-1178,-1290,-1054,-526,149,783,1192,1271,1008,477,-185,-788,-1170,-1230,-951,-408,228,792,1131,1150,850,328,-286,-808,-1089,-1066,0,-231,344,820,1058,988,640,117,-433,-851,-1020,-894,-513,9,531,891,995,811,397,-140,-641,-954,-984,-722,-253,298,762,1022,991,676,149,-431,-905,-1136,-1048,-650,-56,563,1038,1237,1103,664,27,-637,-1136,-1328,-1163,-676,9,694,1205,1401,1219,704,-2,-712,-1248,-1447,-1258,-733,-6,728,1266,1460,1283,766,38,-706,-1256,-1482,-1314,-808,-97,628,1197,1454,1339,882,201,-520,-1095,-1379,-1309,-916,-301,373,926,1230,1233,925,393,-217,-745,-1066,-1106,-871,-435,88,567,869,943,786,440,1,-414,-709,-817,-717,-450,-86,281,555,687,658,478,202,-103,-365,-533,-580,-509,-348,-141,66,230,328,0,0,0,0,0,-166,-289,-371,-393,-343,-220,-36,179,373,499,525,438,251,1,-255,-466,-574,-551,-391,-132,162,425,594,614,482,233,-79,-381,-585,-647,-541,-297,28,345,571,656,575,342,18,-295,-531,-625,-555,-332,-29,276,499,584,501,275,-26,-308,-495,-535,-423,-181,118,387,544,544,378,99,-218,-490,-622,-571,-356,-32,312,587,703,614,352,-8,-377,-660,-760,-643,-345,52,441,725,806,659,329,-92,-502,-778,-836,-661,-311,138,558,833,880,680,285,-181,-608,-877,-908,-684,-266,228,658,913,924,684,257,-249,-689,-938,-928,-661,-216,283,705,937,908,625,170,-335,-743,-943,-886,0,-108,390,783,955,853,510,27,-465,-833,-969,-824,-445,59,546,883,972,783,366,-157,-638,-941,-978,-743,-293,242,709,978,976,692,206,-346,-801,-1030,-972,-639,-123,432,870,1069,957,561,9,-546,-946,-1073,-900,-471,94,639,1001,1073,842,369,-220,-747,-1065,-1076,-783,-264,338,846,1113,1066,706,136,-468,-943,-1160,-1046,-627,-24,585,1033,1195,1020,554,-64,-677,-1106,-1216,-984,-481,164,767,1150,1217,949,414,-226,-806,-1164,-1190,-880,-334,304,851,1156,1136,808,255,-366,-872,-1128,-1068,-711,-161,431,894,1093,991,611,50,-512,-920,-1065,-904,-486,58,590,954,1034,817,379,-167,-668,0,0,0,0,0,-701,-215,335,794,1026,965,642,138,-410,-842,-1036,-940,-575,-59,469,864,1019,880,492,-35,-541,-886,-981,-796,-389,130,608,903,930,691,257,-248,-680,-911,-881,-587,-120,372,758,926,812,463,-20,-504,-839,-927,-749,-353,149,610,899,919,675,240,-266,-697,-921,-885,-589,-108,402,785,941,820,456,-45,-538,-875,-952,-745,-309,225,696,963,954,669,173,-390,-838,-1058,-987,-616,-48,544,993,1170,1008,570,-37,-648,-1094,-1244,-1055,-564,90,724,1168,1286,1053,535,-134,-767,-1188,-1285,-1030,-495,167,780,1181,1250,977,443,-209,-794,-1153,-1191,-900,-370,252,795,1109,1110,803,277,-314,0,-1072,-1031,-697,-170,394,836,1037,941,581,49,-487,-870,-999,-852,-459,71,582,922,991,773,324,-226,-715,-989,-981,-698,-202,366,843,1087,1022,660,106,-503,-977,-1187,-1075,-653,-35,603,1084,1283,1137,672,16,-661,-1168,-1357,-1182,-697,-6,698,1219,1418,1234,711,-5,-726,-1249,-1444,-1264,-744,-13,717,1257,1477,1305,785,63,-676,-1241,-1478,-1333,-845,-144,578,1153,1432,1336,903,259,-440,-1015,-1322,-1286,-929,-353,281,824,1154,1176,895,412,-145,-642,-959,-1022,-830,-444,30,476,783,879,750,446,49,-341,-627,-743,-682,-463,-144,194,471,627,626,493,271,13,-229,-401,-479,-462,-371,-226,0,0,0,0,0,260,196,76,-88,-258,-397,-474,-460,-345,-152,86,320,492,560,505,335,76,-207,-442,-585,-585,-441,-181,126,402,588,636,518,270,-46,-359,-586,-656,-560,-321,1,323,563,652,566,339,31,-289,-520,-611,-526,-301,-3,282,491,561,459,233,-62,-341,-511,-531,-403,-147,169,441,581,543,348,58,-260,-528,-657,-594,-357,-9,352,621,720,621,347,-30,-417,-691,-781,-653,-342,77,480,752,821,659,318,-121,-534,-803,-851,-670,-300,157,582,856,893,677,276,-210,-638,-897,-914,-687,-263,232,666,922,919,666,237,-261,-694,-941,-918,-644,-190,311,727,939,894,600,139,-355,0,-938,-869,-546,-61,436,802,953,836,475,-22,-511,-860,-969,-801,-403,106,593,920,981,766,335,-198,-677,-964,-980,-716,-250,290,754,1006,973,665,161,-391,-835,-1044,-957,-601,-70,484,903,1067,927,522,-31,-575,-965,-1080,-878,-420,162,699,1033,1074,808,308,-276,-794,-1090,-1067,-740,-201,410,907,1146,1057,666,79,-535,-999,-1180,-1035,-595,20,633,1069,1208,1007,516,-118,-714,-1121,-1219,-971,-455,187,776,1149,1204,919,378,-262,-827,-1157,-1161,-846,-294,337,866,1142,1104,756,198,-403,-882,-1113,-1031,-657,-102,473,903,1082,950,544,-12,-555,-933,-1043,-858,-433,115,631,961,1013,779,0,0
39251,mtk,MTK 7916,2425083590,rx2-tx1,512,0,0,0,-357,-576,-630,-513,-265,49,348,547,593,484,251,-41,-314,-499,-543,-445,-236,36,292,454,498,419,220,-29,-255,-402,-445,-362,-186,17,202,322,356,305,166,-16,-167,-262,-284,-222,-102,30,133,181,182,151,71,-16,-69,-100,-104,-63,-20,12,23,11,-13,-27,-27,-21,14,74,119,123,92,30,-53,-136,-204,-216,-173,-72,69,211,293,291,223,81,-104,-275,-370,-385,-293,-118,96,293,428,441,329,137,-114,-344,-482,-494,-381,-154,110,348,493,509,390,161,-124,-381,-527,-528,-398,-153,132,378,526,538,394,143,-155,-406,-542,-528,-382,-112,189,426,542,520,352,0,-221,-448,-562,-527,-342,-59,245,481,578,509,305,20,-273,-490,-580,-509,-290,17,317,532,602,492,247,-59,-359,-560,-599,-476,-223,126,442,629,631,463,159,-196,-505,-685,-682,-473,-125,263,584,758,735,513,130,-304,-662,-848,-814,-556,-134,331,715,921,885,611,170,-318,-728,-968,-953,-685,-234,279,729,1002,1022,767,308,-229,-705,-1005,-1051,-833,-412,111,603,954,1059,894,513,8,-485,-840,-990,-912,-610,-154,328,702,902,877,647,266,-170,-545,-772,-803,-639,-332,40,394,637,720,633,407,99,-224,-477,-610,-608,-479,-258,0,244,418,489,464,363,209,44,-98,-200,0,0,0,0,0,124,188,222,217,179,106,4,-119,-221,-278,-283,-240,-141,-8,127,245,307,309,241,115,-39,-188,-300,-336,-295,-182,-25,133,259,333,327,240,96,-72,-219,-317,-337,-279,-166,-7,170,292,338,312,208,69,-88,-229,-312,-321,-268,-141,13,152,248,284,268,203,87,-50,-165,-228,-249,-224,-150,-47,58,142,185,191,177,132,58,-17,-84,-149,-185,-188,-162,-95,-7,74,151,206,213,182,118,23,-89,-181,-234,-244,-201,-102,18,140,232,268,237,151,24,-110,-220,-280,-268,-195,-65,80,202,272,273,201,83,-66,-197,-265,-264,-186,-67,77,201,273,262,180,47,0,-224,-288,-270,-172,-25,136,259,316,288,170,1,-172,-304,-349,-295,-172,10,214,357,404,340,180,-33,-240,-392,-437,-362,-184,49,274,417,450,375,194,-49,-281,-434,-476,-393,-193,65,303,461,498,386,168,-91,-317,-464,-486,-370,-143,119,348,470,451,310,77,-186,-392,-496,-457,-273,-7,270,472,537,453,239,-57,-350,-552,-606,-493,-235,87,395,612,664,529,244,-113,-452,-666,-705,-554,-254,123,477,707,742,580,263,-125,-495,-740,-774,-602,-285,110,484,744,804,645,317,-86,-468,-723,-791,-652,-343,46,409,669,749,626,340,-34,-394,-629,-696,-585,-320,19,343,0,0,0,0,0,525,271,-55,-356,-551,-603,-494,-248,48,325,521,576,465,235,-43,-298,-482,-536,-442,-234,21,259,418,464,390,210,-25,-233,-361,-389,-317,-174,10,182,293,312,249,139,2,-143,-237,-241,-187,-101,6,90,137,145,99,42,-7,-44,-60,-50,-31,-3,7,-2,-26,-46,-68,-67,-23,47,116,171,189,147,51,-64,-171,-236,-250,-197,-84,74,231,337,349,265,99,-99,-287,-406,-417,-313,-119,107,322,455,471,354,137,-119,-351,-490,-506,-387,-159,114,361,521,538,400,159,-131,-387,-534,-537,-397,-151,142,398,534,531,384,120,-182,-433,-567,-540,-367,-100,200,444,0,524,359,79,-227,-464,-566,-516,-323,-40,258,492,587,514,298,-2,-298,-521,-588,-492,-263,37,349,559,599,490,241,-91,-402,-593,-615,-465,-186,158,471,651,655,465,141,-220,-532,-721,-707,-485,-124,287,628,798,766,526,121,-325,-693,-886,-851,-586,-161,316,727,944,921,658,213,-301,-740,-982,-989,-737,-280,256,724,1013,1033,798,363,-160,-653,-982,-1068,-882,-472,52,543,895,1030,901,562,100,-386,-774,-952,-893,-624,-209,247,618,828,835,640,298,-107,-468,-703,-763,-637,-369,-33,293,556,676,622,440,175,-119,-368,-522,-561,-482,-318,-107,101,264,360,380,332,244,0,0,0,0,0,-140,-79,-6,77,162,233,268,257,187,72,-57,-174,-261,-305,-283,-191,-63,82,217,302,321,269,155,5,-148,-273,-337,-325,-227,-72,99,242,331,336,265,128,-42,-192,-296,-335,-302,-198,-43,130,256,319,320,243,100,-47,-187,-284,-304,-270,-180,-42,103,205,248,239,195,108,-1,-103,-192,-228,-220,-164,-79,9,87,153,187,188,157,101,27,-54,-127,-183,-195,-183,-137,-63,32,112,199,240,220,152,67,-45,-163,-252,-269,-226,-141,-27,113,224,278,266,177,41,-97,-216,-283,-272,-201,-77,70,193,265,264,202,80,-67,-197,-265,-265,-199,-64,90,208,263,0,172,32,-122,-247,-300,-277,-179,-12,169,291,338,299,177,4,-184,-332,-387,-332,-185,22,230,381,421,352,188,-37,-258,-405,-446,-364,-188,51,278,438,479,388,193,-54,-292,-445,-484,-390,-185,78,315,464,489,380,165,-105,-339,-472,-474,-348,-122,146,365,474,459,309,54,-225,-439,-522,-456,-259,16,303,511,583,489,253,-63,-365,-576,-634,-516,-239,110,425,631,673,536,243,-122,-461,-686,-725,-568,-254,130,491,718,763,601,279,-132,-503,-743,-791,-632,-309,93,473,730,796,641,323,-71,-442,-700,-770,-640,-350,30,400,655,729,608,334,-20,-374,-621,-685,-571,0,0
39252,mtk,MTK 7916,2425151636,rx0-tx0,512,-349,-495,-523,207,335,454,535,584,604,576,502,400,256,86,-83,-252,-410,-527,-616,-666,-658,-606,-514,-384,-221,-39,145,321,463,579,652,676,649,577,462,318,158,-12,-184,-342,-459,-551,-600,-610,-570,-498,-399,-274,-135,3,130,253,352,430,476,496,483,449,393,316,224,115,11,-98,-203,-300,-386,-451,-497,-517,-508,-468,-400,-294,-149,-9,134,288,429,541,621,652,636,577,472,330,166,-25,-215,-374,-522,-632,-692,-706,-654,-560,-425,-250,-62,126,297,443,558,617,635,607,520,407,273,115,-47,-193,-317,-415,-467,-483,-474,-434,-360,-258,-154,-59,42,134,200,249,282,298,-511,276,242,199,145,92,51,7,-38,-78,-113,-136,-158,-190,-213,-229,-235,-229,-209,-175,-135,-89,-29,47,124,211,294,340,373,393,386,332,266,170,56,-64,-200,-322,-426,-498,-534,-526,-475,-397,-283,-136,19,181,330,454,538,584,591,557,471,352,200,44,-122,-285,-411,-515,-572,-593,-574,-506,-407,-275,-118,35,186,313,426,506,542,539,494,418,313,194,59,-88,-212,-317,-404,-456,-480,-470,-425,-347,-243,-126,-4,113,225,326,390,431,431,405,345,255,159,44,-78,-179,-276,-353,-389,-395,-365,-306,-217,-114,6,119,213,291,337,336,292,220,121,7,-97,-162,-264,-361,1179,-1252,-1254,-110,-62,6,79,142,196,218,205,168,104,30,-48,-127,-189,-234,-250,-244,-206,-143,-83,-11,72,147,205,245,269,251,219,170,104,30,-52,-119,-174,-220,-247,-257,-243,-208,-147,-90,-21,48,111,165,201,221,238,231,210,178,120,54,-7,-69,-137,-185,-218,-243,-248,-233,-201,-155,-90,-19,49,113,165,194,231,260,254,227,194,137,65,6,-66,-138,-192,-244,-271,-286,-279,-239,-185,-110,-42,35,114,185,250,288,302,299,276,221,157,83,6,-82,-161,-226,-273,-309,-310,-292,-259,-195,-124,-42,56,140,212,271,310,324,310,275,221,155,68,-25,-103,-177,-330,-285,-301,-299,-276,-239,-183,-122,-46,32,90,155,209,244,259,264,250,217,182,131,79,18,-43,-93,-155,-199,-237,-266,-278,-273,-253,-220,-179,-114,-44,33,125,206,286,357,398,410,400,349,273,182,76,-52,-182,-307,-416,-498,-540,-538,-505,-435,-320,-182,-24,152,313,460,567,639,668,644,571,448,294,109,-86,-278,-446,-591,-692,-725,-706,-642,-531,-362,-174,17,215,393,539,635,694,703,643,541,410,244,68,-105,-258,-398,-504,-569,-593,-575,-525,-439,-332,-200,-62,79,203,309,406,468,503,511,486,432,349,247,136,7,-116,-240,-347,-422,-493,-529,-529,-491,-932,-1150,-729,-252,-165,523,459,362,237,100,-60,-228,-372,-493,-586,-627,-634,-598,-511,-390,-243,-71,113,283,438,560,641,678,670,607,496,359,191,10,-172,-335,-477,-575,-634,-651,-619,-537,-422,-291,-137,25,174,306,413,496,539,540,518,465,387,282,167,46,-71,-175,-274,-359,-424,-463,-476,-471,-435,-376,-305,-211,-104,19,151,271,385,490,555,578,581,540,451,325,171,1,-170,-332,-480,-589,-665,-692,-653,-576,-460,-302,-121,72,264,427,561,654,688,671,599,487,341,167,1,-177,-327,-436,-522,-564,-561,-515,-436,-328,-200,-72,47,169,274,344,377,384,375,336,276,213,139,69,1105,-67,-127,-172,-206,-216,-218,-223,-215,-200,-176,-145,-120,-93,-54,-13,30,80,134,186,230,269,295,303,300,277,217,136,50,-43,-158,-261,-344,-424,-464,-478,-452,-386,-291,-167,-25,130,269,390,493,552,574,551,486,383,254,106,-63,-230,-375,-489,-564,-598,-599,-536,-440,-318,-167,-8,153,305,426,518,567,572,537,462,355,221,77,-68,-204,-321,-417,-480,-512,-499,-448,-381,-282,-158,-32,94,211,311,392,441,452,431,386,310,215,100,-23,-140,-251,-330,-386,-417,-404,-361,-300,-198,-89,25,133,230,307,353,366,339,284,202,91,-33,-139,-222,-275,-284,-245,-171,-258,-401,1145,-54,162,102,151,175,166,134,76,-7,-84,-156,-213,-238,-240,-210,-154,-83,-9,71,150,204,237,257,251,215,158,90,11,-72,-131,-194,-235,-257,-253,-217,-181,-127,-62,9,79,145,197,227,245,238,215,181,128,73,12,-53,-104,-162,-214,-238,-242,-236,-212,-163,-111,-49,23,90,150,199,234,248,247,230,188,141,90,20,-53,-118,-178,-236,-262,-263,-260,-226,-181,-129,-63,6,91,164,223,265,287,294,274,233,170,95,21,-54,-140,-214,-265,-294,-309,-299,-263,-208,-139,-62,27,107,185,253,292,321,325,290,247,176,94,6,-84,-160,-227,-279,-312,-312,-295,-262,826,-126,-45,30,102,170,224,264,288,281,259,228,171,109,47,-11,-82,-133,-184,-231,-255,-268,-252,-235,-208,-170,-124,-67,-2,63,126,185,246,299,324,339,324,286,239,166,64,-37,-147,-256,-346,-418,-471,-486,-461,-404,-318,-193,-51,98,241,383,498,572,615,608,549,445,307,152,-28,-206,-381,-525,-634,-702,-709,-655,-556,-418,-234,-40,155,341,512,638,701,721,692,596,456,292,121,-69,-259,-408,-532,-611,-644,-625,-570,-480,-352,-208,-49,103,248,366,463,522,547,537,486,419,326,212,94,-34,-158,-271,-365,-432,-486,-508,-498,-457,-379,-285,-178,-45,86,213,-623,-513
39253,mtk,MTK 7916,2425151636,rx0-tx1,512,87,-253,-247,-39,120,272,417,536,626,673,674,634,551,421,264,91,-100,-290,-459,-603,-710,-775,-787,-748,-660,-525,-356,-157,56,266,465,642,780,869,903,873,782,644,460,238,-6,-249,-482,-696,-854,-956,-993,-972,-891,-748,-552,-321,-66,200,454,684,869,998,1061,1065,1006,872,679,441,171,-116,-398,-664,-892,-1058,-1160,-1190,-1142,-1009,-807,-542,-243,76,402,699,949,1134,1241,1268,1202,1050,832,550,227,-100,-422,-717,-953,-1120,-1222,-1239,-1162,-1006,-787,-524,-223,96,391,660,888,1047,1137,1154,1090,955,757,507,234,-50,-330,-577,-789,-948,-1035,-1052,-1009,-897,-733,-531,-290,-30,223,452,-689,822,928,974,966,889,762,589,382,154,-86,-323,-534,-720,-861,-950,-984,-963,-875,-721,-528,-293,-30,236,491,726,922,1049,1107,1087,1002,842,612,338,50,-265,-561,-827,-1038,-1174,-1227,-1183,-1059,-862,-601,-286,48,372,675,929,1115,1220,1240,1171,1009,782,502,182,-143,-470,-757,-981,-1136,-1206,-1187,-1079,-892,-646,-363,-48,271,569,812,981,1080,1112,1052,900,698,447,162,-124,-389,-616,-799,-917,-951,-926,-836,-677,-475,-242,-5,227,436,607,725,785,781,712,598,441,253,44,-162,-338,-486,-593,-646,-647,-585,-473,-325,-147,42,218,364,475,526,507,431,305,147,-12,-154,-247,10,-213,0,1099,1358,137,85,1,-89,-174,-246,-285,-287,-255,-187,-100,-3,95,188,265,312,333,328,294,233,151,53,-43,-138,-237,-304,-354,-378,-373,-348,-284,-200,-98,9,120,230,324,398,449,468,446,390,308,189,50,-95,-233,-358,-456,-520,-559,-541,-483,-398,-263,-114,45,201,342,457,543,591,586,540,452,328,186,30,-133,-277,-408,-492,-551,-574,-553,-495,-389,-265,-130,22,170,302,405,479,522,528,492,427,339,223,94,-30,-154,-274,-367,-427,-465,-471,-439,-382,-304,-212,-102,14,121,219,305,362,398,411,395,358,297,215,117,20,-75,-166,-249,-316,-351,-371,-372,-341,-292,-130,-153,-61,30,117,199,261,299,322,321,307,268,217,164,96,19,-49,-110,-161,-208,-235,-249,-259,-245,-229,-210,-179,-137,-94,-48,10,71,125,180,223,274,308,326,332,313,272,204,125,33,-71,-170,-268,-364,-435,-480,-487,-462,-413,-330,-214,-86,61,204,337,452,538,590,597,561,492,383,245,87,-71,-234,-381,-501,-590,-632,-629,-593,-511,-388,-247,-88,81,237,377,495,573,605,596,555,474,355,226,86,-59,-188,-308,-400,-465,-500,-499,-471,-419,-343,-258,-161,-54,51,155,240,305,361,398,421,416,396,359,301,222,135,31,-73,-182,-288,-378,-459,-512,-535,-1184,-361,504,0,44,609,604,571,492,375,229,60,-114,-285,-446,-578,-672,-725,-740,-692,-602,-472,-308,-117,88,287,471,628,748,823,839,802,716,579,401,195,-34,-268,-484,-671,-822,-921,-961,-931,-847,-695,-494,-266,-12,235,478,693,862,973,1029,1019,942,806,610,370,108,-157,-421,-668,-874,-1027,-1117,-1134,-1076,-950,-753,-502,-218,83,394,676,918,1102,1206,1238,1181,1041,827,553,238,-93,-425,-716,-962,-1149,-1246,-1259,-1189,-1034,-803,-526,-221,103,418,694,924,1090,1187,1195,1121,983,777,517,229,-74,-368,-625,-845,-1001,-1086,-1107,-1050,-927,-750,-517,-250,14,279,515,714,870,978,1018,983,897,261,556,325,86,-160,-391,-593,-765,-887,-957,-965,-911,-805,-653,-453,-229,10,258,502,707,871,992,1039,1018,937,796,589,334,51,-237,-518,-777,-983,-1109,-1171,-1153,-1044,-865,-616,-325,-4,317,617,878,1084,1212,1242,1185,1045,830,548,236,-94,-422,-719,-962,-1139,-1230,-1231,-1140,-956,-716,-428,-112,213,521,782,985,1119,1168,1133,1011,803,547,265,-37,-336,-602,-809,-967,-1043,-1033,-949,-798,-593,-339,-75,170,414,617,761,843,860,815,712,560,365,147,-78,-283,-458,-598,-691,-726,-691,-602,-475,-308,-124,72,257,405,517,582,588,533,431,284,102,-77,-237,-353,-410,-406,-343,-232,-163,-106,0,-838,-102,-135,-200,-234,-230,-195,-125,-33,66,162,241,291,312,301,259,191,105,12,-85,-179,-259,-316,-345,-351,-334,-286,-210,-129,-25,82,189,283,354,401,419,415,369,296,196,85,-41,-171,-281,-381,-465,-506,-508,-471,-396,-284,-157,-11,149,281,412,513,566,582,549,474,364,231,69,-93,-248,-387,-492,-559,-594,-571,-514,-418,-292,-157,-3,152,294,418,497,542,560,528,464,368,244,107,-37,-168,-286,-384,-461,-495,-495,-472,-410,-317,-212,-99,29,147,250,332,397,434,439,415,373,300,210,112,7,-100,-198,-280,-346,-382,-392,-377,-344,-288,-214,-128,-42,56,148,222,245,332,356,355,332,291,224,154,73,-6,-83,-157,-212,-255,-287,-291,-280,-260,-227,-181,-124,-72,-14,44,89,132,179,209,233,252,262,259,243,217,182,134,68,-6,-85,-166,-248,-315,-364,-404,-412,-392,-352,-283,-184,-70,58,187,306,416,491,538,554,524,459,361,234,89,-72,-224,-364,-484,-576,-620,-624,-588,-506,-393,-248,-87,77,233,380,501,581,635,629,577,493,373,229,75,-75,-220,-356,-459,-525,-557,-549,-511,-444,-347,-233,-113,6,125,237,330,394,437,450,443,411,355,292,216,134,43,-52,-144,-236,-319,-384,-430,-458,-460,-440,-389,-320,-228,-114,15,-902,-1282
39254,mtk,MTK 7916,2425151636,rx1-tx0,512,0,-256,500,-40,-207,-373,-519,-631,-714,-746,-717,-647,-517,-350,-151,70,284,483,644,771,845,859,825,719,553,351,121,-132,-375,-591,-765,-891,-953,-955,-877,-744,-550,-314,-52,212,456,677,857,971,1009,977,891,739,528,283,8,-251,-497,-722,-888,-1001,-1037,-1006,-909,-744,-534,-293,-10,268,530,752,924,1026,1061,1027,912,739,514,253,-25,-309,-570,-792,-950,-1033,-1060,-992,-853,-673,-440,-176,89,353,583,773,895,962,962,890,757,572,365,134,-112,-332,-525,-690,-798,-852,-850,-789,-685,-533,-350,-148,63,273,459,610,720,776,779,733,639,505,348,148,-59,-248,-428,-587,-685,-741,216,-711,-618,-490,-331,-145,69,255,419,562,665,720,721,673,577,440,280,101,-88,-276,-428,-552,-642,-682,-662,-620,-535,-403,-249,-77,109,280,419,537,621,656,635,575,479,348,192,17,-158,-314,-432,-522,-582,-592,-555,-477,-376,-253,-115,44,174,287,390,454,479,483,459,394,303,207,107,-7,-142,-238,-307,-366,-407,-413,-395,-342,-268,-182,-102,-7,108,200,268,324,345,368,356,308,239,154,68,-20,-114,-196,-266,-309,-328,-328,-296,-251,-183,-98,-12,85,157,222,273,297,296,276,225,157,78,-12,-94,-167,-228,-263,-268,-247,-188,-113,-35,48,124,167,181,165,-1278,-1225,0,-513,-46,-118,-93,-36,32,101,162,202,216,198,162,94,26,-50,-119,-179,-221,-240,-231,-205,-162,-101,-35,41,122,171,202,239,241,217,191,140,83,23,-40,-108,-163,-201,-234,-232,-219,-192,-156,-119,-68,1,58,112,166,204,221,239,232,209,167,115,57,1,-64,-122,-166,-205,-233,-239,-231,-204,-156,-110,-55,15,82,135,174,213,238,229,223,184,151,109,52,-1,-68,-116,-159,-201,-216,-225,-209,-190,-157,-111,-58,-2,51,112,159,190,215,218,215,196,166,124,54,3,-54,-107,-152,-183,-198,-209,-203,-179,-140,-105,-62,-5,42,81,120,150,183,181,176,154,-584,106,63,22,-23,-70,-95,-122,-147,-162,-165,-151,-128,-99,-70,-37,0,31,60,78,102,114,120,122,107,89,78,62,38,16,-1,-25,-35,-56,-72,-80,-91,-103,-99,-105,-101,-97,-97,-78,-55,-39,-7,35,75,119,160,191,205,229,234,222,185,136,69,-18,-104,-188,-279,-334,-367,-378,-373,-331,-250,-152,-48,83,194,291,391,447,469,461,409,348,261,139,1,-127,-258,-374,-457,-508,-516,-490,-441,-363,-244,-114,27,161,281,389,465,521,525,499,461,366,256,136,-3,-135,-263,-368,-445,-509,-541,-527,-478,-406,-313,-200,-67,70,219,350,460,544,593,613,-853,-954,0,-1258,-1186,-675,-647,-585,-474,-331,-158,45,240,423,586,706,788,811,774,681,537,354,138,-89,-322,-539,-714,-836,-909,-921,-856,-735,-556,-331,-85,171,421,638,823,940,990,971,887,747,547,302,32,-230,-481,-706,-878,-992,-1034,-996,-906,-745,-537,-291,-18,255,513,736,902,1010,1053,1011,914,751,535,272,-6,-284,-553,-773,-940,-1036,-1063,-1023,-902,-720,-470,-210,67,344,581,780,935,1010,1007,937,807,621,398,153,-107,-351,-569,-738,-852,-920,-907,-838,-721,-552,-344,-125,96,303,486,646,752,807,815,766,665,526,353,153,-58,-261,-441,-585,-700,-768,-769,-718,-640,-502,-332,-154,757,243,420,566,673,742,743,683,597,468,308,120,-70,-257,-423,-557,-649,-698,-703,-645,-545,-425,-269,-90,91,255,409,529,612,667,669,605,506,376,220,45,-131,-293,-441,-548,-610,-624,-599,-529,-423,-298,-147,9,166,295,409,484,535,534,487,431,340,215,90,-26,-148,-262,-344,-399,-421,-442,-416,-354,-284,-201,-102,0,105,205,287,336,364,385,379,334,276,184,85,-2,-103,-193,-271,-325,-348,-346,-323,-276,-214,-138,-53,38,132,213,278,311,324,306,263,214,136,51,-33,-117,-193,-243,-280,-287,-265,-223,-160,-73,14,105,178,215,230,220,177,108,35,-37,684,-145,0,-815,-938,77,133,171,182,164,118,56,-25,-94,-162,-209,-222,-222,-198,-157,-95,-22,56,117,175,212,233,244,221,173,124,58,-25,-83,-135,-184,-219,-233,-236,-212,-165,-124,-62,3,63,119,158,187,226,231,214,192,159,111,62,4,-63,-118,-172,-207,-224,-229,-222,-201,-167,-124,-62,2,64,130,175,205,232,237,222,195,158,120,48,-12,-72,-130,-163,-206,-226,-233,-222,-187,-161,-116,-64,-4,58,109,160,192,210,220,222,208,159,112,60,9,-40,-97,-146,-194,-208,-207,-211,-196,-159,-112,-56,4,59,108,137,153,183,195,185,174,149,119,67,14,-28,-76,-674,-150,-173,-183,-185,-159,-130,-105,-72,-31,12,49,80,110,132,145,147,141,123,100,75,44,19,-16,-55,-65,-76,-84,-100,-102,-103,-98,-90,-87,-72,-59,-49,-25,-4,6,28,41,72,109,132,141,162,158,155,144,116,79,38,-10,-81,-147,-207,-251,-295,-316,-307,-292,-232,-151,-54,48,153,258,341,397,438,441,394,342,261,146,25,-117,-242,-339,-427,-491,-502,-485,-439,-357,-249,-122,16,151,271,385,464,505,523,499,448,359,249,115,-30,-152,-275,-386,-457,-514,-530,-516,-467,-383,-287,-176,-37,107,238,356,451,516,554,559,528,457,366,240,102,-49,707,193
39255,mtk,MTK 7916,2425151636,rx1-tx1,512,0,0,0,822,791,550,159,-277,-641,-837,-806,-569,-182,250,610,807,796,574,198,-221,-570,-764,-751,-536,-184,206,530,697,676,467,131,-237,-522,-658,-608,-388,-63,285,552,652,565,317,-19,-349,-582,-662,-546,-267,82,409,637,696,559,257,-113,-459,-686,-722,-562,-255,124,471,699,748,591,271,-124,-480,-699,-731,-582,-281,99,449,663,703,553,271,-82,-415,-621,-652,-513,-237,94,388,571,606,471,201,-113,-383,-545,-555,-415,-168,120,369,510,504,370,134,-138,-362,-483,-472,-329,-104,137,343,452,433,296,78,-149,-330,-415,-388,-251,-51,150,307,377,332,191,6,-173,-293,0,-274,-141,37,194,289,309,235,82,-99,-247,-323,-312,-210,-41,148,301,373,336,199,3,-191,-340,-407,-363,-214,-1,211,379,453,409,254,34,-205,-396,-489,-452,-300,-72,179,393,507,487,340,112,-142,-364,-494,-497,-375,-168,82,308,456,483,393,203,-32,-253,-399,-447,-389,-234,-26,179,328,397,369,241,66,-112,-253,-328,-315,-225,-96,47,174,242,242,190,95,-13,-101,-145,-149,-116,-51,12,56,74,70,40,-2,-34,-42,-38,-11,28,66,82,71,38,-16,-81,-131,-156,-149,-96,-16,75,150,203,214,183,110,11,-91,-170,-225,-246,-220,-159,-84,-5,66,0,0,0,0,0,43,91,122,131,117,78,12,-59,-119,-162,-171,-141,-77,10,99,166,197,182,115,18,-82,-170,-220,-214,-156,-55,61,173,244,251,190,87,-43,-169,-254,-275,-224,-120,13,144,237,265,228,124,-20,-155,-242,-269,-222,-116,20,147,242,266,202,82,-66,-205,-289,-286,-202,-48,133,285,353,329,211,18,-194,-368,-438,-403,-265,-35,229,429,525,492,321,59,-232,-473,-601,-585,-414,-117,220,503,663,665,494,191,-175,-499,-705,-733,-574,-263,113,462,705,768,635,336,-46,-419,-689,-770,-653,-363,11,375,645,746,648,382,14,-360,-632,-728,-635,-367,-2,366,641,0,622,346,-24,-399,-668,-753,-635,-339,58,437,704,783,648,334,-81,-480,-755,-833,-686,-343,101,519,797,870,709,350,-115,-556,-850,-918,-747,-359,137,601,903,971,777,369,-152,-644,-970,-1031,-823,-391,147,655,1001,1074,864,422,-136,-662,-1020,-1112,-912,-463,112,658,1028,1124,930,483,-90,-638,-1016,-1129,-945,-510,63,610,987,1100,921,501,-47,-575,-947,-1058,-890,-484,39,537,881,984,824,450,-47,-523,-842,-931,-764,-389,79,517,809,878,702,336,-111,-525,-793,-834,-648,-298,142,549,787,808,608,243,-189,-563,-782,-784,-577,-208,217,581,789,781,555,177,-248,-606,-801,0,0,0,0,0,-144,280,633,827,801,560,172,-258,-629,-826,-805,-575,-195,233,588,785,770,555,198,-211,-545,-723,-713,-510,-168,212,522,679,640,429,95,-257,-526,-650,-591,-351,-10,322,560,643,549,291,-50,-380,-615,-672,-537,-259,92,433,666,711,561,248,-132,-471,-692,-732,-578,-267,120,475,701,745,587,272,-112,-459,-687,-728,-572,-275,87,431,647,682,544,263,-88,-400,-597,-624,-485,-217,99,392,565,579,436,175,-120,-373,-525,-534,-392,-142,132,369,498,489,347,120,-140,-352,-460,-444,-312,-95,149,341,434,409,270,67,-147,-318,-390,-349,-224,-30,166,302,352,297,154,0,-184,-302,-326,-252,-110,59,217,312,309,211,51,-123,-270,-349,-327,-206,-26,171,322,393,355,217,9,-207,-372,-433,-379,-224,-5,221,397,467,420,268,41,-203,-399,-496,-476,-333,-96,166,388,507,497,358,128,-123,-339,-484,-493,-377,-184,67,298,434,465,387,212,-12,-222,-373,-426,-380,-242,-49,145,286,353,334,235,79,-79,-205,-277,-279,-209,-98,25,133,201,199,146,71,-9,-78,-111,-114,-83,-34,18,50,55,39,12,-22,-51,-60,-33,17,65,100,114,103,61,-5,-86,-152,-185,-181,-134,-55,39,131,204,241,231,176,94,-4,-96,-166,-203,-204,-178,0,0,0,0,0,-90,-74,-35,19,78,129,160,154,109,44,-34,-109,-162,-181,-161,-103,-14,86,164,201,196,140,41,-72,-168,-223,-232,-179,-80,47,167,247,259,207,104,-25,-157,-251,-279,-234,-127,14,152,244,268,224,119,-16,-148,-241,-268,-217,-105,48,181,261,264,192,58,-100,-240,-317,-300,-200,-32,162,320,393,368,234,22,-208,-389,-476,-440,-289,-47,229,453,569,536,365,86,-222,-484,-636,-630,-455,-153,198,513,699,706,541,240,-136,-487,-709,-754,-604,-298,89,451,695,763,647,357,-27,-404,-667,-765,-664,-386,-10,366,639,741,646,378,18,-350,-627,-727,-627,-359,0,384,645,736,619,332,-50,-424,-686,-767,-639,-330,69,459,734,802,660,324,-102,-506,-781,-854,-687,-329,117,533,823,893,718,342,-132,-579,-873,-936,-749,-357,146,619,928,990,784,368,-159,-658,-986,-1056,-847,-409,141,663,1016,1097,882,437,-126,-662,-1024,-1119,-919,-474,100,644,1022,1129,932,497,-71,-627,-1015,-1118,-926,-498,52,591,964,1077,903,498,-39,-551,-906,-1029,-868,-471,39,520,866,975,800,410,-64,-516,-827,-903,-737,-381,77,514,802,858,675,311,-126,-526,-780,-815,-625,-265,166,548,780,795,586,215,-211,-573,-775,-777,-563,-190,236,596,795,776,548,178,0,0
39256,mtk,MTK 7916,2425151636,rx2-tx0,512,0,0,0,221,-304,-749,-990,-959,-666,-190,344,787,1005,946,630,138,-389,-804,-996,-915,-574,-78,439,825,984,871,516,15,-490,-861,-981,-826,-443,64,553,891,977,783,369,-151,-626,-931,-976,-739,-290,234,702,980,981,705,231,-306,-763,-1007,-973,-662,-165,375,812,1021,938,594,86,-448,-855,-1022,-895,-502,31,553,920,1026,842,419,-131,-658,-1006,-1066,-822,-345,237,767,1093,1128,836,307,-310,-851,-1168,-1173,-855,-297,343,894,1208,1205,873,302,-347,-906,-1223,-1208,-869,-304,338,892,1200,1174,839,290,-332,-865,-1157,-1138,-815,-278,328,836,1109,1072,750,232,-345,-820,-1058,-1004,-681,-176,0,806,1012,942,612,109,-418,-820,-991,-891,-541,-38,481,860,995,847,462,-50,-548,-899,-1008,-830,-414,119,628,966,1042,829,386,-185,-714,-1050,-1099,-854,-373,226,775,1124,1177,914,403,-231,-815,-1187,-1252,-987,-452,210,813,1211,1297,1038,509,-160,-791,-1213,-1314,-1081,-563,107,749,1201,1341,1131,626,-41,-695,-1166,-1342,-1168,-698,-56,596,1092,1310,1202,793,191,-443,-963,-1239,-1199,-859,-322,280,795,1103,1131,880,428,-113,-604,-928,-1010,-850,-492,-36,413,738,867,779,513,137,-252,-561,-714,-688,-506,-214,117,403,577,613,508,295,29,-229,-422,-512,-495,-384,-211,-22,146,257,301,0,0,0,0,0,357,374,323,201,18,-196,-396,-536,-582,-514,-336,-82,203,455,619,644,522,277,-32,-341,-579,-685,-625,-411,-91,254,542,701,693,518,203,-171,-498,-707,-739,-578,-272,98,449,689,753,618,320,-56,-417,-669,-744,-622,-333,52,424,680,752,621,316,-82,-457,-711,-773,-622,-292,129,519,770,821,657,305,-139,-550,-816,-877,-705,-331,136,574,860,920,738,354,-136,-592,-886,-946,-758,-365,130,594,904,975,787,381,-132,-610,-928,-1000,-799,-385,129,617,947,1021,821,411,-111,-609,-945,-1030,-838,-431,88,588,927,1015,835,439,-72,-560,-890,-978,-807,-422,80,551,865,941,0,379,-103,-553,-853,-909,-713,-323,151,585,851,879,660,257,-216,-633,-869,-857,-600,-181,292,696,904,855,568,118,-373,-764,-939,-851,-527,-55,444,820,972,856,504,1,-509,-882,-1010,-857,-464,58,571,924,1019,838,424,-112,-625,-961,-1029,-815,-368,189,691,1000,1034,781,306,-255,-749,-1036,-1038,-745,-247,326,807,1066,1030,713,193,-384,-859,-1095,-1031,-679,-139,439,895,1109,1017,640,87,-485,-928,-1116,-994,-604,-52,518,946,1108,966,559,5,-553,-955,-1092,-931,-517,40,584,960,1071,887,460,-92,-609,-959,-1048,-847,-414,129,631,954,1010,789,353,-182,-664,-960,-990,-746,-298,0,0,0,0,0,979,964,684,211,-322,-765,-1001,-957,-644,-156,364,788,1000,936,606,110,-409,-809,-996,-901,-549,-49,457,838,987,857,479,-30,-526,-873,-977,-808,-412,98,583,909,974,757,330,-188,-661,-960,-987,-729,-261,276,731,988,976,690,205,-345,-794,-1016,-955,-629,-127,408,823,1009,916,557,35,-499,-884,-1017,-858,-461,72,595,956,1044,836,379,-192,-716,-1053,-1095,-831,-328,276,814,1135,1146,844,307,-323,-877,-1193,-1194,-869,-307,342,899,1218,1207,873,301,-347,-899,-1208,-1197,-871,-308,336,881,1180,1160,831,286,-327,-847,-1139,-1115,-790,-256,335,823,1082,1047,721,204,-358,-811,-1039,0,-645,-142,395,815,1006,911,567,68,-448,-836,-983,-861,-502,7,514,874,995,834,440,-81,-584,-930,-1013,-818,-387,167,678,1009,1070,836,370,-212,-747,-1086,-1137,-887,-385,231,789,1157,1219,948,415,-224,-806,-1193,-1274,-1007,-472,189,807,1217,1313,1067,535,-135,-773,-1208,-1328,-1102,-594,67,717,1185,1341,1140,665,20,-635,-1126,-1329,-1194,-748,-120,525,1032,1278,1202,837,264,-364,-887,-1180,-1172,-881,-392,183,698,1015,1068,867,467,-29,-499,-829,-940,-821,-512,-94,334,653,791,734,508,176,-185,-485,-655,-654,-503,-246,50,320,508,572,504,335,118,-105,-294,-408,-436,-379,-267,-129,0,0,0,0,0,-25,134,293,425,499,487,381,191,-58,-308,-507,-614,-593,-442,-195,108,396,600,669,583,352,35,-297,-562,-695,-662,-468,-157,203,520,708,713,543,236,-131,-474,-699,-748,-609,-313,74,431,679,754,627,324,-53,-412,-666,-744,-622,-329,61,435,688,758,619,299,-106,-485,-738,-798,-637,-295,135,536,803,857,677,316,-138,-563,-842,-896,-712,-338,141,585,871,934,751,358,-145,-599,-890,-954,-773,-372,132,602,918,989,796,383,-135,-618,-938,-1009,-811,-399,122,612,943,1024,834,424,-97,-592,-933,-1021,-839,-437,83,571,907,1000,826,431,-75,-551,-877,-963,-791,-407,85,0,854,922,740,354,-124,-558,-838,-889,-688,-290,188,607,856,866,629,219,-259,-662,-877,-852,-585,-149,334,720,911,849,546,85,-409,-792,-950,-847,-508,-19,476,846,989,858,485,-29,-537,-900,-1015,-845,-438,89,597,943,1028,827,397,-151,-654,-982,-1036,-799,-339,216,718,1020,1038,768,279,-283,-768,-1052,-1038,-730,-214,359,832,1082,1037,696,163,-415,-878,-1106,-1026,-659,-114,458,907,1110,1006,624,66,-508,-941,-1117,-988,-590,-30,540,950,1099,943,535,-19,-564,-955,-1080,-908,-492,57,588,957,1059,866,439,-110,-626,-958,-1027,-817,-380,161,650,958,1005,771,324,-207,-676,-960,0,0
39257,mtk,MTK 7916,2425151636,rx2-tx1,512,0,0,0,-170,137,399,547,554,424,190,-95,-355,-510,-532,-415,-191,71,306,463,495,392,187,-57,-270,-409,-444,-361,-183,29,228,353,383,311,162,-25,-189,-293,-316,-251,-120,23,153,224,235,187,83,-36,-130,-175,-166,-108,-34,48,110,120,76,9,-52,-88,-90,-57,7,80,130,139,108,26,-84,-179,-216,-189,-112,6,140,252,306,278,154,-20,-189,-316,-370,-341,-214,-8,208,365,436,404,262,40,-208,-399,-485,-448,-303,-67,193,403,514,491,331,85,-181,-403,-523,-506,-348,-101,167,388,515,501,357,115,-168,-396,-516,-504,-352,-112,147,381,511,499,351,111,-161,0,-498,-479,-331,-101,156,371,478,451,308,77,-181,-385,-480,-438,-270,-38,205,393,473,425,248,-9,-269,-438,-491,-417,-230,40,301,485,542,442,198,-95,-370,-564,-605,-476,-223,107,421,631,678,543,256,-106,-469,-710,-771,-638,-333,72,475,756,846,723,412,-12,-446,-777,-916,-835,-526,-74,392,758,959,921,642,200,-281,-703,-958,-974,-755,-351,137,588,899,991,853,502,35,-431,-781,-943,-875,-603,-198,242,613,827,839,659,334,-59,-422,-662,-742,-649,-412,-84,250,508,634,615,459,210,-77,-334,-507,-557,-488,-323,-107,115,298,410,436,380,261,117,-19,-130,-198,0,0,0,0,0,-164,-152,-112,-46,43,132,204,247,250,207,125,12,-105,-207,-275,-290,-231,-124,2,138,244,295,281,206,79,-59,-181,-264,-290,-254,-165,-25,119,218,270,264,199,87,-38,-152,-235,-259,-217,-136,-36,81,165,209,208,160,73,-11,-86,-140,-159,-145,-104,-47,11,59,88,97,82,69,50,19,-8,-34,-50,-61,-84,-110,-100,-65,-21,38,97,145,181,179,120,30,-71,-157,-226,-249,-215,-121,-2,121,224,286,278,199,70,-76,-216,-307,-318,-262,-143,18,169,279,327,290,174,15,-150,-266,-319,-289,-181,-31,115,229,299,278,190,58,-93,-219,-278,-261,-173,0,104,212,261,239,151,22,-113,-223,-266,-233,-132,3,140,241,279,234,118,-34,-175,-272,-300,-243,-114,47,193,297,324,254,110,-69,-229,-324,-333,-261,-115,77,252,362,383,292,111,-93,-255,-359,-375,-279,-106,89,266,367,359,256,86,-108,-276,-366,-351,-230,-35,169,314,373,336,191,-22,-230,-382,-427,-350,-173,61,286,447,487,396,193,-71,-330,-503,-539,-434,-207,78,358,555,602,488,249,-66,-377,-590,-651,-538,-282,47,365,605,689,585,334,2,-345,-603,-711,-630,-393,-57,293,571,699,644,431,112,-230,-513,-661,-646,-463,-158,178,458,621,616,452,173,0,0,0,0,0,-561,-569,-420,-172,110,370,532,537,407,182,-85,-324,-479,-510,-402,-196,55,287,448,479,376,177,-48,-247,-388,-420,-334,-169,21,198,314,351,292,156,-9,-158,-259,-274,-202,-94,28,136,204,215,156,51,-46,-111,-140,-129,-66,12,76,101,88,37,-28,-81,-109,-101,-48,35,114,166,175,125,16,-116,-215,-261,-238,-144,-2,155,285,341,309,183,-6,-204,-353,-415,-375,-236,-22,208,390,473,432,282,59,-193,-398,-501,-470,-313,-73,187,407,517,490,332,94,-174,-398,-519,-504,-353,-107,168,399,520,501,361,118,-156,-384,-499,-488,-352,-115,153,369,493,480,0,94,-164,-373,-483,-462,-311,-82,168,373,477,450,292,56,-187,-386,-479,-427,-272,-30,227,412,479,414,228,-28,-278,-452,-511,-427,-208,70,346,531,573,463,214,-97,-395,-597,-653,-518,-233,120,456,679,722,581,290,-97,-471,-741,-827,-698,-369,57,465,762,879,776,472,34,-424,-776,-935,-867,-580,-153,328,748,970,950,706,284,-217,-658,-936,-988,-807,-424,64,526,846,970,866,560,132,-320,-691,-884,-858,-640,-276,144,517,747,802,672,387,19,-334,-586,-695,-646,-445,-149,159,418,574,595,484,273,11,-232,-408,-496,-492,-383,-202,-4,162,284,343,334,269,175,0,0,0,0,0,-39,-97,-159,-209,-227,-200,-143,-52,58,165,242,275,255,182,73,-56,-178,-260,-292,-260,-171,-45,88,205,278,293,244,132,-14,-148,-235,-276,-266,-187,-63,69,176,247,263,219,124,0,-118,-191,-228,-214,-147,-62,36,135,184,179,151,93,10,-70,-116,-136,-135,-113,-77,-32,4,43,66,74,76,84,71,46,18,-18,-57,-95,-127,-144,-126,-78,-9,80,150,193,201,164,87,-18,-137,-230,-271,-249,-169,-47,93,225,302,307,229,98,-47,-185,-291,-328,-274,-152,0,154,270,323,288,175,22,-129,-254,-311,-291,-195,-50,100,218,278,272,187,55,-96,-223,0,-251,-164,-31,113,226,266,239,149,14,-130,-240,-285,-239,-129,19,161,263,291,239,120,-34,-192,-294,-306,-240,-106,63,213,314,335,261,107,-79,-246,-344,-346,-263,-112,78,260,375,378,276,114,-74,-254,-364,-366,-270,-100,99,275,377,361,234,49,-145,-299,-375,-341,-205,-7,204,345,393,335,175,-41,-258,-420,-457,-368,-181,72,312,473,522,426,204,-79,-343,-526,-579,-467,-227,78,369,572,625,510,265,-58,-375,-601,-671,-573,-318,29,367,608,694,605,365,37,-312,-587,-704,-641,-422,-99,258,546,684,648,450,146,-204,-493,-642,-626,-457,-165,157,434,602,0,0
39258,mtk,MTK 7916,2425198015,rx0-tx0,512,-349,-339,-83,-566,-600,-586,-510,-382,-217,-22,177,364,527,635,680,661,578,440,250,27,-191,-403,-571,-680,-719,-691,-591,-433,-231,1,231,428,582,679,703,662,559,400,216,-4,-213,-385,-520,-610,-633,-595,-508,-379,-218,-54,113,271,399,484,530,531,485,412,305,169,28,-113,-258,-370,-458,-509,-521,-504,-431,-325,-180,-18,146,309,449,555,610,607,543,427,255,68,-134,-325,-485,-606,-662,-640,-563,-432,-255,-59,153,349,507,592,630,607,514,372,208,23,-166,-329,-446,-521,-532,-493,-414,-294,-154,2,134,248,331,385,388,354,305,231,142,47,-42,-118,-179,-221,-246,-257,-511,-220,-184,-146,-89,-30,21,74,132,181,222,250,255,255,230,174,108,31,-53,-149,-234,-304,-348,-353,-350,-308,-214,-105,27,164,291,394,466,491,463,389,274,128,-43,-208,-356,-479,-542,-560,-522,-411,-268,-103,78,256,394,509,571,576,528,414,259,79,-106,-273,-415,-520,-571,-569,-508,-390,-225,-53,121,287,423,518,552,533,454,343,188,21,-133,-283,-396,-463,-488,-472,-407,-296,-174,-27,120,237,341,415,445,422,362,256,136,11,-123,-245,-337,-399,-418,-381,-311,-211,-89,38,164,279,353,388,374,315,213,78,-61,-184,-284,-342,-338,-283,-179,-52,71,155,-880,-756,1179,24,367,-71,-83,-74,-46,-9,37,84,120,126,119,94,46,-6,-65,-118,-150,-162,-152,-122,-75,-10,47,102,155,182,184,168,135,78,8,-70,-128,-184,-213,-219,-202,-147,-80,-1,67,131,181,218,230,193,153,105,27,-48,-112,-158,-200,-210,-193,-166,-125,-70,-10,53,102,157,192,200,193,169,141,86,25,-36,-91,-128,-172,-209,-209,-191,-152,-107,-60,3,77,148,193,225,228,216,196,136,70,-16,-92,-160,-226,-259,-263,-252,-218,-160,-66,16,97,178,234,269,286,267,222,151,84,1,-100,-177,-243,-301,-315,-291,-248,-173,-81,5,105,194,253,297,317,304,-330,193,105,0,-94,-192,-258,-298,-321,-316,-273,-207,-128,-30,68,158,232,290,318,321,293,243,178,91,-7,-101,-198,-274,-329,-355,-356,-338,-272,-176,-75,40,159,266,350,416,439,426,367,272,148,16,-139,-290,-408,-495,-539,-538,-474,-365,-211,-27,156,327,475,585,637,621,544,415,235,25,-187,-385,-544,-659,-704,-680,-585,-429,-222,-2,218,420,581,682,705,664,553,379,174,-35,-233,-418,-561,-632,-646,-594,-483,-335,-162,20,192,340,463,536,552,520,448,340,206,65,-86,-221,-342,-436,-489,-492,-462,-402,-298,-171,-36,108,251,367,457,510,524,483,399,282,-921,-644,-729,868,922,-184,-9,181,356,499,598,642,621,551,417,233,26,-187,-383,-548,-668,-708,-682,-594,-440,-242,-15,214,420,583,691,734,691,579,422,218,-5,-221,-417,-557,-647,-686,-638,-538,-395,-213,-15,170,331,461,541,572,563,498,387,248,100,-56,-195,-318,-423,-489,-510,-499,-445,-353,-241,-104,35,186,326,442,526,558,550,492,387,236,56,-139,-318,-476,-588,-642,-636,-565,-440,-273,-65,141,327,489,600,657,647,561,401,218,30,-166,-345,-477,-565,-594,-560,-462,-329,-172,1,149,287,387,450,462,419,346,250,143,18,-85,-179,-250,-299,-315,-302,-268,-215,-153,-93,-22,1105,106,146,185,216,224,220,213,192,153,106,39,-29,-90,-163,-223,-267,-295,-306,-287,-239,-167,-62,45,150,263,344,394,425,411,356,256,127,-28,-189,-328,-440,-513,-537,-503,-423,-287,-115,57,242,398,500,568,579,517,409,266,92,-83,-265,-420,-526,-579,-572,-513,-406,-256,-81,103,279,428,524,563,553,485,371,213,39,-137,-286,-406,-495,-517,-496,-431,-313,-179,-32,120,268,371,438,470,442,378,288,170,29,-109,-238,-339,-398,-423,-407,-344,-245,-128,13,145,257,344,392,397,358,277,159,33,-106,-227,-324,-372,-363,-314,-223,-94,46,170,257,293,266,200,320,549,1145,1252,1193,-21,13,57,90,105,104,85,42,-13,-59,-109,-139,-148,-140,-111,-60,-2,57,116,161,180,170,149,103,39,-31,-93,-150,-191,-211,-200,-160,-110,-37,33,108,174,211,224,210,176,124,54,-36,-103,-143,-192,-219,-217,-183,-138,-84,-9,53,107,153,186,203,199,181,141,81,15,-48,-101,-145,-182,-199,-198,-172,-136,-103,-42,23,88,143,174,199,210,207,172,121,60,-15,-80,-153,-210,-241,-255,-235,-205,-145,-61,14,88,159,228,268,270,261,222,151,71,-16,-106,-186,-243,-276,-301,-284,-232,-177,-95,10,104,187,265,304,315,304,247,174,90,-12,-108,826,-255,-307,-324,-309,-269,-191,-111,-22,79,176,241,293,315,314,280,225,146,50,-43,-136,-215,-280,-326,-337,-325,-286,-213,-126,-28,69,169,269,333,371,390,370,308,232,125,-6,-140,-269,-378,-446,-487,-485,-424,-314,-181,-27,143,310,457,561,606,589,521,399,232,32,-174,-362,-522,-631,-677,-655,-568,-422,-232,-13,206,404,569,674,707,672,568,412,204,-16,-233,-431,-584,-666,-680,-638,-533,-365,-170,37,234,396,517,589,601,558,465,341,179,14,-149,-293,-401,-473,-510,-500,-446,-362,-249,-112,32,163,287,391,460,497,500,453,360,232,86,-70,-225,-355,-464,853,1076
39259,mtk,MTK 7916,2425198015,rx0-tx1,512,87,-296,-450,-517,-600,-638,-614,-526,-392,-218,-16,194,402,576,693,750,737,659,517,322,95,-152,-385,-590,-745,-837,-844,-766,-631,-437,-191,83,352,591,777,895,936,890,752,546,291,0,-289,-562,-781,-924,-997,-968,-849,-657,-406,-111,197,489,739,918,1014,1030,955,792,558,264,-55,-379,-661,-895,-1047,-1104,-1062,-927,-708,-408,-63,282,590,866,1065,1163,1154,1026,809,505,156,-201,-548,-839,-1049,-1158,-1170,-1059,-850,-569,-235,118,454,746,962,1090,1116,1042,879,634,332,6,-326,-619,-852,-1005,-1061,-1028,-899,-695,-427,-120,188,479,724,905,1006,1006,924,760,529,248,-51,-344,-602,-801,-689,-983,-950,-834,-638,-383,-100,195,469,714,886,992,1012,931,773,534,253,-59,-377,-660,-899,-1050,-1106,-1058,-909,-675,-366,-20,342,677,950,1136,1212,1171,1016,755,420,35,-358,-717,-1012,-1206,-1288,-1241,-1058,-770,-404,2,406,773,1058,1235,1298,1216,1019,719,342,-66,-463,-800,-1062,-1212,-1239,-1137,-928,-622,-252,133,495,794,1004,1120,1112,990,767,475,150,-185,-489,-737,-898,-955,-919,-808,-611,-357,-83,198,441,626,750,796,760,648,476,263,32,-195,-401,-553,-639,-670,-627,-513,-357,-161,49,248,411,522,574,559,476,337,161,-34,-222,-373,-461,-480,-423,-299,-135,35,179,262,233,60,0,-213,-485,149,210,231,206,138,40,-73,-181,-258,-301,-300,-259,-181,-83,23,136,229,297,330,326,287,212,120,7,-108,-207,-288,-342,-366,-353,-310,-228,-124,-3,131,253,346,413,440,425,360,253,123,-30,-188,-327,-437,-502,-522,-484,-394,-269,-97,83,252,402,512,565,560,497,394,245,57,-124,-291,-429,-521,-568,-560,-491,-374,-223,-59,122,283,415,506,549,545,479,371,231,66,-97,-245,-374,-473,-516,-517,-473,-376,-246,-99,51,199,332,429,492,506,463,384,276,136,-9,-156,-288,-391,-454,-474,-451,-395,-293,-176,-41,103,225,334,409,447,439,392,312,203,80,-54,-130,-277,-358,-405,-414,-385,-322,-230,-125,-18,98,199,277,343,364,353,322,265,189,97,8,-87,-177,-247,-291,-321,-335,-322,-275,-214,-144,-56,43,133,224,304,358,385,382,353,293,200,84,-39,-174,-297,-404,-477,-513,-498,-432,-334,-202,-42,132,298,445,554,608,605,549,432,272,79,-122,-308,-473,-595,-654,-660,-597,-479,-314,-113,95,289,451,575,647,651,590,485,325,141,-48,-238,-396,-512,-583,-593,-550,-463,-335,-181,-20,136,273,384,459,494,482,437,358,253,130,4,-115,-224,-313,-381,-417,-430,-416,-364,-291,-188,-73,49,172,285,392,466,501,507,463,365,613,420,504,-627,-523,-321,-157,27,220,397,544,648,695,683,606,455,265,47,-178,-396,-588,-728,-802,-799,-720,-572,-373,-131,134,373,587,761,867,890,828,692,486,235,-43,-327,-585,-788,-923,-973,-930,-805,-595,-341,-52,254,532,758,923,1007,998,899,720,472,185,-123,-428,-698,-904,-1031,-1069,-1009,-857,-633,-339,-16,313,616,877,1061,1141,1102,975,765,466,122,-239,-573,-859,-1066,-1164,-1159,-1047,-832,-540,-199,161,511,800,1013,1132,1144,1050,861,595,278,-62,-389,-680,-909,-1050,-1094,-1037,-886,-659,-373,-59,256,548,788,961,1039,1020,918,727,478,182,-126,-414,-671,-861,-972,-991,-929,-785,-570,261,-26,264,531,754,909,984,974,879,699,458,181,-127,-417,-683,-891,-1015,-1057,-996,-847,-617,-317,19,360,668,922,1092,1164,1121,969,723,399,32,-353,-700,-989,-1180,-1258,-1208,-1038,-768,-420,-27,385,755,1047,1230,1294,1228,1037,736,373,-31,-434,-783,-1064,-1237,-1279,-1182,-975,-673,-301,94,477,803,1047,1183,1191,1072,849,547,202,-164,-502,-775,-968,-1052,-1027,-897,-680,-406,-102,194,466,688,819,872,836,716,535,310,56,-191,-411,-582,-690,-725,-688,-581,-414,-219,-5,216,397,531,607,614,552,429,263,75,-120,-296,-433,-517,-531,-473,-347,-177,9,186,320,388,382,306,181,-648,-688,0,627,449,129,60,-39,-137,-220,-270,-276,-231,-149,-46,70,175,259,305,319,294,233,146,40,-69,-175,-264,-322,-355,-343,-296,-220,-117,5,124,233,326,379,412,397,336,243,120,-17,-160,-294,-395,-465,-491,-462,-383,-261,-112,56,222,364,474,541,544,495,397,249,73,-110,-275,-414,-526,-577,-566,-504,-386,-238,-67,121,291,432,518,565,554,485,370,220,58,-114,-272,-397,-492,-537,-525,-466,-375,-238,-84,67,221,350,445,495,501,468,386,269,134,-26,-181,-306,-416,-478,-496,-470,-399,-292,-158,-13,128,262,369,432,463,447,388,301,187,53,-82,-208,-312,-383,-421,-425,245,-316,-221,-109,18,133,241,321,362,384,373,319,255,160,51,-48,-146,-232,-297,-330,-342,-331,-290,-226,-149,-70,18,113,192,253,308,340,343,319,284,219,130,23,-83,-192,-293,-378,-431,-451,-432,-373,-275,-151,-5,153,305,429,524,570,560,500,390,238,53,-134,-314,-469,-577,-638,-631,-568,-457,-290,-99,102,299,461,590,661,661,598,486,327,135,-72,-261,-427,-555,-620,-633,-583,-478,-334,-164,24,197,347,463,531,550,519,448,339,210,69,-68,-193,-303,-386,-432,-442,-424,-377,-307,-210,-99,9,129,239,333,409,449,459,433,376,284,158,21,-122,-271,-398,245,506
39260,mtk,MTK 7916,2425198015,rx1-tx0,512,0,405,75,704,718,672,567,407,209,-28,-262,-478,-650,-765,-811,-778,-671,-505,-274,-5,259,499,700,833,892,869,752,568,322,37,-246,-515,-737,-884,-947,-924,-820,-625,-363,-75,233,526,756,913,990,973,875,679,421,123,-187,-491,-747,-929,-1021,-1015,-928,-737,-477,-175,143,450,731,936,1044,1052,967,780,514,211,-130,-453,-726,-932,-1044,-1060,-968,-784,-518,-192,130,436,708,905,1012,998,894,711,473,180,-127,-409,-647,-820,-895,-891,-799,-627,-427,-174,85,320,527,680,754,769,710,583,402,206,-8,-212,-402,-551,-627,-663,-637,-552,-428,-255,-69,122,305,455,543,594,591,527,216,280,110,-68,-246,-375,-467,-535,-556,-513,-430,-316,-162,-7,156,294,409,481,498,477,417,318,195,58,-93,-222,-339,-422,-455,-457,-416,-351,-250,-113,32,168,287,371,423,451,439,371,278,161,23,-123,-240,-340,-409,-441,-433,-391,-319,-215,-88,54,180,298,403,441,459,430,345,238,105,-32,-169,-311,-424,-471,-475,-439,-350,-237,-87,80,226,353,432,461,452,399,300,160,8,-135,-254,-350,-403,-417,-386,-312,-210,-99,38,152,246,304,338,336,291,218,121,16,-92,-180,-235,-268,-277,-260,-206,-118,-32,55,139,204,237,231,192,133,51,-33,-101,-145,-161,-137,624,711,0,-796,-464,-95,-153,-179,-168,-128,-53,40,126,184,232,237,206,151,69,-24,-108,-192,-243,-259,-247,-196,-131,-52,39,119,183,224,239,234,197,146,68,-2,-77,-144,-191,-217,-219,-208,-180,-127,-64,2,68,124,166,199,215,206,182,150,98,35,-35,-100,-149,-197,-224,-232,-216,-183,-133,-72,5,89,153,211,253,264,258,218,158,82,-11,-97,-171,-229,-267,-287,-264,-215,-156,-82,3,96,168,226,265,273,266,217,168,92,-7,-80,-146,-207,-242,-270,-260,-221,-168,-89,-17,53,131,188,227,248,234,201,148,92,20,-41,-107,-157,-186,-208,-200,-186,-147,-104,-52,4,-584,107,147,161,173,169,140,110,65,27,-17,-64,-94,-120,-136,-137,-142,-126,-96,-76,-45,-7,11,42,71,90,114,134,144,142,128,102,71,32,-7,-54,-103,-145,-186,-206,-216,-202,-169,-121,-64,0,88,166,231,291,316,317,301,244,167,55,-65,-195,-317,-407,-460,-460,-426,-349,-222,-70,98,261,403,512,564,556,501,399,252,67,-127,-311,-462,-578,-633,-620,-556,-433,-267,-74,131,321,484,596,649,644,573,452,287,84,-123,-311,-475,-593,-652,-645,-585,-470,-302,-115,73,261,418,544,618,634,595,507,365,192,12,-179,-358,-499,-602,-653,-643,-565,-448,-290,-553,-852,0,588,709,154,-61,-273,-466,-622,-729,-768,-729,-626,-457,-235,15,271,493,674,808,859,827,716,536,301,27,-255,-513,-715,-869,-929,-907,-798,-595,-341,-58,235,512,748,903,972,955,842,642,386,90,-210,-503,-754,-919,-1003,-991,-891,-705,-447,-147,166,474,743,930,1037,1041,951,762,492,186,-135,-447,-731,-934,-1045,-1068,-968,-787,-522,-207,129,445,713,925,1030,1029,940,753,496,181,-141,-428,-671,-851,-952,-948,-860,-685,-437,-159,114,378,581,734,824,816,740,605,406,181,-53,-281,-472,-605,-685,-710,-670,-578,-418,-227,-31,172,347,487,588,624,617,549,422,261,96,-91,-257,757,-505,-571,-577,-526,-417,-301,-154,20,197,333,443,507,522,496,424,318,172,22,-129,-263,-376,-451,-488,-477,-418,-336,-209,-70,69,200,301,396,459,470,435,355,246,130,4,-130,-255,-350,-423,-464,-437,-374,-285,-174,-47,87,205,313,389,435,427,385,330,222,96,-30,-181,-306,-401,-462,-473,-447,-381,-252,-105,47,200,332,427,480,475,425,333,199,52,-101,-240,-358,-426,-444,-416,-351,-249,-122,13,148,264,328,367,364,321,258,167,55,-70,-170,-245,-293,-313,-297,-236,-153,-70,15,105,193,243,255,241,207,138,55,-33,-108,-170,-205,-200,-158,-100,-25,38,-345,-10,0,-503,-825,-109,-64,8,85,158,208,219,182,128,53,-45,-127,-195,-242,-249,-231,-177,-91,-5,84,157,210,247,255,225,172,94,14,-65,-135,-192,-229,-239,-231,-196,-138,-71,3,67,129,181,202,214,210,175,139,85,17,-48,-104,-159,-195,-217,-217,-191,-159,-114,-45,23,98,156,204,245,262,243,198,150,72,-9,-91,-165,-222,-267,-290,-261,-214,-152,-87,-1,92,167,227,259,273,256,215,163,81,6,-83,-157,-213,-271,-278,-247,-217,-159,-99,-24,63,134,198,238,247,244,220,161,96,20,-59,-120,-175,-211,-227,-215,-196,-147,-101,-34,28,85,134,162,186,191,-674,147,102,56,17,-38,-81,-114,-140,-148,-159,-144,-118,-88,-50,-18,15,60,86,108,131,138,139,135,109,84,64,38,-4,-46,-83,-115,-138,-160,-168,-166,-148,-123,-87,-35,26,93,158,207,238,263,266,237,188,113,19,-74,-175,-267,-345,-394,-402,-377,-299,-189,-54,85,221,354,457,512,522,474,378,241,67,-114,-288,-438,-552,-605,-607,-538,-423,-260,-57,132,318,478,591,650,639,569,444,271,66,-132,-327,-478,-598,-661,-646,-572,-457,-293,-104,92,281,450,569,619,631,582,478,334,153,-33,-217,-390,-528,-608,-643,-625,-540,-413,-246,-53,152,335,479,596,763,411
39261,mtk,MTK 7916,2425198015,rx1-tx1,512,0,0,0,-224,-502,-668,-683,-553,-307,9,327,574,690,651,476,204,-101,-380,-576,-642,-575,-384,-110,181,425,564,565,442,222,-49,-292,-458,-518,-471,-309,-70,187,388,492,482,355,152,-90,-324,-481,-517,-443,-259,-14,246,443,546,528,385,156,-111,-355,-532,-590,-512,-325,-71,206,436,576,592,482,272,3,-262,-459,-560,-546,-413,-193,54,282,443,512,470,327,120,-92,-278,-403,-426,-356,-223,-53,127,264,336,320,247,121,-30,-156,-245,-274,-227,-135,-23,87,167,198,187,130,46,-47,-120,-162,-160,-126,-57,20,79,115,125,89,27,-35,-82,-106,-103,-70,-3,65,111,0,120,69,-6,-86,-154,-192,-184,-136,-49,60,160,236,263,233,145,21,-117,-235,-308,-325,-276,-165,-9,151,284,360,361,289,166,1,-175,-311,-381,-386,-307,-161,16,183,324,390,376,292,157,-13,-177,-297,-358,-347,-266,-138,9,148,253,309,294,217,108,-11,-128,-212,-241,-230,-173,-86,4,83,138,162,145,104,47,-12,-56,-68,-65,-53,-26,9,21,13,-3,-23,-44,-63,-65,-35,15,63,102,131,138,108,56,-5,-87,-162,-203,-208,-181,-110,-11,93,182,251,274,241,173,73,-51,-168,-255,-309,-315,-269,-179,-75,43,154,238,283,291,263,204,135,61,0,0,0,0,0,7,-45,-99,-147,-182,-198,-179,-124,-43,45,131,200,242,241,194,110,-3,-117,-211,-265,-272,-221,-125,-4,122,228,288,291,242,139,-9,-154,-255,-311,-313,-237,-106,51,198,304,341,310,210,59,-112,-256,-350,-362,-294,-161,19,198,332,405,381,273,97,-115,-305,-423,-459,-399,-247,-32,206,407,519,514,401,196,-57,-308,-500,-594,-548,-386,-133,155,417,598,658,572,359,66,-249,-523,-688,-709,-579,-321,7,333,590,730,723,559,273,-66,-398,-646,-747,-696,-504,-208,143,468,686,746,650,417,97,-236,-520,-694,-707,-561,-298,30,344,573,680,643,447,148,-175,0,-641,-687,-575,-320,17,343,590,711,672,480,167,-190,-503,-716,-771,-652,-380,-15,356,648,807,792,588,253,-140,-515,-788,-877,-767,-497,-114,306,668,889,916,734,393,-40,-478,-814,-972,-924,-669,-263,216,650,941,1026,901,580,123,-359,-761,-999,-1029,-835,-454,27,495,861,1040,988,722,299,-186,-621,-919,-1023,-903,-589,-143,324,707,937,961,777,425,-16,-439,-758,-904,-855,-612,-247,161,535,779,838,713,440,66,-312,-610,-767,-748,-552,-237,124,445,666,733,633,393,66,-273,-548,-697,-680,-506,-222,107,413,621,684,590,367,63,-256,-520,-665,-659,-504,-236,81,374,0,0,0,0,0,647,476,196,-121,-415,-620,-689,-609,-402,-109,208,480,639,662,543,306,8,-283,-500,-604,-581,-428,-177,105,351,513,550,457,264,19,-224,-417,-511,-476,-328,-103,144,353,481,502,405,207,-46,-286,-466,-539,-489,-315,-69,187,409,547,568,465,244,-27,-285,-485,-597,-577,-424,-179,98,347,523,591,525,346,106,-148,-377,-515,-536,-452,-280,-52,182,361,453,450,351,180,-19,-206,-337,-381,-348,-245,-92,73,211,293,300,240,126,-4,-123,-207,-243,-216,-140,-40,62,140,180,182,131,55,-23,-91,-134,-133,-101,-42,30,93,119,104,73,21,-44,-94,-116,-109,-70,0,65,133,168,158,101,18,-72,-160,-216,-223,-179,-92,26,144,240,292,281,210,87,-59,-198,-303,-349,-319,-220,-75,83,233,346,391,348,237,84,-93,-248,-355,-397,-363,-255,-90,99,263,355,372,328,225,73,-94,-234,-318,-335,-297,-197,-59,84,200,270,284,241,152,42,-63,-141,-190,-197,-166,-112,-43,33,95,125,118,84,46,7,-18,-30,-26,-11,10,26,23,6,-16,-47,-79,-98,-102,-75,-20,47,111,164,186,167,117,44,-48,-140,-210,-238,-228,-185,-96,20,132,224,281,294,255,174,62,-58,-173,-261,-310,-313,-273,-194,-98,-3,87,159,200,208,0,0,0,0,0,134,143,130,92,34,-38,-117,-184,-222,-228,-199,-131,-36,68,170,241,268,242,165,59,-57,-172,-258,-293,-267,-182,-64,68,195,283,314,279,178,39,-103,-231,-316,-333,-282,-163,-6,155,281,341,333,256,109,-71,-229,-335,-379,-337,-210,-35,154,318,416,422,328,154,-53,-259,-422,-492,-455,-309,-92,146,362,516,555,468,282,34,-234,-463,-599,-607,-472,-237,57,347,570,675,641,478,208,-125,-437,-662,-748,-668,-445,-135,202,503,706,758,647,405,72,-277,-564,-725,-731,-584,-320,15,348,602,722,683,500,203,-135,-440,-636,-696,-595,-370,-62,263,531,677,674,0,237,-90,-407,-629,-701,-617,-396,-82,268,563,728,730,565,273,-88,-438,-697,-798,-724,-492,-144,244,580,801,845,695,387,-11,-415,-729,-892,-859,-624,-243,185,584,866,952,832,530,104,-363,-750,-977,-996,-799,-418,56,519,872,1038,983,712,286,-200,-648,-953,-1049,-923,-601,-147,337,747,989,1013,819,457,-3,-463,-822,-991,-939,-688,-300,159,576,849,935,818,524,116,-306,-651,-844,-851,-674,-348,57,430,691,806,740,501,152,-217,-531,-723,-747,-601,-322,26,360,604,710,651,447,150,-186,-482,-659,-686,-555,-300,20,334,570,675,627,436,151,-168,-452,-633,-673,-560,0,0
39262,mtk,MTK 7916,2425198015,rx2-tx0,512,0,0,0,-913,-685,-306,142,559,852,946,826,521,94,-351,-716,-917,-908,-686,-311,134,544,829,927,805,497,72,-369,-719,-905,-883,-649,-260,190,595,868,936,783,444,8,-445,-792,-963,-904,-636,-210,264,684,952,1001,820,449,-30,-505,-866,-1030,-963,-671,-221,274,706,979,1020,826,436,-54,-534,-891,-1042,-940,-623,-155,354,789,1041,1048,813,390,-131,-633,-1002,-1137,-1009,-646,-136,413,876,1157,1171,912,450,-115,-657,-1062,-1235,-1131,-773,-247,332,841,1165,1230,1020,589,29,-533,-974,-1192,-1149,-850,-371,187,699,1048,1163,1017,644,132,-398,-836,-1079,-1073,-827,-401,108,593,935,1061,944,0,142,-356,-768,-997,-997,-769,-359,128,583,911,1030,917,584,117,-368,-776,-1021,-1024,-795,-384,122,604,950,1085,978,648,163,-371,-827,-1096,-1127,-906,-479,67,605,1025,1216,1141,823,321,-267,-804,-1157,-1263,-1099,-699,-138,456,959,1258,1284,1030,551,-44,-627,-1078,-1304,-1245,-918,-401,205,771,1173,1323,1188,803,256,-346,-870,-1212,-1303,-1126,-717,-157,430,917,1210,1251,1038,623,93,-443,-884,-1129,-1140,-927,-534,-49,424,794,1000,997,788,433,13,-391,-693,-849,-830,-644,-343,10,345,595,710,681,533,284,-11,-287,-492,-598,-594,-481,-288,-62,163,347,458,485,442,340,204,65,-59,0,0,0,0,0,-201,-318,-404,-443,-422,-333,-184,11,221,410,541,586,531,386,167,-91,-339,-532,-627,-601,-463,-237,47,328,550,660,638,491,239,-76,-376,-601,-712,-675,-491,-202,138,451,677,757,680,461,130,-238,-545,-737,-783,-659,-383,-20,353,650,813,805,613,280,-117,-497,-777,-887,-802,-536,-151,273,643,875,921,775,451,19,-413,-763,-952,-930,-702,-327,123,556,868,988,889,600,181,-287,-693,-951,-998,-826,-474,-23,436,801,988,963,727,329,-145,-583,-892,-1008,-904,-596,-164,301,703,949,981,799,443,-12,-459,-800,-966,-918,-666,-271,181,592,868,951,817,502,82,-354,-710,0,-877,-664,-305,129,533,809,897,777,479,75,-349,-697,-881,-863,-638,-267,167,568,842,923,791,471,35,-406,-754,-950,-929,-687,-280,191,620,914,1010,871,532,72,-406,-800,-1017,-1005,-766,-352,138,598,920,1033,918,593,131,-359,-765,-997,-997,-772,-368,127,584,902,1014,892,560,101,-378,-771,-983,-973,-735,-323,164,608,913,1013,881,538,72,-411,-797,-996,-968,-720,-307,177,619,922,1016,871,523,63,-408,-793,-997,-966,-714,-304,176,615,914,1007,868,528,69,-399,-776,-977,-958,-719,-319,152,586,880,978,854,535,94,-362,-736,-945,-934,-708,-317,140,556,848,944,821,0,0,0,0,0,-257,-644,-891,-936,-766,-421,17,455,789,943,873,607,208,-241,-639,-884,-922,-749,-406,33,464,784,915,841,574,169,-279,-657,-887,-912,-721,-358,94,525,829,946,847,542,102,-365,-751,-963,-955,-722,-326,147,599,915,1022,897,569,101,-394,-799,-1015,-997,-746,-333,165,625,939,1032,886,527,49,-449,-845,-1043,-1005,-725,-273,246,711,1022,1096,914,519,-6,-537,-950,-1153,-1098,-790,-294,272,781,1120,1214,1030,611,61,-499,-959,-1217,-1202,-913,-420,155,692,1082,1238,1110,738,204,-365,-846,-1137,-1174,-948,-517,20,546,952,1135,1061,749,276,-256,-717,-1012,-1073,-890,-512,-20,469,0,1028,977,697,259,-236,-676,-959,-1017,-842,-478,-3,479,852,1030,973,689,243,-255,-701,-1000,-1072,-895,-510,-3,505,903,1106,1062,780,315,-236,-742,-1082,-1191,-1030,-645,-120,441,920,1205,1223,972,507,-70,-636,-1073,-1283,-1213,-878,-352,254,802,1184,1317,1158,748,182,-420,-939,-1257,-1309,-1080,-616,-30,571,1051,1301,1271,983,490,-100,-667,-1088,-1282,-1213,-895,-395,169,690,1067,1219,1120,805,334,-196,-663,-982,-1099,-989,-685,-257,202,596,855,936,829,565,202,-188,-523,-737,-791,-686,-456,-153,169,442,612,661,580,392,144,-118,-348,-504,-562,-521,-402,-232,-39,141,275,353,369,327,0,0,0,0,0,274,208,99,-52,-216,-370,-486,-535,-506,-396,-210,23,257,460,589,612,522,332,75,-203,-450,-607,-651,-572,-375,-93,211,473,648,693,598,375,63,-267,-546,-710,-730,-595,-329,10,344,610,754,736,556,254,-109,-455,-704,-802,-722,-488,-143,240,580,802,849,704,400,5,-398,-720,-895,-876,-666,-303,128,541,837,950,859,585,176,-278,-671,-923,-975,-810,-468,-23,432,793,981,959,725,333,-135,-575,-891,-1012,-908,-611,-176,301,706,953,996,822,463,4,-455,-805,-986,-956,-708,-300,166,593,887,987,872,567,139,-318,-704,-928,-942,-753,-397,48,476,792,928,858,596,0,-243,-621,-857,-891,-720,-388,29,440,753,889,818,561,172,-259,-631,-860,-889,-712,-367,67,489,805,937,854,576,164,-299,-701,-943,-971,-784,-413,59,523,870,1024,946,654,211,-281,-709,-983,-1037,-852,-474,10,490,856,1029,970,688,249,-242,-674,-951,-1013,-837,-466,3,475,838,1006,937,656,222,-260,-684,-953,-999,-805,-428,46,511,859,1008,929,635,191,-298,-716,-971,-1009,-813,-425,60,523,862,1012,928,629,186,-298,-712,-964,-998,-800,-421,52,511,856,1002,922,632,199,-277,-682,-937,-975,-793,-429,31,482,819,968,902,627,211,-254,-651,-900,-945,-779,-434,12,451,0,0
39263,mtk,MTK 7916,2425198015,rx2-tx1,512,0,0,0,591,496,293,28,-236,-448,-551,-542,-421,-211,53,293,462,530,486,335,116,-113,-319,-453,-478,-398,-235,-26,175,320,397,388,298,142,-35,-195,-301,-334,-285,-181,-44,87,193,249,244,175,70,-43,-131,-178,-180,-130,-45,50,118,149,130,76,6,-72,-141,-168,-141,-68,32,123,194,222,188,98,-27,-154,-254,-308,-292,-199,-51,117,272,373,395,327,180,-20,-209,-375,-467,-449,-329,-136,91,310,468,526,469,311,83,-162,-380,-524,-560,-464,-259,-2,251,448,551,539,412,184,-83,-327,-497,-571,-513,-341,-98,167,400,545,559,449,247,-9,-258,-450,-547,-516,-371,0,92,318,470,522,453,283,51,-195,-393,-502,-497,-381,-178,64,285,442,502,443,276,54,-185,-389,-498,-483,-356,-148,99,333,497,536,445,249,-5,-269,-480,-584,-555,-409,-160,136,420,614,675,587,369,61,-273,-559,-744,-764,-619,-328,37,392,683,846,832,634,294,-107,-493,-790,-923,-870,-632,-256,176,571,858,969,890,633,253,-196,-600,-883,-991,-903,-640,-259,178,574,858,965,882,631,262,-138,-497,-756,-864,-797,-575,-256,88,411,657,763,713,535,260,-51,-330,-542,-643,-625,-495,-276,-13,233,422,528,546,467,315,118,-77,-243,-353,-406,-398,-332,-234,-125,-18,0,0,0,0,0,101,149,179,192,183,147,85,-1,-85,-159,-217,-243,-229,-180,-98,-1,95,177,235,249,214,136,52,-48,-149,-222,-239,-216,-155,-66,31,127,194,221,206,157,73,-16,-98,-159,-183,-172,-130,-65,13,81,125,146,139,102,51,-2,-48,-92,-100,-85,-54,-31,5,24,28,17,14,12,6,-1,13,37,55,65,71,46,0,-63,-113,-147,-165,-148,-90,2,92,173,236,256,222,164,54,-90,-215,-297,-328,-297,-204,-76,84,229,316,352,315,219,80,-89,-244,-334,-356,-316,-216,-69,93,236,329,348,285,166,23,-131,-258,-325,-322,-248,-123,28,169,267,300,0,182,41,-104,-213,-284,-291,-223,-102,44,178,269,304,271,169,25,-130,-257,-328,-319,-238,-97,71,224,315,341,294,178,12,-162,-303,-378,-368,-274,-112,74,247,368,420,370,233,48,-146,-320,-425,-430,-337,-167,39,236,378,434,388,260,72,-134,-313,-412,-421,-329,-156,60,266,409,451,394,240,18,-212,-400,-513,-499,-359,-146,105,354,523,575,506,321,52,-231,-476,-618,-626,-505,-264,43,343,568,683,659,485,196,-139,-450,-666,-742,-665,-449,-132,214,515,713,757,644,406,87,-264,-555,-719,-731,-597,-337,-13,308,561,696,670,507,243,-62,-353,-560,-644,-597,0,0,0,0,0,64,322,511,588,530,363,118,-146,-368,-509,-536,-448,-264,-27,210,391,485,471,358,170,-46,-246,-388,-446,-404,-276,-89,96,250,349,363,291,162,4,-140,-243,-289,-266,-183,-62,57,152,209,206,147,59,-49,-133,-169,-155,-100,-19,61,123,147,130,69,-16,-113,-175,-198,-157,-76,38,144,226,266,246,149,3,-147,-270,-333,-333,-256,-106,79,250,377,432,394,261,59,-161,-354,-478,-503,-416,-230,7,249,445,541,515,380,173,-78,-316,-491,-560,-511,-341,-100,157,386,534,559,458,260,4,-254,-457,-555,-529,-390,-171,81,334,507,555,487,324,83,-175,-384,0,-531,-424,-218,30,266,438,519,488,342,111,-138,-349,-473,-496,-412,-231,8,245,417,497,465,323,99,-145,-354,-487,-502,-393,-193,59,299,472,550,500,325,63,-211,-449,-600,-619,-486,-243,53,364,604,714,676,493,189,-171,-497,-726,-822,-739,-495,-136,257,604,827,891,766,471,62,-350,-703,-922,-954,-786,-455,-26,410,748,956,974,790,439,20,-403,-753,-955,-972,-796,-464,-53,356,695,893,905,745,450,75,-309,-613,-782,-796,-664,-414,-89,240,511,673,702,598,386,117,-159,-400,-559,-608,-543,-384,-171,55,259,409,486,480,401,271,109,-45,-169,-250,-285,-282,0,0,0,0,0,-108,-86,-34,35,102,165,208,227,218,175,105,14,-84,-172,-225,-246,-226,-162,-69,33,126,196,237,233,182,98,-2,-99,-185,-225,-222,-186,-115,-21,68,144,199,204,163,106,27,-54,-126,-162,-168,-145,-86,-19,41,98,125,119,100,63,14,-32,-62,-72,-63,-42,-25,-18,-6,6,6,-15,-27,-22,-11,13,54,90,111,106,81,36,-21,-101,-171,-211,-202,-154,-70,31,147,240,289,289,229,121,-20,-151,-267,-341,-340,-269,-145,10,165,293,356,342,266,150,-9,-170,-290,-353,-341,-263,-133,20,177,288,334,302,212,78,-64,-197,-292,-309,-254,-149,-10,0,242,292,272,192,64,-75,-205,-285,-293,-240,-134,14,163,271,315,292,202,57,-106,-241,-320,-324,-259,-137,24,189,314,359,327,225,66,-125,-285,-388,-399,-328,-180,13,207,359,427,395,286,106,-105,-288,-399,-433,-374,-229,-21,180,336,422,407,293,108,-95,-277,-406,-436,-356,-188,28,238,408,477,430,286,73,-169,-383,-524,-549,-437,-222,30,291,506,617,579,419,168,-131,-412,-613,-677,-587,-368,-74,245,519,684,707,578,322,-5,-341,-599,-733,-717,-551,-272,71,411,650,748,699,509,204,-133,-440,-654,-726,-646,-431,-132,191,464,639,675,564,342,47,-246,0,0
39264,mtk,MTK 7916,2425286308,rx0-tx0,512,-349,-256,-184,439,363,244,90,-66,-227,-376,-488,-560,-575,-528,-428,-286,-115,81,282,445,573,648,650,581,455,284,75,-141,-348,-523,-631,-682,-669,-572,-414,-222,-15,193,384,536,620,644,609,507,359,181,-15,-189,-351,-474,-538,-553,-521,-441,-333,-194,-39,109,242,344,419,466,474,436,362,272,161,39,-91,-227,-337,-426,-487,-507,-475,-405,-308,-161,3,176,332,462,556,598,582,500,365,192,5,-193,-372,-516,-615,-652,-624,-519,-358,-170,37,240,418,551,627,631,564,452,285,96,-97,-272,-416,-510,-550,-531,-459,-344,-203,-50,99,226,327,396,411,396,354,266,163,63,-511,-117,-199,-256,-295,-299,-288,-259,-202,-141,-71,-11,57,127,184,233,271,283,285,259,210,143,54,-51,-147,-234,-320,-377,-399,-387,-330,-239,-120,20,162,300,415,482,502,472,387,266,111,-57,-221,-379,-484,-543,-562,-496,-389,-246,-76,93,257,402,496,544,542,481,383,233,58,-114,-282,-413,-503,-547,-529,-469,-358,-203,-37,126,282,413,499,528,500,428,308,155,7,-143,-286,-400,-472,-494,-468,-383,-270,-133,18,170,307,397,453,465,418,332,206,61,-94,-229,-340,-415,-436,-417,-339,-222,-86,69,209,324,388,399,362,265,132,-15,-156,-263,-313,-302,-239,-134,-358,-341,1179,-1305,-1463,75,117,147,146,115,51,-24,-96,-156,-187,-189,-167,-113,-42,34,110,164,201,215,192,149,83,2,-69,-135,-185,-208,-209,-179,-132,-60,16,88,152,192,206,198,160,107,44,-23,-90,-138,-157,-177,-173,-150,-107,-51,4,48,82,122,139,140,126,116,79,33,-9,-52,-82,-107,-122,-127,-114,-92,-67,-39,2,39,65,81,106,113,107,90,67,43,18,-22,-60,-85,-102,-117,-120,-114,-94,-54,-20,22,65,106,119,131,136,122,95,62,24,-27,-78,-111,-149,-163,-159,-143,-108,-71,-11,47,98,141,170,174,176,158,111,60,-6,-74,-124,-163,-196,-204,-330,-151,-112,-54,13,85,139,179,213,215,198,154,106,42,-26,-96,-159,-196,-219,-226,-212,-180,-130,-56,2,76,142,191,238,247,241,225,193,125,42,-47,-141,-221,-290,-336,-350,-321,-265,-175,-68,68,195,305,393,447,449,403,317,190,32,-126,-280,-412,-499,-534,-522,-445,-318,-158,21,210,378,512,594,606,564,449,285,89,-122,-318,-481,-585,-625,-612,-517,-370,-192,7,195,368,498,568,577,533,433,286,111,-65,-213,-335,-426,-477,-483,-433,-348,-239,-101,21,154,258,331,386,407,396,339,272,177,67,-42,-160,-258,-324,-383,-411,-397,-355,-270,-163,-39,91,-302,-710,-729,228,288,-215,-344,-452,-513,-525,-497,-408,-272,-106,73,250,402,522,594,620,567,449,297,98,-110,-312,-486,-614,-670,-656,-586,-445,-257,-53,176,378,533,632,670,639,543,384,194,1,-191,-369,-499,-581,-599,-560,-478,-336,-173,-6,160,298,406,481,505,483,420,328,226,102,-29,-158,-278,-366,-434,-461,-458,-419,-338,-238,-110,38,191,322,433,518,547,531,460,344,188,13,-178,-352,-489,-584,-625,-604,-512,-370,-188,7,219,406,548,633,654,608,502,337,140,-72,-258,-417,-540,-595,-592,-521,-403,-245,-67,108,264,382,453,479,456,397,308,180,45,-75,-186,-273,-322,-347,1105,-311,-256,-184,-107,-19,54,137,196,238,256,263,267,240,197,144,69,-2,-78,-161,-233,-290,-331,-343,-316,-279,-206,-98,20,150,270,365,432,455,437,373,265,119,-36,-198,-343,-453,-517,-532,-494,-402,-255,-92,85,263,396,499,555,552,500,391,243,74,-105,-268,-412,-516,-561,-548,-483,-363,-215,-44,125,279,415,506,544,523,460,337,179,8,-152,-301,-422,-490,-500,-480,-408,-295,-155,2,159,294,394,455,475,447,360,235,104,-48,-196,-316,-410,-457,-446,-385,-287,-154,-9,144,281,368,417,416,363,264,124,-26,-168,-287,-349,-363,-322,-223,-93,41,154,220,-22,73,1145,-747,-346,102,70,13,-53,-120,-170,-182,-163,-112,-40,35,109,170,199,202,175,124,56,-26,-95,-158,-200,-213,-198,-161,-98,-27,46,112,167,206,210,194,147,90,23,-50,-116,-162,-189,-193,-173,-125,-76,-22,34,82,123,149,153,139,126,95,47,-5,-45,-80,-119,-130,-134,-129,-110,-80,-41,6,47,78,100,120,125,114,89,67,43,0,-32,-64,-91,-101,-113,-116,-98,-78,-48,-15,24,60,93,114,121,128,118,90,52,21,-20,-65,-102,-127,-148,-157,-139,-111,-71,-6,42,90,123,152,169,164,141,100,48,-11,-56,-117,-158,-192,-205,-189,-150,-108,-56,11,826,124,170,203,209,187,146,107,46,-24,-91,-144,-186,-220,-223,-214,-172,-110,-50,17,90,146,199,227,227,228,191,148,87,3,-63,-133,-200,-259,-286,-296,-275,-224,-152,-66,48,153,253,329,377,395,360,294,195,60,-87,-229,-355,-454,-500,-496,-446,-330,-181,-6,172,344,474,554,587,549,448,300,115,-78,-273,-439,-557,-617,-614,-542,-407,-229,-32,166,358,499,582,604,567,468,323,144,-44,-210,-365,-474,-531,-531,-476,-385,-259,-111,41,185,301,391,433,433,404,332,245,142,24,-96,-206,-291,-363,-391,-395,-367,-296,-217,-121,-1,113,228,323,394,435,434,-1459,-1316
39265,mtk,MTK 7916,2425286308,rx0-tx1,512,87,-185,-159,695,644,531,362,150,-77,-309,-520,-696,-799,-822,-767,-639,-448,-210,61,331,567,756,884,919,873,740,528,271,-17,-313,-584,-801,-954,-1010,-965,-832,-619,-347,-36,283,587,828,992,1075,1053,922,701,420,100,-239,-549,-815,-1008,-1095,-1087,-986,-792,-523,-208,131,457,734,963,1108,1142,1074,906,657,345,-1,-368,-688,-948,-1134,-1208,-1163,-1020,-770,-444,-72,300,650,947,1147,1238,1219,1076,829,505,139,-246,-599,-901,-1118,-1230,-1218,-1090,-867,-558,-200,163,515,822,1051,1188,1196,1092,892,612,278,-99,-454,-755,-990,-1130,-1160,-1074,-896,-639,-314,26,365,675,909,1058,1105,1053,901,-689,385,61,-258,-566,-815,-980,-1074,-1055,-940,-739,-477,-179,152,465,732,941,1066,1100,1022,853,597,288,-53,-409,-720,-975,-1135,-1183,-1129,-951,-679,-346,38,422,761,1035,1202,1266,1191,994,703,341,-63,-471,-827,-1094,-1256,-1293,-1193,-973,-665,-283,121,515,862,1111,1246,1255,1136,906,581,193,-205,-580,-886,-1102,-1207,-1178,-1024,-780,-452,-83,289,612,870,1028,1074,1008,850,600,296,-23,-323,-587,-789,-895,-905,-828,-668,-448,-194,77,329,537,681,757,752,673,525,329,100,-137,-352,-521,-631,-663,-627,-522,-354,-151,72,276,447,553,583,529,404,226,21,-179,-337,-417,-418,-339,-213,-161,-191,0,-225,-299,-124,-195,-229,-215,-159,-71,34,141,230,282,292,266,198,108,4,-108,-200,-274,-315,-325,-296,-233,-147,-41,66,171,267,329,365,367,329,249,149,30,-112,-237,-342,-418,-452,-441,-392,-285,-146,15,184,333,459,542,559,514,418,272,93,-103,-292,-443,-558,-612,-600,-521,-386,-214,-15,177,351,489,576,606,569,479,338,170,-6,-194,-360,-481,-561,-584,-542,-451,-322,-159,19,190,345,464,535,559,522,437,317,164,-6,-169,-321,-433,-501,-523,-497,-423,-311,-170,-13,134,269,381,459,488,473,413,317,192,56,-85,-216,-324,-405,-443,-447,-408,-332,-231,-108,24,159,-130,362,415,431,419,361,268,157,29,-96,-213,-315,-384,-422,-411,-373,-301,-205,-95,34,147,247,323,371,390,377,336,266,174,70,-43,-150,-246,-323,-375,-391,-386,-352,-289,-189,-81,43,167,280,370,437,471,460,406,315,199,52,-100,-250,-388,-484,-538,-548,-505,-411,-280,-114,62,233,385,507,586,610,573,479,345,168,-22,-214,-384,-514,-601,-621,-591,-503,-367,-199,-6,173,334,472,557,588,566,485,371,227,59,-100,-251,-375,-460,-506,-507,-462,-385,-281,-158,-24,110,233,332,407,448,461,442,383,301,186,59,-75,-213,-331,-434,-498,-535,-527,-463,-364,-225,-55,169,38,504,81,143,-89,-298,-488,-636,-728,-755,-710,-595,-415,-181,72,326,553,731,842,878,823,690,496,241,-41,-320,-578,-779,-910,-962,-926,-790,-583,-313,-2,304,588,817,974,1040,1011,878,660,386,72,-257,-567,-819,-996,-1086,-1067,-950,-746,-465,-140,186,502,779,980,1098,1115,1024,846,596,272,-73,-410,-711,-951,-1112,-1180,-1125,-961,-717,-403,-40,326,663,956,1152,1233,1197,1055,808,481,114,-274,-632,-928,-1134,-1232,-1219,-1083,-851,-535,-175,211,569,873,1096,1207,1202,1097,885,593,240,-142,-492,-793,-1018,-1160,-1189,-1095,-905,-632,-294,67,415,714,954,1098,1129,1072,907,657,353,10,-323,-625,261,-1019,-1078,-1048,-923,-701,-430,-115,209,509,764,950,1058,1068,972,793,540,242,-91,-423,-723,-954,-1094,-1142,-1079,-908,-650,-320,37,405,747,1011,1180,1240,1167,982,694,347,-46,-448,-793,-1070,-1235,-1291,-1207,-991,-682,-308,95,499,843,1109,1260,1281,1176,948,621,237,-162,-548,-877,-1115,-1228,-1218,-1091,-847,-527,-141,252,601,887,1077,1154,1106,941,688,368,16,-318,-613,-846,-973,-995,-922,-761,-517,-236,57,331,557,722,812,822,746,589,383,142,-103,-332,-522,-652,-714,-697,-600,-447,-247,-23,192,389,533,614,615,543,404,213,-1,-211,-381,-488,-520,-469,-343,-167,17,177,272,-103,-45,0,213,87,-143,-85,10,110,199,251,269,241,170,73,-32,-137,-225,-282,-310,-295,-245,-169,-71,32,139,228,296,336,338,307,240,146,33,-84,-204,-300,-366,-410,-409,-360,-273,-154,-11,138,285,411,483,512,484,407,285,119,-63,-239,-392,-512,-576,-583,-519,-403,-245,-50,150,335,474,569,603,572,491,357,191,-1,-187,-359,-490,-564,-593,-564,-472,-334,-172,20,202,357,477,553,572,536,450,321,161,-12,-184,-330,-443,-520,-539,-511,-433,-314,-167,-7,150,293,403,477,501,478,415,314,184,36,-111,-246,-353,-425,-463,-457,-412,-327,-211,-81,52,184,294,378,428,438,405,245,245,127,6,-121,-244,-336,-401,-426,-412,-368,-288,-181,-59,71,180,284,357,405,413,378,322,231,133,14,-97,-202,-288,-344,-378,-384,-357,-307,-223,-123,-15,97,201,301,373,414,429,407,346,256,144,5,-137,-265,-377,-460,-506,-507,-468,-376,-242,-87,78,241,387,503,575,585,541,446,314,143,-40,-224,-384,-512,-595,-619,-585,-492,-355,-181,10,190,359,490,581,612,578,504,375,215,40,-142,-297,-427,-519,-554,-541,-479,-377,-250,-103,47,190,309,397,456,472,459,406,322,217,98,-23,-151,-264,-357,-436,-472,-484,-451,-379,-280,-150,-7,160,309,440,540,593,244,300
39266,mtk,MTK 7916,2425286308,rx1-tx0,512,0,-590,-388,-694,-589,-433,-223,13,250,478,652,779,830,783,664,478,241,-21,-299,-537,-735,-872,-913,-862,-733,-511,-252,26,323,597,805,934,970,910,755,525,247,-62,-369,-640,-850,-983,-1006,-941,-782,-540,-236,85,387,659,872,1005,1018,947,790,552,260,-70,-391,-659,-861,-990,-1029,-959,-798,-550,-250,64,368,642,859,975,1003,928,768,536,254,-55,-369,-632,-824,-932,-951,-875,-721,-505,-241,53,334,560,741,846,860,798,668,463,234,-17,-259,-473,-642,-743,-773,-734,-619,-456,-259,-39,182,379,547,668,730,709,622,483,306,91,-134,-353,-519,-635,-700,-690,-617,-488,-304,-90,216,321,491,607,661,651,577,446,275,83,-127,-314,-458,-567,-619,-603,-523,-407,-255,-67,112,275,410,489,536,539,481,375,239,84,-84,-233,-358,-447,-477,-480,-437,-345,-242,-95,57,183,291,369,421,420,373,317,228,120,8,-103,-199,-293,-353,-369,-372,-337,-281,-210,-91,35,146,253,342,400,431,423,364,258,127,-22,-168,-304,-401,-453,-477,-431,-339,-220,-71,83,233,349,422,459,438,368,257,129,-11,-150,-262,-349,-397,-399,-363,-274,-169,-41,82,189,272,331,355,324,255,169,65,-48,-153,-248,-299,-307,-276,-211,-119,-17,100,193,241,250,209,133,44,-40,-333,-558,0,347,358,83,147,196,202,170,102,3,-91,-182,-249,-262,-243,-184,-101,-8,96,180,242,264,268,240,168,90,-8,-102,-195,-248,-273,-277,-240,-178,-98,-18,70,151,215,252,256,239,201,148,71,-14,-90,-154,-217,-251,-252,-247,-211,-141,-79,2,83,162,211,248,273,260,210,152,93,2,-78,-156,-220,-257,-265,-252,-221,-162,-77,4,78,159,226,260,273,251,214,152,76,-2,-79,-142,-208,-247,-248,-229,-199,-147,-85,-7,63,126,188,224,223,203,181,125,67,-6,-70,-128,-179,-207,-209,-197,-163,-114,-61,-3,59,99,134,155,160,154,134,101,66,22,-19,-55,-584,-103,-117,-113,-118,-103,-76,-52,-27,6,24,45,65,78,76,87,89,79,83,60,38,25,0,-34,-55,-79,-110,-127,-134,-132,-114,-83,-60,-16,38,83,133,164,187,197,194,174,139,83,9,-68,-151,-219,-279,-309,-309,-295,-239,-152,-45,79,192,289,376,439,442,390,309,193,40,-127,-274,-406,-506,-539,-529,-462,-347,-191,-10,176,347,483,570,600,565,479,335,164,-18,-214,-379,-505,-592,-609,-572,-492,-354,-173,21,206,375,499,581,604,568,478,365,210,19,-161,-339,-477,-565,-608,-596,-529,-415,-253,-77,111,301,451,559,627,637,591,486,329,149,-57,-50,133,0,-306,-540,242,442,612,731,771,741,629,450,237,-22,-279,-504,-695,-817,-866,-825,-698,-507,-257,34,311,575,785,902,943,898,755,534,256,-52,-357,-624,-826,-959,-997,-934,-779,-540,-244,75,380,650,869,997,1017,945,779,539,234,-87,-382,-653,-865,-996,-1033,-954,-784,-552,-265,61,383,657,874,990,1012,948,794,554,256,-57,-363,-629,-837,-956,-990,-921,-751,-518,-235,67,355,591,780,891,908,829,682,477,224,-48,-300,-523,-697,-789,-815,-753,-634,-459,-238,-1,228,435,591,697,745,716,624,481,291,73,-152,-362,-535,-655,-713,-705,-623,-487,-307,-92,131,326,501,626,684,757,608,471,286,83,-127,-321,-485,-589,-643,-623,-543,-422,-266,-75,124,297,432,534,581,561,498,378,232,79,-98,-256,-380,-477,-526,-526,-462,-368,-232,-85,64,211,325,404,463,461,416,340,234,111,-33,-154,-248,-328,-371,-385,-372,-330,-262,-158,-56,50,165,248,330,387,393,372,321,227,119,-7,-141,-268,-377,-443,-465,-443,-369,-250,-115,42,201,314,405,459,462,409,306,181,33,-113,-252,-355,-415,-428,-397,-319,-220,-92,41,169,276,346,380,363,306,224,125,5,-116,-216,-275,-313,-311,-278,-207,-101,13,121,213,268,291,269,197,101,-5,-99,-165,-190,-172,530,313,0,-99,81,131,104,31,-56,-139,-210,-236,-226,-182,-96,7,100,189,244,274,258,205,127,39,-46,-149,-220,-263,-282,-262,-212,-126,-48,47,142,213,254,266,266,224,163,78,-7,-87,-150,-205,-243,-255,-235,-204,-145,-65,6,77,155,202,234,256,252,205,148,90,9,-83,-164,-210,-250,-269,-258,-220,-159,-76,7,83,149,214,256,261,256,223,154,82,-7,-84,-157,-220,-246,-254,-232,-199,-155,-79,-2,71,138,195,232,245,228,199,154,75,-10,-69,-139,-185,-214,-223,-201,-170,-120,-65,-4,58,114,159,181,189,171,140,98,54,7,-33,-73,-102,-127,-137,-134,-124,-674,-77,-33,0,22,51,70,78,96,98,90,86,68,46,22,8,-22,-33,-55,-83,-90,-99,-107,-101,-87,-73,-48,-19,14,51,95,125,143,166,166,157,132,94,51,-11,-74,-134,-191,-238,-261,-264,-234,-185,-115,-22,68,164,262,334,377,377,330,263,173,44,-104,-240,-352,-448,-499,-487,-429,-338,-190,-17,144,309,441,539,577,556,475,346,177,-14,-198,-371,-501,-580,-613,-577,-479,-339,-162,29,208,371,513,595,612,582,490,353,183,-15,-206,-367,-487,-574,-606,-580,-509,-377,-220,-49,130,304,450,557,604,613,555,434,286,116,-77,-267,-440,-573,-653,-677,-375,-357
39267,mtk,MTK 7916,2425286308,rx1-tx1,512,0,0,0,-349,27,388,673,814,778,567,232,-153,-501,-744,-822,-712,-456,-107,260,567,749,763,604,311,-40,-387,-632,-724,-660,-445,-132,206,500,673,687,534,265,-78,-394,-623,-706,-634,-409,-86,273,556,720,727,571,274,-88,-437,-688,-782,-709,-477,-133,244,576,781,810,663,379,8,-372,-673,-828,-800,-603,-284,103,462,719,813,736,501,160,-212,-525,-726,-767,-642,-381,-42,298,557,693,682,525,254,-69,-360,-564,-642,-580,-398,-134,153,393,536,556,461,261,12,-223,-406,-494,-468,-335,-145,79,276,395,413,352,225,41,-138,-280,-345,-332,-244,-102,60,194,273,288,237,0,-15,-147,-235,-255,-215,-123,-3,120,220,264,233,145,23,-113,-229,-294,-282,-204,-76,71,211,319,351,301,179,17,-162,-308,-386,-388,-310,-163,27,215,370,448,429,321,141,-68,-262,-408,-479,-453,-337,-146,64,266,424,495,464,342,159,-53,-252,-393,-453,-428,-332,-170,31,214,345,413,400,319,186,26,-127,-251,-326,-342,-291,-192,-69,51,151,218,246,231,189,121,27,-52,-102,-142,-162,-158,-143,-113,-63,-13,34,83,122,147,157,147,123,73,13,-53,-122,-175,-202,-204,-185,-131,-53,38,124,193,236,254,233,178,100,11,-72,-146,-200,-220,-213,-189,-141,0,0,0,0,0,-107,-96,-72,-26,35,95,140,170,175,146,85,9,-70,-144,-199,-220,-194,-129,-35,73,166,225,248,218,142,36,-82,-191,-264,-285,-240,-147,-21,113,231,298,296,237,135,-9,-148,-250,-305,-299,-225,-92,70,216,311,342,296,183,29,-137,-279,-359,-350,-263,-118,62,239,370,420,380,247,49,-167,-342,-444,-453,-365,-190,28,252,440,539,512,370,140,-129,-374,-544,-606,-540,-360,-92,205,456,614,643,544,326,32,-271,-519,-669,-668,-528,-277,36,343,577,696,656,474,195,-114,-400,-599,-668,-590,-386,-100,199,449,598,617,499,264,-34,-309,-515,-605,-552,-377,0,188,436,587,605,477,230,-66,-350,-572,-667,-608,-402,-106,217,502,684,705,572,313,-23,-365,-632,-758,-714,-512,-186,189,518,740,800,682,408,32,-366,-679,-843,-818,-621,-284,127,520,802,909,813,531,129,-306,-680,-907,-939,-761,-415,30,473,812,974,922,669,268,-198,-618,-899,-991,-869,-539,-96,370,750,967,973,769,393,-60,-497,-828,-981,-911,-645,-241,221,625,875,931,789,475,54,-370,-711,-888,-865,-641,-284,136,514,771,850,751,483,106,-290,-619,-807,-807,-619,-300,80,442,703,806,721,476,124,-254,-571,-751,-760,-598,-303,59,411,670,781,708,479,149,0,0,0,0,0,-728,-814,-714,-452,-96,279,594,789,809,651,355,-16,-383,-658,-789,-751,-551,-230,141,471,695,755,644,391,52,-288,-554,-687,-657,-489,-206,139,449,651,701,588,333,-1,-335,-592,-716,-688,-493,-173,182,500,713,765,645,377,18,-354,-641,-787,-767,-582,-256,125,481,732,831,748,498,133,-247,-573,-783,-826,-682,-387,-25,342,641,792,762,585,287,-81,-420,-651,-741,-678,-461,-143,180,459,641,674,560,329,36,-258,-478,-594,-576,-434,-207,55,299,469,529,468,310,92,-140,-335,-444,-447,-353,-188,11,201,335,388,349,231,68,-104,-244,-322,-318,-243,-114,35,167,0,277,231,126,-5,-131,-222,-257,-221,-128,-10,115,222,273,254,172,43,-98,-222,-304,-316,-243,-122,33,191,307,369,354,251,84,-105,-275,-389,-430,-378,-240,-54,142,318,439,469,402,245,46,-170,-354,-466,-483,-412,-260,-51,167,344,456,478,406,252,54,-146,-313,-413,-439,-384,-261,-92,92,245,343,380,348,253,123,-18,-152,-251,-291,-288,-234,-146,-51,43,131,191,215,200,158,106,49,-9,-68,-108,-135,-150,-153,-133,-96,-48,4,59,111,153,178,179,155,107,32,-49,-123,-182,-220,-230,-205,-147,-65,22,107,182,231,252,242,193,130,63,-6,-70,-123,0,0,0,0,0,-28,-74,-109,-136,-149,-133,-93,-33,41,109,166,194,185,140,68,-25,-115,-189,-231,-227,-180,-94,22,133,219,263,257,196,90,-36,-159,-253,-295,-275,-204,-86,60,193,277,311,281,176,34,-107,-235,-318,-324,-257,-132,22,179,299,353,328,229,65,-105,-254,-360,-390,-317,-180,10,212,372,437,415,302,116,-106,-312,-461,-501,-439,-279,-53,202,419,552,556,444,240,-26,-301,-521,-623,-606,-451,-196,102,381,590,676,619,426,146,-164,-438,-626,-687,-599,-382,-87,226,487,640,663,545,310,-1,-299,-525,-637,-612,-455,-197,113,386,561,615,531,323,46,-237,-469,0,-576,-420,-167,126,396,577,629,533,314,22,-292,-553,-688,-661,-485,-202,131,447,663,742,657,414,73,-282,-587,-764,-774,-615,-304,78,448,715,825,755,519,162,-242,-605,-840,-878,-716,-402,4,425,761,922,883,653,276,-170,-586,-874,-973,-853,-548,-120,333,723,961,992,782,399,-61,-503,-839,-991,-934,-672,-256,218,640,916,991,846,523,92,-357,-724,-935,-935,-728,-356,81,504,805,923,826,556,166,-252,-611,-835,-877,-713,-385,19,409,702,836,787,559,206,-190,-534,-757,-812,-687,-395,-15,362,645,779,747,540,209,-165,-495,-712,-778,-663,-398,-46,314,611,765,0,0
39268,mtk,MTK 7916,2425286308,rx2-tx0,512,0,0,0,971,1044,881,524,51,-445,-835,-1033,-1001,-746,-326,170,626,942,1038,899,560,95,-392,-794,-1008,-987,-741,-333,152,599,910,1007,871,539,77,-406,-793,-995,-965,-706,-278,211,653,946,1024,858,493,18,-465,-854,-1039,-983,-709,-263,250,702,992,1053,867,483,-11,-501,-875,-1056,-987,-677,-214,297,733,997,1036,828,423,-89,-581,-941,-1081,-973,-635,-146,386,834,1091,1097,852,408,-145,-672,-1044,-1184,-1062,-695,-170,396,884,1178,1201,959,507,-67,-627,-1035,-1219,-1143,-814,-302,276,793,1127,1201,1014,604,66,-479,-915,-1145,-1115,-834,-374,172,671,1007,1112,965,599,103,-406,-824,-1048,0,-789,-364,147,620,942,1053,919,572,99,-400,-810,-1040,-1023,-770,-343,160,631,963,1074,948,594,105,-414,-842,-1083,-1084,-838,-395,147,656,1032,1175,1057,699,184,-385,-878,-1183,-1237,-1017,-563,27,608,1067,1301,1247,921,396,-209,-781,-1192,-1346,-1200,-797,-222,402,936,1276,1350,1132,658,44,-577,-1068,-1341,-1330,-1032,-513,103,697,1148,1359,1294,953,419,-199,-763,-1164,-1327,-1223,-860,-329,244,759,1114,1239,1105,756,270,-241,-692,-993,-1089,-964,-651,-221,233,615,859,926,812,538,167,-213,-527,-725,-788,-689,-460,-161,145,418,603,669,616,459,233,-8,-226,-392,-483,-495,-437,-331,-194,0,0,0,0,0,-9,112,231,347,433,461,414,303,138,-65,-274,-450,-554,-562,-471,-297,-62,190,417,575,622,546,359,102,-184,-437,-606,-655,-573,-369,-86,216,488,662,694,583,349,38,-287,-554,-712,-717,-574,-298,40,374,631,758,717,515,207,-155,-486,-721,-795,-690,-436,-89,282,605,803,818,644,329,-50,-428,-725,-871,-815,-574,-216,196,561,806,884,767,474,72,-346,-696,-886,-883,-686,-339,80,488,795,921,847,586,200,-237,-621,-868,-922,-773,-449,-36,392,736,920,895,671,301,-135,-543,-832,-932,-832,-547,-140,295,663,882,903,725,388,-37,-448,-757,-896,-840,-594,-213,211,0,830,877,729,416,5,-406,-718,-864,-810,-577,-204,216,584,818,868,715,392,-22,-441,-759,-901,-838,-581,-192,251,648,898,931,754,412,-36,-485,-830,-982,-917,-642,-219,255,677,951,1010,833,470,-3,-477,-842,-1016,-961,-688,-257,234,669,949,1016,848,475,-1,-478,-849,-1028,-961,-670,-224,268,702,983,1036,843,456,-39,-526,-888,-1059,-984,-675,-215,285,730,1011,1061,871,478,-28,-525,-898,-1074,-1004,-702,-239,270,720,1006,1061,874,490,1,-486,-862,-1048,-988,-702,-262,243,686,968,1036,873,501,18,-465,-840,-1023,-975,-701,-265,229,669,956,1026,859,498,27,-449,-830,-1023,0,0,0,0,0,-384,96,558,904,1050,957,643,185,-310,-740,-998,-1028,-831,-452,37,520,873,1026,950,661,216,-273,-697,-965,-1008,-817,-432,44,513,867,1011,922,623,177,-312,-726,-978,-999,-779,-383,98,568,910,1040,928,607,144,-359,-783,-1023,-1024,-788,-378,121,598,938,1056,928,581,106,-393,-807,-1032,-1011,-756,-323,188,659,974,1057,899,526,29,-487,-897,-1098,-1037,-737,-265,276,763,1082,1150,961,551,8,-540,-972,-1190,-1140,-834,-337,240,765,1120,1228,1062,660,113,-457,-931,-1191,-1188,-926,-465,101,639,1030,1194,1082,731,224,-327,-796,-1082,-1124,-907,-491,26,531,909,1087,1011,700,241,0,-715,-999,-1049,-858,-472,23,507,879,1045,974,676,222,-283,-723,-1006,-1054,-857,-471,24,523,904,1086,1017,713,242,-283,-758,-1066,-1136,-947,-545,-14,532,975,1202,1166,866,372,-213,-755,-1140,-1287,-1145,-745,-190,418,938,1264,1314,1076,608,13,-599,-1092,-1344,-1304,-981,-452,176,774,1198,1366,1242,856,282,-344,-908,-1274,-1376,-1178,-746,-159,458,982,1295,1340,1109,654,74,-512,-986,-1256,-1261,-1016,-574,-28,507,920,1141,1128,887,478,-6,-463,-810,-989,-973,-757,-398,18,411,704,847,823,637,335,-13,-340,-591,-722,-710,-562,-330,-53,227,447,570,599,533,391,207,15,-152,-270,-331,0,0,0,0,0,-318,-331,-301,-217,-90,74,246,397,496,527,470,328,120,-112,-334,-505,-590,-565,-432,-216,49,307,518,626,614,480,244,-46,-330,-561,-677,-649,-483,-223,92,396,624,720,667,469,176,-166,-470,-680,-749,-656,-420,-88,263,563,743,760,612,329,-34,-398,-671,-795,-746,-541,-207,179,533,772,843,727,457,77,-325,-665,-855,-856,-676,-354,50,460,766,903,842,594,211,-217,-598,-851,-921,-787,-479,-67,362,710,900,891,688,333,-96,-508,-811,-925,-832,-565,-173,262,642,878,921,758,425,0,-425,-756,-919,-878,-640,-265,157,554,828,916,796,501,94,-332,-681,-870,-863,0,-310,102,497,778,873,767,493,104,-311,-653,-846,-844,-645,-293,131,521,792,886,778,486,77,-356,-715,-914,-899,-681,-306,146,574,864,968,853,536,88,-378,-763,-976,-969,-743,-348,133,588,911,1028,904,577,126,-355,-756,-989,-996,-776,-374,122,584,909,1026,910,582,115,-377,-784,-1013,-1004,-760,-346,150,615,939,1046,913,570,97,-402,-813,-1039,-1025,-778,-354,157,635,971,1076,941,594,110,-400,-813,-1047,-1046,-800,-373,137,615,949,1067,948,617,138,-369,-789,-1017,-1025,-801,-395,104,575,908,1030,921,606,147,-350,-761,-998,-1005,-782,-380,101,561,896,1028,926,604,147,0,0
39269,mtk,MTK 7916,2425286308,rx2-tx1,512,0,0,0,-526,-630,-594,-428,-183,102,352,527,586,520,344,98,-160,-383,-513,-527,-427,-253,-26,204,377,464,453,349,171,-31,-213,-342,-401,-368,-253,-93,70,210,285,292,237,143,19,-97,-182,-212,-190,-133,-57,27,90,119,119,80,14,-39,-64,-73,-58,-4,45,74,87,73,21,-52,-118,-162,-164,-111,-39,55,161,251,275,225,128,13,-133,-275,-346,-343,-270,-126,54,237,382,437,405,293,102,-130,-335,-464,-498,-426,-259,-24,229,424,528,530,425,222,-33,-281,-478,-580,-540,-375,-140,126,373,535,581,510,317,50,-223,-450,-584,-588,-476,-249,45,326,533,622,572,0,142,-146,-394,-570,-625,-530,-312,-36,240,476,616,613,458,211,-83,-360,-561,-636,-563,-372,-96,204,455,606,625,504,254,-47,-335,-566,-672,-610,-413,-125,201,488,667,704,591,340,7,-343,-626,-778,-753,-564,-261,126,496,755,856,774,526,165,-243,-614,-850,-907,-782,-495,-89,346,708,929,956,789,460,22,-427,-782,-976,-977,-797,-438,14,460,807,1006,993,779,414,-11,-430,-776,-961,-956,-759,-423,-17,373,685,849,854,693,406,48,-310,-593,-745,-754,-623,-368,-59,233,481,631,660,557,363,120,-129,-351,-502,-554,-516,-389,-213,-27,142,286,369,388,354,281,179,0,0,0,0,0,1,-59,-116,-166,-205,-224,-207,-158,-89,-2,90,175,237,259,240,187,103,-4,-114,-204,-270,-276,-230,-152,-54,59,165,237,266,246,183,89,-16,-115,-190,-232,-236,-202,-127,-24,70,144,197,211,188,134,60,-22,-90,-140,-157,-155,-129,-75,-10,35,81,112,127,120,105,77,39,-4,-45,-81,-125,-146,-139,-114,-76,-23,40,110,167,204,213,177,100,9,-89,-180,-246,-280,-260,-192,-84,49,173,263,315,314,237,118,-20,-164,-285,-347,-341,-272,-155,-2,164,297,364,350,266,133,-27,-169,-287,-347,-323,-234,-102,49,194,300,333,292,181,31,-124,-244,-312,0,-245,-112,46,198,310,354,316,193,19,-152,-290,-370,-368,-286,-134,47,223,363,423,382,259,73,-142,-323,-432,-456,-385,-221,0,221,399,494,480,360,169,-73,-303,-470,-532,-481,-325,-103,141,360,506,531,440,255,8,-241,-426,-506,-485,-351,-137,115,339,488,525,436,234,-21,-268,-458,-545,-505,-347,-113,163,414,580,614,509,273,-21,-310,-536,-665,-644,-460,-186,134,432,648,731,654,415,89,-256,-551,-734,-769,-632,-355,2,357,639,788,784,611,298,-73,-429,-702,-825,-768,-565,-246,126,472,716,809,729,498,170,-188,-496,-692,-750,-648,-411,-92,242,514,660,0,0,0,0,0,362,88,-196,-445,-596,-608,-487,-275,-8,258,460,553,526,396,182,-66,-288,-446,-503,-445,-299,-104,115,303,408,422,356,218,36,-151,-288,-342,-325,-254,-133,21,156,242,264,224,138,31,-65,-137,-172,-162,-107,-37,34,79,90,72,39,-8,-45,-64,-62,-34,29,88,117,115,81,12,-72,-144,-197,-214,-175,-86,23,149,262,316,291,201,55,-116,-275,-383,-406,-340,-205,-20,183,352,450,464,366,175,-57,-280,-449,-529,-493,-346,-118,128,355,517,565,487,302,49,-213,-433,-563,-567,-451,-239,36,301,503,597,558,388,139,-139,-383,-558,-614,-527,-330,-49,251,0,604,607,476,239,-58,-341,-536,-616,-569,-399,-138,156,422,588,626,524,293,10,-274,-504,-622,-595,-431,-176,129,409,595,649,551,331,32,-283,-536,-676,-670,-506,-223,109,433,660,751,678,456,120,-237,-560,-770,-811,-678,-394,-20,372,689,869,860,662,324,-83,-480,-793,-936,-880,-641,-266,174,587,881,994,909,627,216,-235,-632,-922,-1025,-915,-621,-218,230,634,913,1012,906,615,214,-218,-588,-836,-928,-840,-587,-223,173,501,727,816,752,542,230,-115,-417,-627,-715,-661,-488,-235,50,317,517,606,585,465,280,58,-164,-345,-453,-482,-446,-340,-202,-55,75,173,222,0,0,0,0,0,162,166,152,113,53,-27,-107,-178,-231,-255,-233,-179,-103,-6,93,183,243,260,232,171,79,-32,-141,-220,-261,-257,-205,-122,-13,102,185,235,258,228,146,47,-55,-145,-197,-226,-220,-162,-86,-3,77,146,182,183,153,100,31,-33,-78,-117,-147,-142,-110,-72,-35,19,71,114,138,135,121,100,62,3,-44,-90,-131,-170,-173,-148,-90,-18,69,149,217,243,230,185,100,-22,-143,-234,-288,-306,-261,-165,-33,104,242,325,334,292,205,59,-102,-234,-326,-365,-329,-216,-59,100,234,316,340,296,187,37,-121,-253,-327,-324,-257,-142,4,149,266,325,305,205,66,0,-223,-312,-329,-270,-148,11,167,299,361,340,240,77,-110,-265,-364,-395,-335,-195,-16,175,338,429,423,326,150,-60,-269,-421,-475,-426,-291,-84,151,358,492,523,437,255,23,-212,-407,-522,-517,-396,-185,68,304,467,528,465,302,74,-169,-378,-493,-502,-390,-188,52,288,467,533,465,291,44,-226,-452,-566,-557,-420,-195,88,368,562,626,562,370,79,-232,-505,-676,-693,-558,-301,29,360,621,741,706,527,227,-131,-467,-704,-797,-720,-495,-157,220,545,757,814,706,447,85,-286,-591,-774,-799,-660,-391,-38,322,612,770,763,583,286,-52,-370,-608,-718,-668,-481,-199,0,0
39270,mtk,MTK 7916,2425320058,rx0-tx0,512,-349,-87,-36,103,-65,-232,-381,-485,-538,-543,-468,-341,-178,19,218,390,534,603,616,554,434,253,45,-177,-389,-540,-631,-647,-589,-459,-287,-69,155,344,507,605,631,589,475,307,112,-91,-276,-421,-518,-563,-535,-456,-328,-168,-2,161,293,395,453,460,435,359,247,123,-4,-117,-222,-313,-375,-405,-391,-347,-282,-180,-76,53,192,314,402,454,464,433,354,222,73,-106,-276,-409,-510,-550,-532,-464,-324,-151,41,233,400,526,598,595,523,381,201,2,-208,-381,-510,-577,-578,-507,-386,-216,-24,163,323,443,501,501,448,345,215,62,-92,-219,-322,-388,-411,-393,-326,-237,-129,-17,-511,177,259,305,319,292,239,170,101,22,-60,-125,-193,-232,-247,-257,-237,-193,-142,-82,-15,63,147,224,269,303,306,279,223,134,20,-97,-207,-298,-372,-400,-381,-322,-222,-98,47,188,314,404,452,442,389,290,144,-15,-170,-307,-407,-476,-488,-434,-335,-217,-49,121,272,386,464,494,459,378,261,100,-65,-223,-366,-451,-487,-466,-397,-280,-132,18,177,317,409,455,441,388,295,167,22,-131,-261,-354,-416,-431,-391,-306,-191,-44,103,231,339,401,423,382,298,177,33,-110,-243,-331,-385,-390,-334,-237,-111,31,171,278,342,350,302,204,73,-63,-176,-247,-259,-219,-220,-188,1179,-1087,-1239,-41,-135,-210,-241,-223,-150,-45,78,194,265,305,300,242,138,12,-117,-233,-315,-342,-336,-281,-179,-49,86,211,316,369,379,336,251,117,-14,-148,-284,-370,-399,-388,-321,-209,-86,64,206,315,374,387,365,296,199,63,-78,-205,-298,-352,-367,-351,-281,-175,-55,61,175,270,314,345,315,255,176,74,-31,-130,-218,-278,-297,-294,-256,-199,-115,-31,63,160,225,274,289,279,234,167,83,-15,-102,-193,-256,-290,-296,-265,-196,-121,-32,66,158,239,289,318,302,244,164,75,-27,-133,-224,-285,-318,-315,-269,-201,-105,3,105,201,262,303,314,297,223,142,45,-57,-330,-232,-300,-315,-301,-261,-187,-100,-2,111,203,265,317,319,287,232,149,47,-56,-147,-235,-295,-318,-319,-284,-226,-137,-28,78,183,267,325,363,352,309,242,142,12,-128,-246,-353,-431,-455,-426,-360,-248,-94,69,234,383,472,528,520,442,320,155,-27,-226,-393,-524,-593,-598,-527,-388,-217,-14,198,400,554,646,649,577,440,244,27,-202,-398,-550,-639,-663,-592,-448,-264,-41,181,377,521,600,612,555,427,266,74,-113,-288,-433,-513,-530,-494,-407,-291,-145,18,169,297,389,447,442,404,334,232,105,-31,-164,-268,-353,-405,-419,-396,-338,-232,-109,27,167,294,388,-450,-691,-729,266,271,-492,-502,-462,-368,-219,-56,131,313,453,554,592,553,462,307,115,-90,-290,-461,-583,-633,-627,-529,-367,-169,56,275,459,589,656,629,540,392,194,-20,-223,-409,-535,-601,-595,-520,-388,-231,-47,138,297,425,496,513,479,394,276,130,-16,-150,-273,-359,-409,-421,-398,-351,-266,-155,-35,87,194,290,365,411,433,403,326,218,83,-63,-212,-356,-456,-505,-512,-449,-353,-209,-28,152,336,480,562,584,539,432,278,88,-118,-314,-472,-567,-604,-564,-455,-300,-116,84,268,410,513,546,516,437,298,133,-40,-202,-328,-417,-462,-448,-380,-278,-146,-22,103,212,291,344,352,1105,276,196,104,9,-87,-162,-224,-258,-273,-257,-233,-186,-125,-57,13,95,162,213,252,272,270,243,183,112,31,-68,-164,-249,-319,-353,-349,-305,-235,-127,7,137,263,359,424,438,398,314,189,45,-106,-245,-369,-449,-471,-441,-363,-248,-107,65,226,340,437,494,483,416,306,166,2,-164,-304,-416,-482,-484,-445,-344,-197,-40,128,273,391,459,472,443,355,229,74,-79,-219,-336,-410,-448,-429,-353,-252,-117,33,181,298,383,429,406,348,244,117,-24,-166,-282,-367,-402,-392,-322,-214,-85,64,197,299,361,374,332,237,112,-31,-163,-269,-318,-309,-240,-130,-2,99,211,240,1145,-934,-720,-190,-159,-86,18,129,223,276,283,226,131,19,-104,-223,-302,-333,-318,-252,-149,-25,104,224,319,368,360,313,212,83,-56,-189,-309,-380,-391,-369,-293,-159,-20,117,250,339,388,404,356,263,134,0,-137,-247,-335,-385,-386,-333,-235,-113,11,131,239,311,347,347,315,224,122,12,-108,-195,-273,-315,-321,-297,-239,-144,-44,58,143,217,266,286,293,243,183,98,0,-91,-184,-243,-285,-291,-273,-230,-148,-57,42,148,224,273,303,295,261,192,102,5,-107,-200,-257,-301,-309,-282,-225,-139,-45,66,170,246,301,310,300,250,176,82,-20,-135,-224,-272,-307,-297,826,-198,-111,-9,83,181,262,306,329,311,239,164,72,-38,-130,-220,-286,-317,-305,-276,-222,-132,-34,68,163,239,307,332,329,291,223,140,32,-91,-193,-285,-363,-407,-390,-332,-252,-131,20,167,305,414,480,487,452,351,209,44,-146,-319,-457,-541,-576,-537,-436,-284,-89,112,317,476,579,625,601,502,339,129,-98,-311,-495,-613,-660,-630,-529,-364,-163,72,295,470,590,645,620,525,361,167,-46,-247,-407,-518,-570,-555,-484,-351,-187,-14,156,298,401,470,480,445,356,244,101,-45,-172,-287,-374,-422,-430,-394,-319,-221,-101,29,149,276,371,426,449,422,348,229,-1331,-1243
39271,mtk,MTK 7916,2425320058,rx0-tx1,512,87,-212,-213,300,96,-133,-361,-557,-687,-759,-753,-662,-492,-265,1,272,513,705,837,869,809,665,439,174,-124,-415,-660,-845,-942,-932,-831,-633,-376,-69,259,552,802,958,1019,975,824,582,276,-61,-394,-696,-915,-1046,-1065,-974,-775,-498,-170,186,511,790,989,1096,1086,956,738,435,90,-259,-601,-878,-1069,-1162,-1121,-960,-706,-378,4,387,735,1011,1175,1224,1141,932,620,244,-160,-554,-885,-1123,-1243,-1232,-1085,-824,-471,-69,336,709,1001,1184,1245,1169,963,664,295,-105,-494,-823,-1067,-1199,-1196,-1070,-822,-500,-127,268,618,903,1093,1160,1108,940,675,337,-28,-386,-701,-932,-1070,-1102,-1013,-819,-689,-209,132,460,743,946,1045,1045,938,734,463,134,-196,-518,-790,-985,-1076,-1061,-939,-704,-402,-57,308,646,920,1105,1175,1112,935,648,279,-121,-516,-864,-1125,-1256,-1253,-1105,-835,-461,-35,392,795,1107,1291,1324,1206,956,593,162,-287,-706,-1046,-1259,-1335,-1256,-1033,-697,-285,172,600,946,1185,1289,1244,1059,740,340,-80,-490,-830,-1082,-1196,-1163,-1000,-726,-369,14,386,706,931,1033,1020,892,664,366,45,-270,-545,-749,-850,-859,-771,-597,-361,-90,181,426,615,724,745,679,535,334,96,-150,-372,-537,-634,-638,-565,-428,-225,2,217,400,524,556,493,359,171,-38,-218,-338,-375,-324,-170,-198,0,-220,-263,-2,84,166,219,228,190,121,20,-87,-178,-244,-279,-270,-216,-140,-43,63,161,237,283,302,284,225,143,41,-70,-175,-260,-320,-348,-336,-293,-203,-90,41,177,292,383,429,432,378,281,144,-16,-187,-342,-460,-527,-523,-460,-344,-174,15,218,390,517,586,581,516,380,193,-13,-214,-394,-521,-593,-591,-524,-395,-227,-33,164,342,474,553,572,523,419,269,90,-96,-262,-401,-497,-536,-519,-444,-318,-168,3,169,314,417,484,501,459,372,249,96,-61,-215,-334,-420,-465,-461,-409,-313,-185,-38,103,234,335,406,431,413,360,265,145,12,-123,-239,-336,-394,-412,-386,-130,-242,-124,6,126,247,332,389,411,382,320,231,118,-17,-142,-245,-336,-388,-400,-376,-307,-220,-111,14,135,238,326,382,406,384,331,246,140,17,-109,-228,-328,-397,-439,-438,-392,-305,-191,-45,107,245,372,460,514,508,450,350,198,27,-145,-318,-466,-555,-597,-576,-492,-358,-174,32,236,412,550,633,647,591,470,301,97,-121,-324,-492,-611,-657,-640,-547,-399,-213,-1,210,392,528,610,621,566,454,298,124,-59,-238,-387,-493,-542,-532,-477,-381,-248,-105,44,193,315,408,467,478,447,382,288,168,29,-112,-248,-361,-453,-507,-507,-475,-388,-266,-101,88,260,422,162,30,504,24,70,-615,-689,-703,-637,-491,-292,-61,193,439,639,771,826,790,669,483,231,-62,-341,-592,-779,-887,-915,-832,-658,-413,-114,193,482,728,898,983,956,834,618,330,7,-327,-631,-864,-1008,-1044,-979,-806,-543,-221,126,463,750,955,1069,1065,954,746,468,134,-224,-554,-832,-1025,-1112,-1096,-965,-730,-421,-54,325,667,936,1122,1193,1135,960,674,315,-84,-474,-818,-1074,-1220,-1238,-1122,-882,-548,-156,255,639,950,1165,1248,1202,1030,746,385,-21,-423,-771,-1035,-1192,-1225,-1121,-900,-588,-214,181,554,865,1078,1184,1154,994,746,414,40,-331,-666,-928,-1084,-1131,-1065,-879,-603,-274,86,430,726,261,1055,1060,963,768,493,170,-166,-487,-751,-950,-1049,-1037,-928,-718,-434,-100,246,579,857,1037,1123,1094,942,689,361,-24,-406,-750,-1024,-1186,-1219,-1124,-905,-578,-178,245,651,984,1213,1298,1249,1059,730,326,-123,-550,-924,-1191,-1325,-1306,-1137,-837,-440,1,444,832,1120,1289,1309,1171,902,539,115,-324,-727,-1042,-1218,-1250,-1136,-899,-558,-157,248,610,904,1079,1119,1034,829,534,190,-161,-490,-746,-906,-951,-897,-742,-501,-216,77,357,581,736,801,770,656,463,226,-30,-274,-478,-623,-691,-670,-565,-394,-174,62,273,454,573,600,546,419,225,1,-209,-373,-471,-475,-390,-241,-59,99,-124,-80,0,127,-6,173,179,133,50,-51,-144,-219,-259,-250,-201,-120,-21,89,178,240,282,282,246,176,87,-12,-117,-211,-276,-317,-317,-278,-209,-114,-2,114,226,317,375,395,364,292,185,46,-107,-253,-376,-456,-485,-460,-376,-245,-70,117,286,437,532,567,535,425,275,80,-125,-315,-475,-574,-600,-564,-458,-299,-110,97,286,439,544,582,565,477,331,158,-37,-221,-379,-496,-553,-546,-487,-372,-214,-36,140,298,416,492,520,489,405,279,131,-35,-191,-321,-421,-477,-484,-434,-336,-209,-59,89,230,342,420,451,429,371,278,157,16,-116,-240,-336,-400,-421,-401,-343,-251,-132,-2,129,245,327,394,413,393,332,232,118,-12,-144,-256,-340,-400,-416,-382,-319,-225,-104,22,151,261,335,388,401,371,311,224,119,-3,-125,-234,-324,-382,-412,-404,-360,-278,-169,-42,100,233,348,431,477,471,425,337,204,51,-122,-277,-417,-516,-557,-548,-485,-361,-195,-12,188,366,509,604,630,586,480,324,133,-76,-280,-450,-581,-648,-648,-575,-440,-258,-51,164,366,517,619,648,609,507,352,165,-38,-234,-396,-514,-576,-580,-527,-418,-276,-103,70,228,361,452,497,502,459,371,260,123,-23,-156,-278,-372,-447,-479,-471,-417,-331,-217,-68,86,241,376,484,558,570,529,425,185,245
39272,mtk,MTK 7916,2425320058,rx1-tx0,512,0,-591,-245,-180,61,309,532,693,787,796,717,568,333,63,-220,-479,-706,-851,-896,-843,-712,-490,-199,123,431,694,880,977,956,830,620,327,-3,-335,-645,-863,-999,-1030,-937,-741,-454,-118,215,537,808,990,1060,1011,843,585,270,-88,-428,-713,-919,-1029,-1029,-928,-702,-410,-74,263,579,826,972,1024,961,792,534,223,-116,-433,-695,-883,-977,-968,-842,-619,-346,-34,276,553,763,885,911,835,681,465,182,-103,-368,-590,-754,-830,-815,-716,-551,-332,-79,187,420,610,719,763,736,619,433,223,-13,-253,-463,-614,-705,-725,-667,-540,-349,-117,109,325,515,639,702,686,580,420,221,-9,216,-433,-573,-651,-670,-608,-471,-299,-80,138,328,488,580,620,591,495,347,165,-40,-227,-384,-499,-566,-554,-496,-375,-219,-61,117,278,402,493,517,496,419,292,138,-35,-177,-312,-421,-457,-457,-397,-301,-195,-63,77,199,296,368,390,388,340,258,150,39,-78,-180,-280,-336,-376,-377,-332,-258,-161,-39,98,216,326,397,416,388,317,223,89,-65,-207,-326,-404,-431,-404,-331,-223,-88,64,197,293,359,399,378,314,212,85,-54,-175,-266,-341,-357,-335,-267,-164,-53,49,162,248,299,313,272,206,114,10,-98,-199,-253,-271,-249,-186,-98,9,104,172,204,196,145,63,-302,-619,0,326,272,29,-67,-161,-228,-255,-222,-146,-40,82,189,270,317,305,238,144,23,-102,-204,-281,-329,-329,-275,-182,-83,36,154,242,301,319,294,243,159,53,-60,-169,-258,-297,-319,-294,-236,-152,-59,41,135,210,267,300,311,270,193,109,6,-96,-192,-250,-298,-308,-271,-209,-134,-43,56,139,222,285,303,282,243,179,86,-3,-102,-184,-248,-286,-289,-258,-193,-121,-39,49,134,199,247,272,262,216,161,88,-1,-77,-150,-200,-240,-259,-225,-184,-124,-46,23,104,163,196,226,224,196,151,86,12,-61,-121,-169,-194,-196,-185,-146,-103,-58,4,58,99,138,153,158,152,-584,86,55,8,-37,-65,-91,-117,-132,-130,-129,-105,-72,-40,4,49,75,112,144,150,141,130,109,63,22,-22,-68,-112,-134,-152,-166,-154,-133,-112,-75,-26,32,92,141,178,208,228,211,178,138,73,-13,-101,-189,-270,-317,-330,-321,-272,-193,-80,52,187,305,400,460,462,410,312,161,-7,-196,-359,-486,-564,-588,-526,-403,-236,-44,150,352,510,596,634,592,478,312,117,-84,-289,-465,-589,-637,-626,-541,-395,-208,0,207,383,537,627,645,593,474,301,113,-84,-287,-451,-567,-628,-621,-551,-427,-254,-55,141,330,487,603,658,623,536,406,223,14,-208,-412,-573,-76,116,0,-436,-699,739,761,719,582,378,135,-139,-394,-618,-779,-845,-826,-722,-534,-273,26,313,573,789,911,932,849,667,408,100,-232,-533,-780,-949,-1010,-959,-792,-533,-227,110,441,729,936,1027,1012,892,673,373,23,-326,-642,-880,-1021,-1052,-956,-766,-496,-166,168,507,782,960,1040,1003,864,622,321,-13,-350,-645,-861,-987,-1006,-909,-719,-447,-135,195,498,740,896,963,916,769,547,260,-40,-337,-576,-768,-872,-872,-780,-621,-391,-120,153,406,607,744,807,770,663,488,265,41,-212,-437,-598,-700,-734,-695,-579,-394,-171,65,293,490,639,711,701,630,490,291,71,-170,-383,-543,-652,-692,757,-531,-352,-146,82,297,466,591,648,626,547,399,228,30,-178,-361,-501,-583,-597,-548,-447,-298,-108,87,255,404,491,533,529,451,337,184,16,-141,-295,-411,-483,-492,-444,-375,-242,-86,63,210,313,391,434,427,369,287,169,41,-84,-200,-292,-351,-378,-371,-336,-259,-161,-53,82,193,294,362,404,395,341,256,121,-20,-158,-270,-362,-431,-436,-378,-283,-151,-4,137,260,355,411,416,354,264,156,18,-124,-236,-322,-364,-367,-316,-240,-130,-2,115,226,300,325,324,283,197,97,-24,-133,-216,-276,-294,-282,-215,-115,-11,100,185,237,247,209,143,54,-41,-121,-154,654,379,0,-11,165,-196,-208,-166,-85,29,148,236,288,283,227,138,19,-109,-211,-280,-313,-304,-248,-163,-53,72,190,267,313,326,286,214,118,-8,-115,-211,-286,-317,-316,-274,-195,-100,-3,109,195,257,299,308,276,214,128,42,-61,-174,-242,-291,-300,-287,-230,-161,-82,27,125,207,266,307,301,260,207,113,8,-87,-158,-244,-283,-294,-271,-214,-152,-63,27,119,188,243,270,273,238,176,104,17,-73,-139,-197,-245,-262,-240,-197,-138,-67,26,102,156,207,232,239,218,153,94,24,-49,-108,-161,-200,-220,-209,-176,-123,-59,-1,61,115,150,176,182,160,133,91,40,-4,-48,-674,-118,-137,-149,-133,-114,-94,-66,-26,16,60,101,121,129,137,127,109,95,55,2,-36,-68,-104,-130,-146,-157,-148,-120,-80,-44,8,63,99,133,160,178,187,168,138,100,54,-16,-93,-153,-205,-251,-277,-278,-248,-177,-75,22,132,233,320,380,409,379,313,202,56,-106,-252,-391,-481,-522,-509,-426,-293,-127,66,268,427,545,596,597,523,367,182,-25,-238,-427,-558,-619,-625,-570,-447,-265,-55,153,352,513,615,650,600,506,350,150,-56,-256,-434,-557,-618,-626,-569,-440,-272,-76,127,319,474,584,629,613,537,406,236,25,-179,-363,-521,-633,-681,-657,-559,-390,-316,-301
39273,mtk,MTK 7916,2425320058,rx1-tx1,512,0,0,0,-775,-681,-455,-138,210,524,737,800,702,465,140,-212,-517,-720,-785,-688,-456,-140,197,495,684,726,616,394,102,-223,-493,-644,-657,-542,-308,-12,287,527,648,625,469,218,-82,-364,-574,-659,-607,-421,-145,176,459,642,700,615,397,93,-226,-507,-688,-733,-627,-385,-62,267,542,723,761,636,375,40,-285,-556,-722,-743,-623,-380,-60,269,533,692,717,594,355,44,-260,-510,-650,-655,-541,-318,-30,254,476,601,603,486,278,18,-232,-425,-537,-539,-430,-238,2,230,400,484,469,361,183,-19,-212,-356,-420,-392,-288,-130,42,205,324,372,333,231,84,-73,-213,-297,-316,0,-166,-29,106,210,266,256,196,96,-27,-151,-238,-265,-234,-149,-34,93,195,258,266,219,124,-8,-142,-244,-299,-293,-227,-108,41,182,296,353,332,244,108,-58,-214,-334,-389,-372,-286,-146,29,206,351,430,432,361,223,29,-166,-327,-428,-454,-406,-285,-114,76,248,379,445,431,344,195,20,-152,-294,-381,-408,-370,-272,-131,20,162,279,356,360,306,206,90,-38,-163,-249,-291,-293,-254,-182,-85,21,116,189,235,250,231,182,111,24,-59,-135,-188,-222,-232,-205,-144,-75,-1,77,146,191,218,223,199,150,76,0,-72,-135,-182,-203,-200,-187,-157,-113,-65,-19,0,0,0,0,0,41,29,10,-14,-42,-63,-77,-77,-67,-43,-4,41,77,98,101,92,65,17,-34,-77,-116,-136,-125,-88,-40,21,85,140,165,157,118,55,-17,-89,-146,-174,-167,-133,-67,19,94,152,176,173,133,60,-33,-113,-167,-188,-167,-103,-11,80,159,208,204,154,76,-31,-146,-234,-273,-254,-187,-76,62,205,316,367,339,241,87,-96,-261,-387,-454,-428,-304,-119,89,291,452,528,506,385,180,-63,-293,-474,-579,-576,-456,-250,-1,261,479,599,605,501,303,44,-218,-438,-575,-599,-507,-316,-64,202,423,552,570,483,297,46,-203,-407,-529,-540,-433,-245,-1,250,448,0,522,395,182,-80,-324,-499,-580,-534,-374,-131,151,409,583,645,575,382,102,-205,-471,-654,-705,-614,-388,-83,251,532,703,743,640,398,64,-290,-592,-776,-800,-656,-377,-21,340,641,822,842,686,382,-4,-389,-700,-872,-873,-700,-383,17,411,729,902,882,689,359,-44,-444,-748,-919,-897,-694,-344,59,452,757,913,873,656,321,-73,-464,-764,-893,-840,-625,-283,113,482,737,840,778,565,232,-144,-485,-716,-796,-709,-478,-153,202,508,708,762,649,404,82,-265,-552,-719,-736,-595,-334,-8,321,585,720,708,547,273,-52,-371,-621,-739,-698,-514,-218,119,426,650,740,670,0,0,0,0,0,-34,-371,-627,-769,-767,-595,-316,30,377,649,784,773,601,312,-30,-366,-619,-753,-733,-567,-285,41,354,591,699,661,487,206,-112,-395,-588,-665,-592,-394,-116,183,439,611,656,552,332,30,-285,-532,-664,-663,-526,-275,44,358,590,700,677,512,233,-94,-405,-640,-738,-699,-526,-236,109,426,653,750,708,516,220,-112,-426,-650,-738,-684,-500,-211,109,409,611,695,645,467,188,-114,-387,-582,-649,-584,-416,-164,113,357,524,574,521,366,137,-109,-330,-475,-516,-458,-312,-105,110,296,419,445,380,241,58,-130,-286,-372,-386,-320,-194,-20,145,269,332,329,254,126,-13,0,-258,-303,-275,-179,-55,67,176,254,273,226,125,1,-121,-215,-264,-251,-185,-80,48,168,254,287,257,166,39,-101,-223,-304,-322,-278,-171,-31,125,263,353,369,309,194,44,-138,-297,-388,-416,-376,-262,-89,99,268,384,450,432,323,159,-30,-217,-362,-437,-439,-371,-243,-71,119,280,389,425,395,306,159,-13,-173,-289,-363,-376,-335,-241,-110,43,168,260,316,320,270,190,81,-38,-147,-221,-264,-272,-243,-182,-94,0,96,170,221,237,223,177,117,42,-33,-110,-179,-218,-222,-206,-171,-113,-33,51,125,176,208,226,216,181,124,62,-2,-60,-105,-133,-146,-149,0,0,0,0,0,36,54,62,62,61,48,17,-22,-52,-75,-91,-92,-70,-32,14,62,103,123,116,94,54,-1,-60,-106,-138,-154,-137,-80,-9,59,120,161,166,144,97,27,-54,-122,-168,-182,-155,-96,-20,58,123,171,179,147,77,-9,-97,-161,-184,-182,-137,-42,65,149,207,228,201,133,15,-122,-236,-302,-313,-260,-147,8,174,307,384,399,340,197,13,-184,-365,-482,-495,-418,-257,-46,181,381,517,565,497,331,99,-154,-388,-553,-610,-541,-377,-151,113,361,536,613,576,423,186,-82,-325,-507,-596,-559,-411,-191,67,316,493,564,520,372,151,-105,-333,-490,-545,-485,-315,0,164,381,524,552,459,267,13,-253,-474,-600,-595,-472,-253,36,323,543,665,661,509,248,-68,-373,-610,-732,-698,-529,-245,97,427,669,786,729,526,221,-134,-477,-730,-832,-761,-538,-211,174,532,783,878,789,543,186,-214,-572,-818,-911,-818,-555,-178,239,610,860,939,820,536,143,-267,-629,-860,-930,-814,-526,-136,274,628,855,907,780,488,104,-293,-627,-826,-851,-715,-443,-77,309,625,798,797,642,362,6,-347,-619,-758,-746,-578,-288,64,395,640,749,697,502,205,-134,-452,-667,-746,-669,-448,-139,199,498,688,725,633,412,90,-250,-528,-706,-730,-602,-360,-35,303,0,0
39274,mtk,MTK 7916,2425320058,rx2-tx0,512,0,0,0,259,675,953,1037,907,589,149,-331,-742,-995,-1035,-861,-504,-43,416,788,998,1006,793,411,-55,-506,-847,-1002,-951,-697,-288,182,614,910,1010,893,585,154,-315,-718,-969,-1006,-831,-478,-15,457,829,1029,1011,772,363,-121,-580,-919,-1063,-988,-699,-255,236,680,981,1068,919,582,119,-371,-786,-1026,-1047,-839,-451,38,520,892,1072,1023,747,305,-203,-671,-1007,-1135,-1012,-672,-186,345,810,1117,1186,997,604,85,-459,-913,-1182,-1211,-987,-560,-16,534,972,1208,1198,948,503,-39,-571,-988,-1201,-1163,-887,-429,106,611,983,1154,1088,791,334,-177,-648,-983,-1105,-992,-675,-220,272,703,978,0,900,555,99,-373,-768,-998,-1016,-815,-443,22,479,839,1023,992,746,337,-146,-601,-926,-1064,-976,-676,-224,274,718,1020,1116,978,637,152,-373,-829,-1124,-1192,-1013,-619,-97,460,930,1213,1260,1051,627,75,-495,-971,-1258,-1296,-1077,-640,-72,514,997,1285,1317,1084,635,62,-525,-1010,-1292,-1323,-1092,-650,-80,515,1006,1301,1338,1112,677,120,-462,-958,-1263,-1327,-1135,-734,-208,357,851,1168,1271,1136,795,316,-203,-666,-992,-1130,-1052,-787,-389,61,486,803,961,935,743,426,49,-321,-614,-779,-801,-680,-445,-145,166,436,616,686,639,480,261,20,-214,-399,-508,-539,-494,-391,-252,-107,22,0,0,0,0,0,-215,-309,-374,-397,-372,-292,-162,8,191,360,486,544,519,412,232,8,-225,-430,-558,-595,-531,-370,-135,128,374,560,643,607,461,226,-60,-341,-557,-678,-669,-525,-278,23,323,562,700,703,562,307,-7,-324,-580,-718,-707,-557,-295,35,364,618,753,739,570,279,-69,-413,-680,-812,-775,-581,-274,96,464,741,866,810,597,268,-124,-500,-777,-895,-834,-597,-242,158,526,798,906,829,584,220,-192,-566,-820,-906,-819,-563,-191,223,594,845,921,810,531,148,-268,-636,-870,-921,-789,-496,-101,310,657,870,906,758,456,58,-349,-679,-871,-882,-719,-400,-4,388,695,857,839,0,321,-76,-452,-726,-852,-795,-567,-224,164,523,770,851,746,481,112,-286,-626,-837,-866,-709,-400,-3,404,731,905,885,682,326,-104,-518,-830,-968,-893,-636,-247,200,615,908,1014,896,595,172,-291,-696,-957,-1016,-863,-529,-83,390,769,987,995,791,417,-49,-505,-857,-1019,-969,-709,-299,178,615,927,1040,931,619,178,-313,-739,-1004,-1059,-895,-537,-63,426,829,1062,1071,851,459,-30,-518,-898,-1085,-1039,-784,-368,127,599,945,1094,1013,720,278,-220,-669,-975,-1076,-956,-634,-177,311,734,999,1054,892,536,67,-406,-794,-1015,-1017,-812,-436,32,493,853,1027,982,740,343,-132,-576,0,0,0,0,0,-1020,-805,-419,56,519,865,1032,988,735,325,-146,-588,-907,-1033,-942,-658,-237,237,659,939,1019,884,562,123,-345,-739,-972,-993,-800,-439,13,463,821,999,962,721,317,-159,-604,-913,-1029,-932,-630,-188,293,718,996,1057,884,528,64,-417,-815,-1041,-1043,-825,-430,54,528,889,1061,1000,723,283,-213,-660,-965,-1068,-941,-607,-140,362,791,1047,1081,882,491,-14,-524,-929,-1139,-1121,-858,-398,143,655,1033,1199,1116,804,322,-230,-734,-1101,-1242,-1119,-763,-262,293,786,1124,1223,1077,713,209,-341,-814,-1116,-1182,-1005,-626,-123,399,831,1087,1112,910,521,30,-460,-846,-1058,-1041,-806,-408,0,540,886,1037,968,696,275,-201,-635,-934,-1029,-904,-595,-154,323,729,987,1044,875,516,47,-441,-835,-1054,-1062,-841,-437,62,561,952,1147,1111,832,379,-154,-660,-1051,-1234,-1159,-844,-364,195,729,1125,1295,1205,866,360,-218,-764,-1164,-1330,-1228,-882,-356,239,790,1181,1340,1233,887,359,-240,-792,-1188,-1356,-1257,-906,-374,210,761,1170,1351,1267,941,444,-136,-687,-1103,-1303,-1256,-979,-530,12,539,947,1171,1182,974,587,107,-368,-755,-993,-1046,-908,-609,-215,200,563,806,891,811,583,268,-76,-392,-624,-734,-715,-570,-335,-54,218,437,580,624,567,431,247,41,-144,-286,-374,-403,-379,0,0,0,0,0,223,155,56,-74,-219,-352,-452,-496,-470,-376,-222,-18,199,387,522,578,536,405,197,-49,-293,-494,-604,-608,-509,-315,-48,230,466,623,668,582,378,105,-190,-454,-639,-700,-629,-430,-151,168,461,653,722,648,439,140,-182,-472,-677,-745,-663,-439,-120,226,526,728,785,679,431,91,-274,-590,-793,-828,-703,-434,-78,309,638,832,863,728,437,54,-340,-668,-864,-884,-732,-435,-40,367,696,884,893,719,397,-6,-401,-717,-897,-890,-697,-363,47,441,749,909,879,662,319,-86,-478,-778,-922,-871,-640,-279,133,519,797,907,837,596,237,-173,-547,-802,-889,-793,-537,-168,235,0,810,863,734,453,77,-312,-636,-826,-834,-667,-362,27,411,705,848,811,594,251,-151,-525,-795,-889,-797,-540,-160,268,644,885,941,800,490,69,-371,-740,-952,-969,-785,-428,23,465,815,1003,979,748,356,-109,-547,-876,-1022,-951,-677,-261,209,638,929,1019,894,579,133,-343,-740,-984,-1015,-829,-461,0,466,842,1038,1009,769,362,-123,-586,-930,-1076,-992,-703,-264,235,693,1004,1097,961,631,168,-331,-768,-1043,-1095,-917,-554,-69,424,823,1055,1072,859,464,-21,-496,-869,-1062,-1026,-776,-372,108,566,904,1047,968,685,258,-218,-651,-948,-1041,-908,-591,-147,326,726,976,1023,857,0,0
39275,mtk,MTK 7916,2425320058,rx2-tx1,512,0,0,0,-64,-337,-543,-639,-603,-453,-221,55,319,508,589,553,408,185,-57,-284,-455,-530,-501,-374,-172,61,264,403,465,433,315,134,-64,-235,-345,-380,-341,-242,-99,58,191,278,302,260,170,42,-78,-156,-195,-191,-141,-64,11,67,108,115,76,24,-30,-82,-107,-83,-32,31,101,148,151,116,48,-51,-150,-228,-262,-236,-170,-46,105,244,338,363,319,217,48,-145,-320,-433,-464,-411,-262,-43,179,375,507,534,452,288,66,-183,-410,-550,-570,-482,-307,-73,187,414,561,594,501,307,52,-230,-466,-588,-599,-503,-298,-23,260,490,619,625,503,269,-18,-307,-531,-644,-627,0,-241,48,335,550,649,620,466,212,-74,-359,-577,-673,-630,-463,-189,131,421,618,690,627,434,141,-189,-468,-658,-719,-627,-405,-97,248,542,738,789,674,413,65,-300,-618,-814,-827,-691,-428,-64,339,678,881,904,755,454,56,-362,-721,-942,-978,-829,-516,-96,352,730,974,1031,889,564,132,-328,-726,-1004,-1087,-945,-628,-214,245,676,982,1108,1021,740,327,-134,-572,-904,-1064,-1032,-826,-473,-38,392,743,946,969,826,541,172,-214,-548,-776,-865,-795,-582,-285,46,363,609,727,718,596,375,96,-181,-417,-569,-627,-582,-450,-265,-56,153,319,419,457,435,362,251,131,33,0,0,0,0,0,151,194,223,231,211,160,85,2,-94,-196,-271,-302,-294,-243,-156,-51,65,176,255,300,303,252,156,37,-84,-200,-282,-311,-294,-229,-126,1,123,222,284,290,251,173,74,-38,-156,-232,-256,-233,-188,-108,-21,60,139,193,206,185,137,68,-8,-75,-110,-125,-127,-118,-91,-66,-28,8,33,56,79,93,101,106,94,70,36,-10,-60,-102,-154,-190,-188,-146,-95,-27,56,149,226,263,255,205,110,-3,-122,-228,-300,-323,-288,-200,-78,59,194,295,341,325,250,131,-14,-161,-282,-341,-338,-276,-147,7,148,255,311,312,249,131,-8,-145,-249,-304,-299,-224,-93,0,189,278,321,297,194,47,-104,-238,-331,-354,-306,-192,-39,133,279,369,383,322,190,5,-184,-332,-412,-420,-340,-179,20,210,370,458,452,350,177,-40,-253,-415,-500,-491,-369,-171,58,271,440,519,490,356,147,-85,-302,-455,-512,-466,-310,-95,127,333,479,515,430,249,16,-222,-422,-531,-525,-408,-199,61,318,519,612,574,422,180,-110,-389,-602,-687,-625,-439,-168,150,447,657,742,686,472,158,-180,-486,-714,-803,-723,-503,-185,178,514,746,827,755,541,219,-154,-493,-738,-838,-780,-573,-266,101,443,693,810,773,588,285,-67,-392,-637,-756,-724,-553,-286,32,337,0,0,0,0,0,665,568,358,81,-206,-443,-588,-617,-520,-317,-67,188,396,526,554,473,298,60,-179,-368,-476,-491,-408,-251,-49,152,319,413,423,346,202,24,-137,-264,-335,-333,-260,-139,-4,119,201,233,227,169,69,-37,-121,-154,-143,-100,-35,27,76,102,93,50,-2,-63,-125,-132,-98,-35,44,135,191,207,174,100,-4,-121,-234,-312,-321,-256,-125,40,218,356,424,411,311,144,-55,-252,-418,-502,-479,-367,-175,65,293,463,552,533,404,184,-80,-321,-497,-581,-550,-400,-174,89,334,524,608,568,405,163,-116,-371,-551,-616,-566,-396,-135,153,411,585,642,565,380,123,-162,0,-602,-655,-572,-368,-87,208,463,631,666,565,346,56,-238,-489,-658,-674,-541,-305,-3,302,543,677,685,546,277,-54,-369,-614,-731,-710,-535,-240,108,442,698,817,780,566,236,-142,-502,-769,-885,-822,-597,-249,169,566,840,953,883,646,292,-135,-548,-867,-1007,-960,-728,-345,114,555,884,1044,1005,776,391,-80,-525,-878,-1072,-1061,-858,-498,-37,432,815,1040,1075,927,600,166,-272,-664,-935,-1034,-942,-684,-315,98,490,776,921,896,720,421,53,-307,-595,-772,-805,-687,-463,-182,129,402,593,688,654,513,302,48,-190,-383,-512,-557,-519,-412,-257,-83,78,208,289,316,303,0,0,0,0,0,-107,-70,-12,64,144,214,262,280,266,221,143,31,-85,-186,-260,-308,-306,-258,-169,-52,79,194,272,316,302,236,137,18,-109,-218,-284,-306,-277,-204,-99,17,126,218,268,271,237,153,42,-64,-145,-211,-238,-213,-153,-86,0,71,130,168,172,144,101,50,11,-21,-64,-98,-104,-101,-97,-75,-56,-32,4,37,63,102,133,141,144,124,78,14,-63,-130,-182,-218,-222,-183,-109,-11,100,188,259,294,277,209,96,-32,-162,-270,-335,-338,-279,-171,-21,122,241,320,350,306,201,64,-83,-212,-297,-327,-291,-197,-63,84,208,294,323,279,174,38,-105,-230,-306,0,-270,-154,0,143,264,334,326,253,122,-37,-193,-317,-375,-350,-262,-114,73,240,364,407,369,261,99,-102,-287,-407,-442,-388,-258,-65,139,316,440,483,424,276,71,-159,-368,-494,-513,-432,-268,-48,191,384,496,513,432,259,28,-208,-393,-493,-486,-368,-174,55,285,451,524,482,333,103,-145,-377,-528,-572,-489,-293,-37,230,460,603,634,525,298,0,-302,-555,-695,-703,-576,-331,-2,335,595,744,757,615,342,-1,-351,-638,-801,-808,-655,-377,-16,349,639,815,837,692,415,64,-296,-602,-791,-823,-698,-446,-104,252,553,751,802,680,433,116,-210,-493,-676,-717,-617,0,0
39276,mtk,MTK 7916,2425352962,rx0-tx0,512,-349,-66,-7,-307,-407,-479,-498,-471,-401,-283,-134,19,188,337,453,525,544,514,427,288,128,-45,-223,-378,-489,-554,-559,-507,-411,-265,-97,71,233,376,470,511,515,453,360,227,76,-72,-213,-327,-405,-446,-440,-403,-326,-221,-103,17,130,226,301,345,362,354,308,248,170,86,-15,-101,-187,-258,-309,-343,-344,-328,-280,-199,-108,-3,114,224,313,391,425,424,380,291,182,49,-97,-241,-360,-447,-490,-476,-417,-325,-191,-30,125,269,394,467,494,471,402,292,146,-9,-155,-276,-371,-432,-443,-410,-337,-229,-104,20,144,244,316,356,356,323,271,182,86,-8,-95,-173,-230,-256,-511,-256,-224,-170,-108,-41,20,82,134,166,190,209,201,185,156,111,64,13,-43,-94,-141,-177,-206,-213,-210,-195,-158,-104,-36,38,116,189,236,273,290,269,221,154,70,-30,-128,-220,-287,-323,-336,-312,-255,-175,-77,32,144,244,319,356,356,330,271,185,81,-36,-146,-237,-319,-359,-359,-331,-278,-184,-80,32,150,241,312,351,351,317,253,175,70,-39,-138,-232,-289,-335,-342,-304,-246,-164,-65,40,142,225,290,314,313,284,218,134,33,-70,-163,-240,-286,-314,-293,-240,-161,-62,36,131,208,262,279,268,220,136,41,-59,-151,-216,-243,-231,-178,-97,-9,64,-209,-167,1179,-838,-1044,-147,-199,-209,-176,-109,-11,91,187,263,295,277,226,136,21,-93,-201,-282,-333,-335,-300,-226,-118,-3,120,229,320,372,379,345,266,157,27,-114,-237,-336,-397,-413,-378,-305,-202,-67,66,196,308,371,408,401,343,251,143,12,-120,-238,-328,-384,-396,-370,-310,-222,-106,16,135,243,314,356,366,331,267,188,96,-14,-121,-220,-290,-329,-339,-317,-263,-189,-102,-8,94,183,258,301,318,318,274,213,135,34,-76,-159,-236,-285,-318,-323,-290,-238,-158,-60,44,137,227,292,331,334,305,255,176,79,-17,-123,-218,-282,-328,-343,-318,-264,-194,-99,10,111,206,287,-330,354,340,284,216,125,22,-87,-188,-277,-332,-360,-359,-320,-249,-163,-54,62,166,268,334,368,370,343,290,206,100,-15,-126,-242,-327,-380,-409,-404,-353,-271,-162,-37,111,249,349,428,470,466,425,334,209,58,-102,-264,-391,-478,-534,-529,-478,-379,-240,-73,100,271,413,512,573,562,506,399,248,69,-116,-296,-443,-547,-596,-587,-518,-391,-242,-57,135,313,452,551,586,564,490,361,204,34,-146,-303,-430,-513,-537,-509,-435,-317,-184,-40,109,246,351,418,459,454,401,319,203,77,-46,-169,-277,-349,-404,-427,-403,-348,-266,-166,-47,85,210,313,386,428,438,399,-30,-307,-729,247,239,-371,-265,-129,27,182,322,437,503,528,504,415,292,132,-30,-198,-357,-476,-539,-556,-517,-419,-283,-115,66,228,375,484,536,540,489,389,242,90,-77,-232,-357,-453,-493,-485,-432,-337,-219,-90,48,171,284,363,400,403,370,308,228,127,28,-76,-169,-241,-295,-331,-338,-317,-282,-221,-144,-54,42,135,226,301,353,386,381,335,261,156,27,-102,-235,-340,-418,-460,-454,-407,-313,-193,-38,120,253,372,460,496,478,422,320,174,20,-134,-276,-392,-461,-474,-439,-366,-261,-125,18,153,268,357,395,401,366,293,201,89,-19,-118,-207,-279,-307,-308,-284,-240,-170,-96,1105,53,124,178,214,233,232,213,173,124,80,21,-35,-79,-126,-161,-184,-196,-193,-177,-145,-102,-48,8,56,116,174,221,248,248,235,192,127,56,-36,-128,-203,-265,-305,-318,-302,-250,-172,-74,35,139,229,298,339,352,326,268,181,75,-37,-148,-238,-307,-347,-358,-331,-277,-192,-85,27,133,238,321,355,366,331,267,179,70,-41,-146,-230,-294,-336,-336,-312,-252,-165,-78,39,142,226,292,328,331,296,235,150,53,-44,-145,-231,-288,-317,-303,-264,-193,-108,-10,97,187,255,289,292,261,199,114,15,-80,-173,-237,-267,-260,-214,-138,-42,54,135,184,192,165,171,207,1145,-1096,-900,-101,-39,54,142,216,253,247,198,112,-2,-112,-207,-286,-315,-305,-253,-171,-64,57,169,271,333,359,346,290,197,78,-49,-177,-285,-358,-398,-379,-326,-235,-112,24,158,272,366,413,413,372,282,165,39,-104,-230,-321,-384,-412,-392,-330,-235,-118,11,137,243,328,377,385,361,290,198,92,-24,-142,-235,-297,-339,-347,-324,-270,-189,-95,6,103,192,257,303,326,314,273,205,112,28,-78,-174,-247,-299,-331,-324,-289,-232,-144,-54,52,141,222,290,328,323,298,247,168,73,-36,-134,-221,-291,-321,-332,-316,-264,-187,-94,13,119,212,283,338,345,320,277,207,826,12,-108,-205,-279,-332,-359,-350,-306,-236,-135,-35,76,188,272,330,368,358,330,267,173,64,-47,-151,-247,-324,-375,-384,-370,-314,-224,-119,-7,119,235,330,397,439,445,390,303,189,48,-100,-241,-366,-455,-503,-504,-455,-358,-228,-69,105,261,400,494,546,548,498,392,250,73,-111,-285,-431,-540,-589,-581,-522,-403,-252,-68,121,305,447,551,606,591,512,386,220,36,-145,-316,-445,-528,-561,-541,-464,-343,-193,-19,141,288,399,468,497,484,415,311,189,60,-80,-206,-311,-386,-423,-426,-398,-323,-228,-121,5,127,238,327,392,428,425,381,300,194,73,-62,-198,-1353,-1332
39277,mtk,MTK 7916,2425352962,rx0-tx1,512,87,-214,-214,-308,-484,-620,-702,-727,-687,-573,-403,-198,45,284,500,672,788,838,798,687,517,287,28,-234,-482,-683,-834,-904,-893,-805,-633,-404,-133,155,435,673,860,964,977,912,754,522,242,-68,-365,-639,-852,-986,-1036,-993,-854,-642,-374,-66,243,536,779,961,1052,1057,975,790,537,236,-88,-407,-692,-929,-1084,-1139,-1091,-940,-710,-402,-58,291,625,905,1097,1190,1178,1046,816,516,170,-200,-551,-856,-1080,-1194,-1198,-1093,-885,-600,-260,105,463,767,996,1133,1175,1101,930,675,352,1,-336,-652,-906,-1068,-1132,-1096,-952,-725,-434,-108,225,529,788,974,1066,1062,954,767,514,216,-95,-403,-689,-852,-973,-1010,-959,-820,-608,-344,-61,233,506,740,905,990,998,916,749,513,230,-79,-388,-674,-894,-1039,-1092,-1044,-894,-663,-364,-22,328,656,927,1115,1194,1156,1011,755,429,57,-331,-689,-980,-1173,-1261,-1219,-1048,-776,-427,-40,357,719,1002,1190,1258,1196,1023,739,389,4,-385,-729,-994,-1162,-1212,-1136,-954,-670,-322,55,414,724,951,1082,1104,1015,814,541,220,-118,-427,-682,-851,-948,-940,-828,-639,-401,-134,142,389,591,731,784,760,663,507,300,73,-159,-369,-528,-629,-667,-629,-522,-362,-171,36,237,401,516,566,545,456,317,134,-62,-242,-373,-439,-433,-349,-218,-67,69,-144,-179,0,-267,-289,73,137,187,204,182,126,48,-47,-135,-201,-243,-255,-231,-176,-100,-15,74,153,214,260,278,264,222,158,74,-21,-100,-187,-258,-307,-323,-310,-271,-198,-100,17,132,245,341,403,424,409,345,236,98,-53,-205,-344,-446,-503,-515,-469,-360,-217,-51,129,295,429,518,553,534,462,329,171,1,-173,-328,-450,-529,-549,-516,-429,-304,-153,18,181,322,432,500,518,492,410,294,159,2,-147,-277,-382,-449,-476,-451,-388,-302,-184,-45,92,218,322,389,429,426,386,308,207,93,-28,-153,-254,-331,-383,-397,-380,-328,-248,-151,-38,75,182,276,343,378,380,355,294,207,-130,4,-106,-212,-294,-353,-382,-378,-341,-279,-184,-80,28,141,240,318,366,383,371,328,248,158,62,-54,-161,-249,-320,-367,-388,-376,-336,-269,-176,-70,44,158,262,352,420,442,437,390,310,202,62,-80,-219,-352,-460,-523,-540,-519,-444,-328,-174,2,180,348,487,585,632,615,536,410,249,54,-143,-336,-499,-613,-665,-659,-590,-467,-298,-101,99,297,466,585,651,659,598,488,339,152,-42,-223,-380,-498,-575,-594,-563,-482,-360,-214,-48,107,249,374,457,501,513,471,400,305,187,52,-85,-208,-319,-408,-468,-492,-484,-442,-357,-248,-107,41,192,340,468,556,596,586,108,-37,504,-6,49,-622,-502,-340,-143,75,296,500,651,756,793,745,631,454,236,-12,-265,-489,-683,-818,-874,-854,-749,-575,-346,-77,197,457,684,845,935,941,855,692,466,183,-109,-398,-661,-861,-985,-1014,-957,-809,-579,-299,13,318,594,817,971,1043,1019,905,712,453,148,-163,-474,-742,-944,-1067,-1098,-1031,-870,-634,-329,10,348,659,916,1094,1166,1135,1000,766,461,113,-251,-600,-885,-1088,-1200,-1198,-1078,-859,-557,-208,158,509,814,1038,1167,1190,1102,906,633,309,-49,-398,-706,-956,-1116,-1160,-1102,-947,-697,-391,-54,289,603,851,1023,1095,1066,949,748,477,167,-161,-470,-724,-915,-1021,-1035,-957,261,-560,-282,16,315,583,797,937,995,970,861,676,427,149,-150,-442,-694,-890,-1007,-1037,-982,-827,-598,-317,13,346,653,901,1072,1143,1104,961,720,408,48,-326,-674,-960,-1145,-1230,-1199,-1045,-782,-444,-57,350,713,1001,1186,1259,1213,1041,766,415,19,-374,-727,-1008,-1182,-1241,-1175,-991,-716,-370,18,395,728,983,1134,1165,1077,880,601,268,-83,-428,-717,-917,-1024,-1018,-911,-718,-468,-185,127,413,640,788,859,841,741,577,354,103,-146,-372,-553,-675,-720,-697,-595,-438,-246,-29,188,377,516,595,614,556,436,267,74,-126,-301,-433,-509,-508,-435,-298,-129,55,208,307,340,303,-142,-103,0,104,-58,147,118,53,-27,-113,-182,-228,-237,-205,-145,-63,28,115,190,235,257,251,216,159,85,-2,-90,-170,-237,-286,-293,-278,-244,-173,-87,14,115,210,296,352,371,358,309,223,105,-27,-158,-286,-387,-451,-470,-441,-358,-227,-79,87,252,395,491,542,535,462,345,191,16,-156,-322,-455,-530,-558,-529,-443,-320,-158,13,185,335,443,516,536,500,416,300,147,-11,-169,-312,-408,-472,-493,-465,-397,-292,-163,-17,125,246,348,422,454,439,392,301,193,69,-61,-183,-290,-362,-407,-417,-386,-315,-228,-119,-2,113,221,303,362,388,380,345,276,184,74,-35,-146,-243,-312,245,-382,-370,-322,-243,-147,-38,77,177,269,336,367,376,351,300,215,116,12,-97,-206,-290,-345,-380,-384,-349,-288,-209,-112,-4,106,207,295,363,401,409,385,328,248,138,14,-114,-244,-353,-442,-491,-493,-457,-386,-266,-120,38,201,353,474,561,593,569,491,369,212,30,-165,-345,-489,-600,-653,-645,-578,-448,-280,-82,121,318,484,605,663,663,606,483,317,127,-77,-269,-423,-548,-623,-634,-585,-485,-345,-181,-1,170,326,444,527,555,535,479,377,248,113,-31,-171,-289,-385,-457,-491,-482,-442,-371,-273,-150,-15,121,255,368,460,523,540,519,450,337,188,20,-158,242,262
39278,mtk,MTK 7916,2425352962,rx1-tx0,512,0,-548,-174,435,571,661,679,636,531,369,173,-40,-267,-475,-641,-732,-762,-729,-615,-434,-217,34,281,503,680,790,830,790,669,485,250,-16,-280,-522,-713,-837,-881,-839,-720,-528,-283,-11,270,524,722,855,902,864,747,549,301,24,-247,-493,-696,-840,-897,-863,-761,-585,-340,-67,193,438,656,801,872,867,768,599,383,121,-145,-398,-607,-747,-830,-839,-755,-606,-403,-156,95,334,541,688,771,780,715,584,403,196,-36,-264,-461,-610,-702,-722,-679,-575,-418,-228,-23,188,375,518,615,655,648,569,437,274,91,-108,-298,-452,-556,-620,-610,-548,-447,-304,-122,63,242,404,516,573,216,540,434,288,121,-49,-213,-363,-461,-531,-543,-493,-403,-283,-125,31,177,304,403,465,483,451,383,285,158,13,-125,-246,-359,-428,-443,-425,-365,-280,-167,-35,88,212,313,377,397,388,343,268,168,43,-74,-172,-253,-312,-343,-330,-295,-248,-166,-78,12,94,176,236,272,291,282,249,197,129,50,-40,-125,-197,-257,-292,-296,-274,-231,-156,-71,17,113,190,255,291,287,261,214,148,59,-37,-120,-195,-249,-273,-275,-249,-194,-115,-30,53,131,200,237,247,222,190,137,54,-18,-96,-158,-200,-215,-201,-170,-120,-47,27,100,144,171,176,152,102,34,-30,-79,-106,-466,-729,0,301,237,-64,-149,-214,-240,-222,-151,-54,50,155,241,293,300,256,184,86,-27,-130,-226,-282,-310,-303,-258,-187,-90,12,115,198,267,307,304,279,217,129,36,-62,-162,-236,-287,-311,-295,-251,-201,-120,-21,62,152,227,282,298,293,260,197,127,32,-73,-162,-232,-285,-309,-301,-265,-200,-128,-40,67,152,216,272,296,287,258,201,135,41,-52,-132,-207,-259,-287,-277,-260,-200,-132,-56,34,109,180,238,260,260,233,189,133,72,-8,-89,-149,-201,-230,-238,-227,-189,-138,-77,-3,63,125,175,207,222,213,184,144,92,24,-36,-85,-130,-157,-170,-171,-161,-134,-99,-63,-584,33,74,105,132,147,146,137,119,89,40,1,-33,-73,-104,-120,-135,-130,-116,-103,-90,-54,-10,23,49,80,108,117,114,115,113,98,74,48,32,-1,-38,-59,-92,-122,-141,-151,-164,-153,-127,-96,-62,5,73,137,202,254,286,282,254,212,127,23,-78,-187,-295,-376,-409,-413,-375,-292,-171,-38,113,258,380,473,510,497,438,336,177,9,-155,-312,-438,-522,-557,-526,-461,-343,-187,-12,158,314,442,529,574,555,484,362,215,51,-120,-278,-409,-508,-561,-561,-501,-392,-257,-97,61,229,374,477,539,559,525,454,337,186,13,-160,-318,-457,-544,-586,-587,-523,6,170,0,-543,-760,490,341,148,-59,-264,-455,-605,-696,-731,-696,-591,-413,-195,36,272,491,653,760,804,759,642,460,236,-16,-277,-516,-697,-820,-861,-819,-700,-504,-265,4,274,519,717,846,897,862,737,543,295,14,-260,-516,-721,-847,-897,-856,-746,-574,-335,-54,223,471,685,833,878,855,765,595,366,107,-161,-419,-626,-782,-866,-858,-770,-595,-380,-137,127,373,581,732,813,809,740,602,403,172,-77,-306,-503,-648,-731,-757,-696,-573,-410,-209,11,226,415,562,653,686,655,559,423,249,60,-143,-339,-487,-584,-635,-631,-565,-439,-281,-97,103,271,416,541,605,601,547,440,286,116,757,-233,-388,-493,-553,-551,-512,-417,-286,-141,33,199,324,435,498,503,473,393,280,145,-10,-156,-279,-384,-450,-471,-438,-381,-288,-156,-18,114,233,327,400,425,410,360,270,154,38,-75,-192,-284,-350,-380,-362,-317,-248,-161,-51,55,135,216,272,302,309,285,243,177,105,27,-63,-140,-200,-249,-283,-292,-264,-217,-148,-65,28,109,187,248,286,297,278,222,149,57,-31,-113,-182,-244,-277,-278,-252,-208,-133,-49,37,125,197,247,264,253,222,165,88,2,-80,-139,-202,-229,-231,-212,-167,-98,-21,51,114,167,196,198,168,114,51,-20,-85,-132,-151,-140,-106,-57,597,270,0,46,206,-180,-147,-75,20,125,216,264,278,247,170,67,-49,-156,-238,-293,-307,-282,-221,-130,-30,79,172,250,299,318,293,239,158,56,-47,-143,-229,-286,-307,-308,-269,-200,-120,-26,72,155,225,288,304,292,267,202,116,23,-69,-158,-222,-276,-307,-301,-262,-202,-126,-29,70,164,232,275,309,302,258,199,129,33,-54,-136,-207,-266,-302,-291,-258,-199,-123,-34,48,125,198,241,272,275,243,202,126,54,-23,-94,-160,-206,-242,-256,-234,-193,-144,-69,2,78,140,193,227,242,219,190,141,84,20,-47,-108,-151,-189,-205,-195,-172,-136,-88,-38,16,67,111,133,155,-674,156,130,101,69,24,-16,-53,-90,-119,-140,-142,-136,-129,-100,-70,-34,11,47,74,104,130,134,122,111,97,69,36,13,-14,-46,-75,-93,-102,-116,-135,-127,-115,-100,-70,-33,-3,42,91,129,164,198,228,221,202,162,97,9,-82,-163,-241,-317,-346,-348,-327,-265,-158,-34,95,232,344,424,466,464,410,319,182,23,-143,-292,-425,-513,-537,-525,-453,-335,-186,-10,161,311,448,534,569,542,467,348,204,33,-141,-308,-442,-526,-562,-548,-474,-368,-236,-77,93,261,392,486,538,553,514,420,289,139,-25,-188,-335,-455,-541,-572,-557,-490,-373,-221,-56,120,298,-320,-255
39279,mtk,MTK 7916,2425352962,rx1-tx1,512,0,0,0,-369,-542,-598,-518,-321,-50,229,456,588,597,473,246,-39,-307,-501,-589,-554,-388,-138,125,353,510,549,461,270,27,-219,-406,-497,-470,-339,-132,106,321,458,483,392,213,-19,-247,-418,-493,-456,-309,-85,153,358,489,507,402,206,-42,-284,-460,-539,-499,-344,-109,149,382,529,560,462,265,18,-231,-439,-551,-540,-417,-197,64,305,477,541,486,325,99,-148,-357,-486,-513,-424,-240,-15,200,376,470,452,333,152,-51,-244,-378,-425,-376,-253,-81,101,259,356,367,305,182,23,-141,-264,-318,-305,-223,-94,45,168,249,275,230,136,25,-90,-183,-225,-210,-151,-58,42,0,167,171,136,74,-3,-85,-142,-162,-134,-78,-1,75,130,154,142,94,16,-65,-129,-168,-170,-123,-47,41,127,179,188,163,97,-1,-99,-182,-231,-230,-175,-75,40,147,234,279,260,184,73,-59,-174,-260,-299,-279,-202,-81,53,175,271,316,294,212,92,-41,-168,-267,-315,-302,-228,-121,1,125,228,283,288,248,163,49,-70,-182,-249,-265,-239,-180,-87,22,123,189,224,230,199,130,41,-49,-128,-184,-209,-200,-159,-95,-15,65,133,182,197,181,138,80,8,-62,-124,-173,-194,-184,-147,-88,-20,48,116,164,183,180,156,116,65,8,-47,-91,-117,-121,-116,0,0,0,0,0,20,8,-6,-22,-42,-55,-58,-52,-34,-4,26,52,73,85,83,64,24,-25,-65,-98,-112,-97,-64,-20,33,84,121,134,117,80,22,-46,-101,-134,-143,-119,-62,-3,58,118,153,145,101,43,-32,-107,-156,-166,-142,-83,6,91,150,182,171,117,32,-72,-165,-225,-230,-186,-94,25,145,245,302,293,210,78,-79,-225,-331,-367,-336,-229,-62,132,299,414,442,374,235,33,-186,-366,-468,-477,-396,-231,-4,222,397,497,497,383,188,-35,-254,-424,-506,-484,-353,-147,87,298,447,491,431,282,70,-155,-347,-453,-463,-370,-191,30,231,386,453,410,268,73,-137,0,-439,-450,-359,-174,52,270,433,495,447,296,67,-185,-393,-519,-535,-428,-218,37,294,491,583,547,389,131,-162,-417,-584,-624,-526,-314,-21,282,527,659,649,489,222,-104,-414,-623,-696,-634,-423,-104,237,517,695,727,590,326,-19,-360,-619,-737,-697,-507,-203,151,474,692,756,655,403,66,-281,-570,-732,-731,-569,-281,62,377,617,723,665,464,162,-175,-466,-644,-678,-566,-331,-26,282,518,633,596,434,174,-123,-385,-551,-589,-488,-282,-14,257,470,574,541,383,143,-128,-372,-528,-564,-467,-262,0,257,460,558,526,371,129,-144,-381,-531,-565,-473,-277,-13,254,469,0,0,0,0,0,458,236,-36,-302,-509,-606,-566,-403,-150,136,390,558,604,517,317,57,-214,-434,-555,-550,-429,-211,46,290,469,541,477,310,81,-164,-366,-473,-473,-362,-167,67,288,440,487,416,253,30,-204,-388,-486,-473,-351,-147,96,321,477,526,457,274,29,-221,-424,-538,-534,-406,-187,69,306,486,561,509,344,103,-156,-383,-526,-555,-459,-267,-18,227,422,523,505,383,177,-63,-280,-430,-488,-444,-301,-97,125,310,422,445,374,224,29,-172,-324,-396,-385,-288,-135,44,202,302,342,306,199,54,-90,-212,-283,-286,-223,-119,5,122,207,240,216,146,48,-61,-151,-192,-182,0,-69,18,99,152,163,135,77,-2,-79,-125,-148,-139,-85,-5,68,125,162,158,101,23,-58,-133,-179,-176,-139,-65,21,111,179,215,190,124,32,-73,-170,-236,-254,-219,-138,-20,109,218,281,290,240,141,10,-122,-231,-301,-305,-253,-154,-25,111,217,291,309,267,172,46,-89,-205,-278,-297,-266,-194,-82,43,160,240,275,260,207,116,7,-103,-190,-244,-249,-212,-145,-59,39,125,186,218,219,179,109,23,-60,-132,-182,-201,-188,-151,-89,-11,70,135,174,186,176,135,76,9,-59,-128,-172,-193,-187,-154,-95,-30,31,91,137,161,165,151,123,85,41,-2,0,0,0,0,0,30,36,42,40,26,7,-13,-39,-63,-77,-74,-59,-30,1,40,71,93,95,80,41,-7,-55,-92,-110,-116,-102,-50,11,63,109,141,136,95,40,-20,-82,-128,-148,-137,-98,-30,54,124,152,152,126,63,-21,-91,-143,-170,-157,-96,-11,77,156,203,195,143,58,-48,-159,-237,-268,-237,-143,-14,120,246,329,332,266,143,-17,-182,-317,-393,-388,-300,-139,55,248,392,455,434,325,138,-88,-297,-445,-503,-456,-314,-100,134,336,472,510,439,276,59,-166,-362,-479,-490,-401,-224,4,231,396,477,454,329,133,-90,-286,-416,-453,-391,-235,-27,186,359,447,427,0,121,-105,-308,-443,-471,-389,-224,1,242,426,510,483,358,145,-112,-349,-515,-578,-505,-310,-45,228,459,593,599,464,223,-73,-360,-568,-651,-593,-398,-114,196,474,652,687,565,316,-2,-321,-579,-710,-681,-502,-216,122,439,661,736,648,417,97,-251,-551,-727,-738,-589,-311,36,377,633,754,702,498,187,-162,-475,-682,-742,-636,-384,-56,275,548,693,684,528,257,-74,-375,-583,-661,-586,-386,-104,197,453,600,604,470,235,-47,-320,-513,-585,-519,-339,-86,188,418,549,553,426,198,-69,-322,-499,-563,-506,-325,-67,203,423,547,547,424,203,-62,-315,-497,-570,-515,-334,0,0
39280,mtk,MTK 7916,2425352962,rx2-tx0,512,0,0,0,-619,-176,314,731,976,1000,798,413,-74,-538,-870,-1002,-909,-610,-165,318,722,956,967,753,363,-105,-550,-867,-980,-856,-532,-87,385,767,964,936,684,267,-212,-636,-921,-986,-820,-450,30,505,862,1019,939,642,188,-316,-747,-1007,-1038,-821,-411,100,583,929,1058,947,608,127,-388,-810,-1040,-1026,-773,-334,190,667,988,1081,918,532,16,-511,-913,-1109,-1050,-737,-251,300,787,1093,1145,938,512,-42,-588,-1004,-1197,-1115,-776,-260,318,823,1143,1207,1002,571,10,-551,-984,-1191,-1132,-815,-323,232,732,1066,1156,981,594,73,-461,-878,-1084,-1046,-773,-321,198,658,954,1035,883,525,48,0,-812,-997,-943,-666,-236,245,670,940,987,799,426,-52,-519,-867,-1015,-925,-623,-174,321,752,1013,1040,819,403,-111,-603,-968,-1120,-1013,-670,-166,388,862,1152,1186,956,508,-61,-624,-1057,-1260,-1192,-855,-329,275,822,1191,1299,1130,712,123,-497,-1004,-1290,-1295,-1024,-524,98,693,1129,1323,1237,879,327,-298,-859,-1234,-1336,-1156,-734,-159,454,969,1267,1302,1067,612,36,-538,-993,-1237,-1226,-967,-511,33,552,945,1138,1095,831,407,-80,-528,-850,-994,-929,-680,-311,103,478,730,830,764,547,231,-108,-408,-618,-699,-637,-458,-205,75,324,502,582,554,439,269,68,-127,-277,-364,-389,-356,0,0,0,0,0,-97,-213,-314,-390,-420,-385,-283,-127,63,253,417,518,532,450,288,64,-181,-398,-544,-585,-514,-341,-97,170,418,587,629,541,347,75,-216,-466,-625,-655,-551,-322,-21,288,537,671,661,513,248,-73,-377,-600,-694,-636,-429,-120,216,508,690,718,577,307,-32,-376,-650,-777,-730,-515,-186,194,539,767,829,714,428,43,-349,-675,-857,-840,-641,-305,109,497,770,886,809,542,152,-272,-637,-855,-886,-721,-393,25,436,751,901,848,596,213,-213,-594,-845,-907,-765,-453,-37,387,728,904,875,650,282,-149,-548,-826,-914,-802,-503,-97,328,676,876,876,674,321,-100,-494,-774,0,-776,-501,-110,302,640,831,825,627,287,-128,-514,-775,-850,-728,-429,-32,373,698,863,824,595,224,-213,-603,-852,-905,-748,-413,25,458,788,945,888,623,210,-259,-671,-931,-976,-795,-434,30,489,839,991,912,629,200,-274,-686,-941,-975,-776,-397,74,532,864,990,885,568,117,-361,-758,-977,-965,-730,-321,169,627,932,1024,876,526,46,-445,-841,-1039,-996,-724,-282,228,686,986,1058,885,508,8,-489,-866,-1055,-1003,-711,-257,252,702,996,1059,880,496,2,-488,-866,-1048,-986,-695,-251,252,696,978,1030,848,469,-15,-490,-854,-1019,-947,-656,-219,273,694,957,1004,812,434,0,0,0,0,0,-805,-996,-963,-713,-298,190,631,930,1019,867,513,47,-425,-798,-986,-945,-685,-264,214,642,921,985,815,456,-10,-465,-815,-973,-899,-611,-184,293,704,944,957,753,363,-118,-576,-894,-1005,-880,-545,-74,416,809,1020,993,735,300,-204,-669,-977,-1060,-896,-517,-18,485,877,1061,995,698,231,-289,-739,-1015,-1052,-844,-439,87,592,952,1090,973,627,128,-406,-862,-1111,-1095,-832,-376,177,700,1067,1190,1036,644,104,-462,-922,-1180,-1177,-902,-419,153,694,1079,1215,1082,715,188,-386,-869,-1146,-1162,-918,-466,78,596,978,1132,1028,688,199,-324,-770,-1034,-1059,-840,-434,67,547,896,1028,0,596,142,-345,-746,-970,-964,-733,-330,148,594,901,995,856,517,56,-431,-820,-1020,-983,-718,-279,227,687,998,1083,915,528,16,-508,-927,-1152,-1114,-818,-330,235,755,1116,1234,1082,687,132,-466,-963,-1248,-1266,-1002,-517,85,671,1119,1321,1234,872,322,-296,-853,-1226,-1331,-1141,-696,-103,507,1009,1295,1303,1025,529,-77,-670,-1117,-1323,-1257,-931,-401,206,770,1165,1306,1178,815,293,-285,-788,-1123,-1220,-1066,-699,-206,308,740,1013,1069,906,573,140,-304,-661,-871,-894,-739,-445,-75,291,578,737,743,605,357,51,-249,-484,-618,-632,-530,-340,-103,143,343,468,510,472,370,229,83,-49,0,0,0,0,0,282,261,190,73,-74,-232,-373,-471,-499,-443,-311,-123,99,311,473,559,545,420,209,-41,-290,-491,-598,-584,-457,-231,51,324,533,640,615,460,207,-94,-381,-588,-677,-617,-424,-140,179,460,645,690,582,346,33,-293,-556,-696,-678,-502,-214,121,439,672,751,660,418,73,-295,-598,-776,-786,-619,-304,82,452,734,858,788,544,177,-233,-597,-831,-881,-736,-431,-27,386,718,887,855,635,274,-153,-542,-816,-905,-792,-501,-100,323,681,885,885,688,338,-89,-496,-793,-913,-826,-553,-160,274,649,877,904,733,400,-22,-437,-757,-904,-845,-595,-213,211,581,825,881,731,419,0,-393,-706,-853,-802,-571,-202,217,586,808,842,682,358,-50,-441,-733,-862,-783,-515,-124,296,656,865,870,676,320,-113,-532,-830,-938,-827,-518,-88,364,743,946,935,711,319,-152,-584,-888,-992,-865,-538,-88,387,769,973,958,714,301,-177,-610,-906,-988,-838,-490,-27,442,809,981,930,656,220,-272,-694,-954,-992,-801,-416,65,535,887,1036,936,617,159,-345,-774,-1023,-1037,-811,-397,107,589,939,1068,953,619,141,-372,-797,-1034,-1039,-808,-388,121,598,933,1051,933,603,126,-373,-788,-1016,-1011,-774,-364,135,599,922,1030,903,566,101,-383,-776,-994,-982,-740,-330,155,605,905,0,0
39281,mtk,MTK 7916,2425352962,rx2-tx1,512,0,0,0,432,219,-36,-274,-453,-531,-480,-332,-115,129,334,450,473,397,231,11,-196,-355,-436,-422,-308,-138,51,222,336,367,320,209,48,-119,-251,-321,-316,-234,-109,22,151,234,252,214,125,13,-92,-162,-187,-165,-107,-22,56,113,135,115,66,-5,-70,-105,-107,-73,-11,63,124,155,144,81,-12,-109,-190,-233,-216,-139,-20,110,219,290,303,240,116,-40,-198,-322,-378,-353,-243,-81,108,284,401,433,366,212,4,-206,-383,-478,-467,-339,-150,70,281,441,503,441,283,61,-177,-375,-486,-488,-380,-191,45,281,448,505,456,315,93,-154,-366,-495,-515,-416,-224,23,260,0,536,503,353,123,-139,-362,-506,-539,-451,-255,0,257,460,557,532,375,132,-132,-366,-528,-570,-479,-274,-11,264,486,596,577,425,161,-139,-411,-601,-658,-566,-346,-37,280,552,715,714,550,270,-72,-421,-682,-779,-699,-485,-165,207,541,760,823,707,440,65,-333,-654,-837,-850,-680,-355,48,434,723,880,857,639,279,-131,-510,-786,-907,-845,-603,-235,171,542,807,900,811,568,214,-183,-540,-769,-842,-753,-525,-193,172,488,692,756,667,456,168,-148,-428,-602,-651,-585,-410,-163,104,339,501,565,521,385,190,-29,-222,-372,-450,-454,-384,-265,-118,30,151,232,266,257,0,0,0,0,0,68,122,177,219,228,205,157,81,-10,-112,-202,-257,-273,-248,-181,-79,38,158,248,293,285,227,131,11,-121,-230,-283,-283,-241,-156,-38,85,190,259,283,246,164,60,-58,-163,-238,-268,-238,-153,-54,46,139,202,222,202,147,64,-20,-87,-135,-155,-147,-111,-49,16,61,83,95,87,76,56,27,6,-8,-18,-28,-38,-54,-60,-65,-70,-62,-36,-5,35,83,132,158,148,113,52,-15,-92,-162,-200,-206,-168,-89,7,108,196,244,241,195,111,2,-111,-207,-262,-256,-195,-95,25,144,222,267,249,178,68,-57,-172,-244,-258,-209,-121,-11,108,200,245,239,0,72,-64,-173,-240,-257,-206,-99,19,137,235,284,266,185,54,-90,-209,-287,-299,-241,-132,14,163,272,331,306,203,56,-109,-263,-349,-360,-296,-163,19,193,330,400,384,279,108,-92,-273,-388,-420,-359,-213,-18,179,326,398,387,281,104,-87,-263,-384,-418,-338,-176,27,225,374,432,398,259,52,-169,-354,-468,-474,-370,-169,74,301,475,550,492,322,79,-194,-434,-575,-595,-490,-262,29,310,531,642,608,439,176,-133,-420,-627,-700,-614,-400,-99,231,515,683,707,592,348,24,-300,-563,-699,-682,-529,-269,51,349,568,667,622,443,180,-122,-391,-573,-624,-538,-339,0,0,0,0,0,358,507,539,459,280,41,-200,-393,-499,-491,-369,-175,47,257,408,458,407,270,80,-128,-300,-400,-407,-326,-183,-5,169,303,358,328,226,86,-69,-199,-275,-285,-233,-128,2,113,189,219,189,122,29,-61,-129,-156,-140,-86,-13,58,111,123,91,31,-39,-101,-133,-119,-70,0,84,159,193,168,96,1,-104,-202,-259,-258,-192,-67,82,223,324,352,302,182,15,-167,-319,-412,-407,-309,-142,54,243,396,467,426,284,73,-152,-343,-463,-478,-393,-223,-2,227,410,493,470,334,129,-108,-321,-463,-501,-433,-260,-24,220,414,513,502,378,164,-84,-319,-486,-538,-467,0,-64,206,422,523,520,403,192,-67,-312,-489,-551,-485,-323,-77,190,415,544,548,424,215,-54,-323,-521,-593,-530,-352,-90,201,456,608,626,503,259,-60,-361,-581,-683,-638,-438,-133,205,500,698,756,647,378,29,-325,-615,-782,-773,-599,-302,68,432,716,842,783,554,208,-184,-550,-797,-880,-770,-495,-116,286,639,863,905,757,457,58,-349,-688,-887,-905,-737,-422,-20,377,689,861,860,687,384,11,-352,-640,-791,-780,-614,-341,-6,319,575,702,682,534,300,16,-265,-478,-595,-591,-484,-288,-48,189,380,489,513,447,313,137,-48,-212,-326,-382,-375,-319,-226,-119,-13,0,0,0,0,0,-150,-139,-99,-34,43,120,192,241,259,237,180,93,-15,-125,-216,-280,-295,-250,-163,-45,80,184,260,289,265,198,93,-33,-153,-241,-289,-273,-210,-110,13,137,225,262,255,203,110,-3,-109,-187,-232,-227,-182,-106,-15,82,150,186,190,159,93,8,-62,-107,-131,-136,-115,-74,-32,3,34,62,68,57,45,45,40,33,24,11,-2,-29,-58,-89,-106,-115,-98,-60,2,67,123,163,184,166,115,36,-56,-141,-203,-235,-217,-151,-54,55,161,231,258,238,161,47,-72,-173,-246,-267,-235,-148,-28,99,201,255,255,199,104,-19,-134,-218,-254,-229,-143,-32,75,0,245,249,190,86,-36,-152,-237,-265,-227,-138,-20,112,228,289,279,211,90,-51,-193,-285,-315,-279,-180,-25,140,269,340,335,256,116,-57,-221,-340,-391,-342,-211,-30,149,297,394,403,321,161,-38,-230,-361,-415,-373,-251,-68,131,300,391,391,313,157,-51,-242,-375,-419,-360,-214,-15,198,370,454,433,310,107,-129,-343,-485,-518,-433,-244,5,259,461,570,553,408,169,-103,-371,-568,-632,-556,-365,-82,231,492,644,657,537,295,-19,-338,-577,-694,-671,-508,-224,108,408,627,715,650,446,156,-167,-453,-644,-691,-591,-364,-70,231,484,626,629,499,268,-21,-300,-507,0,0
39282,mtk,MTK 7916,2425387632,rx0-tx0,512,-349,-214,-192,-496,-488,-447,-387,-297,-175,-46,87,216,337,437,506,548,557,515,442,343,221,81,-63,-203,-336,-445,-513,-551,-549,-512,-447,-353,-236,-101,41,169,282,379,445,483,489,464,399,330,245,132,19,-83,-175,-255,-317,-357,-381,-376,-360,-318,-259,-207,-136,-60,8,76,141,208,254,287,316,333,333,320,285,227,167,91,7,-84,-173,-259,-336,-393,-422,-420,-403,-361,-275,-173,-69,42,160,269,358,418,455,468,442,386,300,202,87,-35,-148,-257,-347,-402,-430,-425,-397,-347,-264,-174,-71,30,115,203,264,303,326,331,310,264,214,151,83,14,-59,-124,-167,-191,-511,-218,-213,-202,-175,-141,-113,-67,-27,6,38,70,98,121,125,138,156,151,147,140,124,102,90,52,10,-20,-61,-112,-147,-174,-197,-218,-225,-212,-192,-148,-93,-35,26,91,157,204,244,279,288,268,237,195,138,70,-10,-77,-154,-220,-262,-305,-325,-308,-280,-230,-164,-96,-21,59,137,201,254,299,316,314,292,247,181,113,43,-47,-116,-176,-238,-280,-295,-294,-277,-243,-193,-130,-54,25,91,155,207,251,273,269,258,224,176,116,50,-13,-86,-148,-199,-235,-253,-247,-222,-190,-133,-72,-8,64,117,169,205,213,211,184,141,85,20,-48,-102,-138,-150,-142,-230,-226,1179,808,613,174,164,121,51,-34,-117,-193,-250,-287,-287,-249,-189,-107,-13,84,169,251,306,333,347,319,262,188,99,-3,-111,-206,-295,-358,-392,-397,-371,-322,-245,-143,-30,79,189,287,363,412,427,411,373,301,208,100,-17,-119,-221,-311,-375,-415,-429,-408,-366,-302,-203,-104,-5,101,201,285,357,402,410,390,359,300,214,117,24,-75,-168,-252,-318,-357,-381,-386,-353,-309,-259,-174,-85,1,95,175,255,311,344,367,357,334,290,218,137,48,-38,-115,-189,-258,-315,-342,-347,-343,-317,-266,-201,-126,-38,48,129,207,276,319,349,358,337,309,259,192,121,32,-58,-140,-330,-289,-336,-371,-376,-357,-321,-274,-198,-113,-8,80,162,251,314,365,390,390,372,340,282,198,111,13,-79,-174,-266,-346,-397,-430,-452,-431,-382,-322,-235,-129,-14,97,210,322,411,480,520,517,486,432,343,236,106,-42,-186,-314,-418,-504,-562,-578,-561,-511,-423,-312,-177,-25,133,279,396,502,576,611,614,574,499,382,239,94,-74,-235,-369,-492,-577,-619,-622,-576,-509,-399,-272,-126,34,180,311,423,498,541,552,535,476,389,292,173,40,-87,-202,-306,-389,-440,-464,-470,-449,-402,-337,-252,-145,-46,59,162,248,333,393,433,451,437,403,347,272,178,71,-45,1242,1128,-729,41,63,-7,117,235,333,430,493,527,522,485,419,325,207,75,-75,-219,-337,-442,-515,-558,-558,-522,-455,-351,-227,-91,52,187,311,414,487,524,526,490,427,336,227,107,-16,-133,-239,-314,-388,-437,-436,-415,-378,-318,-241,-158,-71,14,99,186,237,278,313,326,323,310,296,257,198,137,70,8,-64,-133,-210,-271,-321,-361,-382,-373,-346,-301,-234,-151,-48,56,155,266,356,411,449,465,442,386,302,197,94,-30,-157,-266,-358,-423,-462,-467,-436,-378,-293,-195,-85,32,141,241,313,360,390,382,356,307,239,164,82,-7,-104,-170,-220,-253,-268,-274,-265,-238,-190,-140,1105,-30,8,55,100,130,158,178,175,170,165,152,135,100,70,54,22,-11,-36,-67,-99,-115,-142,-170,-168,-169,-170,-158,-134,-103,-64,-15,47,99,151,204,236,255,259,244,215,173,126,60,-22,-98,-157,-213,-260,-293,-301,-292,-264,-209,-153,-87,3,88,151,216,262,298,312,306,281,242,191,120,34,-50,-132,-205,-254,-281,-305,-307,-279,-245,-195,-122,-48,22,86,155,209,256,280,280,266,234,189,128,50,-20,-89,-150,-200,-239,-260,-269,-253,-213,-161,-98,-28,42,98,153,198,220,236,222,192,150,88,28,-36,-100,-150,-184,-194,-179,-143,-90,-31,29,-71,-33,1145,-1176,-1286,-36,-104,-173,-223,-239,-223,-175,-106,-20,75,161,235,289,317,309,278,223,138,49,-47,-150,-236,-300,-347,-372,-358,-319,-253,-161,-61,48,156,251,336,391,410,407,375,311,227,117,4,-98,-208,-304,-375,-423,-429,-413,-373,-297,-205,-102,13,124,216,305,374,409,422,406,356,295,213,108,3,-95,-189,-271,-340,-372,-385,-380,-350,-296,-225,-143,-58,38,134,206,279,337,360,374,360,321,266,188,117,30,-64,-146,-226,-286,-331,-356,-356,-333,-297,-244,-168,-84,-2,76,164,236,288,330,357,356,338,299,232,156,75,-20,-103,-178,-249,-300,-339,-359,-349,-324,826,-221,-155,-69,24,116,196,269,321,361,381,369,350,299,230,153,57,-41,-134,-217,-297,-350,-392,-413,-405,-382,-334,-259,-173,-82,34,149,245,329,402,451,476,471,447,382,297,192,61,-78,-205,-322,-421,-498,-549,-561,-530,-467,-382,-268,-134,15,152,289,414,506,577,605,594,534,452,348,213,67,-89,-244,-386,-503,-572,-614,-623,-577,-506,-396,-258,-106,60,207,347,464,543,595,594,556,490,389,267,131,-3,-139,-268,-365,-441,-498,-516,-499,-459,-396,-306,-199,-85,29,142,234,313,388,428,448,448,417,367,301,209,115,6,-104,-201,-289,-366,-422,-458,-461,-675,-869
39283,mtk,MTK 7916,2425387632,rx0-tx1,512,87,-99,-134,-682,-715,-711,-658,-570,-442,-284,-103,89,283,461,615,730,808,830,814,747,631,476,288,80,-135,-347,-535,-699,-828,-907,-935,-907,-826,-689,-504,-293,-64,167,397,607,783,911,976,1000,968,869,723,527,299,63,-183,-417,-630,-808,-936,-1013,-1034,-999,-914,-775,-587,-363,-124,131,387,617,821,975,1069,1115,1100,1012,866,659,420,150,-132,-418,-672,-888,-1053,-1157,-1197,-1153,-1048,-881,-652,-386,-93,210,480,736,939,1077,1175,1188,1127,995,814,585,317,42,-240,-503,-737,-930,-1063,-1129,-1129,-1061,-932,-745,-512,-258,12,281,515,724,894,999,1049,1037,958,835,673,466,226,-14,-689,-477,-664,-816,-919,-977,-974,-914,-811,-665,-480,-270,-44,191,409,608,773,906,992,1012,974,881,740,549,325,75,-195,-451,-684,-883,-1031,-1116,-1132,-1078,-962,-776,-535,-257,37,337,620,860,1052,1173,1213,1186,1071,888,636,351,51,-261,-550,-801,-1002,-1133,-1194,-1168,-1072,-912,-686,-427,-134,163,444,693,896,1037,1100,1081,1007,868,661,408,159,-110,-370,-583,-753,-875,-929,-921,-859,-738,-574,-383,-167,50,252,442,580,678,745,750,706,614,481,329,153,-17,-187,-347,-469,-561,-606,-605,-564,-483,-367,-219,-65,93,236,356,444,486,492,442,347,225,80,-62,-186,-271,-310,-299,20,-13,0,-168,4,-145,-180,-183,-156,-105,-39,34,106,169,215,238,240,225,189,133,69,-2,-72,-138,-193,-236,-268,-278,-269,-246,-202,-146,-79,-5,70,151,221,279,327,355,356,339,292,223,136,35,-73,-185,-287,-377,-440,-471,-473,-431,-364,-269,-148,-24,113,245,359,451,516,540,527,470,389,281,149,12,-130,-253,-357,-446,-500,-520,-500,-451,-381,-290,-174,-48,71,187,289,372,434,465,468,443,392,316,224,120,15,-84,-188,-267,-333,-381,-405,-412,-391,-341,-283,-205,-118,-26,65,160,240,299,344,370,374,359,329,276,214,133,52,-32,-118,-194,-259,-307,-345,-362,-357,-338,-130,-245,-172,-90,-7,76,154,231,294,333,355,368,353,317,266,202,127,46,-34,-113,-188,-253,-300,-339,-358,-363,-350,-321,-273,-209,-135,-59,31,113,194,272,339,389,423,436,416,393,339,255,161,50,-65,-177,-300,-394,-474,-526,-556,-554,-510,-437,-332,-211,-72,78,227,359,473,571,628,648,629,569,469,346,202,47,-122,-281,-416,-528,-605,-649,-653,-617,-544,-440,-314,-164,-10,135,279,400,496,562,581,576,541,477,387,283,158,36,-79,-196,-296,-377,-442,-481,-492,-486,-455,-405,-344,-257,-167,-73,31,143,249,341,426,494,532,551,550,503,436,337,213,70,-180,-273,504,-167,-145,-176,-13,160,327,476,610,711,771,787,746,665,540,385,198,-9,-211,-414,-588,-730,-830,-879,-879,-823,-721,-579,-395,-191,32,256,469,663,816,921,972,964,903,783,618,408,177,-58,-305,-529,-718,-875,-969,-1013,-1003,-932,-812,-638,-430,-203,41,282,512,716,879,993,1056,1067,1010,895,731,513,275,14,-257,-516,-751,-939,-1074,-1154,-1169,-1108,-972,-777,-538,-267,23,315,579,820,1012,1136,1196,1175,1092,952,733,488,214,-85,-371,-629,-843,-1018,-1124,-1162,-1135,-1034,-880,-672,-421,-153,124,388,629,835,980,1071,1099,1058,954,803,597,354,105,-155,-394,-602,-782,-921,-996,-1009,261,-881,-737,-558,-351,-130,105,330,533,710,845,936,978,963,892,775,613,417,187,-58,-297,-527,-733,-897,-1003,-1060,-1057,-983,-857,-674,-441,-175,112,390,650,879,1050,1153,1186,1143,1020,837,599,313,16,-291,-586,-840,-1041,-1159,-1211,-1187,-1079,-909,-673,-393,-92,215,495,751,953,1086,1152,1136,1045,895,686,432,145,-140,-396,-637,-836,-960,-1018,-1026,-946,-804,-626,-403,-155,85,313,516,674,781,837,827,778,670,518,356,167,-28,-216,-384,-513,-611,-662,-668,-638,-552,-435,-290,-124,43,199,335,450,523,556,541,479,380,252,109,-43,-192,-310,-390,-423,-405,-340,-234,-111,11,-159,-174,0,-244,-294,-72,-10,62,126,181,215,223,206,165,106,37,-33,-105,-169,-213,-243,-258,-253,-228,-184,-128,-65,8,78,145,206,253,291,309,310,286,241,182,109,20,-69,-162,-253,-326,-379,-411,-415,-395,-341,-259,-156,-36,90,214,326,423,485,511,508,460,382,277,150,11,-134,-262,-374,-462,-512,-532,-513,-460,-386,-287,-164,-28,109,226,324,408,468,492,481,449,384,304,201,85,-32,-146,-247,-331,-389,-426,-435,-427,-392,-327,-258,-170,-78,19,126,215,288,347,381,395,391,362,306,239,162,78,-12,-94,-178,-250,-305,-347,-362,-368,-350,-310,-254,-191,-120,-36,52,135,245,269,319,348,366,357,331,283,224,148,75,-11,-105,-183,-246,-300,-338,-360,-362,-345,-309,-257,-193,-122,-43,36,113,187,254,311,351,376,388,369,344,299,233,154,64,-43,-136,-225,-321,-392,-450,-487,-490,-478,-432,-350,-253,-135,-7,134,265,390,489,559,603,609,578,508,413,288,140,-16,-174,-325,-454,-557,-626,-658,-653,-598,-517,-401,-261,-104,58,212,354,470,565,620,631,609,557,465,354,217,79,-58,-190,-311,-404,-476,-518,-530,-522,-490,-425,-344,-250,-143,-35,71,180,268,349,415,456,488,497,484,441,382,310,209,93,-23,-157,-285,-398,-499,-575,-621,200,67
39284,mtk,MTK 7916,2425387632,rx1-tx0,512,0,399,727,665,645,586,479,349,183,4,-172,-354,-514,-644,-734,-774,-782,-725,-625,-491,-307,-110,96,309,490,650,768,833,854,823,741,616,435,221,5,-213,-427,-621,-762,-869,-921,-910,-836,-712,-552,-358,-134,100,324,521,689,822,905,919,884,794,649,478,272,40,-184,-393,-573,-725,-836,-897,-900,-835,-739,-596,-411,-208,24,238,435,603,732,822,862,847,768,653,503,314,123,-86,-285,-459,-617,-721,-781,-796,-767,-684,-555,-405,-237,-53,127,301,457,573,653,700,710,679,595,478,340,194,36,-140,-292,-434,-544,-616,-647,-649,-617,-540,-429,-284,-132,21,172,311,436,528,216,607,597,538,454,346,207,54,-92,-225,-337,-423,-512,-541,-541,-514,-447,-360,-248,-140,-2,127,234,336,411,463,491,472,437,381,295,184,68,-51,-159,-264,-349,-392,-425,-424,-403,-350,-278,-201,-109,-12,89,170,242,295,325,343,337,304,260,204,143,77,8,-56,-116,-166,-218,-243,-258,-265,-261,-244,-200,-151,-99,-42,20,86,144,191,227,256,272,260,229,190,134,66,6,-62,-120,-161,-204,-241,-244,-237,-224,-186,-142,-81,-20,44,106,150,185,210,216,210,187,147,100,44,-11,-65,-119,-160,-179,-184,-179,-158,-118,-71,-12,45,87,123,137,132,106,70,-762,-529,0,47,-139,184,226,243,216,149,62,-43,-143,-227,-287,-321,-324,-297,-226,-138,-43,58,151,224,289,335,344,327,286,232,156,56,-46,-134,-215,-282,-324,-338,-345,-322,-269,-199,-124,-36,56,130,207,274,319,340,340,315,280,228,157,79,0,-93,-181,-251,-309,-343,-357,-351,-318,-261,-195,-118,-26,73,157,232,296,335,357,350,317,272,212,126,52,-28,-115,-188,-252,-298,-325,-333,-324,-285,-237,-177,-98,-17,59,124,187,233,266,285,288,273,235,184,131,65,0,-63,-131,-173,-219,-246,-249,-247,-232,-192,-161,-116,-56,0,56,101,152,184,198,209,209,189,173,145,-584,55,12,-32,-70,-111,-138,-154,-170,-174,-179,-160,-139,-111,-82,-38,-5,28,64,87,119,144,140,145,138,132,112,89,66,35,18,-4,-30,-41,-52,-76,-87,-95,-112,-117,-117,-127,-137,-137,-122,-112,-85,-50,4,45,92,158,209,259,295,311,308,293,239,165,85,-12,-121,-220,-309,-391,-442,-467,-462,-424,-354,-255,-138,3,133,260,386,473,541,561,542,504,429,318,187,46,-97,-238,-357,-458,-529,-577,-592,-552,-481,-393,-272,-137,2,150,283,391,482,545,570,564,526,461,366,253,127,1,-141,-271,-378,-473,-546,-579,-590,-573,-503,-411,-290,-157,-18,143,279,305,0,-686,-332,-69,-225,-382,-516,-625,-704,-725,-713,-661,-559,-421,-247,-60,140,337,497,650,765,819,833,785,690,554,370,166,-47,-256,-459,-640,-787,-869,-898,-876,-800,-668,-494,-295,-69,166,387,577,736,854,918,923,860,755,606,419,197,-32,-254,-466,-641,-776,-874,-916,-899,-828,-703,-541,-344,-126,103,318,504,672,789,869,890,849,768,631,465,272,64,-161,-366,-539,-680,-773,-822,-831,-776,-676,-533,-362,-176,7,203,386,533,646,722,753,734,675,576,442,289,121,-40,-209,-368,-499,-590,-643,-671,-653,-591,-506,-384,-237,-84,66,224,367,493,579,621,635,604,541,442,314,757,22,-134,-278,-390,-489,-553,-580,-570,-528,-445,-354,-229,-81,41,172,289,390,459,503,526,494,449,381,276,167,35,-85,-190,-293,-374,-429,-462,-461,-429,-380,-287,-197,-95,16,117,214,280,335,372,386,365,326,269,198,125,48,-42,-124,-188,-234,-265,-285,-282,-271,-253,-229,-185,-122,-57,1,61,126,182,224,248,261,269,261,232,186,132,70,-2,-72,-132,-183,-227,-249,-250,-244,-215,-180,-144,-79,-10,39,100,157,200,231,234,230,206,168,121,64,9,-46,-105,-153,-181,-196,-197,-183,-156,-114,-61,-13,43,96,135,160,169,156,129,90,37,-14,-57,-86,-169,-589,0,309,274,106,32,-61,-162,-237,-283,-299,-275,-217,-141,-41,62,167,252,304,334,335,303,247,180,86,-11,-102,-188,-264,-322,-352,-343,-316,-275,-205,-124,-39,47,139,214,272,309,337,327,302,263,209,138,58,-31,-115,-190,-256,-309,-340,-354,-345,-303,-249,-179,-92,-1,87,172,228,284,337,368,360,324,273,208,130,34,-58,-142,-216,-281,-324,-338,-341,-325,-289,-238,-164,-80,2,78,156,216,272,308,319,303,279,230,168,107,41,-27,-99,-161,-205,-245,-266,-266,-266,-234,-199,-154,-84,-26,31,96,147,181,218,228,229,207,191,165,115,75,32,-13,-59,-98,-142,-674,-180,-190,-181,-166,-146,-112,-85,-55,-17,28,75,110,132,150,158,151,152,141,123,106,64,29,3,-30,-56,-83,-96,-116,-119,-118,-117,-111,-97,-95,-87,-68,-57,-42,-13,2,16,38,76,105,141,178,202,214,208,215,197,164,112,41,-38,-111,-194,-275,-332,-368,-396,-394,-363,-308,-218,-105,11,130,247,353,436,495,529,512,480,395,283,151,3,-125,-250,-369,-475,-540,-574,-573,-527,-452,-351,-225,-93,57,205,325,436,524,566,578,563,509,421,317,179,44,-92,-220,-340,-443,-516,-559,-578,-564,-510,-432,-339,-216,-77,60,208,339,451,540,594,622,613,-131,49
39285,mtk,MTK 7916,2425387632,rx1-tx1,512,0,0,0,120,-197,-467,-612,-583,-392,-94,226,489,622,580,373,63,-262,-507,-612,-555,-345,-40,272,496,578,505,282,-12,-291,-480,-528,-430,-209,75,327,484,506,372,124,-154,-385,-501,-474,-303,-41,224,426,512,447,241,-36,-306,-492,-541,-430,-196,91,356,533,552,418,157,-140,-399,-557,-559,-409,-147,159,424,573,557,388,117,-181,-433,-563,-530,-361,-100,195,427,543,517,343,76,-202,-417,-511,-469,-303,-56,205,399,482,435,272,41,-197,-374,-442,-388,-238,-23,188,336,384,331,190,6,-179,-305,-339,-280,-155,7,168,265,277,220,109,-32,-157,-225,-232,-172,-65,54,0,190,185,124,27,-75,-147,-166,-136,-72,11,93,148,150,108,33,-53,-121,-149,-132,-75,13,100,145,152,112,37,-56,-135,-177,-177,-117,-22,89,177,218,195,118,2,-114,-204,-253,-236,-142,-10,121,228,287,269,186,50,-99,-228,-301,-304,-227,-96,60,206,296,321,272,155,-2,-168,-287,-326,-288,-193,-62,95,235,313,306,233,108,-37,-174,-273,-309,-270,-165,-30,107,217,272,263,199,93,-28,-143,-227,-263,-236,-153,-38,76,169,227,237,195,109,2,-100,-182,-220,-215,-166,-84,18,107,169,206,204,159,92,15,-62,-126,-164,-173,-152,-112,-60,-10,31,0,0,0,0,0,-48,-33,-13,16,47,70,81,79,55,17,-29,-72,-103,-109,-91,-49,7,59,104,128,114,71,5,-66,-125,-149,-130,-79,-12,63,128,153,134,86,13,-73,-139,-168,-149,-88,2,85,144,160,132,67,-25,-111,-161,-168,-126,-43,52,140,193,186,118,10,-114,-209,-239,-205,-107,25,163,268,302,251,123,-47,-215,-330,-362,-293,-142,53,242,373,419,349,171,-55,-267,-418,-459,-379,-200,37,275,443,495,411,215,-38,-283,-458,-506,-419,-214,40,279,449,500,417,223,-37,-286,-445,-480,-387,-187,60,286,434,450,340,138,-98,-312,-430,-422,-292,-79,163,354,0,394,236,12,-228,-415,-482,-397,-203,58,313,484,514,402,171,-116,-371,-533,-547,-398,-134,175,441,592,570,390,99,-231,-507,-634,-588,-384,-66,281,562,679,603,359,19,-346,-616,-710,-611,-340,37,403,660,739,612,312,-74,-448,-700,-747,-592,-275,122,494,723,748,567,229,-182,-543,-752,-751,-537,-176,231,571,757,728,503,140,-258,-587,-748,-701,-460,-98,289,590,717,645,392,28,-336,-592,-675,-575,-314,37,365,580,628,495,218,-112,-406,-584,-589,-420,-139,176,443,584,555,360,62,-251,-490,-592,-523,-306,-2,303,519,587,487,243,-70,-357,-547,-579,-449,-193,0,0,0,0,0,592,579,406,114,-218,-484,-613,-578,-390,-91,234,496,618,562,353,54,-256,-495,-597,-524,-310,-23,273,485,552,465,251,-36,-306,-478,-512,-399,-171,109,357,490,479,332,84,-193,-411,-507,-452,-272,-8,268,471,537,443,229,-55,-330,-514,-548,-427,-185,107,376,544,554,415,161,-151,-420,-565,-557,-397,-121,183,433,570,553,386,107,-196,-439,-558,-524,-347,-83,203,429,535,491,314,55,-210,-414,-503,-454,-285,-45,199,386,465,410,251,34,-180,-342,-412,-365,-213,-11,177,309,360,308,165,-9,-172,-285,-310,-248,-126,28,165,250,258,195,88,-51,-160,-215,-208,0,-40,67,148,181,164,94,2,-87,-146,-158,-126,-58,34,110,143,133,82,9,-68,-130,-152,-129,-50,40,114,158,158,113,31,-68,-158,-201,-186,-117,-9,108,199,233,206,137,24,-108,-220,-273,-255,-165,-37,107,231,305,294,207,71,-84,-218,-308,-330,-260,-119,44,191,294,328,282,173,23,-136,-265,-328,-305,-214,-76,78,214,300,318,261,150,7,-137,-250,-298,-267,-181,-68,68,183,247,260,223,124,-5,-117,-202,-246,-233,-170,-77,38,142,206,234,215,140,43,-56,-143,-201,-216,-188,-124,-39,47,121,174,192,174,129,69,2,-61,-107,-127,-126,-110,0,0,0,0,0,-25,-45,-57,-61,-53,-32,2,37,68,89,93,70,30,-19,-71,-107,-117,-99,-55,6,65,116,136,123,75,6,-72,-123,-146,-132,-84,-8,75,135,156,138,87,12,-74,-138,-160,-142,-85,7,91,148,163,131,54,-34,-118,-168,-171,-121,-34,74,161,210,198,111,-12,-138,-237,-264,-220,-120,30,184,295,328,265,132,-47,-232,-363,-395,-320,-154,57,260,402,447,370,190,-48,-272,-432,-488,-405,-208,40,278,447,500,416,222,-36,-280,-448,-504,-423,-222,37,276,445,495,404,207,-45,-278,-426,-460,-371,-171,77,299,424,433,320,108,-136,-333,-440,-420,-274,0,196,383,465,406,221,-30,-272,-446,-491,-396,-181,94,347,508,530,401,153,-147,-408,-561,-566,-410,-130,192,465,605,580,388,80,-257,-530,-660,-606,-380,-37,324,591,695,610,358,-5,-371,-634,-723,-613,-330,53,425,679,744,604,296,-104,-477,-709,-740,-572,-250,148,515,742,752,549,196,-207,-552,-743,-736,-523,-163,241,583,756,719,482,112,-281,-587,-733,-668,-414,-55,302,575,690,607,350,1,-342,-580,-652,-537,-268,78,388,585,609,464,190,-139,-428,-588,-570,-386,-100,209,466,592,540,331,27,-284,-506,-589,-503,-270,38,338,537,580,465,219,-94,-382,-555,0,0
39286,mtk,MTK 7916,2425387632,rx2-tx0,512,0,0,0,-1026,-852,-434,111,624,957,1013,774,315,-232,-707,-980,-965,-667,-176,363,790,991,904,548,31,-494,-863,-976,-805,-403,122,612,920,948,696,234,-295,-736,-960,-904,-570,-62,470,866,1005,845,436,-109,-633,-972,-1023,-778,-304,265,752,1021,1000,678,154,-411,-854,-1053,-941,-549,7,562,949,1048,840,388,-188,-711,-1021,-1021,-720,-206,375,853,1080,983,594,28,-551,-976,-1125,-944,-478,134,712,1087,1154,884,356,-273,-833,-1158,-1148,-807,-242,395,918,1177,1104,720,131,-494,-977,-1176,-1039,-614,-20,576,1004,1136,941,486,-105,-651,-999,-1056,-812,-335,231,724,1001,981,673,169,-375,0,-992,-887,-526,-15,505,880,986,798,375,-156,-637,-937,-966,-705,-231,320,785,1018,958,621,90,-479,-910,-1085,-948,-532,47,627,1032,1140,928,451,-164,-749,-1134,-1205,-930,-380,284,874,1223,1241,912,324,-360,-952,-1280,-1254,-883,-265,432,1010,1306,1241,837,198,-503,-1063,-1328,-1224,-781,-124,570,1107,1343,1213,753,84,-604,-1126,-1344,-1200,-733,-74,595,1101,1310,1170,730,101,-542,-1028,-1242,-1128,-726,-146,455,916,1124,1040,690,179,-351,-769,-977,-926,-638,-200,263,636,826,800,569,206,-186,-513,-691,-688,-516,-221,111,398,579,615,507,291,25,-230,-416,-502,-474,-360,-198,-26,125,0,0,0,0,0,-111,16,158,301,408,445,392,252,45,-187,-389,-515,-529,-425,-218,50,312,505,579,510,308,24,-274,-501,-610,-566,-365,-65,251,510,641,599,396,89,-248,-519,-656,-618,-404,-75,269,547,673,614,380,33,-322,-584,-680,-587,-324,35,387,642,718,577,269,-114,-480,-714,-753,-575,-221,205,572,789,794,569,180,-263,-638,-845,-809,-545,-133,322,693,877,810,515,68,-398,-750,-891,-785,-459,1,462,794,901,753,392,-82,-535,-843,-909,-710,-313,173,609,880,898,659,238,-244,-668,-902,-878,-606,-164,326,720,913,847,544,84,-394,-759,-904,-790,-455,9,468,793,888,0,351,-113,-545,-815,-847,-629,-229,232,625,833,798,521,92,-371,-723,-860,-747,-410,57,509,815,884,691,294,-196,-638,-896,-891,-626,-181,326,752,964,891,557,61,-458,-848,-994,-852,-461,69,581,920,995,779,338,-199,-681,-972,-973,-686,-199,345,786,991,906,552,32,-499,-883,-1014,-842,-418,130,640,966,1010,755,271,-296,-779,-1039,-993,-656,-129,438,885,1073,943,542,-16,-576,-969,-1077,-875,-420,161,690,1025,1066,795,293,-293,-793,-1060,-1019,-681,-152,423,874,1069,955,569,17,-539,-939,-1059,-874,-442,118,643,981,1035,785,308,-252,-736,-1008,-989,-681,-178,376,812,1011,0,0,0,0,0,-50,-570,-933,-1025,-815,-368,174,668,976,995,725,245,-301,-762,-997,-944,-612,-107,424,832,992,860,476,-48,-553,-895,-970,-762,-326,206,680,946,926,637,159,-374,-801,-989,-875,-505,17,542,914,1016,813,368,-190,-698,-1003,-1015,-733,-234,340,818,1055,978,614,69,-496,-911,-1060,-899,-469,95,630,983,1041,788,302,-279,-785,-1049,-1008,-664,-120,466,920,1105,964,545,-42,-629,-1039,-1144,-907,-409,210,776,1119,1141,842,301,-337,-880,-1182,-1137,-763,-184,444,951,1186,1080,669,72,-536,-986,-1156,-996,-547,50,616,999,1095,873,406,-175,-699,-1009,-1022,-743,-258,297,760,994,936,0,91,-437,-834,-986,-847,-454,77,580,912,973,750,306,-236,-712,-982,-964,-663,-163,390,840,1045,946,571,18,-558,-979,-1121,-943,-491,117,699,1091,1182,944,425,-225,-811,-1181,-1228,-924,-360,312,910,1254,1246,898,297,-393,-979,-1294,-1253,-862,-228,469,1037,1321,1235,802,149,-545,-1092,-1337,-1213,-760,-96,596,1119,1341,1206,737,71,-612,-1122,-1332,-1192,-730,-74,581,1076,1293,1164,736,126,-501,-978,-1187,-1080,-705,-163,399,839,1050,982,659,189,-309,-706,-903,-858,-597,-202,228,575,760,741,537,208,-151,-456,-637,-647,-501,-249,51,325,507,566,500,335,112,-112,-284,-378,-393,-329,0,0,0,0,0,-290,-342,-335,-259,-122,62,258,413,493,481,357,145,-110,-351,-519,-570,-481,-272,9,290,504,598,534,335,46,-260,-509,-629,-582,-382,-79,248,517,649,606,401,88,-258,-537,-669,-616,-391,-59,293,559,670,600,365,11,-350,-606,-689,-575,-297,73,438,681,730,567,239,-171,-542,-765,-770,-566,-197,234,615,816,793,557,158,-293,-671,-862,-820,-539,-106,355,719,884,796,485,37,-429,-770,-897,-776,-430,41,496,814,901,733,358,-126,-577,-855,-891,-683,-283,208,640,886,888,640,207,-284,-694,-906,-864,-582,-130,357,739,911,821,502,45,-422,-768,-892,-761,-402,66,0,790,856,677,297,-168,-585,-829,-820,-570,-162,298,675,852,775,465,15,-435,-770,-882,-724,-355,125,574,859,890,665,239,-266,-695,-922,-890,-596,-122,392,801,982,873,507,-11,-528,-891,-997,-821,-405,135,632,947,983,738,273,-273,-736,-986,-947,-625,-121,414,833,1006,877,488,-50,-577,-932,-1011,-798,-348,210,715,1006,1005,707,198,-371,-835,-1053,-966,-596,-51,514,931,1083,916,482,-90,-635,-1002,-1077,-841,-363,220,742,1045,1045,741,225,-355,-829,-1065,-995,-632,-89,480,906,1068,921,508,-51,-593,-953,-1037,-823,-373,187,690,990,1007,733,243,-313,-776,-1014,-955,-621,-111,0,0
39287,mtk,MTK 7916,2425387632,rx2-tx1,512,0,0,0,544,519,357,104,-173,-400,-511,-470,-305,-57,194,390,467,418,255,25,-210,-376,-427,-359,-197,15,218,348,385,312,153,-41,-207,-312,-327,-243,-96,62,196,269,258,179,54,-88,-183,-209,-181,-104,9,108,156,153,98,21,-56,-105,-106,-69,-9,63,107,103,59,-10,-92,-152,-163,-108,-11,101,187,227,190,98,-37,-179,-279,-301,-244,-108,73,251,362,369,268,90,-116,-312,-429,-420,-288,-78,166,366,469,440,290,57,-192,-392,-491,-454,-285,-31,238,431,499,432,243,-21,-280,-464,-516,-424,-205,68,324,491,520,390,157,-122,-370,-515,-510,-368,-113,176,411,0,501,334,64,-229,-455,-552,-498,-294,-6,285,489,553,475,253,-60,-352,-536,-573,-443,-184,130,416,587,584,414,121,-211,-493,-633,-596,-391,-74,275,561,692,618,364,1,-367,-645,-743,-641,-351,39,430,706,794,658,338,-83,-494,-773,-833,-673,-338,101,528,807,863,691,323,-133,-560,-837,-889,-710,-342,132,570,853,911,734,355,-120,-561,-860,-935,-765,-398,70,514,819,914,777,440,-5,-431,-741,-857,-751,-460,-64,328,634,771,708,470,120,-246,-529,-674,-658,-478,-186,132,398,556,582,468,240,-33,-277,-446,-509,-454,-311,-111,95,261,361,383,326,222,104,-13,0,0,0,0,0,67,-12,-89,-165,-224,-250,-231,-164,-56,69,182,266,300,262,162,35,-106,-230,-300,-300,-233,-110,43,183,279,316,277,167,17,-139,-260,-316,-292,-194,-48,107,239,305,289,217,97,-60,-192,-264,-267,-216,-106,29,145,214,237,197,111,4,-92,-167,-189,-164,-112,-43,41,100,126,121,92,51,-1,-36,-40,-54,-67,-60,-46,-33,-19,-11,4,26,52,79,100,93,58,-4,-71,-125,-165,-161,-119,-47,43,130,185,201,175,94,-34,-151,-217,-238,-208,-114,10,132,227,268,229,132,8,-122,-216,-258,-228,-127,6,130,216,246,204,94,-38,-149,-224,-231,-171,0,67,178,234,223,141,14,-117,-219,-255,-211,-111,26,165,257,267,205,89,-61,-198,-277,-277,-198,-51,117,251,319,289,167,4,-169,-309,-353,-296,-158,30,222,349,381,302,141,-59,-248,-371,-388,-294,-108,108,283,386,376,257,59,-152,-315,-392,-359,-206,8,220,369,410,317,121,-112,-316,-440,-439,-304,-74,188,402,506,468,291,18,-265,-483,-574,-505,-290,11,323,544,608,514,272,-63,-378,-598,-666,-545,-264,88,419,639,696,557,259,-104,-445,-672,-717,-565,-269,104,450,675,716,562,257,-110,-446,-660,-688,-533,-246,101,418,614,639,495,213,-112,-397,-574,0,0,0,0,0,-120,168,400,521,496,327,82,-186,-396,-497,-454,-279,-37,204,381,454,393,228,-1,-219,-372,-414,-341,-178,26,219,339,355,273,121,-56,-203,-284,-288,-208,-72,78,199,246,222,136,19,-93,-167,-186,-144,-63,29,102,132,117,60,-24,-92,-115,-92,-30,46,108,132,111,41,-53,-143,-184,-175,-110,1,127,226,267,225,106,-55,-209,-313,-336,-260,-103,95,278,392,392,285,91,-135,-329,-436,-431,-294,-63,187,382,482,452,288,32,-228,-420,-494,-441,-270,-16,249,439,503,428,224,-47,-309,-487,-528,-413,-185,98,352,508,522,386,135,-153,-396,-528,-513,-356,0,204,433,543,499,310,28,-265,-473,-548,-483,-269,35,318,508,567,454,206,-94,-377,-568,-588,-436,-158,169,445,607,592,400,82,-256,-529,-659,-610,-380,-37,330,608,720,624,349,-25,-393,-668,-772,-651,-345,57,451,727,806,668,337,-97,-508,-789,-864,-693,-323,127,541,827,891,702,318,-148,-571,-850,-912,-724,-335,138,571,865,927,745,370,-103,-547,-853,-935,-765,-415,35,481,798,894,766,453,30,-389,-699,-821,-739,-475,-102,288,584,721,676,469,154,-189,-467,-616,-611,-465,-209,85,343,504,544,461,277,40,-191,-368,-452,-434,-329,-178,-14,134,239,281,260,0,0,0,0,0,169,193,193,156,79,-17,-125,-221,-273,-275,-219,-121,13,151,255,299,285,202,67,-80,-208,-291,-309,-251,-134,10,156,272,318,278,177,30,-121,-243,-303,-288,-202,-67,78,199,279,289,221,107,-23,-154,-246,-265,-207,-105,10,117,189,216,194,117,18,-75,-142,-166,-143,-109,-49,21,68,88,88,71,50,18,-8,-24,-29,-39,-50,-55,-60,-58,-52,-35,12,64,102,125,127,94,29,-51,-134,-183,-186,-150,-78,35,144,213,235,199,106,-8,-128,-220,-252,-216,-122,1,123,215,251,216,122,-3,-131,-228,-256,-208,-108,20,146,225,240,192,90,-41,-159,0,-239,-156,-37,89,205,256,229,129,-5,-138,-237,-264,-218,-109,41,181,268,277,199,70,-81,-218,-297,-283,-188,-31,145,286,335,296,174,-8,-193,-323,-366,-312,-159,47,236,359,389,304,133,-74,-261,-378,-391,-292,-106,112,294,384,361,225,22,-186,-336,-388,-321,-156,53,258,394,412,310,101,-150,-365,-471,-445,-289,-45,226,448,547,484,281,-5,-298,-523,-600,-510,-272,41,354,578,646,537,274,-77,-407,-627,-675,-539,-259,102,435,658,706,561,258,-110,-454,-674,-712,-560,-266,103,447,663,698,548,253,-105,-429,-622,-659,-519,-233,109,406,582,597,454,191,0,0
39288,mtk,MTK 7916,2425449692,rx0-tx0,512,-349,-120,-92,-486,-440,-359,-253,-111,36,187,327,433,507,536,520,461,364,229,68,-97,-241,-385,-489,-543,-551,-519,-444,-318,-165,-2,165,304,420,494,525,512,455,356,232,87,-59,-180,-296,-382,-429,-448,-425,-366,-281,-186,-79,39,133,218,282,326,344,333,307,266,205,135,54,-23,-95,-170,-241,-295,-328,-346,-333,-296,-239,-170,-74,36,148,260,345,405,427,419,383,301,194,68,-68,-204,-326,-419,-471,-479,-440,-365,-260,-126,23,155,279,382,438,466,454,385,291,166,31,-90,-207,-301,-363,-383,-374,-334,-270,-183,-79,17,116,192,244,280,281,265,234,178,118,57,-511,-69,-123,-155,-178,-188,-185,-162,-138,-110,-70,-31,7,36,72,108,126,131,138,145,145,125,101,74,29,-6,-47,-96,-137,-175,-198,-207,-195,-174,-135,-70,-11,55,127,178,231,250,249,232,202,137,65,-10,-90,-166,-222,-265,-284,-272,-238,-185,-120,-39,45,113,179,238,270,276,260,220,166,100,14,-64,-131,-200,-240,-255,-258,-241,-195,-133,-62,21,92,146,200,222,229,229,207,156,97,46,-14,-89,-138,-182,-221,-227,-213,-173,-123,-70,-3,63,114,160,188,196,185,164,120,62,3,-60,-116,-155,-171,-172,-155,-118,-68,-9,50,94,121,135,122,91,-188,-161,1179,148,-90,-176,-181,-154,-90,0,95,183,249,273,269,226,149,53,-49,-150,-227,-285,-323,-325,-290,-213,-115,-15,95,199,289,356,384,379,325,243,149,21,-119,-239,-334,-403,-431,-415,-369,-281,-164,-29,106,231,342,417,460,452,408,325,213,82,-54,-187,-314,-392,-445,-468,-440,-375,-271,-142,0,131,252,361,421,445,435,395,318,212,95,-34,-147,-263,-357,-408,-422,-413,-370,-295,-203,-76,38,152,271,348,392,411,397,354,270,179,66,-51,-159,-262,-335,-380,-410,-399,-346,-267,-178,-66,51,165,268,342,391,402,384,347,263,171,56,-65,-170,-272,-336,-377,-397,-377,-330,-250,-159,-57,52,154,244,321,370,396,393,346,279,189,80,-25,-126,-228,-313,-368,-401,-413,-379,-306,-226,-130,-13,112,222,315,391,445,456,432,386,296,173,43,-98,-238,-366,-463,-535,-545,-523,-452,-328,-190,-28,143,297,426,527,590,600,554,464,335,179,-4,-184,-344,-478,-576,-629,-622,-578,-478,-322,-147,45,228,397,533,619,647,620,548,424,257,78,-115,-296,-444,-555,-613,-620,-577,-476,-347,-191,-11,152,297,413,500,543,545,494,402,296,159,3,-134,-266,-367,-432,-468,-471,-436,-368,-282,-177,-52,74,198,312,382,425,453,442,395,320,214,90,-43,780,584,-729,119,132,94,236,347,445,504,518,495,416,307,170,14,-144,-290,-408,-503,-554,-545,-498,-409,-275,-117,48,209,354,470,533,561,530,453,338,198,50,-105,-244,-366,-446,-485,-477,-438,-370,-265,-146,-22,102,217,305,359,394,384,347,296,223,140,49,-36,-112,-194,-255,-297,-321,-314,-304,-276,-226,-157,-75,11,103,193,270,335,383,390,375,325,241,134,16,-103,-229,-337,-415,-460,-458,-421,-346,-235,-106,40,181,304,404,474,483,449,381,280,152,24,-118,-248,-345,-419,-433,-414,-363,-280,-172,-56,52,155,244,306,339,335,307,249,180,100,12,-61,-136,-188,-216,-234,1105,-214,-178,-138,-96,-38,20,68,97,129,148,152,145,134,132,109,76,45,20,-11,-56,-91,-115,-143,-159,-162,-163,-150,-123,-86,-39,21,77,126,180,212,225,228,202,167,116,44,-35,-105,-169,-228,-249,-264,-255,-210,-160,-96,-13,65,140,199,247,280,270,248,211,151,74,-9,-92,-160,-218,-257,-276,-261,-232,-184,-108,-39,27,106,169,214,242,246,226,197,145,80,22,-43,-113,-170,-202,-214,-228,-210,-167,-126,-62,9,76,130,173,203,219,200,166,126,67,3,-58,-111,-161,-183,-193,-183,-150,-99,-46,14,72,119,150,162,150,114,68,14,-42,-73,73,101,1145,-1401,-1404,-12,62,143,208,239,230,188,108,13,-84,-181,-256,-297,-304,-272,-212,-134,-35,75,187,271,323,350,344,300,229,124,13,-109,-226,-312,-379,-418,-405,-345,-256,-144,-10,115,232,347,423,453,442,386,297,184,46,-91,-220,-331,-411,-457,-461,-429,-345,-231,-114,25,166,288,383,442,454,433,385,292,171,44,-84,-209,-319,-391,-434,-435,-404,-356,-253,-134,-15,100,214,300,371,409,407,390,330,225,117,6,-112,-223,-315,-372,-405,-400,-374,-321,-232,-131,-10,115,227,308,365,399,399,372,311,214,109,-8,-113,-216,-310,-368,-405,-397,-361,-294,-198,-104,5,115,826,307,366,396,391,353,296,217,125,22,-96,-206,-294,-364,-394,-394,-374,-330,-252,-149,-51,66,183,278,352,413,437,423,373,301,209,97,-34,-153,-274,-385,-454,-493,-495,-461,-378,-269,-124,39,188,339,451,529,574,561,505,402,270,109,-71,-238,-390,-512,-592,-625,-591,-517,-401,-249,-69,110,280,443,559,629,647,613,521,378,208,13,-173,-349,-501,-597,-641,-636,-576,-464,-311,-132,54,236,384,497,571,592,557,484,378,242,88,-69,-222,-339,-432,-500,-514,-485,-425,-323,-212,-92,39,169,282,363,425,453,447,415,345,242,137,15,-116,-237,-331,-410,-457,-470,-1151,-1267
39289,mtk,MTK 7916,2425449692,rx0-tx1,512,87,-147,-182,-699,-703,-647,-536,-380,-188,26,245,447,621,751,817,815,748,621,441,217,-24,-262,-495,-683,-815,-894,-896,-829,-692,-498,-263,-4,259,506,712,870,961,971,901,759,551,308,32,-245,-505,-733,-895,-989,-1004,-941,-811,-616,-368,-99,175,444,679,860,982,1032,997,891,731,496,225,-70,-362,-624,-851,-1011,-1095,-1101,-1020,-851,-616,-333,-14,329,624,877,1076,1185,1187,1094,916,659,348,2,-337,-643,-905,-1091,-1183,-1187,-1091,-912,-651,-342,-19,309,613,859,1048,1143,1142,1055,886,646,358,49,-272,-573,-817,-994,-1089,-1089,-1008,-858,-638,-366,-69,230,500,730,903,1006,1023,966,-689,647,402,134,-146,-410,-636,-820,-938,-988,-962,-862,-705,-490,-227,52,322,579,792,949,1033,1037,959,802,582,309,0,-309,-602,-860,-1050,-1155,-1150,-1057,-877,-620,-304,56,397,714,974,1153,1236,1207,1069,839,539,185,-180,-532,-831,-1051,-1181,-1219,-1142,-962,-709,-392,-49,297,618,882,1063,1152,1144,1025,824,543,233,-84,-395,-663,-871,-998,-1031,-971,-825,-610,-354,-76,207,455,652,792,851,839,749,601,411,185,-37,-251,-433,-585,-676,-698,-660,-574,-440,-266,-80,112,282,429,538,581,566,505,395,244,78,-93,-247,-374,-458,-485,-458,-374,-243,-85,72,209,303,339,313,237,-49,-77,0,-252,-143,119,171,197,191,151,75,-11,-92,-168,-223,-246,-246,-217,-159,-90,-8,77,152,207,246,268,268,237,189,120,38,-47,-128,-204,-276,-312,-319,-315,-282,-221,-129,-22,90,193,299,380,419,427,400,331,222,91,-48,-195,-329,-438,-505,-522,-492,-417,-298,-150,12,176,320,434,510,540,523,458,349,218,65,-89,-242,-364,-451,-508,-510,-472,-397,-294,-160,-20,121,254,360,429,458,454,412,343,245,134,15,-110,-221,-304,-373,-409,-406,-381,-317,-240,-148,-39,63,164,248,313,357,374,359,320,257,174,82,-22,-120,-201,-270,-323,-351,-355,-326,-277,-216,-134,-38,64,-130,232,297,337,351,345,313,256,179,89,-10,-109,-195,-267,-324,-350,-352,-335,-288,-218,-139,-51,42,124,200,270,322,349,359,334,292,235,150,65,-32,-135,-229,-309,-376,-406,-414,-402,-355,-276,-172,-58,69,199,320,415,484,521,510,470,377,255,113,-50,-203,-349,-468,-556,-599,-582,-534,-437,-297,-142,37,213,367,498,590,632,620,560,453,308,142,-35,-209,-360,-483,-560,-598,-592,-532,-439,-311,-154,4,156,291,402,483,523,524,489,424,323,207,85,-38,-164,-271,-358,-423,-456,-474,-449,-404,-335,-240,-126,-2,122,255,370,457,523,557,551,501,405,279,117,-75,-207,504,-89,-56,-80,125,329,502,638,732,773,744,656,511,314,89,-147,-371,-569,-728,-828,-857,-827,-730,-558,-350,-111,143,383,604,776,890,937,907,799,626,404,150,-123,-385,-627,-820,-944,-1001,-973,-870,-693,-461,-197,85,354,601,805,945,1009,1001,918,758,546,293,17,-263,-519,-747,-933,-1038,-1067,-1011,-881,-687,-429,-136,173,479,747,953,1089,1158,1120,982,779,502,175,-167,-487,-774,-1002,-1150,-1200,-1150,-1008,-788,-502,-182,157,481,770,999,1130,1172,1130,990,779,506,186,-138,-448,-720,-934,-1066,-1122,-1088,-962,-759,-503,-202,110,399,659,868,1010,1068,1039,928,744,513,237,-52,-326,261,-782,-922,-988,-985,-907,-757,-557,-310,-40,233,484,698,868,976,1007,965,849,660,416,137,-155,-445,-703,-910,-1050,-1105,-1064,-943,-745,-478,-160,182,504,793,1014,1166,1205,1143,988,739,429,81,-281,-620,-910,-1115,-1225,-1225,-1120,-912,-630,-303,58,419,728,974,1133,1192,1150,1004,777,483,157,-185,-508,-782,-980,-1079,-1087,-1004,-833,-591,-305,4,303,567,770,900,948,911,789,613,392,141,-114,-354,-543,-688,-758,-761,-707,-590,-438,-233,-26,172,345,495,594,636,613,542,428,271,89,-92,-254,-393,-488,-533,-522,-454,-341,-192,-27,138,281,384,427,410,339,220,79,-61,-164,-145,-131,0,-114,-247,121,68,-6,-87,-166,-220,-235,-220,-178,-107,-22,56,140,202,244,263,255,217,159,95,19,-66,-144,-208,-258,-285,-286,-266,-230,-166,-73,16,109,202,283,343,371,369,337,276,175,55,-66,-191,-310,-403,-460,-481,-457,-381,-268,-124,35,189,334,447,517,540,515,441,327,184,22,-139,-286,-404,-488,-532,-531,-476,-375,-255,-111,42,187,310,408,474,491,474,417,318,200,69,-61,-182,-290,-369,-417,-434,-420,-368,-290,-199,-81,31,140,237,309,364,390,385,350,289,207,113,8,-96,-185,-259,-318,-351,-365,-337,-295,-231,-153,-61,38,135,212,281,330,356,353,245,266,200,110,17,-81,-170,-248,-306,-343,-359,-340,-297,-237,-152,-58,34,121,203,267,314,346,345,320,281,223,142,57,-38,-130,-207,-281,-336,-361,-380,-363,-318,-258,-167,-63,39,152,260,354,424,466,474,443,374,274,161,21,-125,-267,-399,-487,-548,-565,-538,-468,-354,-212,-36,132,283,430,533,598,620,584,505,385,233,57,-121,-292,-442,-549,-612,-628,-586,-505,-386,-235,-72,105,267,399,505,564,572,540,471,372,242,100,-41,-172,-290,-385,-451,-480,-484,-453,-391,-310,-206,-96,24,147,250,346,421,473,487,483,442,363,260,143,1,-151,-308,-442,-540,-597,248,164
39290,mtk,MTK 7916,2425449692,rx1-tx0,512,0,48,512,707,630,498,322,107,-112,-338,-545,-700,-811,-853,-816,-712,-557,-346,-91,161,414,646,812,912,938,890,763,559,310,40,-239,-513,-743,-898,-990,-991,-921,-768,-548,-283,13,311,584,803,955,1031,1016,915,749,513,233,-61,-360,-608,-812,-970,-1025,-1010,-908,-724,-490,-215,70,350,606,821,948,1006,981,881,709,473,197,-93,-359,-599,-790,-915,-962,-942,-834,-655,-427,-167,104,362,584,767,877,905,878,770,594,386,137,-119,-348,-548,-698,-796,-827,-792,-693,-542,-354,-135,91,297,481,619,712,752,729,643,511,342,144,-68,-267,-442,-577,-677,-715,-682,-605,-471,-306,-126,216,257,438,564,647,678,637,554,430,260,83,-112,-286,-429,-541,-600,-620,-577,-488,-362,-206,-37,131,282,403,503,549,545,497,426,316,168,10,-140,-270,-379,-466,-500,-469,-432,-355,-233,-112,18,155,254,338,394,422,401,343,270,184,83,-19,-110,-199,-263,-298,-312,-326,-290,-239,-179,-105,-22,51,136,214,260,288,288,276,246,189,113,48,-50,-127,-190,-253,-261,-261,-254,-214,-156,-92,-24,61,129,180,218,237,243,223,179,121,56,-4,-73,-128,-170,-199,-214,-210,-174,-122,-63,-5,63,119,158,178,186,171,136,89,26,-34,-92,-135,-150,-145,-116,-64,-5,-790,-738,0,187,7,-148,-233,-280,-276,-216,-119,5,136,244,330,370,356,299,205,86,-43,-159,-269,-338,-377,-372,-326,-252,-162,-42,84,198,292,351,381,372,337,271,166,50,-54,-164,-266,-317,-372,-377,-346,-297,-216,-121,-15,95,194,282,350,380,381,355,285,202,105,-6,-120,-238,-321,-363,-386,-386,-350,-277,-190,-89,26,132,232,313,361,386,359,310,244,165,55,-56,-148,-240,-315,-337,-358,-337,-281,-217,-137,-46,52,139,211,264,308,315,306,264,199,117,26,-54,-137,-200,-253,-277,-287,-267,-239,-188,-103,-36,32,108,165,211,241,242,230,193,160,108,45,-15,-80,-131,-584,-176,-188,-192,-178,-148,-119,-83,-21,28,62,103,136,158,166,165,155,123,97,71,16,-22,-51,-98,-126,-136,-138,-139,-136,-117,-92,-69,-41,-16,10,41,72,93,113,130,142,155,162,161,133,110,83,27,-42,-111,-171,-228,-270,-307,-309,-281,-239,-170,-77,39,150,255,360,426,477,465,410,327,203,61,-93,-253,-393,-498,-561,-572,-542,-454,-326,-176,2,178,334,461,560,616,617,556,457,315,154,-22,-207,-368,-493,-586,-628,-612,-558,-453,-309,-139,32,204,357,482,572,612,609,560,466,341,186,6,-171,-334,-471,-576,-636,-645,-609,-531,-408,-247,-65,114,197,295,0,-824,-651,-206,-404,-580,-704,-770,-779,-737,-616,-451,-240,13,259,489,677,821,889,878,814,665,455,206,-63,-329,-576,-777,-909,-968,-953,-856,-671,-438,-158,133,410,666,857,986,1029,979,847,650,399,108,-194,-473,-712,-901,-1006,-1035,-974,-826,-637,-376,-77,211,495,724,899,998,1017,955,815,602,340,67,-221,-485,-718,-881,-975,-981,-912,-772,-566,-315,-42,230,485,696,845,928,936,862,729,522,276,22,-232,-472,-656,-797,-860,-855,-784,-653,-475,-257,-22,210,424,590,711,776,773,716,598,438,247,31,-186,-384,-536,-650,-715,-720,-674,-566,-414,-231,-25,169,355,516,625,691,757,644,531,368,192,-9,-202,-368,-512,-602,-645,-633,-563,-460,-312,-157,19,199,355,484,563,593,573,505,407,264,102,-63,-213,-339,-456,-528,-542,-510,-440,-342,-215,-59,83,205,329,410,444,461,426,356,267,157,39,-91,-191,-271,-327,-360,-359,-336,-296,-221,-133,-54,40,136,196,248,289,294,290,273,215,146,73,-8,-82,-159,-227,-263,-288,-294,-255,-217,-151,-67,-1,75,156,210,243,263,261,225,178,113,50,-20,-100,-157,-204,-225,-231,-215,-170,-122,-65,-7,63,121,162,185,198,190,157,109,57,2,-61,-110,-151,-170,-165,-144,-92,-34,21,74,107,115,155,-330,0,240,311,-192,-120,-9,112,224,301,341,322,260,158,20,-115,-233,-321,-373,-374,-343,-272,-167,-50,83,192,282,351,392,385,339,255,153,37,-75,-179,-276,-351,-383,-376,-353,-267,-179,-87,31,125,220,301,353,375,367,326,263,161,50,-58,-168,-263,-325,-377,-391,-378,-328,-234,-138,-40,76,192,278,336,381,387,356,304,217,123,6,-113,-203,-277,-335,-373,-359,-328,-278,-180,-86,5,108,190,255,301,334,329,294,238,175,88,-9,-98,-181,-243,-285,-297,-293,-260,-218,-151,-76,6,88,150,215,245,251,256,239,193,139,68,4,-66,-123,-164,-203,-216,-219,-205,-165,-674,-80,-37,14,70,107,133,164,175,164,151,134,103,63,18,-28,-70,-98,-113,-148,-166,-153,-144,-128,-89,-61,-27,2,49,76,95,114,124,129,129,128,120,103,79,49,31,-2,-38,-85,-131,-153,-189,-220,-227,-218,-194,-150,-94,-18,78,161,240,318,373,396,378,334,249,141,10,-140,-267,-385,-471,-521,-531,-492,-404,-273,-113,59,224,375,486,567,603,584,508,394,251,70,-110,-288,-435,-541,-609,-631,-599,-512,-383,-230,-47,125,285,432,551,609,625,590,512,392,239,70,-101,-269,-413,-524,-598,-630,-612,-544,-439,-295,-126,51,221,384,528,629,668,660,-238,-82
39291,mtk,MTK 7916,2425449692,rx1-tx1,512,0,0,0,289,-42,-363,-610,-707,-632,-411,-95,247,533,684,678,522,244,-101,-422,-626,-674,-568,-338,-24,286,531,637,580,387,114,-181,-437,-584,-573,-420,-171,124,387,536,556,441,212,-72,-337,-514,-561,-470,-260,26,311,512,586,519,323,33,-265,-504,-616,-580,-398,-126,181,452,622,638,495,237,-70,-376,-593,-668,-587,-362,-49,271,522,653,627,460,190,-131,-416,-603,-644,-539,-307,-1,295,517,616,573,401,142,-147,-400,-547,-565,-449,-231,31,266,447,522,469,310,88,-146,-336,-436,-435,-332,-160,46,236,354,389,336,200,17,-151,-279,-336,-311,-208,-59,95,209,269,0,208,94,-43,-159,-232,-247,-195,-92,26,136,207,212,168,83,-22,-121,-189,-205,-166,-94,0,99,170,194,160,87,-13,-118,-194,-223,-204,-117,9,130,222,267,246,170,45,-103,-232,-303,-314,-248,-129,31,192,318,376,346,245,88,-96,-271,-389,-423,-367,-232,-45,155,319,421,438,364,208,8,-191,-355,-451,-447,-350,-186,6,197,353,441,430,335,174,-15,-198,-344,-417,-393,-300,-156,14,178,304,367,352,273,146,-5,-148,-261,-324,-320,-250,-138,-8,118,222,280,285,236,151,48,-66,-162,-226,-251,-238,-185,-109,-19,66,131,172,188,178,146,101,53,7,0,0,0,0,0,27,16,-7,-34,-58,-76,-79,-71,-47,-14,27,65,92,105,98,65,19,-34,-86,-123,-130,-106,-61,-4,58,110,133,132,107,54,-25,-90,-125,-134,-124,-79,-11,55,103,128,120,82,15,-44,-88,-119,-121,-77,-14,49,95,123,122,79,-1,-88,-151,-179,-166,-99,2,108,198,248,244,176,49,-95,-228,-321,-347,-288,-155,21,200,340,416,394,278,101,-105,-307,-448,-479,-403,-244,-20,222,412,511,495,370,164,-93,-330,-493,-544,-472,-290,-46,208,412,523,517,390,165,-98,-338,-492,-527,-439,-251,-5,238,429,511,466,308,79,-169,-381,-493,-482,-353,-134,0,358,490,508,397,188,-69,-320,-510,-565,-481,-281,-4,285,503,605,560,376,93,-212,-477,-629,-627,-470,-208,112,422,639,695,579,323,-17,-357,-607,-719,-666,-446,-110,264,577,754,753,567,245,-139,-496,-739,-800,-673,-390,1,393,691,822,761,517,140,-273,-622,-819,-827,-631,-278,137,514,772,845,719,424,17,-395,-699,-839,-789,-548,-169,241,584,789,805,628,302,-92,-447,-698,-781,-674,-393,-28,330,601,732,683,463,126,-231,-525,-695,-687,-501,-201,141,453,644,674,540,275,-55,-367,-595,-673,-584,-352,-34,290,542,660,610,410,116,-204,-475,-636,-637,-484,-208,0,0,0,0,0,622,690,595,355,30,-305,-568,-694,-652,-458,-167,168,474,663,687,557,299,-33,-349,-575,-661,-592,-378,-82,228,481,607,579,412,149,-152,-402,-552,-572,-437,-187,106,363,527,557,454,233,-50,-327,-517,-570,-487,-278,3,291,502,599,543,352,67,-234,-482,-621,-614,-453,-181,134,418,603,642,526,290,-15,-324,-567,-659,-605,-413,-122,195,463,629,646,507,249,-63,-359,-561,-624,-546,-348,-68,216,447,574,571,436,200,-86,-336,-495,-541,-467,-280,-38,205,392,486,456,318,118,-94,-286,-413,-427,-333,-178,8,188,318,365,317,202,42,-119,-244,-304,-290,-208,-79,0,181,250,256,198,90,-34,-145,-216,-233,-197,-105,14,119,191,207,166,82,-22,-112,-173,-197,-167,-82,18,110,184,219,189,104,-11,-126,-209,-244,-217,-139,-20,112,219,279,270,200,77,-66,-209,-322,-353,-299,-179,-24,147,293,382,383,302,163,-19,-218,-370,-434,-405,-299,-132,69,267,409,453,411,301,118,-99,-286,-407,-448,-401,-274,-91,109,274,388,425,376,243,68,-110,-262,-363,-392,-339,-223,-67,97,238,323,345,302,210,79,-75,-208,-284,-306,-283,-209,-94,39,152,233,271,264,209,122,22,-77,-157,-211,-228,-210,-163,-98,-30,31,80,112,122,112,0,0,0,0,0,38,54,63,60,47,26,-12,-54,-81,-94,-96,-84,-45,5,54,93,119,120,88,38,-16,-75,-120,-135,-120,-80,-24,32,95,133,138,114,66,-4,-70,-121,-141,-130,-87,-18,54,104,128,118,80,16,-51,-99,-114,-106,-71,-11,67,132,155,140,84,-9,-105,-178,-213,-200,-133,-20,107,220,295,292,224,98,-63,-221,-337,-381,-341,-226,-45,158,332,434,434,340,173,-47,-265,-431,-506,-465,-310,-89,159,378,515,536,433,221,-37,-275,-459,-541,-500,-349,-111,156,387,519,533,420,213,-50,-292,-458,-514,-452,-281,-45,203,400,499,470,328,108,-143,-362,-491,0,-382,-163,100,345,500,533,439,230,-44,-314,-515,-592,-518,-323,-44,253,492,615,597,434,154,-169,-453,-632,-659,-529,-263,63,385,627,711,616,375,40,-310,-592,-750,-719,-508,-174,198,530,740,783,631,315,-84,-454,-713,-808,-709,-443,-64,332,657,826,801,573,202,-216,-575,-803,-847,-681,-346,65,454,741,856,765,491,113,-301,-652,-826,-801,-590,-241,160,520,755,800,645,347,-27,-395,-656,-757,-676,-435,-88,278,569,708,677,488,175,-183,-486,-656,-674,-527,-245,94,409,623,680,568,317,-8,-330,-564,-665,-599,-387,-78,246,510,648,632,449,160,-167,-458,-632,0,0
39292,mtk,MTK 7916,2425449692,rx2-tx0,512,0,0,0,-1036,-979,-682,-215,303,749,1004,1009,766,330,-184,-647,-946,-1014,-820,-420,72,542,878,994,849,494,18,-464,-825,-965,-858,-531,-67,409,773,935,853,556,116,-361,-755,-947,-889,-600,-155,339,750,963,935,672,229,-280,-719,-980,-992,-752,-325,195,672,974,1027,820,400,-118,-606,-939,-1034,-863,-463,58,567,924,1045,902,525,6,-519,-918,-1088,-971,-607,-79,474,908,1118,1054,715,195,-388,-883,-1154,-1135,-838,-336,256,786,1128,1197,973,513,-75,-645,-1060,-1208,-1061,-657,-97,488,941,1158,1097,762,245,-325,-803,-1085,-1092,-820,-361,175,663,976,1046,854,445,-74,-562,-900,-1000,0,-488,-7,478,838,976,862,528,59,-422,-802,-978,-910,-594,-128,370,782,1000,965,683,227,-297,-754,-1031,-1052,-799,-338,212,718,1060,1144,945,507,-60,-634,-1065,-1239,-1116,-721,-140,480,992,1277,1254,928,380,-269,-848,-1235,-1328,-1102,-613,19,660,1141,1352,1240,837,228,-440,-1000,-1316,-1329,-1028,-487,175,804,1240,1372,1196,742,118,-526,-1043,-1324,-1302,-986,-451,183,765,1165,1297,1139,733,175,-412,-886,-1141,-1145,-904,-465,59,545,889,1027,934,637,218,-223,-593,-816,-850,-701,-405,-35,320,590,718,682,504,229,-80,-358,-546,-609,-555,-402,-175,68,272,413,473,449,357,227,83,0,0,0,0,0,-28,-157,-277,-379,-434,-420,-328,-174,25,234,414,526,541,452,274,34,-221,-438,-563,-580,-471,-255,22,291,511,616,579,419,164,-141,-415,-593,-642,-547,-317,-22,286,526,647,608,425,139,-168,-440,-609,-631,-495,-240,74,375,580,637,535,300,-19,-346,-593,-692,-616,-384,-52,303,594,744,720,513,173,-222,-566,-777,-809,-647,-327,83,472,755,857,756,470,63,-362,-699,-873,-835,-592,-204,237,624,857,883,698,340,-104,-526,-813,-906,-780,-464,-27,415,755,911,856,586,168,-294,-678,-895,-899,-682,-298,148,558,837,913,760,428,-11,-447,-774,-900,-804,-516,-103,335,0,862,815,567,181,-246,-608,-820,-826,-614,-245,185,569,807,839,661,310,-131,-543,-811,-878,-724,-387,60,502,818,933,808,478,22,-441,-807,-967,-884,-576,-122,364,766,980,950,673,226,-277,-712,-967,-988,-756,-337,169,633,943,1007,814,420,-82,-569,-910,-1017,-869,-497,10,512,891,1037,919,567,63,-461,-870,-1056,-974,-652,-158,380,824,1059,1034,747,272,-273,-757,-1055,-1089,-844,-390,165,676,1012,1097,917,501,-41,-571,-956,-1105,-973,-602,-82,456,882,1086,1014,687,189,-349,-796,-1045,-1039,-762,-299,232,708,1006,1055,835,407,-121,-615,-956,-1055,-890,-503,7,513,892,1046,0,0,0,0,0,140,-371,-797,-1027,-1005,-730,-277,249,709,988,1018,794,376,-126,-593,-917,-1002,-836,-460,27,504,847,971,850,510,40,-433,-788,-952,-859,-539,-85,387,764,943,879,582,134,-355,-757,-967,-923,-643,-191,314,741,980,972,719,276,-245,-702,-982,-1014,-784,-355,161,637,957,1038,845,434,-90,-588,-932,-1039,-881,-494,20,538,925,1066,933,558,40,-495,-908,-1101,-1012,-658,-132,429,890,1140,1102,784,266,-320,-832,-1137,-1171,-914,-421,170,720,1098,1205,1018,580,3,-571,-1002,-1189,-1084,-712,-165,407,871,1118,1085,789,308,-242,-730,-1034,-1070,-839,-407,120,602,924,1022,858,466,-34,0,-867,-990,-862,-517,-43,442,816,981,890,567,96,-397,-793,-991,-937,-643,-178,339,777,1024,1007,738,280,-257,-747,-1052,-1093,-873,-430,140,686,1068,1196,1033,617,44,-553,-1028,-1261,-1184,-815,-247,382,936,1271,1295,1015,493,-147,-766,-1201,-1353,-1180,-734,-111,539,1060,1336,1292,936,358,-309,-902,-1281,-1360,-1117,-617,26,659,1147,1362,1257,868,284,-360,-920,-1264,-1322,-1089,-609,2,598,1040,1241,1163,834,331,-225,-711,-1025,-1098,-934,-571,-96,377,739,927,904,684,319,-88,-450,-701,-791,-695,-456,-138,195,472,635,653,534,315,43,-223,-431,-543,-548,-456,-295,-96,92,237,322,349,0,0,0,0,0,305,307,259,148,-6,-182,-344,-461,-503,-463,-336,-135,99,323,489,564,525,376,144,-121,-368,-543,-607,-536,-340,-69,213,455,605,622,490,245,-60,-350,-562,-642,-579,-383,-92,222,477,624,622,467,197,-116,-401,-591,-634,-520,-272,51,357,587,667,573,334,16,-329,-597,-725,-671,-447,-108,262,583,778,781,593,250,-152,-527,-774,-835,-704,-404,2,416,730,870,801,535,132,-305,-672,-875,-864,-646,-269,171,575,842,899,738,396,-43,-475,-786,-912,-817,-522,-100,356,721,909,882,644,240,-223,-625,-875,-912,-732,-371,78,510,808,908,793,484,47,-395,-729,-881,-817,0,-141,283,644,845,824,597,222,-212,-592,-817,-834,-637,-273,158,551,813,863,688,336,-103,-523,-815,-900,-762,-424,26,476,812,947,841,525,75,-404,-791,-976,-916,-632,-181,322,739,978,972,722,287,-219,-667,-952,-1000,-790,-380,128,605,928,1009,840,457,-41,-541,-904,-1035,-894,-525,-22,485,870,1041,945,602,111,-416,-844,-1054,-1004,-702,-216,334,797,1062,1063,795,327,-226,-718,-1036,-1093,-880,-443,103,625,986,1099,943,552,18,-517,-918,-1093,-992,-644,-136,400,833,1065,1026,726,246,-291,-751,-1027,-1044,-800,-357,170,656,980,1059,863,456,-61,-565,-923,-1046,-911,-551,-51,0,0
39293,mtk,MTK 7916,2425449692,rx2-tx1,512,0,0,0,537,584,499,301,39,-235,-440,-534,-501,-348,-123,129,341,469,482,387,200,-33,-254,-407,-450,-392,-240,-39,166,320,390,367,258,92,-82,-228,-312,-321,-251,-123,19,149,231,246,198,111,1,-92,-150,-172,-151,-86,-8,56,93,101,70,6,-46,-66,-63,-33,6,50,93,109,78,7,-87,-152,-188,-190,-131,-13,112,223,291,288,208,72,-98,-252,-346,-365,-308,-174,15,216,374,442,403,259,47,-173,-360,-469,-466,-351,-152,84,309,464,505,421,230,-10,-255,-439,-510,-463,-302,-59,201,407,513,508,377,141,-133,-364,-502,-524,-428,-221,49,309,489,552,483,0,22,-254,-459,-557,-523,-352,-91,185,424,559,544,395,160,-124,-380,-555,-589,-478,-242,58,350,556,619,539,325,15,-311,-557,-677,-630,-427,-114,245,558,733,734,561,246,-143,-498,-747,-824,-704,-407,-10,393,710,867,824,584,196,-243,-640,-888,-931,-751,-406,41,484,823,963,887,608,182,-291,-690,-936,-981,-787,-414,43,492,842,997,927,655,236,-235,-649,-919,-979,-818,-490,-59,373,725,908,894,687,338,-77,-463,-731,-830,-750,-511,-184,177,492,685,717,609,383,80,-227,-469,-606,-613,-497,-287,-30,214,400,503,516,431,273,78,-105,-255,-345,-371,-337,-259,-155,0,0,0,0,0,-7,74,149,214,254,262,224,150,43,-77,-197,-282,-311,-293,-222,-107,33,161,271,330,317,240,114,-32,-173,-276,-330,-318,-239,-105,49,190,296,340,309,221,82,-82,-223,-306,-326,-280,-177,-41,95,209,286,304,251,141,17,-102,-196,-252,-247,-194,-97,2,96,158,179,168,133,67,6,-51,-97,-123,-121,-98,-71,-41,-10,13,40,71,88,88,80,69,58,29,-19,-74,-118,-151,-161,-138,-72,7,77,141,193,201,164,84,-7,-107,-194,-235,-222,-168,-79,35,149,227,259,229,151,32,-89,-187,-234,-233,-178,-81,39,143,213,235,196,101,-19,-122,-195,0,-207,-119,-2,122,213,237,199,122,9,-117,-217,-265,-242,-153,-28,106,218,284,274,198,63,-86,-223,-306,-309,-236,-102,66,224,324,356,304,173,-17,-204,-348,-399,-362,-232,-41,156,323,407,397,289,110,-106,-290,-402,-421,-327,-153,50,251,384,415,345,186,-35,-250,-399,-447,-378,-215,15,252,433,499,449,280,35,-227,-438,-559,-537,-386,-130,175,445,598,613,486,247,-77,-389,-608,-681,-598,-368,-52,289,566,712,690,507,211,-145,-478,-693,-745,-625,-365,-20,337,619,749,718,517,197,-168,-486,-690,-737,-612,-345,-13,317,578,692,636,441,150,-170,-442,-601,0,0,0,0,0,-268,17,287,486,568,506,326,80,-177,-394,-508,-493,-366,-162,76,292,435,464,379,214,1,-206,-352,-413,-372,-245,-70,115,269,350,341,255,114,-45,-183,-275,-293,-228,-122,3,119,192,207,171,93,4,-73,-124,-136,-104,-46,16,62,82,65,21,-27,-60,-76,-63,-16,54,117,149,144,101,8,-103,-198,-248,-244,-158,-27,110,239,330,338,266,133,-53,-233,-364,-414,-367,-215,-1,207,367,451,434,310,99,-138,-339,-462,-480,-380,-189,54,285,447,506,446,276,26,-228,-420,-513,-486,-334,-98,164,390,520,517,397,185,-81,-326,-496,-544,-455,-253,13,282,0,552,494,320,62,-216,-440,-557,-535,-378,-130,148,405,553,565,441,198,-104,-376,-558,-606,-501,-269,40,343,569,663,587,366,50,-291,-565,-704,-677,-489,-172,199,524,740,786,633,316,-77,-456,-736,-847,-756,-490,-95,323,677,884,880,669,309,-131,-546,-848,-955,-831,-509,-69,392,765,965,942,699,306,-162,-602,-901,-994,-866,-542,-92,375,761,982,982,763,381,-79,-520,-836,-962,-869,-599,-206,224,591,822,872,737,439,55,-322,-605,-758,-750,-581,-292,42,358,590,682,627,457,200,-87,-342,-520,-585,-524,-376,-164,70,270,403,463,439,348,211,58,-83,-185,-233,0,0,0,0,0,-186,-192,-169,-115,-38,58,165,251,290,289,244,146,9,-118,-221,-301,-328,-282,-179,-48,96,225,307,326,286,186,37,-122,-248,-322,-334,-278,-158,-11,134,256,331,329,264,138,-10,-154,-263,-321,-300,-226,-104,40,167,250,271,240,169,66,-48,-146,-212,-223,-182,-124,-41,46,106,144,156,138,92,49,8,-40,-80,-93,-94,-88,-78,-60,-39,-9,26,63,91,110,115,107,79,19,-50,-114,-161,-183,-176,-135,-48,54,142,202,228,202,139,47,-68,-174,-234,-248,-204,-115,1,119,217,250,225,156,52,-67,-175,-240,-239,-181,-86,18,129,210,236,193,105,0,-132,-203,-232,-207,-125,-9,115,213,247,218,140,19,-117,-218,-272,-269,-189,-52,95,217,299,307,225,90,-70,-218,-319,-334,-263,-133,35,211,338,384,335,201,11,-180,-336,-413,-390,-272,-98,109,287,401,414,315,130,-78,-260,-386,-411,-335,-169,36,237,392,437,367,200,-25,-248,-411,-482,-419,-238,4,243,441,532,487,318,66,-209,-445,-583,-582,-441,-187,127,416,605,663,555,302,-17,-336,-581,-702,-648,-439,-132,210,528,720,730,573,289,-68,-411,-662,-758,-680,-449,-111,257,555,728,734,571,277,-76,-407,-639,-719,-631,-401,-85,243,498,637,628,468,210,0,0
39294,mtk,MTK 7916,2425491153,rx0-tx0,512,-349,-120,-92,-521,-496,-439,-341,-221,-82,58,198,336,450,536,590,589,564,498,388,254,106,-57,-209,-346,-461,-550,-603,-615,-571,-492,-384,-252,-96,61,195,330,440,502,536,533,488,418,328,223,108,-24,-145,-240,-317,-370,-401,-405,-393,-364,-306,-236,-159,-78,6,84,146,203,244,288,309,307,304,292,273,235,188,128,50,-35,-121,-201,-276,-352,-405,-413,-417,-396,-334,-245,-143,-22,96,221,324,406,470,489,489,445,366,282,155,16,-113,-241,-346,-428,-481,-493,-466,-412,-336,-229,-110,6,113,221,302,366,395,391,367,321,253,170,81,-5,-75,-147,-211,-258,-275,-283,-511,-235,-201,-156,-109,-48,4,55,102,138,164,180,189,188,183,167,140,113,77,42,12,-27,-69,-114,-139,-165,-185,-200,-203,-190,-172,-148,-115,-56,-4,56,124,179,225,243,254,257,238,200,147,82,15,-48,-107,-167,-218,-250,-268,-266,-247,-217,-160,-109,-52,12,75,143,193,229,258,273,264,241,202,145,73,5,-63,-119,-177,-229,-256,-270,-256,-232,-203,-163,-107,-36,38,112,177,207,239,256,251,225,190,147,86,16,-52,-106,-161,-205,-225,-237,-233,-202,-154,-100,-38,24,78,127,171,193,194,183,159,117,68,6,-52,-95,-137,-156,-151,-132,-93,-47,-188,-161,1179,148,-90,167,189,186,150,88,14,-70,-154,-222,-273,-290,-277,-245,-181,-100,-11,86,177,250,305,345,349,322,279,215,120,12,-98,-209,-297,-368,-407,-420,-401,-352,-274,-176,-59,64,187,293,374,433,463,452,424,353,254,142,20,-97,-227,-343,-418,-469,-487,-472,-424,-351,-254,-140,-11,117,237,343,410,451,478,471,429,347,241,146,25,-98,-209,-311,-384,-440,-455,-454,-426,-356,-281,-187,-74,49,162,249,336,406,442,447,426,387,311,227,122,16,-95,-202,-297,-377,-428,-451,-455,-419,-360,-276,-183,-66,51,158,269,344,403,447,455,425,375,299,200,101,-4,-112,-330,-287,-361,-408,-425,-421,-399,-349,-277,-187,-84,23,124,221,303,375,421,437,438,410,350,279,187,84,-19,-115,-215,-321,-400,-453,-484,-490,-461,-408,-335,-220,-92,39,166,286,409,507,572,600,588,531,449,331,179,23,-138,-292,-441,-547,-619,-667,-668,-608,-512,-397,-241,-65,110,276,424,556,652,702,697,656,571,445,284,107,-82,-255,-410,-544,-648,-695,-693,-642,-564,-443,-294,-128,34,211,360,481,576,623,631,593,520,421,297,162,14,-129,-260,-372,-455,-511,-536,-528,-494,-421,-329,-227,-112,9,127,235,330,409,461,486,488,454,410,320,229,112,-13,-138,780,584,-729,119,132,80,208,338,444,517,556,565,534,478,376,252,97,-65,-207,-349,-464,-543,-599,-614,-577,-505,-394,-256,-108,59,216,347,460,542,588,577,532,464,354,229,97,-45,-184,-294,-384,-438,-474,-480,-444,-389,-312,-219,-120,-23,69,160,233,286,322,344,351,326,290,250,202,149,78,16,-41,-106,-165,-222,-270,-321,-355,-363,-346,-310,-269,-202,-95,-2,90,194,301,388,450,480,470,431,357,269,151,29,-101,-237,-337,-424,-494,-514,-493,-439,-353,-251,-131,5,130,235,332,411,450,449,430,376,295,195,85,-15,-110,-196,-272,-315,-337,-333,-315,-281,-232,-162,-91,-17,1105,109,156,195,223,235,229,221,203,170,125,80,34,-6,-44,-85,-118,-144,-166,-171,-174,-174,-170,-150,-129,-102,-62,-20,37,85,123,160,197,225,232,234,212,173,123,63,11,-48,-114,-174,-221,-252,-262,-255,-237,-205,-159,-97,-29,40,97,160,212,240,263,258,252,222,177,124,69,1,-67,-124,-181,-232,-261,-272,-263,-239,-211,-155,-94,-18,54,115,167,211,248,265,264,248,199,145,92,23,-49,-109,-156,-200,-236,-251,-241,-216,-185,-128,-63,-2,66,126,172,201,215,210,192,167,121,60,1,-55,-108,-152,-180,-184,-167,-140,-102,-46,7,55,93,115,73,101,1145,-1401,-1404,51,-12,-87,-161,-213,-241,-246,-219,-162,-84,9,95,183,256,299,320,311,278,217,143,57,-47,-143,-231,-312,-366,-383,-380,-346,-284,-195,-88,29,145,246,334,395,436,441,413,352,267,158,28,-89,-205,-318,-401,-455,-475,-465,-436,-352,-251,-137,-9,118,241,344,428,481,495,476,427,342,239,128,14,-108,-230,-331,-399,-445,-481,-464,-425,-352,-258,-151,-39,66,181,282,356,419,458,461,429,374,299,201,84,-28,-132,-233,-320,-383,-425,-442,-438,-406,-340,-253,-141,-41,72,191,283,358,415,452,448,422,364,279,195,87,-33,-142,-241,-329,-388,-420,-435,-423,826,-321,-242,-146,-42,64,170,264,341,395,426,430,412,371,308,226,125,23,-80,-180,-270,-345,-412,-454,-460,-445,-417,-352,-258,-153,-39,86,201,301,400,482,526,544,534,485,399,277,141,-7,-158,-301,-424,-537,-605,-635,-622,-575,-487,-353,-211,-48,139,309,443,555,643,687,681,636,553,434,272,87,-95,-264,-424,-556,-651,-705,-703,-658,-572,-454,-298,-113,68,243,396,519,605,646,659,633,545,436,297,139,-18,-175,-312,-431,-517,-571,-584,-559,-504,-421,-311,-192,-54,76,202,315,396,459,499,508,488,437,362,275,167,56,-68,-179,-290,-378,-446,-496,-509,-498,-1151,-1267
39295,mtk,MTK 7916,2425491153,rx0-tx1,512,87,-147,-182,-678,-707,-695,-635,-522,-383,-217,-24,173,367,543,684,788,849,848,794,691,547,372,162,-54,-270,-484,-662,-802,-895,-937,-922,-849,-724,-552,-345,-113,126,362,581,767,906,986,1015,975,881,731,528,304,59,-190,-420,-627,-813,-943,-1017,-1028,-986,-892,-743,-555,-332,-92,162,407,632,831,971,1066,1102,1075,983,825,623,376,99,-184,-457,-717,-937,-1096,-1188,-1212,-1152,-1026,-839,-593,-306,0,305,592,846,1047,1178,1233,1217,1128,965,748,480,185,-119,-413,-677,-903,-1073,-1169,-1193,-1149,-1037,-858,-627,-360,-77,214,486,719,910,1047,1119,1122,1049,921,738,507,265,-3,-264,-501,-689,-879,-982,-1029,-1029,-962,-843,-676,-462,-233,5,246,478,686,848,962,1027,1034,981,868,706,498,250,-16,-281,-535,-764,-950,-1079,-1144,-1137,-1060,-917,-705,-442,-143,168,470,746,970,1134,1232,1237,1171,1025,797,520,207,-116,-437,-725,-963,-1131,-1220,-1235,-1159,-1014,-804,-542,-233,87,383,651,878,1044,1148,1159,1081,955,750,500,227,-60,-329,-580,-788,-922,-994,-989,-924,-793,-609,-401,-172,68,287,475,626,729,779,775,721,625,486,326,150,-32,-208,-365,-484,-578,-626,-624,-581,-498,-378,-233,-76,83,231,362,455,509,521,477,397,283,144,-8,-151,-269,-344,-368,-340,-269,-166,-49,-77,0,-252,-143,-100,-162,-202,-214,-197,-149,-85,-2,80,147,205,241,254,251,221,173,113,45,-28,-95,-160,-209,-248,-275,-280,-265,-241,-195,-135,-66,16,95,181,249,309,356,372,369,341,294,207,100,-1,-120,-234,-338,-428,-480,-500,-482,-434,-339,-228,-95,52,189,317,427,507,550,550,510,434,329,207,65,-80,-213,-331,-430,-488,-517,-520,-479,-413,-322,-212,-85,43,166,275,365,428,460,461,438,394,317,226,122,18,-86,-183,-262,-328,-378,-401,-403,-384,-340,-278,-206,-115,-28,62,155,234,295,342,367,359,347,315,258,196,120,37,-47,-128,-195,-261,-314,-346,-358,-349,-130,-272,-215,-144,-61,16,102,183,248,293,325,345,334,312,271,221,151,77,4,-73,-144,-205,-251,-290,-312,-321,-319,-295,-263,-217,-155,-92,-23,54,129,202,271,324,364,389,398,381,347,284,207,115,-1,-110,-221,-318,-404,-475,-519,-536,-514,-455,-376,-265,-133,12,158,290,422,520,581,619,610,564,488,369,236,91,-76,-234,-371,-490,-584,-633,-641,-610,-540,-446,-318,-174,-22,135,270,390,487,544,572,567,526,459,373,265,140,19,-96,-205,-302,-370,-427,-461,-474,-460,-422,-369,-306,-227,-139,-47,54,156,250,333,412,479,517,534,522,480,407,307,183,40,-75,-207,504,-89,-56,-139,33,209,385,534,649,739,781,775,722,616,464,290,87,-128,-331,-523,-676,-800,-874,-890,-862,-773,-631,-456,-249,-27,203,422,619,784,901,968,974,920,808,641,437,205,-42,-290,-519,-720,-875,-976,-1024,-1005,-924,-802,-635,-422,-187,58,297,527,726,888,996,1049,1047,979,866,690,474,236,-27,-292,-550,-773,-955,-1091,-1163,-1158,-1086,-948,-742,-492,-209,87,387,656,895,1080,1195,1235,1200,1092,913,678,397,95,-208,-497,-757,-971,-1123,-1203,-1211,-1146,-1011,-816,-561,-280,14,301,579,816,999,1115,1163,1147,1050,894,688,444,176,-105,-377,-611,-817,-961,-1046,-1079,-1035,-939,261,-587,-351,-113,133,377,587,775,908,984,1015,988,902,764,579,369,130,-125,-374,-600,-792,-946,-1050,-1087,-1058,-969,-816,-610,-360,-77,210,490,745,960,1115,1200,1206,1135,982,761,494,185,-140,-450,-739,-979,-1145,-1240,-1251,-1177,-1024,-806,-532,-232,92,402,681,914,1091,1200,1207,1135,992,784,530,242,-77,-362,-618,-842,-991,-1078,-1087,-1021,-892,-692,-457,-194,75,323,543,715,830,895,890,813,695,539,356,156,-48,-238,-411,-543,-638,-690,-697,-653,-560,-439,-297,-128,40,203,347,458,533,569,563,513,415,285,145,-15,-167,-295,-395,-450,-458,-413,-325,-204,-68,61,168,238,-145,-131,0,-114,-247,-140,-106,-43,31,111,178,226,251,237,203,151,82,9,-66,-137,-195,-236,-261,-265,-253,-223,-176,-121,-53,23,95,163,229,275,309,321,319,290,238,172,90,-9,-104,-194,-285,-366,-410,-433,-432,-389,-326,-226,-105,21,153,283,398,477,527,531,497,433,340,215,78,-72,-218,-344,-437,-503,-540,-540,-496,-428,-322,-197,-69,63,195,306,398,464,496,496,461,404,321,215,96,-21,-126,-228,-313,-379,-417,-431,-421,-381,-322,-254,-166,-68,32,130,213,279,334,369,382,376,347,293,226,156,66,-20,-97,-181,-246,-299,-341,-361,-360,-334,-292,-240,-166,-89,-7,76,245,221,275,317,341,343,339,301,247,181,111,25,-59,-134,-205,-265,-305,-326,-334,-327,-298,-257,-203,-143,-74,-7,63,135,195,251,295,321,344,343,330,300,250,187,113,27,-66,-162,-246,-321,-384,-441,-471,-465,-438,-380,-303,-200,-80,53,190,306,414,507,560,591,570,525,443,318,184,38,-121,-263,-401,-514,-587,-635,-644,-602,-523,-418,-283,-127,28,185,326,447,542,593,613,594,539,463,348,215,77,-65,-198,-309,-403,-471,-511,-517,-501,-464,-399,-314,-224,-118,-14,91,187,266,334,396,437,460,467,444,401,349,278,180,65,-53,-173,-291,-403,-498,-568,-606,248,164
39296,mtk,MTK 7916,2425491153,rx1-tx0,512,0,48,512,738,683,591,459,290,97,-109,-308,-506,-680,-794,-860,-877,-848,-758,-613,-418,-209,26,281,499,689,843,953,990,960,881,737,540,305,51,-212,-460,-676,-859,-990,-1047,-1037,-965,-833,-638,-404,-147,120,378,624,822,959,1045,1057,1002,897,738,528,288,23,-251,-496,-709,-880,-990,-1051,-1040,-949,-816,-620,-390,-145,106,349,582,772,912,991,1012,981,878,723,510,272,25,-223,-449,-649,-802,-908,-956,-939,-869,-740,-575,-366,-145,84,301,493,658,771,840,857,813,722,593,440,269,74,-129,-323,-502,-641,-727,-782,-786,-747,-647,-526,-370,-185,2,192,377,523,646,722,757,216,670,551,407,250,63,-127,-309,-461,-576,-657,-688,-686,-641,-553,-418,-267,-102,73,223,372,491,568,612,626,602,527,422,293,138,-13,-158,-293,-411,-501,-539,-561,-546,-485,-392,-291,-171,-29,98,209,317,384,429,458,456,421,355,276,187,89,-17,-121,-211,-271,-317,-351,-360,-358,-317,-268,-219,-151,-72,11,98,161,234,299,327,338,319,287,235,172,95,10,-74,-140,-205,-264,-289,-296,-279,-250,-202,-146,-88,-20,53,110,154,191,213,221,224,201,173,129,77,16,-43,-102,-145,-180,-195,-196,-186,-154,-109,-60,-9,47,94,138,163,163,147,111,59,10,-38,-790,-738,0,187,7,121,199,268,302,284,220,128,10,-108,-213,-301,-353,-379,-362,-311,-234,-123,-15,98,200,284,351,385,386,354,301,225,128,23,-87,-185,-265,-326,-369,-393,-373,-337,-278,-202,-115,-11,98,178,251,317,352,376,369,343,304,226,143,47,-55,-149,-243,-311,-361,-405,-400,-377,-333,-248,-158,-67,41,141,210,292,338,375,394,377,334,267,167,82,-8,-100,-177,-257,-312,-347,-360,-350,-320,-273,-205,-123,-43,44,123,199,257,294,331,322,300,277,221,150,72,-16,-84,-144,-204,-251,-276,-282,-272,-244,-206,-164,-113,-42,26,75,135,175,197,215,224,215,194,171,-584,90,43,3,-40,-82,-111,-136,-157,-166,-161,-159,-145,-129,-97,-74,-38,-1,28,58,84,111,136,161,159,149,133,116,96,80,54,20,-3,-15,-34,-65,-81,-109,-126,-119,-148,-163,-160,-164,-159,-147,-101,-57,-20,38,97,152,220,282,316,336,342,314,270,205,122,26,-90,-210,-325,-424,-494,-520,-525,-485,-409,-316,-182,-34,118,276,412,516,585,623,621,576,476,368,233,64,-100,-268,-416,-526,-602,-651,-650,-609,-544,-426,-278,-129,31,200,349,466,565,629,661,643,587,498,381,238,87,-58,-216,-367,-481,-569,-631,-657,-645,-599,-518,-399,-256,-97,65,232,197,295,0,-824,-651,-149,-335,-500,-642,-751,-807,-809,-764,-675,-531,-347,-146,65,287,496,685,826,913,957,919,816,677,486,258,3,-241,-480,-696,-862,-967,-1020,-1009,-927,-784,-592,-355,-92,167,423,659,851,982,1049,1050,992,869,677,456,203,-62,-319,-561,-765,-926,-1023,-1057,-1024,-926,-778,-577,-343,-86,189,435,653,835,956,1023,1021,965,842,672,460,221,-30,-284,-513,-709,-857,-948,-984,-957,-865,-729,-540,-331,-92,149,378,572,732,844,898,896,839,736,593,411,208,-8,-218,-411,-569,-688,-774,-811,-799,-743,-633,-483,-304,-123,70,262,433,578,690,752,767,743,658,537,392,221,36,757,-336,-495,-607,-685,-722,-706,-649,-546,-417,-259,-81,94,258,409,533,616,672,665,620,544,418,281,135,-16,-181,-324,-433,-529,-581,-596,-575,-513,-422,-293,-154,-17,130,253,354,431,501,513,488,447,376,281,182,69,-51,-170,-266,-335,-383,-411,-409,-389,-328,-258,-191,-111,-33,61,145,209,269,325,351,352,319,279,242,167,88,-6,-87,-165,-232,-285,-310,-309,-291,-266,-242,-169,-89,-11,59,119,177,216,245,261,251,221,176,132,79,24,-39,-96,-144,-179,-203,-216,-209,-184,-144,-95,-42,2,56,107,143,163,181,177,151,110,55,-2,-55,-101,-124,-129,-109,155,-330,0,240,311,205,167,83,-24,-143,-240,-313,-351,-339,-296,-213,-108,12,124,225,314,366,383,374,330,266,175,65,-46,-150,-239,-320,-371,-388,-383,-341,-279,-204,-116,-10,90,182,266,320,364,388,374,338,286,208,124,27,-75,-162,-246,-318,-368,-401,-398,-371,-315,-240,-159,-55,55,140,232,308,353,383,400,368,328,263,171,86,-19,-117,-198,-274,-327,-356,-371,-348,-317,-268,-193,-111,-13,74,153,223,284,323,346,337,311,274,206,142,61,-27,-90,-168,-239,-277,-304,-309,-286,-258,-211,-151,-83,-15,44,106,155,196,233,252,239,224,201,154,109,62,8,-45,-87,-130,-674,-188,-184,-179,-175,-161,-141,-114,-79,-37,-2,33,65,100,127,135,159,153,144,138,121,103,75,35,-1,-23,-52,-75,-96,-104,-123,-133,-135,-132,-133,-118,-103,-95,-62,-48,-34,11,41,70,100,147,185,199,223,244,239,226,199,139,72,-1,-96,-189,-270,-348,-405,-443,-449,-420,-358,-266,-147,-22,113,255,371,475,558,585,590,546,455,339,199,52,-111,-280,-421,-513,-603,-638,-641,-612,-526,-401,-257,-94,79,234,382,515,599,645,662,634,554,455,328,183,25,-143,-291,-427,-529,-607,-634,-639,-616,-547,-440,-311,-169,-14,148,295,437,545,629,676,683,652,-238,-82
39297,mtk,MTK 7916,2425491153,rx1-tx1,512,0,0,0,275,-118,-478,-709,-754,-587,-257,140,503,728,761,581,245,-151,-514,-735,-753,-564,-224,168,502,695,697,505,173,-203,-504,-662,-631,-428,-108,243,523,643,572,337,4,-324,-564,-637,-522,-257,77,403,609,633,476,183,-167,-480,-659,-652,-461,-129,236,532,690,665,450,105,-268,-566,-718,-667,-434,-77,292,592,731,668,411,56,-318,-608,-722,-641,-394,-44,319,584,687,601,361,27,-313,-561,-652,-565,-336,-15,306,535,604,509,289,1,-285,-492,-546,-453,-247,21,277,441,485,398,204,-32,-262,-414,-433,-333,-158,58,250,371,378,274,110,-70,-239,-333,-315,-210,-58,0,240,304,272,157,1,-154,-255,-280,-230,-105,50,186,265,267,194,64,-93,-214,-277,-260,-161,-19,130,249,295,252,132,-27,-183,-300,-336,-266,-113,70,240,348,367,288,128,-76,-270,-401,-422,-334,-149,76,284,426,471,384,200,-35,-268,-436,-495,-434,-263,-15,235,431,524,485,326,87,-176,-392,-508,-503,-381,-168,79,307,461,507,422,239,4,-226,-391,-462,-431,-300,-97,117,293,398,404,324,172,-14,-198,-327,-374,-339,-226,-67,98,239,313,315,256,150,13,-120,-219,-273,-269,-210,-108,7,115,190,225,221,179,108,20,-65,-128,-157,-161,-147,-110,-65,-28,0,0,0,0,0,-38,-17,8,35,59,77,82,67,33,-10,-55,-82,-94,-92,-66,-15,41,84,107,105,76,27,-35,-91,-122,-118,-86,-34,28,85,119,126,98,34,-36,-86,-121,-122,-87,-30,37,92,114,107,68,8,-60,-105,-113,-87,-36,29,89,129,123,59,-25,-108,-168,-189,-141,-41,72,176,245,249,199,83,-82,-235,-331,-344,-267,-105,88,268,389,422,334,152,-73,-291,-445,-486,-404,-212,41,290,468,526,447,251,-16,-289,-486,-549,-473,-280,1,283,484,559,490,289,5,-273,-477,-552,-483,-271,3,270,465,533,447,243,-27,-292,-476,-521,-418,-203,75,334,496,0,392,152,-136,-387,-534,-537,-384,-107,203,456,591,562,365,61,-255,-513,-638,-582,-354,-29,307,564,667,587,348,-5,-363,-624,-712,-606,-322,53,423,687,757,610,294,-108,-489,-737,-782,-612,-270,158,548,792,817,614,245,-202,-595,-824,-824,-601,-208,241,632,853,841,591,175,-295,-690,-882,-829,-563,-142,331,705,890,830,545,107,-355,-720,-879,-804,-503,-60,392,727,859,747,435,20,-393,-700,-805,-685,-376,41,437,701,768,616,293,-106,-473,-702,-727,-549,-218,173,506,696,689,488,145,-241,-560,-711,-668,-434,-73,305,590,715,639,382,15,-359,-627,-714,-602,-322,0,0,0,0,0,693,741,585,268,-130,-494,-723,-755,-587,-257,148,509,736,763,581,241,-154,-506,-710,-724,-538,-200,187,506,678,661,455,128,-223,-509,-651,-602,-385,-59,278,533,629,539,291,-42,-364,-580,-629,-503,-229,119,435,629,644,468,155,-206,-506,-671,-653,-447,-112,245,552,709,674,443,87,-300,-596,-733,-670,-432,-72,305,588,713,655,416,57,-311,-593,-711,-634,-384,-34,310,571,674,588,346,22,-301,-537,-632,-549,-311,-8,293,517,588,500,282,-8,-285,-464,-519,-429,-227,24,258,422,465,384,187,-57,-265,-388,-399,-308,-135,65,244,345,342,247,80,-108,-246,-309,0,-189,-27,136,254,296,247,129,-17,-160,-256,-273,-203,-81,56,182,261,261,177,34,-118,-233,-285,-251,-146,5,159,273,311,260,130,-43,-215,-324,-344,-266,-119,70,256,376,392,309,136,-77,-283,-416,-438,-347,-172,57,284,444,497,420,233,-14,-265,-444,-515,-468,-307,-63,193,406,523,501,356,131,-130,-351,-485,-507,-409,-209,39,266,414,474,433,276,54,-166,-338,-438,-430,-321,-150,51,236,359,390,332,199,33,-136,-271,-344,-333,-244,-105,45,175,263,294,264,176,57,-71,-176,-237,-252,-221,-151,-54,44,125,180,201,187,139,76,12,-44,-84,-104,-113,0,0,0,0,0,-33,-50,-59,-59,-44,-18,18,56,85,95,77,45,4,-44,-84,-107,-105,-71,-19,28,79,115,117,87,39,-21,-83,-124,-126,-96,-37,37,96,125,125,96,40,-26,-83,-120,-122,-83,-19,43,89,108,88,41,-14,-70,-113,-110,-71,-7,66,125,153,126,59,-44,-146,-212,-219,-165,-56,74,201,291,309,225,73,-93,-251,-365,-383,-295,-126,86,283,420,452,370,190,-53,-291,-462,-519,-433,-227,36,296,484,544,466,267,-12,-281,-477,-550,-479,-281,-5,271,480,558,487,283,7,-274,-474,-544,-468,-273,4,279,469,526,440,228,-54,-316,-488,-526,-414,-177,0,364,517,531,393,144,-155,-416,-562,-547,-371,-93,222,482,609,567,359,45,-286,-538,-655,-587,-354,-18,330,594,690,594,337,-26,-392,-654,-728,-607,-310,79,454,707,768,615,284,-135,-523,-767,-800,-619,-264,169,565,797,812,607,221,-228,-621,-848,-845,-600,-188,279,667,876,844,581,149,-326,-704,-897,-852,-561,-120,343,715,896,823,524,88,-364,-713,-862,-779,-475,-51,381,705,834,721,407,-11,-416,-704,-791,-649,-325,77,455,704,747,578,251,-143,-490,-700,-710,-516,-181,206,541,711,673,449,105,-274,-578,-712,-638,-391,-34,333,606,715,618,346,-25,-387,-641,0,0
39298,mtk,MTK 7916,2425491153,rx2-tx0,512,0,0,0,-1055,-945,-568,-29,525,930,1065,892,469,-81,-603,-956,-1036,-810,-359,183,669,961,974,702,225,-312,-749,-967,-902,-573,-73,441,820,954,806,417,-90,-578,-897,-944,-708,-260,266,719,968,929,610,106,-434,-848,-1019,-897,-510,35,572,941,1044,842,390,-175,-687,-1006,-1029,-745,-245,326,810,1049,982,628,79,-489,-916,-1078,-921,-489,92,653,1030,1107,857,348,-266,-804,-1123,-1123,-788,-217,419,941,1205,1126,720,110,-535,-1032,-1247,-1110,-657,-22,619,1085,1248,1059,574,-64,-676,-1100,-1215,-988,-487,147,730,1100,1148,881,371,-235,-767,-1073,-1061,-752,-234,340,812,1039,957,604,92,0,-853,-1006,-857,-461,60,564,905,979,764,314,-221,-693,-966,-962,-672,-174,381,825,1030,940,570,32,-532,-952,-1101,-930,-494,94,674,1076,1176,940,436,-204,-796,-1180,-1247,-965,-402,282,890,1266,1290,959,366,-339,-961,-1321,-1316,-956,-332,388,1002,1344,1321,933,287,-442,-1051,-1372,-1317,-902,-243,476,1074,1381,1313,892,239,-482,-1071,-1371,-1308,-901,-270,429,1013,1320,1280,920,324,-343,-903,-1217,-1215,-905,-370,237,751,1061,1091,842,393,-136,-611,-907,-953,-757,-386,66,478,744,807,666,364,-10,-360,-607,-686,-591,-361,-57,246,481,594,562,405,175,-68,-281,-419,-458,-406,-293,-145,0,0,0,0,0,53,196,317,401,423,362,216,12,-210,-407,-529,-533,-417,-207,54,318,511,584,518,325,46,-249,-491,-612,-574,-391,-105,212,477,626,609,435,135,-198,-476,-633,-626,-448,-147,191,476,631,618,426,117,-226,-504,-635,-591,-376,-53,292,556,661,570,310,-42,-385,-637,-707,-570,-271,117,485,720,756,586,243,-179,-559,-789,-808,-601,-215,232,624,842,827,589,189,-277,-672,-877,-834,-558,-128,346,721,901,836,526,66,-410,-770,-921,-813,-472,-2,469,815,933,784,414,-67,-529,-846,-934,-760,-367,121,574,866,923,714,308,-177,-609,-879,-894,-656,-234,250,657,873,848,0,131,-331,-698,-858,-768,-462,-20,430,751,847,699,347,-109,-540,-810,-841,-628,-227,255,659,872,838,554,103,-378,-763,-933,-827,-482,4,506,867,973,798,398,-120,-617,-938,-984,-750,-294,247,721,988,974,673,177,-367,-813,-1028,-940,-577,-46,502,907,1047,879,456,-99,-636,-991,-1050,-806,-322,261,774,1063,1051,729,196,-399,-882,-1118,-1029,-639,-67,524,975,1152,990,544,-54,-638,-1045,-1147,-929,-449,166,733,1084,1129,854,334,-279,-811,-1102,-1080,-751,-210,388,871,1102,1014,641,82,-499,-932,-1096,-944,-521,48,597,973,1065,849,392,-176,-693,-1010,-1037,-765,-277,291,775,1031,0,0,0,0,0,78,-471,-896,-1063,-925,-525,27,570,938,1043,854,420,-132,-640,-960,-999,-757,-297,248,717,969,942,645,155,-376,-787,-965,-859,-501,6,508,861,958,763,342,-178,-650,-933,-937,-659,-184,353,788,991,903,554,34,-505,-903,-1038,-874,-453,104,638,984,1039,796,321,-253,-758,-1037,-1011,-691,-172,406,862,1061,948,558,-7,-578,-980,-1093,-882,-412,180,735,1084,1117,820,284,-345,-879,-1172,-1129,-759,-166,476,986,1224,1116,688,62,-582,-1069,-1250,-1081,-614,20,653,1100,1234,1027,536,-105,-716,-1109,-1184,-935,-429,184,743,1084,1104,814,308,-283,-785,-1059,-1023,-687,-159,399,832,1023,0,529,7,-512,-877,-987,-808,-381,151,637,938,963,707,243,-305,-764,-1005,-954,-623,-103,452,879,1056,930,529,-38,-601,-1002,-1129,-934,-462,156,741,1128,1211,952,409,-253,-858,-1239,-1284,-969,-382,314,933,1289,1305,962,350,-365,-984,-1333,-1319,-937,-298,421,1020,1351,1321,915,256,-460,-1056,-1371,-1309,-893,-235,487,1073,1368,1306,896,253,-454,-1038,-1351,-1297,-904,-285,397,966,1277,1259,914,342,-289,-828,-1143,-1163,-884,-383,193,687,987,1028,806,390,-102,-542,-818,-876,-710,-370,42,417,672,741,625,359,17,-314,-548,-644,-581,-382,-103,177,398,522,526,424,249,48,-137,-266,-322,0,0,0,0,0,-312,-292,-210,-72,104,289,430,496,470,337,117,-136,-366,-523,-568,-481,-274,1,280,499,596,545,358,81,-225,-476,-613,-597,-418,-125,198,472,631,622,442,146,-191,-473,-632,-621,-442,-134,207,486,632,603,402,88,-249,-519,-642,-575,-343,-7,341,595,676,565,289,-83,-446,-686,-738,-582,-256,156,536,771,789,591,223,-214,-599,-823,-824,-597,-200,264,648,859,833,577,153,-315,-699,-893,-834,-543,-98,377,748,907,815,495,37,-437,-792,-923,-796,-447,26,491,826,938,773,393,-87,-546,-868,-935,-737,-341,149,597,875,911,689,272,-219,-641,-877,-865,-615,-196,282,0,874,811,519,77,-379,-720,-855,-740,-406,46,484,777,844,664,282,-190,-604,-842,-841,-594,-163,317,711,907,839,519,43,-446,-813,-956,-823,-445,68,564,903,982,777,343,-184,-665,-973,-992,-722,-245,306,766,1008,960,634,119,-435,-863,-1040,-915,-522,29,570,949,1058,856,397,-186,-712,-1026,-1052,-770,-259,332,832,1089,1031,685,135,-456,-926,-1132,-1013,-598,-7,586,1017,1160,969,498,-108,-678,-1058,-1139,-897,-394,225,780,1102,1104,796,270,-336,-847,-1109,-1053,-701,-149,439,898,1098,981,582,18,-546,-949,-1076,-898,-457,111,649,1000,1058,808,333,-237,-739,-1022,-1018,-717,-208,0,0
39299,mtk,MTK 7916,2425491153,rx2-tx1,512,0,0,0,566,605,480,222,-92,-378,-550,-568,-431,-181,111,364,513,525,379,146,-118,-358,-496,-481,-335,-116,126,325,430,414,291,91,-119,-287,-371,-345,-227,-53,117,244,298,268,169,22,-120,-199,-214,-176,-90,13,92,141,137,85,13,-47,-80,-77,-40,17,54,70,62,14,-59,-120,-142,-115,-41,56,163,228,232,157,35,-112,-237,-304,-290,-193,-22,176,327,388,358,226,19,-204,-379,-453,-396,-225,5,240,423,493,418,227,-21,-269,-463,-527,-436,-227,52,312,482,527,423,203,-82,-348,-516,-538,-413,-170,116,372,521,529,385,128,-167,-416,-550,-528,-355,-82,207,0,568,519,321,28,-270,-480,-567,-494,-277,26,322,530,581,473,218,-96,-383,-567,-593,-439,-156,168,456,623,616,424,105,-249,-540,-684,-641,-412,-61,321,628,766,692,426,27,-384,-712,-852,-746,-435,-11,439,772,891,774,447,-8,-462,-810,-944,-826,-479,-9,477,844,986,854,498,6,-484,-849,-991,-870,-522,-35,466,845,1010,915,575,84,-425,-819,-994,-914,-608,-145,350,747,952,918,651,225,-238,-618,-841,-848,-649,-294,124,502,738,775,625,323,-47,-384,-615,-689,-596,-360,-47,262,489,597,563,398,157,-106,-340,-482,-507,-425,-265,-72,111,260,341,346,290,190,0,0,0,0,0,-20,-107,-188,-249,-271,-249,-173,-55,78,201,293,328,299,208,65,-98,-241,-326,-340,-280,-154,19,195,319,363,324,203,41,-131,-281,-363,-355,-266,-118,66,236,355,374,309,161,-19,-182,-302,-357,-320,-205,-41,127,248,305,304,230,102,-50,-183,-260,-273,-223,-123,1,120,201,233,215,153,58,-38,-102,-144,-153,-139,-99,-36,20,61,88,115,119,104,68,37,-5,-63,-113,-139,-143,-123,-87,-15,71,143,185,191,153,70,-31,-130,-194,-216,-195,-119,-2,117,203,239,217,138,23,-98,-195,-242,-215,-139,-25,98,190,230,204,120,2,-112,-199,-235,-195,-89,0,153,223,224,163,56,-75,-182,-245,-243,-159,-27,116,235,278,252,155,8,-155,-278,-322,-267,-131,53,212,313,345,274,119,-80,-260,-367,-371,-278,-103,113,306,410,402,281,74,-151,-331,-424,-414,-289,-70,177,365,446,409,253,12,-228,-392,-449,-371,-176,68,293,441,467,350,125,-152,-387,-516,-497,-332,-64,230,475,591,548,346,35,-294,-543,-649,-582,-344,5,357,606,700,608,340,-26,-390,-650,-739,-628,-346,29,412,695,776,643,351,-40,-426,-697,-785,-666,-368,33,425,700,789,666,362,-26,-396,-666,-759,-640,-353,10,369,622,707,590,317,-34,-364,-582,0,0,0,0,0,-239,82,375,553,579,449,197,-107,-372,-526,-538,-399,-153,120,352,496,500,357,125,-133,-347,-461,-448,-316,-101,130,310,401,382,261,77,-126,-280,-336,-301,-195,-40,111,219,260,224,134,11,-106,-172,-172,-133,-65,19,90,110,87,41,-20,-66,-75,-41,8,68,111,103,44,-33,-107,-168,-192,-150,-39,89,204,272,265,177,29,-137,-270,-344,-331,-203,-9,188,344,418,376,231,12,-221,-395,-462,-404,-236,13,266,453,512,431,224,-42,-301,-471,-517,-424,-210,66,327,493,526,418,188,-101,-360,-517,-535,-400,-155,140,392,540,530,365,95,-201,-442,-561,-522,0,-75,230,466,568,505,292,-4,-298,-509,-573,-473,-243,52,350,557,592,452,193,-127,-425,-603,-602,-428,-131,211,501,660,629,418,88,-286,-585,-727,-669,-416,-39,355,653,790,710,419,13,-402,-731,-865,-764,-443,6,460,795,923,799,463,0,-469,-820,-955,-836,-488,-7,486,853,982,854,503,9,-483,-847,-999,-890,-542,-51,449,829,997,914,591,113,-389,-786,-975,-919,-636,-193,300,687,896,894,661,258,-196,-574,-793,-822,-642,-306,79,434,664,726,609,338,-8,-330,-554,-639,-576,-377,-93,190,420,551,552,431,216,-29,-245,-385,-441,-411,-309,-160,-3,125,211,0,0,0,0,0,201,197,155,75,-30,-139,-235,-300,-313,-258,-147,3,148,269,331,326,247,110,-60,-215,-327,-358,-306,-183,-16,161,299,366,346,248,86,-102,-262,-353,-364,-288,-134,52,214,322,359,308,185,14,-154,-288,-349,-316,-205,-53,99,228,306,300,219,101,-26,-147,-222,-249,-216,-130,-27,63,137,180,187,148,88,23,-41,-98,-129,-129,-108,-80,-38,18,56,77,103,128,118,75,24,-25,-87,-141,-168,-159,-115,-51,44,138,196,210,174,93,-15,-123,-210,-251,-222,-134,-19,105,201,237,225,152,35,-89,-189,-237,-216,-130,-21,102,196,229,200,116,-12,-138,-218,0,-176,-72,50,161,236,242,177,54,-86,-210,-276,-255,-152,-11,137,256,305,257,143,-10,-167,-291,-329,-270,-128,47,225,344,360,273,103,-96,-271,-389,-397,-282,-86,131,324,422,409,282,74,-158,-349,-451,-423,-275,-44,195,376,447,388,223,-14,-255,-421,-457,-355,-153,102,339,482,477,335,96,-186,-427,-546,-515,-334,-48,267,514,616,552,336,8,-325,-576,-676,-598,-341,13,371,634,721,611,342,-26,-399,-674,-763,-650,-355,37,426,703,779,655,359,-41,-431,-705,-802,-679,-374,29,417,687,771,659,378,-15,-396,-658,-734,-616,-338,21,362,598,673,562,290,0,0
39300,mtk,MTK 7916,2425545265,rx0-tx0,512,-349,-120,-92,330,432,520,559,569,536,449,341,209,48,-118,-272,-420,-524,-600,-636,-616,-560,-451,-302,-144,40,219,367,499,605,652,647,591,494,355,194,25,-150,-306,-431,-528,-580,-585,-549,-481,-367,-234,-97,49,176,288,374,427,457,452,416,367,286,203,108,4,-88,-165,-228,-293,-337,-364,-372,-359,-343,-292,-223,-159,-66,44,145,248,336,414,465,474,461,419,339,225,89,-67,-208,-334,-443,-516,-556,-555,-505,-413,-297,-160,0,164,304,422,514,551,552,517,430,314,175,25,-122,-256,-360,-443,-484,-481,-457,-377,-272,-170,-49,64,166,258,319,354,358,343,296,233,-511,81,4,-68,-135,-177,-207,-226,-227,-216,-192,-156,-114,-77,-48,-10,26,64,74,99,120,135,154,166,162,140,135,121,82,48,10,-40,-95,-135,-186,-236,-250,-257,-242,-199,-147,-83,-5,79,151,211,267,305,309,304,278,211,152,71,-19,-102,-182,-240,-290,-327,-332,-314,-265,-202,-128,-41,49,137,207,280,323,335,325,291,254,180,99,-4,-93,-175,-240,-280,-319,-327,-307,-265,-213,-127,-39,45,128,200,258,289,304,293,264,210,137,65,-24,-108,-185,-239,-281,-300,-284,-245,-194,-117,-36,47,125,192,237,258,253,221,157,85,6,-75,-139,-176,-188,-160,-188,-161,1179,148,-90,-72,8,109,203,271,309,297,244,164,49,-73,-177,-280,-346,-381,-374,-338,-267,-168,-56,75,197,301,383,441,452,422,346,256,136,-15,-145,-270,-373,-437,-481,-476,-431,-358,-244,-114,25,149,274,385,448,485,491,452,379,278,153,23,-115,-255,-363,-437,-486,-495,-472,-411,-312,-195,-77,52,182,291,383,446,474,470,414,340,258,151,35,-81,-204,-304,-375,-425,-439,-425,-405,-339,-247,-138,-29,86,197,292,379,425,440,432,400,323,236,133,21,-108,-219,-314,-392,-444,-467,-445,-393,-311,-216,-99,26,138,251,345,413,441,448,415,356,277,170,67,-49,-163,-330,-333,-386,-416,-422,-398,-353,-273,-180,-77,30,139,239,323,387,427,439,420,373,310,224,121,6,-112,-224,-316,-399,-451,-476,-475,-446,-386,-297,-190,-54,94,240,361,457,547,587,584,534,453,339,183,17,-139,-313,-476,-580,-663,-691,-673,-600,-473,-313,-117,69,259,434,583,696,746,739,681,567,415,231,26,-181,-374,-548,-679,-749,-760,-717,-621,-475,-303,-101,95,301,469,597,681,702,682,613,497,345,174,5,-162,-317,-455,-544,-588,-599,-564,-500,-400,-271,-131,9,145,275,383,455,504,513,496,457,376,272,158,32,-94,-215,-322,-412,-474,-505,-516,-478,-419,780,584,-729,119,132,430,340,216,67,-79,-236,-371,-475,-556,-599,-593,-547,-458,-330,-182,-11,167,329,473,561,624,646,613,533,417,261,83,-98,-266,-417,-531,-597,-624,-607,-529,-424,-284,-129,25,172,306,423,493,528,525,482,410,313,201,89,-32,-138,-230,-302,-349,-387,-397,-380,-345,-298,-239,-159,-77,8,87,166,249,309,365,414,420,400,357,295,206,85,-41,-166,-287,-395,-471,-520,-531,-496,-438,-337,-203,-55,103,257,383,482,557,584,556,483,385,249,91,-64,-218,-355,-457,-518,-539,-518,-451,-352,-239,-94,34,155,276,351,403,427,405,364,300,212,113,13,-80,-162,-224,1105,-286,-293,-278,-240,-184,-130,-76,-22,28,83,125,145,153,163,166,162,134,117,107,82,60,37,8,-29,-65,-94,-142,-168,-183,-199,-210,-195,-170,-144,-80,-11,49,126,185,230,262,283,277,247,208,151,67,-17,-90,-175,-241,-284,-322,-322,-303,-258,-201,-140,-60,28,114,196,259,304,331,331,300,256,196,107,18,-72,-150,-228,-293,-328,-345,-325,-288,-219,-149,-64,28,105,171,243,303,322,316,285,239,176,103,22,-66,-151,-232,-274,-298,-302,-280,-236,-172,-96,-7,78,146,210,257,276,273,243,187,112,30,-50,-131,-190,-220,-229,-211,-160,-95,-18,60,73,101,1145,-1401,-1404,189,235,233,182,100,-7,-121,-221,-307,-359,-356,-320,-252,-151,-34,91,203,301,368,412,415,377,301,206,85,-48,-180,-292,-379,-455,-473,-443,-394,-297,-183,-51,97,221,339,432,483,496,468,416,313,185,60,-88,-219,-331,-418,-472,-492,-488,-439,-345,-233,-100,34,160,278,374,440,475,483,450,380,278,160,37,-88,-198,-288,-371,-430,-457,-451,-410,-339,-249,-141,-14,89,193,295,373,420,436,434,391,336,244,135,26,-91,-211,-318,-385,-431,-456,-451,-395,-326,-229,-121,2,129,243,328,397,446,456,439,388,299,191,72,-38,-158,-257,-341,-400,-427,-436,-398,826,-271,-179,-74,42,149,246,325,386,419,429,407,354,285,198,96,-10,-124,-225,-312,-386,-430,-447,-435,-394,-337,-249,-147,-28,93,216,327,418,486,531,536,496,416,321,196,46,-111,-265,-407,-528,-613,-641,-635,-593,-479,-330,-173,17,200,388,537,652,715,721,685,591,457,287,78,-125,-322,-490,-627,-723,-770,-750,-671,-545,-365,-165,43,244,428,573,682,733,728,671,551,406,228,32,-151,-321,-470,-582,-642,-656,-620,-552,-439,-292,-138,18,168,305,420,498,542,553,529,468,368,260,133,2,-116,-238,-346,-425,-481,-504,-491,-453,-385,-290,-177,-58,76,207,311,-1151,-1267
39301,mtk,MTK 7916,2425545265,rx0-tx1,512,87,-147,-182,224,380,523,634,704,733,707,626,510,345,149,-59,-272,-469,-635,-772,-849,-868,-825,-728,-583,-390,-172,73,318,538,724,861,942,964,927,818,648,447,193,-76,-335,-574,-780,-935,-1029,-1048,-995,-878,-699,-467,-212,61,331,580,782,933,1030,1055,1021,920,756,546,288,22,-243,-505,-735,-912,-1054,-1114,-1095,-1020,-873,-667,-410,-115,186,479,741,953,1108,1192,1190,1103,942,712,437,126,-191,-492,-768,-981,-1123,-1201,-1194,-1097,-933,-710,-434,-127,175,466,736,939,1084,1155,1148,1065,908,685,423,136,-169,-450,-695,-895,-1029,-1101,-1094,-1010,-862,-661,-423,-161,115,382,617,807,943,-689,1029,962,840,675,459,217,-40,-299,-528,-729,-880,-973,-1018,-998,-905,-751,-555,-315,-47,222,490,722,915,1051,1117,1107,1029,869,640,363,51,-265,-567,-842,-1058,-1197,-1255,-1215,-1093,-898,-620,-299,53,406,729,991,1185,1293,1300,1209,1024,774,459,113,-240,-578,-870,-1090,-1232,-1274,-1229,-1088,-860,-571,-239,98,415,710,939,1093,1170,1138,1017,828,578,289,-7,-286,-548,-758,-891,-953,-940,-857,-719,-528,-308,-79,154,358,518,644,715,728,689,601,474,313,140,-38,-213,-364,-478,-558,-595,-572,-505,-411,-271,-116,43,199,331,430,485,485,432,333,203,53,-95,-214,-288,-314,-285,-49,-77,0,-252,-143,113,68,-4,-85,-158,-211,-238,-231,-197,-140,-65,14,89,156,212,247,259,246,218,168,114,48,-23,-101,-166,-217,-257,-281,-290,-272,-236,-186,-115,-31,62,148,238,308,358,392,386,355,292,213,102,-25,-144,-273,-374,-443,-487,-492,-454,-378,-263,-126,14,157,290,400,482,531,528,482,407,306,176,30,-115,-239,-353,-436,-489,-503,-479,-430,-345,-237,-109,19,142,251,344,411,448,458,429,375,301,204,101,-15,-117,-220,-307,-357,-396,-418,-398,-349,-287,-204,-112,-6,96,184,264,327,371,380,368,340,283,208,128,45,-57,-145,-224,-292,-334,-350,-348,-328,-292,-130,-164,-82,4,97,176,243,297,322,338,335,299,252,196,122,37,-45,-122,-189,-239,-275,-307,-312,-301,-279,-237,-192,-135,-67,-1,68,140,202,255,304,335,351,347,326,276,212,132,34,-67,-179,-276,-364,-439,-474,-483,-462,-411,-336,-223,-91,50,197,338,451,538,589,603,578,503,395,252,94,-69,-236,-386,-517,-607,-657,-664,-613,-527,-403,-249,-77,99,265,409,521,601,638,626,573,479,359,214,60,-97,-236,-354,-443,-506,-537,-530,-493,-426,-335,-227,-114,-3,111,212,301,369,417,447,448,427,395,344,269,184,89,-19,-133,-243,-348,-438,-500,-534,-547,-521,-75,-207,504,-89,-56,626,558,455,312,141,-48,-245,-422,-573,-704,-781,-811,-783,-690,-556,-376,-158,70,292,500,677,812,898,921,878,772,615,409,178,-63,-309,-553,-746,-898,-994,-1012,-965,-852,-678,-458,-206,68,335,581,798,949,1036,1058,1009,891,713,494,239,-27,-293,-546,-758,-929,-1039,-1076,-1055,-965,-805,-604,-358,-70,209,481,730,938,1085,1154,1151,1073,918,703,437,130,-189,-490,-759,-977,-1130,-1209,-1191,-1104,-940,-707,-431,-128,195,492,747,964,1117,1184,1167,1086,920,695,432,132,-166,-457,-716,-921,-1063,-1137,-1129,-1035,-879,-672,-419,-145,145,421,665,857,986,1050,1052,982,851,661,437,261,-88,-344,-569,-762,-908,-989,-1016,-974,-865,-704,-493,-263,-17,246,500,712,888,1014,1064,1049,965,812,612,359,72,-218,-508,-771,-975,-1116,-1185,-1167,-1073,-895,-645,-346,-14,322,629,911,1122,1252,1294,1231,1083,844,550,207,-145,-495,-798,-1048,-1217,-1294,-1279,-1168,-961,-685,-366,-20,325,647,917,1114,1220,1222,1136,968,725,445,123,-205,-497,-748,-939,-1049,-1062,-1001,-873,-669,-428,-166,95,338,546,706,801,835,809,717,582,418,222,19,-177,-350,-495,-596,-646,-652,-605,-510,-380,-234,-62,111,258,395,492,534,533,484,394,267,116,-44,-191,-311,-390,-419,-393,-312,-198,-66,54,-145,-131,0,-114,-247,-121,-174,-201,-196,-156,-93,-12,74,148,207,243,254,239,204,146,76,-3,-75,-142,-197,-234,-258,-266,-250,-214,-165,-105,-38,44,123,190,255,297,325,326,313,274,201,121,21,-94,-199,-296,-376,-429,-444,-436,-388,-293,-177,-45,92,227,346,449,505,519,495,429,339,225,84,-71,-210,-329,-428,-497,-527,-506,-457,-374,-262,-138,0,129,252,357,434,476,485,456,398,316,208,88,-31,-147,-241,-326,-386,-424,-429,-406,-364,-288,-200,-117,-8,106,203,283,348,392,409,390,348,285,204,115,16,-68,-163,-248,-307,-340,-367,-367,-336,-288,-223,-138,-52,35,116,195,245,307,340,353,338,300,249,178,96,14,-75,-152,-210,-269,-312,-330,-323,-302,-263,-211,-151,-80,-5,63,133,196,242,282,302,308,300,282,246,203,142,64,-13,-100,-187,-266,-328,-376,-406,-420,-400,-352,-283,-182,-65,53,182,299,407,490,537,553,535,476,376,252,105,-54,-219,-367,-489,-579,-634,-644,-607,-530,-411,-263,-96,86,257,405,528,617,660,653,601,509,382,234,64,-102,-258,-393,-498,-569,-596,-582,-528,-444,-339,-217,-78,55,180,290,378,441,470,479,462,415,354,272,184,84,-23,-120,-207,-290,-366,-424,-464,-481,-465,-431,-376,-287,-177,-53,82,227,248,164
39302,mtk,MTK 7916,2425545265,rx1-tx0,512,0,48,512,-470,-602,-705,-770,-770,-724,-623,-470,-290,-74,157,371,564,738,845,893,882,806,672,483,255,3,-249,-484,-699,-867,-960,-994,-952,-832,-662,-448,-196,78,354,597,806,947,1027,1031,967,831,634,382,109,-164,-426,-669,-851,-983,-1045,-1033,-948,-786,-580,-346,-74,206,461,682,857,966,1024,1001,908,752,541,289,27,-233,-490,-706,-857,-952,-986,-938,-839,-678,-474,-240,1,259,485,670,802,886,905,855,751,598,411,199,-39,-265,-449,-601,-725,-796,-805,-760,-663,-526,-356,-176,13,207,385,536,644,719,741,706,620,504,355,174,-13,-194,-357,-504,-622,-683,-710,-679,-597,216,-319,-144,34,209,376,514,612,665,668,633,535,410,260,94,-83,-247,-397,-521,-585,-618,-609,-552,-462,-342,-186,-28,119,265,392,477,540,566,542,469,385,264,119,-32,-160,-272,-376,-441,-475,-466,-435,-387,-292,-171,-53,58,160,234,304,356,369,357,332,289,225,153,66,-11,-78,-148,-217,-256,-289,-310,-309,-288,-240,-190,-114,-26,47,128,193,250,292,315,308,277,217,141,74,-7,-92,-170,-230,-278,-293,-278,-265,-225,-163,-92,-6,72,140,200,237,251,252,229,192,137,72,1,-70,-126,-173,-211,-217,-202,-167,-117,-63,6,78,126,159,167,141,103,49,-790,-738,0,187,7,-188,-134,-47,58,171,256,301,317,294,223,126,12,-103,-205,-289,-340,-356,-346,-293,-225,-134,-23,87,194,276,326,354,354,317,260,185,90,-1,-99,-191,-268,-318,-341,-340,-318,-279,-217,-139,-51,37,121,208,275,326,344,352,326,278,210,121,31,-70,-170,-244,-312,-345,-369,-370,-325,-262,-187,-90,6,109,192,254,304,351,371,341,294,225,140,58,-37,-129,-208,-282,-325,-335,-336,-318,-265,-202,-129,-43,46,127,201,256,296,317,297,275,243,173,107,32,-50,-130,-192,-240,-268,-272,-264,-231,-187,-142,-79,-13,49,113,152,190,223,217,203,192,152,113,-584,28,-28,-62,-95,-122,-143,-161,-161,-153,-138,-106,-87,-68,-28,3,36,68,90,100,110,123,126,122,107,90,73,43,27,2,-16,-27,-48,-64,-85,-109,-128,-132,-139,-144,-145,-136,-112,-72,-29,8,58,113,167,213,263,295,293,287,252,192,115,16,-87,-191,-293,-383,-441,-464,-458,-413,-337,-221,-92,42,195,333,443,531,569,575,541,450,330,194,38,-141,-300,-439,-542,-615,-635,-606,-543,-428,-294,-137,31,194,348,476,566,621,635,599,522,420,285,130,-40,-199,-344,-471,-555,-612,-630,-599,-535,-442,-314,-160,2,157,306,440,558,630,665,652,592,500,197,295,0,-824,-651,-570,-435,-268,-75,135,334,520,669,776,838,836,766,660,491,273,42,-199,-433,-644,-806,-914,-951,-918,-828,-681,-469,-225,37,308,548,746,901,999,1027,962,835,650,419,165,-113,-386,-632,-840,-986,-1046,-1033,-956,-801,-599,-363,-94,179,451,681,853,970,1034,1018,918,760,549,323,65,-214,-472,-700,-871,-977,-1003,-976,-875,-707,-498,-267,-7,247,482,684,835,919,952,916,803,645,444,216,-22,-259,-466,-642,-767,-844,-865,-809,-704,-568,-393,-177,40,243,422,566,674,733,756,721,642,513,362,182,-15,-201,-371,-507,-625,-702,-722,-693,-616,-501,-344,-173,6,199,367,757,620,682,693,657,572,440,289,118,-53,-235,-395,-516,-602,-645,-647,-594,-507,-371,-216,-59,111,259,389,498,575,588,574,513,405,285,149,2,-154,-279,-383,-475,-526,-528,-478,-422,-321,-214,-82,46,155,258,345,395,410,405,367,313,250,163,63,-28,-111,-190,-251,-293,-316,-309,-294,-276,-227,-165,-101,-22,56,133,195,246,296,313,308,293,241,177,98,17,-63,-142,-222,-264,-294,-312,-298,-264,-204,-130,-47,26,101,171,220,251,264,257,230,185,117,54,-23,-93,-157,-201,-225,-232,-221,-185,-140,-80,-5,59,114,158,182,196,177,134,82,9,-51,-93,-114,155,-330,0,240,311,130,207,262,279,245,163,63,-43,-161,-255,-314,-345,-336,-296,-215,-114,-2,110,208,284,339,360,354,310,240,154,57,-55,-154,-233,-298,-342,-353,-337,-298,-236,-157,-61,37,121,198,263,308,331,332,322,284,222,135,46,-46,-145,-229,-300,-349,-358,-360,-325,-280,-207,-114,-19,92,185,255,316,361,375,363,311,244,169,86,-22,-119,-203,-276,-322,-348,-351,-325,-288,-230,-136,-50,37,126,207,263,302,323,316,288,247,191,118,27,-56,-117,-187,-247,-274,-290,-287,-261,-217,-160,-87,-21,50,122,177,217,236,240,230,207,163,124,64,4,-38,-88,-133,-153,-674,-193,-180,-163,-145,-117,-80,-38,10,49,86,108,116,134,134,128,130,118,92,66,44,23,-3,-32,-58,-69,-85,-94,-95,-103,-95,-101,-101,-90,-76,-62,-40,-15,10,40,68,104,141,178,193,203,214,207,180,136,76,-1,-70,-138,-220,-291,-345,-380,-380,-363,-308,-232,-118,7,139,269,387,475,512,533,513,444,346,215,58,-90,-255,-399,-504,-575,-620,-611,-552,-451,-320,-170,9,171,331,465,558,620,639,608,539,427,289,132,-44,-212,-353,-470,-565,-618,-630,-597,-528,-422,-287,-141,22,178,320,447,555,618,633,615,565,476,351,196,37,-141,-299,-440,-238,-82
39303,mtk,MTK 7916,2425545265,rx1-tx1,512,0,0,0,462,720,789,655,350,-52,-443,-719,-815,-700,-397,8,406,697,810,712,426,33,-362,-655,-774,-689,-424,-49,324,610,723,634,378,28,-330,-593,-689,-588,-321,33,368,606,687,573,295,-71,-420,-648,-701,-565,-273,108,460,691,743,591,268,-122,-483,-730,-790,-632,-303,104,485,751,822,669,338,-75,-472,-752,-832,-695,-385,22,420,707,809,703,412,12,-384,-673,-788,-688,-408,-34,347,628,739,662,418,68,-297,-575,-695,-637,-418,-94,248,523,648,600,398,103,-222,-479,-605,-571,-387,-118,178,425,550,527,370,111,-167,-392,-505,-484,-339,-112,141,339,447,442,315,0,-141,-325,-411,-388,-273,-82,129,300,388,363,237,52,-141,-296,-368,-330,-206,-24,166,308,349,300,176,-11,-196,-328,-370,-315,-159,45,239,370,412,343,176,-49,-268,-425,-465,-393,-215,22,274,463,531,466,292,38,-231,-451,-563,-539,-377,-130,152,403,570,607,483,231,-61,-337,-544,-626,-560,-357,-72,216,455,590,580,455,226,-59,-323,-509,-576,-516,-346,-99,171,378,490,508,419,232,-2,-217,-378,-459,-438,-318,-141,49,218,347,397,356,248,94,-77,-214,-301,-329,-297,-205,-80,49,160,229,259,252,197,106,10,-73,-141,-183,-198,-185,-146,-93,-41,5,38,0,0,0,0,0,-3,33,58,72,70,55,27,-13,-53,-82,-94,-84,-57,-12,35,80,105,106,85,40,-26,-83,-122,-137,-120,-69,1,76,130,146,133,89,20,-50,-114,-155,-158,-110,-45,27,84,121,132,114,56,-20,-81,-105,-101,-64,-20,33,84,97,71,13,-54,-102,-129,-120,-63,18,108,177,212,177,74,-52,-166,-258,-294,-256,-147,12,183,324,394,360,236,48,-168,-353,-456,-452,-343,-143,108,338,481,513,420,229,-34,-287,-474,-544,-489,-308,-50,226,447,557,523,364,119,-158,-402,-539,-529,-376,-142,124,359,505,508,381,156,-109,-338,-474,-488,-372,-143,129,363,0,486,360,130,-153,-393,-513,-494,-353,-103,192,441,567,545,377,106,-210,-487,-633,-604,-416,-120,213,507,676,668,480,154,-220,-533,-718,-716,-518,-169,225,570,768,770,567,210,-215,-582,-803,-820,-623,-260,178,586,832,854,662,286,-164,-577,-835,-876,-704,-340,133,568,848,908,729,359,-97,-544,-847,-918,-753,-399,68,503,816,912,765,427,-23,-473,-784,-884,-757,-424,17,444,740,843,732,423,-7,-422,-708,-814,-691,-391,11,403,684,774,656,364,-24,-404,-670,-756,-638,-353,37,415,675,753,626,329,-58,-422,-677,-748,-617,-319,60,427,681,748,617,323,-64,-431,0,0,0,0,0,-634,-324,73,458,731,808,680,374,-33,-431,-720,-824,-712,-417,-13,389,678,786,700,429,46,-343,-630,-743,-664,-412,-45,326,600,708,615,348,-2,-346,-598,-684,-574,-299,56,395,629,696,569,279,-92,-442,-681,-736,-580,-274,107,475,717,768,618,292,-113,-490,-742,-799,-649,-325,85,472,738,818,682,360,-49,-443,-727,-824,-703,-405,0,399,681,786,686,413,29,-358,-646,-767,-682,-412,-49,319,599,722,654,417,68,-282,-554,-673,-625,-418,-97,240,497,622,588,403,115,-199,-444,-568,-549,-381,-118,168,403,536,515,355,111,-143,-351,-471,-459,-314,-91,135,318,0,415,293,87,-138,-311,-399,-379,-256,-63,138,299,371,341,214,30,-157,-291,-347,-313,-182,2,180,312,362,306,166,-25,-212,-342,-378,-308,-150,47,253,398,435,351,178,-53,-273,-435,-493,-428,-243,11,265,461,545,503,328,77,-199,-434,-576,-572,-432,-186,109,377,556,612,519,299,10,-285,-520,-617,-577,-410,-155,134,385,549,584,485,280,10,-248,-444,-545,-525,-399,-186,71,300,443,486,429,289,84,-132,-310,-415,-418,-338,-196,-27,144,280,352,342,270,149,5,-127,-227,-292,-297,-245,-154,-39,71,150,213,243,223,168,97,20,-51,-102,-136,-146,-133,-100,0,0,0,0,0,-57,-45,-34,-7,28,55,76,83,74,45,4,-50,-90,-106,-99,-72,-26,35,87,121,123,100,56,-11,-80,-124,-145,-130,-85,-17,57,117,158,158,112,45,-39,-108,-143,-141,-101,-42,25,87,122,114,91,49,-22,-82,-107,-95,-49,11,66,99,93,52,-5,-71,-135,-159,-130,-53,39,135,221,254,214,107,-34,-177,-294,-342,-312,-191,-12,176,327,416,416,299,93,-138,-350,-486,-494,-375,-178,74,321,485,532,459,272,13,-253,-466,-565,-519,-338,-82,197,426,546,530,383,126,-155,-384,-514,-528,-401,-162,118,356,498,500,376,151,-107,-340,-476,-480,-352,0,142,374,505,500,357,107,-179,-419,-544,-527,-371,-104,207,466,596,573,403,115,-216,-491,-653,-646,-457,-141,216,522,696,692,501,170,-214,-550,-747,-749,-547,-198,212,576,792,794,587,229,-195,-575,-811,-842,-644,-270,169,578,845,881,680,316,-143,-577,-851,-893,-710,-346,122,558,847,912,736,377,-79,-521,-830,-919,-763,-409,49,493,813,912,770,432,-12,-454,-769,-877,-754,-428,9,426,725,828,715,412,-1,-406,-695,-796,-672,-366,19,394,668,760,647,351,-39,-409,-676,-755,-629,-338,41,418,678,752,622,326,-59,-429,-685,-757,-617,-315,67,425,678,751,623,0,0
39304,mtk,MTK 7916,2425545265,rx2-tx0,512,0,0,0,585,85,-442,-850,-1025,-927,-573,-66,458,853,1017,908,551,45,-474,-854,-1008,-881,-516,-12,493,855,973,826,455,-40,-527,-869,-958,-774,-377,117,589,895,945,733,310,-203,-659,-934,-946,-691,-242,279,731,979,954,666,191,-335,-777,-1009,-955,-637,-150,382,809,1008,926,585,81,-448,-854,-1017,-887,-514,5,530,901,1020,859,453,-90,-617,-973,-1060,-852,-403,169,702,1049,1106,855,370,-224,-770,-1115,-1153,-879,-371,242,794,1142,1183,905,393,-231,-796,-1142,-1179,-905,-394,220,767,1107,1153,889,391,-199,-729,-1057,-1098,-841,-368,196,702,1004,1027,775,313,-228,-699,-975,-976,-708,0,274,714,955,925,639,173,-350,-767,-967,-904,-586,-108,402,809,997,904,557,50,-479,-880,-1043,-920,-547,-12,541,956,1112,969,560,-22,-616,-1045,-1205,-1051,-608,6,624,1090,1274,1134,692,60,-600,-1110,-1337,-1214,-772,-126,560,1103,1365,1275,854,215,-479,-1047,-1352,-1307,-921,-293,400,983,1322,1319,971,371,-310,-910,-1277,-1330,-1043,-493,176,791,1209,1325,1102,613,-15,-632,-1087,-1253,-1112,-713,-145,430,878,1108,1062,753,283,-237,-678,-939,-961,-748,-365,83,489,757,823,696,410,38,-324,-589,-701,-643,-433,-132,182,435,579,592,474,257,-1,-236,-409,-491,-478,-375,-222,-59,92,0,0,0,0,0,295,294,235,115,-43,-212,-371,-473,-481,-396,-227,1,240,433,541,530,400,176,-92,-349,-526,-585,-507,-300,-14,274,499,610,573,390,108,-201,-465,-620,-619,-458,-177,141,421,599,622,484,220,-102,-404,-593,-621,-488,-225,100,403,604,638,490,204,-140,-454,-649,-673,-509,-197,177,513,715,740,561,218,-180,-540,-767,-798,-615,-264,159,548,802,847,666,304,-141,-556,-817,-868,-693,-331,120,541,824,888,716,358,-95,-530,-826,-908,-744,-385,77,525,834,917,756,397,-71,-520,-834,-925,-769,-417,42,489,808,909,772,433,-20,-465,-778,-882,-750,-417,22,445,750,855,0,380,-45,-453,-738,-816,-664,-329,92,484,744,795,616,267,-159,-549,-784,-795,-580,-203,235,615,832,817,572,164,-291,-676,-885,-850,-576,-136,357,749,939,878,571,97,-407,-800,-977,-893,-571,-88,429,829,1007,903,550,46,-480,-875,-1021,-887,-509,12,533,908,1038,880,470,-66,-589,-957,-1062,-875,-449,113,648,1002,1089,877,419,-153,-681,-1032,-1103,-868,-397,176,716,1064,1115,856,375,-207,-736,-1069,-1109,-846,-353,228,751,1065,1087,813,327,-245,-758,-1057,-1062,-786,-301,270,762,1041,1035,748,263,-288,-760,-1022,-1003,-711,-223,322,775,1013,975,672,184,-359,-794,-1006,-944,-628,0,0,0,0,0,834,1014,929,586,78,-450,-854,-1024,-922,-572,-59,467,861,1019,895,532,30,-481,-857,-990,-850,-486,10,505,854,963,804,420,-81,-558,-880,-952,-754,-350,153,614,907,939,707,272,-244,-703,-957,-944,-676,-220,311,760,998,958,657,172,-361,-797,-1013,-947,-615,-119,408,823,1016,919,557,32,-495,-877,-1019,-877,-483,52,576,937,1037,850,418,-141,-663,-1008,-1075,-848,-383,200,740,1078,1129,875,370,-242,-787,-1125,-1169,-899,-384,233,792,1142,1183,907,392,-226,-781,-1121,-1164,-900,-396,206,745,1080,1122,864,386,-198,-722,-1037,-1064,-810,-341,211,695,983,997,733,274,-251,-708,0,-947,-664,-203,306,732,951,907,611,140,-369,-777,-972,-900,-573,-83,439,845,1018,905,539,24,-507,-914,-1072,-939,-538,16,585,1001,1155,999,576,-12,-614,-1071,-1246,-1091,-651,-32,615,1107,1312,1177,737,96,-576,-1106,-1350,-1248,-817,-173,516,1075,1354,1286,894,256,-444,-1028,-1343,-1312,-939,-330,356,959,1312,1330,1013,439,-246,-862,-1258,-1334,-1078,-561,94,722,1155,1288,1111,666,67,-532,-984,-1190,-1093,-736,-221,333,790,1033,1016,758,330,-157,-585,-852,-898,-725,-386,20,405,671,764,674,423,77,-257,-511,-644,-618,-447,-190,91,345,510,556,491,336,125,-94,-264,-364,-391,-344,0,0,0,0,0,23,156,281,372,412,380,271,98,-112,-315,-465,-526,-476,-324,-98,157,390,540,566,459,246,-36,-316,-519,-602,-543,-349,-70,231,483,612,595,429,149,-168,-443,-612,-621,-474,-209,114,411,598,627,490,224,-105,-404,-592,-622,-484,-209,127,427,619,650,494,198,-159,-482,-687,-701,-526,-206,180,528,743,769,590,244,-174,-550,-786,-821,-641,-285,153,554,811,855,675,320,-129,-542,-821,-884,-709,-340,112,535,821,897,733,369,-94,-532,-835,-919,-760,-396,70,515,830,922,766,410,-53,-504,-821,-920,-776,-431,31,480,798,897,764,432,-9,-444,-755,-862,-731,-405,31,0,750,828,683,357,-65,-470,-741,-803,-642,-298,123,510,759,795,601,238,-196,-580,-802,-796,-570,-184,268,649,854,828,569,143,-326,-717,-919,-862,-569,-116,379,780,964,888,568,91,-420,-821,-998,-902,-559,-60,459,848,1012,899,527,8,-501,-878,-1024,-890,-499,34,558,923,1039,871,455,-92,-617,-982,-1070,-871,-428,139,672,1022,1098,872,408,-173,-712,-1055,-1109,-865,-388,194,722,1059,1108,856,370,-218,-739,-1064,-1104,-840,-349,237,756,1068,1080,799,310,-258,-752,-1043,-1054,-773,-279,281,760,1033,1023,732,247,-304,-764,-1016,-983,-681,-200,333,775,1007,962,649,156,-378,-808,0,0
39305,mtk,MTK 7916,2425545265,rx2-tx1,512,0,0,0,-460,-193,120,398,564,573,435,191,-98,-363,-525,-553,-432,-208,71,314,474,502,400,193,-53,-275,-423,-463,-375,-193,28,232,372,411,335,172,-20,-190,-303,-328,-268,-146,6,153,245,257,195,93,-23,-120,-180,-183,-126,-39,41,96,111,90,43,-19,-77,-92,-60,9,75,121,142,110,24,-71,-162,-221,-213,-139,-21,118,243,306,283,188,36,-142,-292,-377,-363,-242,-43,181,354,436,418,285,68,-163,-366,-478,-462,-321,-99,159,378,497,484,344,114,-149,-382,-512,-508,-378,-140,147,392,530,528,385,135,-154,-399,-541,-550,-406,-156,137,397,551,556,411,160,0,-393,-548,-568,-423,-161,143,407,565,565,419,154,-152,-419,-574,-571,-420,-162,152,441,594,580,419,142,-177,-460,-628,-615,-439,-141,202,502,675,667,470,142,-228,-551,-746,-738,-533,-190,214,580,795,812,618,255,-178,-568,-822,-865,-677,-319,124,547,841,917,765,415,-47,-502,-829,-958,-843,-509,-34,443,806,969,888,592,161,-311,-720,-951,-943,-706,-303,166,598,879,938,772,425,-12,-430,-741,-879,-794,-520,-138,267,595,762,751,566,257,-98,-424,-640,-686,-574,-332,-31,260,484,587,548,395,168,-91,-322,-476,-513,-443,-291,-94,104,263,353,378,337,236,114,5,0,0,0,0,0,-188,-180,-150,-88,2,94,186,260,289,264,192,75,-61,-188,-276,-312,-278,-186,-59,95,228,304,314,263,152,6,-145,-268,-321,-301,-217,-88,59,203,304,320,263,164,21,-137,-245,-286,-276,-218,-100,39,157,236,268,236,137,23,-92,-183,-229,-227,-180,-87,13,96,154,191,185,138,68,-8,-74,-118,-144,-148,-116,-73,-26,35,87,118,142,144,115,75,20,-50,-118,-166,-187,-173,-115,-26,66,149,208,222,187,105,-5,-118,-204,-245,-238,-176,-64,68,172,240,257,212,106,-19,-146,-236,-258,-217,-126,0,135,231,262,220,120,-2,-116,-206,-246,-218,-127,0,132,228,255,213,103,-40,-165,-250,-277,-221,-98,57,198,283,301,236,110,-59,-216,-322,-344,-271,-120,75,251,357,378,297,126,-79,-268,-401,-431,-352,-158,78,289,427,460,371,181,-62,-293,-441,-476,-383,-179,57,279,438,476,370,178,-65,-305,-458,-465,-354,-149,112,355,493,494,358,119,-155,-410,-563,-557,-396,-124,185,454,613,611,441,150,-189,-486,-660,-668,-506,-204,169,501,704,732,575,263,-131,-494,-728,-780,-634,-320,77,453,725,804,675,382,-3,-392,-688,-809,-720,-458,-80,323,636,779,735,492,130,-252,-561,-722,-704,-514,-187,183,482,653,658,499,0,0,0,0,0,-422,-585,-598,-460,-200,108,380,547,570,443,198,-87,-342,-506,-537,-419,-203,63,304,459,482,392,208,-32,-265,-403,-429,-349,-182,27,218,342,371,308,165,-6,-170,-273,-292,-236,-130,8,135,214,221,167,71,-35,-116,-147,-127,-67,-1,57,90,90,47,-17,-80,-108,-104,-57,24,110,160,158,118,26,-103,-214,-270,-257,-163,-24,138,276,355,338,215,30,-160,-324,-413,-397,-275,-72,165,363,466,446,303,83,-163,-374,-495,-481,-339,-103,155,374,504,501,367,131,-148,-389,-524,-522,-384,-143,149,399,539,537,396,150,-141,-398,-551,-550,-405,-150,140,406,559,0,417,165,-138,-405,-559,-564,-420,-159,142,404,568,571,418,160,-146,-420,-574,-576,-424,-143,171,450,611,603,430,142,-201,-495,-648,-627,-441,-131,226,535,699,688,506,174,-228,-571,-770,-773,-565,-207,209,585,815,835,645,288,-155,-562,-837,-898,-725,-359,93,530,838,943,809,460,-12,-469,-816,-968,-878,-561,-110,374,766,966,934,673,245,-245,-667,-919,-953,-757,-376,86,522,817,916,802,494,63,-363,-687,-844,-789,-551,-203,173,502,703,731,571,287,-35,-340,-558,-640,-576,-382,-99,178,402,530,541,433,231,-7,-222,-379,-450,-429,-335,-188,-15,128,227,272,268,0,0,0,0,0,-7,-82,-151,-215,-248,-239,-187,-102,12,130,232,295,297,236,132,3,-134,-248,-308,-305,-237,-105,45,178,278,321,286,191,45,-107,-242,-319,-322,-250,-125,28,161,262,315,292,190,52,-92,-209,-275,-279,-223,-119,10,132,219,260,232,162,62,-47,-147,-201,-205,-172,-116,-43,50,128,163,167,149,100,36,-26,-72,-121,-143,-141,-114,-76,-28,23,87,139,167,166,127,60,-11,-98,-177,-212,-199,-155,-72,41,146,214,239,216,146,36,-83,-190,-257,-261,-200,-94,42,172,250,262,210,117,-9,-130,-215,-256,-240,-147,-9,117,211,250,219,125,-1,-124,-214,0,-208,-106,27,148,230,258,211,103,-47,-185,-266,-275,-226,-98,62,208,309,334,267,119,-57,-217,-328,-356,-281,-117,77,256,377,407,318,151,-68,-273,-415,-447,-353,-159,69,276,430,480,382,186,-56,-290,-442,-462,-371,-183,63,294,443,466,366,158,-93,-325,-471,-489,-363,-134,141,378,519,521,377,121,-175,-437,-591,-585,-416,-134,190,479,654,658,485,181,-177,-495,-687,-706,-543,-232,146,492,718,758,601,280,-111,-475,-721,-797,-661,-349,48,433,713,811,706,424,37,-362,-667,-800,-728,-479,-114,283,600,757,719,504,170,-201,-520,-695,-680,-486,-180,158,457,0,0
39306,mtk,MTK 7916,2425577698,rx0-tx0,512,-349,-120,-92,-401,-347,-264,-149,-19,121,252,366,447,508,519,481,407,300,151,-11,-167,-314,-439,-529,-580,-565,-500,-395,-265,-99,79,244,388,504,566,572,537,453,338,192,31,-128,-273,-399,-481,-513,-512,-461,-382,-272,-141,-5,117,228,323,385,418,416,389,335,255,169,77,-21,-99,-184,-260,-313,-358,-381,-382,-353,-297,-219,-128,-21,96,209,319,409,456,476,462,402,311,191,39,-117,-265,-389,-492,-552,-558,-518,-433,-305,-161,18,187,344,466,546,583,560,486,375,228,62,-98,-255,-376,-461,-507,-503,-459,-376,-261,-133,7,138,243,326,381,395,376,342,271,183,92,-511,-91,-169,-230,-272,-288,-282,-245,-205,-155,-86,-39,20,78,115,151,175,189,196,194,183,162,135,103,50,1,-59,-120,-165,-210,-253,-264,-258,-240,-206,-137,-54,33,123,213,284,332,357,357,316,244,164,50,-61,-173,-270,-335,-382,-398,-385,-323,-240,-135,-30,90,209,297,368,408,406,381,321,226,111,-10,-132,-233,-311,-373,-387,-381,-339,-262,-181,-71,43,144,228,295,342,358,342,290,221,141,47,-51,-137,-220,-285,-326,-327,-304,-260,-189,-101,-8,84,170,240,287,312,304,258,195,111,13,-82,-169,-245,-289,-289,-257,-198,-112,-9,85,164,211,214,180,-188,-161,1179,148,-90,-149,-148,-102,-35,46,132,197,240,250,220,157,79,-18,-117,-200,-264,-297,-287,-253,-191,-105,-9,87,180,251,300,321,305,258,195,105,-13,-129,-216,-283,-328,-339,-316,-262,-184,-90,13,102,191,273,312,325,310,267,207,117,16,-69,-146,-219,-269,-293,-300,-281,-227,-160,-72,8,81,162,219,264,278,269,246,195,133,58,-12,-87,-145,-201,-237,-252,-250,-234,-192,-139,-76,-5,58,127,193,230,252,260,240,193,146,81,-4,-75,-135,-191,-237,-262,-269,-248,-199,-136,-68,9,91,163,214,248,267,257,222,174,120,48,-30,-93,-163,-206,-227,-247,-236,-197,-330,-108,-47,17,80,130,179,211,232,232,212,178,128,79,22,-39,-97,-161,-207,-233,-243,-235,-220,-185,-128,-69,3,85,156,223,273,307,313,303,260,190,113,13,-90,-190,-278,-350,-389,-405,-388,-326,-229,-112,21,161,281,385,456,483,482,431,337,213,77,-85,-253,-381,-479,-541,-548,-516,-442,-313,-157,1,177,330,451,541,580,554,499,396,245,83,-84,-247,-383,-482,-544,-552,-509,-428,-308,-171,-15,138,269,373,447,488,487,440,355,255,134,-5,-136,-246,-329,-389,-425,-419,-380,-328,-239,-142,-34,89,182,263,337,382,405,391,347,280,196,90,-19,-127,780,584,-729,119,132,185,287,382,447,477,467,425,334,223,88,-70,-213,-340,-449,-521,-545,-526,-461,-357,-217,-45,135,290,415,515,580,590,541,449,312,142,-32,-199,-340,-458,-530,-558,-536,-472,-368,-230,-86,62,206,325,413,462,470,446,394,307,198,87,-24,-130,-223,-295,-338,-371,-370,-352,-322,-262,-190,-108,-13,86,186,274,346,397,427,425,389,325,224,103,-26,-163,-295,-402,-487,-538,-533,-477,-384,-255,-102,61,223,372,484,562,584,551,469,343,192,20,-151,-298,-420,-513,-549,-540,-478,-373,-249,-105,45,191,314,401,449,460,429,364,276,163,37,-67,-169,-256,-311,-345,1105,-320,-267,-206,-132,-54,30,107,154,202,218,219,228,204,180,148,102,61,13,-30,-76,-117,-148,-185,-207,-218,-224,-200,-170,-134,-71,3,79,148,222,279,310,318,310,268,196,110,14,-90,-194,-276,-344,-385,-383,-355,-287,-203,-99,15,141,247,323,381,407,408,355,275,184,68,-48,-163,-265,-348,-396,-411,-393,-325,-245,-147,-30,70,182,266,328,373,367,336,282,208,117,8,-95,-187,-256,-306,-338,-330,-297,-243,-170,-80,17,108,191,259,300,316,308,269,200,117,21,-80,-170,-243,-291,-303,-286,-245,-177,-83,23,116,196,254,268,243,184,97,6,-79,73,101,1145,-1401,-1404,33,96,158,194,207,179,121,45,-48,-139,-212,-261,-277,-252,-200,-128,-33,66,154,234,288,307,300,259,189,105,1,-105,-192,-263,-319,-344,-318,-259,-189,-95,10,115,210,279,330,336,314,275,196,104,6,-92,-174,-244,-304,-315,-303,-269,-212,-136,-46,35,127,198,254,291,292,280,237,172,97,23,-53,-128,-186,-233,-249,-257,-241,-208,-161,-97,-29,42,109,171,211,242,256,246,217,167,103,49,-23,-99,-161,-205,-249,-260,-250,-222,-178,-112,-37,39,119,185,227,255,269,253,214,158,97,22,-63,-135,-190,-227,-253,-251,-233,-197,-134,-75,-13,66,131,826,212,231,234,216,189,149,93,34,-38,-94,-149,-192,-216,-235,-230,-220,-185,-132,-74,-3,59,115,177,223,256,281,269,244,200,130,49,-42,-127,-211,-275,-325,-356,-356,-325,-268,-179,-69,51,181,296,380,430,457,440,380,292,159,18,-123,-269,-386,-463,-516,-532,-485,-390,-269,-119,43,200,355,480,546,571,553,475,360,213,34,-133,-278,-423,-524,-568,-570,-516,-413,-280,-125,41,199,338,443,506,524,499,432,330,208,72,-69,-203,-316,-395,-449,-459,-429,-373,-285,-180,-63,53,152,243,328,382,415,399,345,293,214,115,9,-108,-210,-288,-361,-402,-413,-401,-1151,-1267
39307,mtk,MTK 7916,2425577698,rx0-tx1,512,87,-147,-182,-640,-620,-556,-434,-279,-87,113,311,489,644,759,800,781,696,549,361,139,-101,-337,-550,-729,-858,-910,-891,-799,-643,-441,-195,70,339,586,788,929,997,990,901,746,519,249,-46,-329,-594,-816,-975,-1055,-1056,-977,-814,-597,-332,-42,262,536,763,944,1055,1095,1049,924,722,468,173,-138,-444,-718,-940,-1094,-1170,-1158,-1049,-862,-600,-293,45,393,707,967,1156,1245,1242,1132,936,666,334,-20,-380,-702,-963,-1144,-1233,-1233,-1131,-935,-670,-354,-12,318,633,897,1076,1170,1179,1093,924,688,396,83,-235,-538,-795,-989,-1095,-1116,-1060,-915,-703,-447,-156,140,426,677,872,1001,1046,1021,-689,750,522,276,-5,-293,-549,-767,-927,-1024,-1044,-992,-862,-664,-418,-135,162,460,731,937,1079,1146,1122,1006,803,531,215,-130,-472,-783,-1032,-1198,-1279,-1248,-1114,-882,-564,-203,183,558,881,1144,1323,1369,1307,1129,844,499,100,-303,-685,-1006,-1233,-1360,-1367,-1261,-1040,-727,-363,37,431,779,1063,1247,1323,1278,1121,864,538,165,-207,-552,-844,-1049,-1152,-1152,-1051,-865,-601,-296,18,317,578,777,894,942,902,778,602,388,150,-90,-312,-498,-633,-708,-730,-690,-584,-437,-266,-70,127,305,449,555,604,600,531,418,275,97,-88,-252,-390,-485,-523,-495,-408,-266,-97,70,219,318,354,315,-49,-77,0,-252,-143,177,179,142,68,-22,-117,-198,-250,-271,-254,-206,-133,-44,47,130,206,261,286,283,254,202,134,50,-37,-118,-198,-264,-303,-309,-306,-271,-214,-142,-49,53,156,252,320,371,401,390,338,259,148,28,-110,-249,-362,-444,-486,-487,-447,-366,-244,-95,56,206,348,458,517,530,506,436,321,187,33,-117,-256,-383,-476,-516,-517,-479,-397,-287,-144,0,132,255,358,438,477,476,447,383,280,157,32,-95,-215,-321,-404,-453,-468,-446,-386,-302,-188,-57,72,196,301,384,439,465,444,390,301,194,80,-50,-177,-278,-358,-412,-430,-421,-380,-299,-206,-95,19,128,229,316,-130,383,385,356,299,219,127,27,-74,-165,-238,-305,-344,-352,-334,-296,-240,-172,-92,-4,75,150,218,259,289,309,302,287,250,194,133,65,-19,-99,-176,-252,-308,-351,-374,-371,-337,-290,-221,-118,-4,119,238,346,437,490,512,499,440,333,206,57,-109,-270,-406,-516,-599,-626,-596,-526,-409,-255,-81,103,280,441,568,641,666,644,559,424,262,75,-113,-291,-443,-556,-634,-647,-613,-536,-405,-251,-88,80,243,377,482,544,559,539,478,381,266,136,2,-123,-245,-339,-399,-437,-449,-438,-392,-321,-249,-156,-57,45,155,248,327,399,446,471,462,422,356,252,132,-6,-75,-207,504,-89,-56,37,211,384,527,637,704,714,668,570,424,223,0,-219,-436,-616,-755,-844,-857,-804,-684,-511,-289,-30,223,466,675,834,935,960,908,782,587,345,78,-203,-467,-708,-895,-1012,-1044,-995,-877,-677,-424,-137,157,444,698,893,1026,1080,1053,934,757,529,251,-45,-342,-619,-848,-1016,-1114,-1127,-1057,-904,-679,-400,-81,252,564,836,1046,1180,1230,1176,1022,788,482,141,-216,-555,-848,-1081,-1226,-1267,-1211,-1048,-805,-503,-169,180,514,806,1033,1181,1225,1180,1047,823,534,215,-119,-444,-726,-952,-1099,-1154,-1124,-1011,-817,-562,-264,43,347,618,835,989,1068,1063,981,825,609,345,61,-220,261,-721,-888,-993,-1040,-993,-877,-700,-471,-202,86,365,622,833,986,1068,1070,997,839,613,343,27,-299,-607,-869,-1065,-1186,-1218,-1141,-965,-704,-394,-39,332,681,982,1196,1313,1325,1215,1009,724,358,-40,-429,-794,-1083,-1279,-1375,-1349,-1210,-958,-627,-248,158,550,897,1155,1318,1363,1284,1100,814,462,73,-317,-667,-957,-1159,-1254,-1231,-1103,-883,-581,-242,109,436,713,921,1034,1053,984,831,607,349,78,-200,-441,-628,-759,-823,-817,-740,-601,-416,-212,-4,207,391,530,624,663,641,559,436,281,100,-88,-264,-405,-506,-559,-546,-481,-375,-227,-48,129,290,406,452,436,357,229,75,-66,-145,-131,0,-114,-247,-2,-80,-161,-215,-239,-224,-171,-95,0,98,182,245,276,274,248,195,120,33,-54,-135,-208,-259,-292,-294,-274,-235,-166,-80,6,92,179,250,305,340,347,326,271,196,106,-7,-134,-252,-350,-411,-443,-448,-402,-318,-202,-63,85,230,357,455,506,512,476,399,281,133,-17,-166,-311,-419,-490,-526,-511,-458,-367,-237,-87,54,198,322,420,488,505,485,428,341,225,84,-52,-179,-296,-387,-445,-468,-459,-410,-333,-228,-111,15,141,254,347,424,458,456,416,344,245,131,3,-127,-242,-340,-403,-443,-449,-414,-343,-253,-142,-21,95,210,301,362,402,412,391,341,260,245,56,-43,-144,-242,-314,-363,-377,-367,-329,-272,-197,-97,-1,89,171,236,287,318,323,306,281,227,165,102,30,-47,-119,-189,-244,-282,-311,-326,-315,-297,-246,-172,-92,-3,100,193,274,361,418,447,437,396,329,227,104,-32,-171,-317,-434,-515,-564,-568,-523,-438,-319,-161,20,195,359,498,591,639,640,593,495,347,169,-15,-202,-376,-514,-612,-663,-655,-598,-489,-348,-176,9,180,348,484,570,609,601,547,454,332,181,25,-122,-260,-369,-448,-491,-497,-477,-423,-331,-226,-121,-14,92,198,279,346,403,425,431,408,356,294,207,105,-14,-135,-248,-362,-452,-512,-540,248,164
39308,mtk,MTK 7916,2425577698,rx1-tx0,512,0,48,512,645,564,432,260,58,-146,-348,-530,-668,-764,-800,-758,-656,-494,-292,-61,187,422,627,782,873,897,843,718,533,299,30,-247,-488,-709,-867,-948,-958,-895,-745,-524,-269,14,295,556,772,924,986,984,899,724,496,238,-51,-330,-582,-789,-938,-1003,-974,-873,-701,-479,-226,61,344,585,781,914,965,952,853,679,462,203,-68,-330,-555,-736,-867,-917,-882,-795,-638,-425,-190,71,310,523,691,804,849,817,720,575,386,172,-58,-282,-455,-609,-715,-751,-730,-646,-515,-361,-197,2,189,365,513,609,661,671,616,517,380,223,42,-146,-324,-470,-576,-634,-649,-608,-511,-383,-226,216,139,305,447,554,618,620,575,481,347,202,30,-137,-297,-439,-536,-580,-586,-539,-442,-309,-159,5,164,301,418,495,543,538,473,377,265,131,-16,-164,-293,-385,-448,-466,-446,-390,-303,-202,-88,42,149,242,313,351,372,350,298,237,154,59,-18,-91,-159,-202,-246,-266,-263,-251,-226,-186,-129,-57,4,70,144,194,235,269,284,277,244,187,118,31,-63,-143,-213,-276,-300,-292,-275,-223,-144,-77,-7,89,174,233,256,272,254,218,176,97,30,-54,-124,-191,-233,-247,-242,-212,-167,-104,-22,52,112,167,207,221,207,167,104,36,-37,-113,-163,-179,-172,-129,-61,-790,-738,0,187,7,-171,-204,-193,-138,-65,36,139,220,270,283,268,212,119,22,-86,-179,-255,-306,-311,-291,-243,-168,-71,37,127,202,266,309,319,285,236,180,88,-10,-110,-193,-250,-290,-315,-306,-268,-215,-139,-49,32,117,203,268,302,321,319,271,202,133,43,-57,-139,-228,-283,-325,-348,-330,-275,-209,-129,-34,76,167,243,303,330,324,310,265,192,93,0,-91,-167,-246,-297,-305,-307,-284,-230,-162,-82,14,92,151,212,270,287,284,259,215,146,79,8,-70,-144,-199,-242,-263,-261,-243,-198,-146,-77,-3,73,136,179,226,245,241,227,182,126,58,-6,-59,-120,-157,-189,-584,-198,-174,-147,-107,-54,-13,44,86,113,134,137,135,121,99,75,48,8,-16,-39,-53,-69,-76,-73,-67,-52,-41,-43,-42,-43,-37,-40,-35,-28,-27,-11,4,22,35,66,104,131,156,169,161,139,105,55,-10,-71,-154,-231,-280,-309,-313,-293,-237,-156,-65,49,174,305,405,458,474,455,388,290,159,1,-157,-312,-441,-524,-559,-560,-512,-400,-259,-97,79,243,393,504,580,599,582,503,392,245,68,-106,-283,-423,-533,-604,-614,-576,-492,-385,-234,-58,111,275,410,511,583,609,579,510,400,254,94,-69,-225,-368,-488,-574,-611,-606,-557,-459,-328,-165,8,172,197,295,0,-824,-651,-249,-425,-577,-685,-739,-727,-668,-547,-383,-187,46,281,489,659,772,835,831,749,603,405,173,-73,-334,-560,-750,-885,-943,-906,-804,-639,-407,-145,133,403,655,835,951,991,947,825,632,381,107,-173,-460,-702,-874,-974,-1004,-943,-816,-624,-376,-89,196,467,700,865,975,998,927,788,590,343,79,-195,-465,-694,-854,-945,-949,-880,-744,-558,-328,-60,200,437,650,791,871,879,811,691,515,305,63,-183,-408,-587,-722,-794,-802,-733,-621,-475,-283,-74,137,331,495,607,680,703,663,586,452,282,103,-82,-258,-412,-539,-623,-661,-643,-574,-454,-303,-133,41,216,376,503,598,757,621,555,447,301,128,-59,-226,-384,-503,-581,-611,-581,-518,-410,-264,-96,65,230,366,469,542,570,536,463,353,222,75,-84,-229,-351,-441,-504,-513,-478,-396,-293,-165,-30,104,220,318,374,415,410,367,305,211,120,17,-88,-178,-243,-299,-310,-302,-286,-241,-189,-130,-48,16,79,132,187,229,243,246,246,230,184,126,62,-19,-93,-169,-230,-269,-292,-282,-256,-216,-140,-45,35,118,201,250,268,289,280,236,164,86,10,-82,-143,-206,-244,-258,-253,-222,-172,-106,-31,43,114,174,219,239,225,192,141,77,4,-68,-134,-183,-204,-206,-172,-107,-40,28,93,130,155,-330,0,240,311,-63,14,110,186,238,260,232,162,72,-28,-126,-216,-276,-302,-297,-256,-187,-86,18,115,201,272,316,319,288,241,171,79,-32,-126,-194,-259,-308,-317,-297,-241,-174,-102,-20,72,155,226,284,303,301,287,246,179,100,17,-82,-180,-243,-286,-327,-323,-303,-249,-170,-96,1,107,200,267,312,341,337,294,237,149,50,-38,-130,-221,-293,-331,-333,-315,-278,-223,-135,-49,34,132,208,261,299,307,284,245,199,122,31,-49,-124,-192,-237,-259,-272,-270,-235,-183,-115,-37,34,107,171,221,258,260,246,210,167,113,35,-27,-90,-146,-183,-210,-219,-212,-186,-138,-100,-674,24,71,110,148,168,170,167,136,107,67,25,-16,-50,-77,-96,-112,-119,-105,-91,-76,-56,-37,-21,-6,11,14,14,22,28,30,32,43,45,58,71,83,89,93,90,69,42,9,-37,-86,-137,-182,-222,-240,-244,-229,-176,-105,-17,76,173,276,344,392,411,394,332,231,106,-25,-171,-314,-424,-506,-535,-517,-454,-340,-195,-37,119,286,428,526,588,592,546,447,321,164,-7,-177,-343,-472,-573,-619,-615,-553,-445,-314,-145,32,207,349,472,570,605,592,537,431,308,163,-3,-167,-317,-449,-541,-591,-592,-553,-475,-365,-218,-51,116,282,427,546,622,639,609,-238,-82
39309,mtk,MTK 7916,2425577698,rx1-tx1,512,0,0,0,424,75,-289,-584,-743,-727,-527,-193,186,517,724,757,615,322,-49,-400,-653,-752,-660,-409,-60,291,568,696,648,433,118,-217,-493,-647,-626,-440,-150,174,460,627,629,470,185,-151,-451,-639,-669,-525,-245,99,419,636,694,584,320,-34,-378,-640,-745,-660,-417,-79,288,585,739,709,512,190,-183,-507,-708,-742,-591,-302,59,408,652,731,629,388,58,-282,-551,-685,-645,-444,-139,183,453,610,616,474,221,-83,-361,-542,-584,-488,-272,2,273,467,538,475,295,50,-206,-405,-498,-465,-325,-107,132,328,432,432,332,143,-80,-266,-373,-393,-318,-158,39,216,329,356,294,0,-24,-181,-292,-332,-280,-156,0,164,282,315,264,143,-13,-165,-277,-319,-282,-162,1,170,290,343,301,186,18,-165,-310,-381,-360,-249,-70,130,307,408,423,332,155,-64,-265,-413,-471,-427,-278,-49,194,385,494,494,386,197,-41,-282,-458,-523,-475,-325,-102,141,359,494,516,437,259,21,-211,-389,-487,-480,-372,-190,24,229,377,449,428,318,136,-56,-223,-343,-386,-351,-254,-111,48,188,279,315,293,213,103,-16,-133,-218,-250,-238,-188,-108,-20,65,137,182,197,180,137,78,8,-60,-115,-149,-163,-156,-129,-89,-37,21,77,117,139,142,132,110,73,35,4,0,0,0,0,0,51,67,78,78,62,29,-9,-47,-79,-101,-103,-80,-31,20,64,104,120,105,70,17,-47,-106,-140,-134,-104,-50,27,105,153,164,141,91,16,-63,-132,-175,-172,-128,-54,32,116,169,183,150,81,-8,-89,-151,-172,-150,-85,1,98,162,176,142,77,-17,-111,-183,-210,-177,-94,22,139,225,259,233,141,4,-142,-260,-324,-303,-208,-49,129,283,373,382,295,135,-67,-261,-401,-455,-403,-251,-30,198,381,482,470,349,145,-106,-335,-488,-532,-449,-258,-16,230,430,526,495,352,124,-141,-369,-504,-513,-396,-195,52,293,462,506,426,242,-8,-249,-422,-493,-447,0,-39,211,410,503,461,306,67,-196,-418,-539,-524,-366,-115,171,422,571,587,455,206,-104,-400,-602,-664,-555,-308,19,354,604,705,638,413,79,-285,-581,-736,-713,-514,-177,204,534,748,788,632,310,-92,-480,-751,-842,-721,-420,-25,376,700,860,806,555,167,-270,-644,-861,-866,-661,-290,146,554,815,878,740,429,4,-423,-740,-872,-797,-524,-123,303,644,822,808,591,232,-180,-547,-774,-798,-628,-299,94,455,703,771,641,364,-6,-378,-645,-743,-657,-412,-68,298,588,726,682,467,132,-233,-536,-711,-706,-518,-200,164,489,691,717,567,277,-86,-425,-661,-731,-618,-358,0,0,0,0,0,623,754,703,480,136,-238,-559,-752,-759,-576,-258,118,462,696,755,631,361,6,-347,-613,-722,-654,-427,-96,253,529,669,634,445,142,-195,-474,-631,-622,-453,-169,161,456,636,651,492,205,-136,-442,-643,-684,-546,-272,71,409,646,724,619,356,9,-342,-621,-750,-690,-465,-126,242,551,727,732,557,248,-121,-462,-685,-737,-613,-340,9,350,598,696,635,419,98,-239,-502,-636,-625,-462,-186,129,404,581,608,478,238,-50,-316,-499,-563,-479,-282,-23,228,426,518,480,320,84,-161,-353,-453,-442,-323,-124,104,297,400,406,316,144,-61,-237,-351,-384,-305,-152,26,192,0,339,285,153,-19,-178,-284,-322,-269,-151,5,162,272,312,271,158,-6,-169,-286,-331,-291,-177,-6,162,293,362,336,219,41,-149,-309,-399,-396,-295,-114,98,295,427,465,387,215,-3,-224,-407,-494,-467,-329,-117,121,338,481,516,444,265,28,-220,-417,-525,-507,-380,-172,70,288,438,503,465,326,118,-110,-315,-446,-479,-413,-265,-66,139,307,406,418,343,208,39,-137,-277,-348,-348,-283,-170,-34,104,214,276,289,246,162,57,-51,-147,-207,-226,-205,-155,-85,-9,65,128,167,180,163,129,77,15,-43,-96,-135,-152,-152,-132,-98,-52,-4,43,77,100,110,107,0,0,0,0,0,-57,-38,-6,29,62,89,98,86,59,18,-33,-78,-103,-110,-92,-54,5,65,105,125,119,84,29,-38,-101,-139,-150,-125,-67,9,82,143,175,161,104,26,-59,-129,-173,-175,-134,-60,21,95,150,168,147,81,-8,-89,-145,-170,-148,-86,4,103,179,194,150,67,-23,-123,-203,-226,-191,-108,13,138,237,284,261,172,31,-136,-274,-351,-345,-254,-93,100,275,388,413,349,193,-15,-226,-395,-479,-447,-309,-95,151,365,496,507,399,202,-40,-281,-455,-522,-467,-308,-70,187,398,516,513,382,162,-88,-317,-474,-510,-413,-222,23,264,440,505,438,261,25,-221,0,-497,-453,-291,-45,206,404,506,487,338,94,-187,-427,-558,-551,-405,-156,139,411,596,627,500,250,-77,-384,-603,-676,-597,-357,-24,321,585,720,682,474,130,-246,-565,-754,-766,-577,-247,145,503,747,813,683,381,-25,-438,-744,-859,-773,-498,-102,319,671,866,841,608,227,-209,-595,-841,-883,-710,-366,65,486,782,891,779,481,60,-367,-701,-863,-806,-554,-176,235,585,795,806,610,268,-130,-500,-737,-782,-631,-335,43,407,670,762,656,388,26,-332,-608,-734,-672,-438,-105,264,569,724,689,485,162,-201,-516,-701,-707,-537,-236,124,461,680,723,589,313,-43,-392,-637,0,0
39310,mtk,MTK 7916,2425577698,rx2-tx0,512,0,0,0,-973,-1008,-788,-375,138,622,952,1036,860,470,-36,-533,-894,-1029,-904,-552,-64,445,836,1008,927,609,138,-366,-770,-979,-935,-643,-183,319,734,962,941,674,234,-273,-709,-959,-959,-712,-274,235,690,964,992,764,340,-176,-651,-961,-1030,-833,-418,106,599,938,1036,864,469,-44,-543,-905,-1032,-887,-506,5,514,891,1039,911,546,39,-487,-893,-1062,-957,-606,-86,467,899,1113,1046,703,168,-410,-885,-1144,-1117,-813,-303,288,818,1153,1195,939,448,-153,-714,-1090,-1204,-1021,-589,-10,562,996,1181,1065,688,153,-417,-878,-1114,-1069,-759,-261,292,764,1036,1043,787,335,-197,-674,-965,-1005,0,-381,126,600,920,999,819,422,-82,-563,-903,-1014,-862,-486,17,520,894,1043,928,574,68,-461,-887,-1095,-1018,-679,-166,396,871,1136,1121,818,306,-293,-834,-1174,-1237,-993,-498,125,729,1168,1331,1166,717,89,-566,-1090,-1351,-1294,-923,-324,353,943,1308,1375,1117,574,-107,-753,-1222,-1404,-1246,-792,-151,526,1073,1367,1343,1000,418,-251,-851,-1252,-1365,-1163,-695,-69,559,1045,1286,1230,903,383,-211,-751,-1096,-1185,-1005,-610,-91,430,832,1026,984,730,325,-135,-546,-810,-884,-758,-470,-91,285,582,732,716,545,265,-62,-356,-571,-655,-603,-431,-189,79,315,476,539,506,398,242,75,-80,0,0,0,0,0,216,135,18,-128,-278,-399,-463,-449,-358,-190,26,248,431,536,535,431,236,-15,-272,-477,-582,-565,-418,-179,107,369,553,615,540,337,55,-243,-492,-632,-619,-462,-201,108,400,598,651,543,308,-1,-309,-546,-650,-595,-390,-83,245,508,642,622,445,149,-191,-487,-664,-677,-514,-221,138,471,696,749,621,334,-45,-420,-698,-805,-718,-448,-67,335,668,841,804,568,183,-245,-619,-847,-872,-678,-316,126,540,828,913,776,446,4,-442,-781,-936,-859,-569,-142,318,700,909,903,683,289,-176,-593,-867,-929,-764,-418,35,474,787,905,803,503,89,-347,-689,-855,-805,-552,-162,0,606,801,794,577,210,-195,-554,-770,-784,-587,-237,174,539,768,798,613,265,-159,-551,-799,-838,-665,-323,115,533,824,905,749,396,-60,-503,-828,-956,-840,-503,-33,450,827,996,912,592,128,-379,-794,-1009,-963,-683,-232,294,750,1007,1007,754,312,-217,-697,-997,-1038,-818,-385,145,643,979,1066,877,465,-69,-588,-965,-1092,-932,-547,-23,514,927,1100,993,640,122,-427,-871,-1100,-1049,-725,-218,335,802,1070,1067,791,321,-228,-718,-1031,-1077,-851,-411,133,644,985,1070,894,494,-21,-533,-910,-1054,-923,-562,-62,451,850,1032,942,615,140,-369,-789,-1009,-968,-677,-224,290,731,977,0,0,0,0,0,316,-187,-653,-957,-1023,-829,-426,90,587,929,1035,880,513,16,-486,-867,-1022,-916,-584,-102,404,804,992,929,629,166,-338,-748,-966,-935,-661,-214,283,709,951,947,693,253,-253,-694,-959,-978,-742,-308,210,673,962,1010,800,382,-141,-629,-957,-1035,-853,-452,65,564,917,1029,872,489,-23,-529,-896,-1025,-893,-529,-18,499,890,1048,934,572,55,-482,-900,-1088,-997,-646,-122,433,888,1130,1083,756,232,-356,-854,-1142,-1153,-875,-374,229,777,1129,1198,971,513,-68,-638,-1055,-1203,-1052,-650,-91,488,942,1156,1080,737,216,-348,-816,-1073,-1054,-771,-303,232,701,990,1030,803,366,-158,0,-939,-1011,-815,-405,104,576,902,999,841,458,-42,-537,-895,-1026,-893,-530,-23,495,886,1058,966,620,109,-438,-884,-1117,-1069,-753,-234,358,866,1169,1186,910,403,-217,-798,-1187,-1288,-1083,-608,20,656,1139,1350,1235,822,206,-462,-1026,-1348,-1342,-1013,-450,230,861,1277,1389,1177,683,18,-648,-1152,-1381,-1292,-898,-290,387,971,1326,1368,1088,556,-97,-718,-1163,-1342,-1214,-811,-233,385,902,1206,1226,969,503,-57,-586,-965,-1117,-1012,-685,-217,278,687,925,946,756,411,-8,-408,-698,-810,-743,-515,-185,170,471,657,694,578,348,54,-235,-463,-591,-599,-498,-317,-95,123,293,390,415,374,0,0,0,0,0,214,306,364,373,314,193,25,-163,-339,-470,-522,-472,-326,-114,127,354,516,575,508,330,82,-188,-432,-584,-605,-490,-266,22,307,530,635,591,411,138,-172,-444,-616,-642,-512,-263,51,352,569,649,576,359,48,-275,-526,-645,-606,-414,-117,219,501,658,651,484,182,-174,-495,-692,-720,-568,-273,97,453,706,788,674,385,-5,-393,-690,-827,-766,-505,-116,303,652,850,842,622,246,-185,-581,-843,-900,-732,-390,54,490,805,926,818,501,68,-379,-741,-922,-885,-633,-222,244,648,894,921,727,356,-102,-532,-833,-931,-793,-468,-33,403,735,881,810,539,138,-291,-642,-828,0,-562,-196,222,580,782,784,580,229,-188,-549,-768,-784,-597,-250,165,544,777,816,643,294,-141,-543,-808,-871,-710,-360,88,523,830,926,790,451,-17,-484,-832,-977,-879,-552,-80,415,808,997,939,647,179,-340,-772,-1008,-995,-728,-271,252,714,993,1019,780,342,-188,-675,-989,-1050,-849,-430,112,622,972,1075,907,504,-26,-556,-942,-1093,-970,-598,-72,476,901,1096,1015,681,172,-387,-848,-1090,-1057,-758,-268,287,768,1056,1080,827,366,-183,-680,-1002,-1077,-879,-458,74,587,947,1062,908,528,16,-499,-887,-1046,-936,-594,-101,419,823,1013,953,652,180,-333,-756,-992,-977,-707,-261,0,0
39311,mtk,MTK 7916,2425577698,rx2-tx1,512,0,0,0,530,604,529,326,48,-232,-445,-551,-531,-383,-144,129,357,492,521,425,228,-23,-261,-428,-488,-430,-278,-62,154,321,409,406,305,125,-72,-230,-324,-342,-281,-151,2,145,246,273,231,149,37,-74,-148,-171,-158,-107,-32,31,68,88,74,37,-2,-30,-32,-10,19,46,72,67,32,-34,-111,-158,-164,-135,-73,28,139,220,253,227,139,-3,-151,-273,-338,-323,-224,-67,119,289,395,410,326,155,-57,-262,-404,-450,-398,-243,-26,204,396,491,467,332,114,-128,-345,-482,-504,-405,-193,73,310,478,540,467,273,15,-252,-459,-556,-509,-336,-88,182,411,533,525,389,0,-116,-355,-513,-549,-447,-229,49,307,494,564,476,276,17,-254,-477,-574,-527,-341,-74,211,444,584,566,398,134,-166,-444,-609,-621,-475,-204,130,431,633,695,582,317,-37,-384,-643,-753,-693,-465,-107,293,622,806,815,625,273,-154,-536,-799,-891,-765,-442,-13,411,748,920,883,639,241,-224,-637,-902,-960,-796,-454,-1,453,803,972,922,662,257,-200,-617,-894,-967,-817,-497,-79,349,690,871,865,670,331,-68,-442,-698,-802,-732,-498,-161,191,482,655,684,565,337,41,-250,-475,-585,-574,-442,-225,31,263,435,514,487,371,198,-6,-189,-314,-382,-386,-322,-219,-103,13,0,0,0,0,0,-113,-67,-5,68,141,204,242,246,206,132,28,-94,-194,-255,-278,-251,-168,-54,72,182,256,290,267,179,57,-74,-192,-274,-296,-258,-177,-60,80,196,268,289,245,145,20,-98,-199,-260,-264,-213,-122,-4,110,193,240,235,182,101,2,-95,-159,-196,-196,-158,-89,-14,59,126,165,171,150,100,44,-16,-79,-127,-153,-159,-150,-115,-56,12,78,145,190,202,164,103,31,-60,-150,-209,-231,-211,-152,-60,55,169,247,270,243,167,46,-79,-194,-266,-275,-224,-127,-3,123,223,281,267,192,75,-48,-163,-245,-263,-216,-121,-3,114,216,264,230,141,26,-92,-187,0,-223,-156,-37,89,191,248,234,153,35,-97,-214,-279,-272,-190,-54,98,221,304,316,242,98,-72,-232,-337,-368,-308,-160,34,218,357,425,389,245,32,-187,-368,-460,-436,-314,-112,117,326,460,483,380,180,-63,-283,-445,-503,-427,-241,4,248,437,514,452,268,31,-225,-435,-541,-515,-355,-90,207,452,588,581,427,160,-146,-428,-617,-658,-540,-284,49,378,621,712,626,393,74,-275,-573,-742,-726,-536,-207,166,498,715,770,635,350,-15,-387,-662,-787,-731,-500,-152,227,550,743,765,600,302,-60,-411,-665,-751,-661,-427,-100,249,532,680,657,484,202,-118,-406,-600,0,0,0,0,0,-299,-15,266,478,571,530,357,103,-175,-406,-533,-527,-399,-175,84,312,466,506,431,255,24,-213,-380,-456,-423,-292,-93,118,284,377,381,298,147,-26,-179,-279,-305,-256,-149,-19,99,187,227,204,134,38,-53,-113,-134,-116,-70,-16,25,54,57,27,-8,-32,-43,-25,21,62,100,112,96,42,-43,-127,-191,-219,-190,-92,29,146,246,295,277,187,43,-134,-285,-370,-365,-279,-115,88,280,402,432,364,203,-25,-249,-416,-485,-434,-283,-63,178,376,494,493,371,158,-101,-344,-489,-520,-432,-235,19,275,466,548,490,305,45,-221,-436,-548,-520,-365,-121,156,401,0,563,425,188,-81,-334,-509,-565,-478,-268,17,291,488,566,510,325,56,-235,-471,-578,-540,-370,-104,196,450,589,581,429,166,-148,-446,-630,-655,-521,-254,77,415,663,746,651,399,38,-332,-627,-786,-762,-546,-186,223,586,819,857,685,352,-59,-473,-794,-920,-825,-536,-128,321,702,919,930,717,339,-113,-548,-860,-967,-860,-563,-135,331,720,943,957,755,384,-63,-489,-800,-937,-867,-600,-208,207,567,794,839,712,429,54,-314,-602,-746,-717,-540,-257,72,375,582,653,585,399,131,-144,-373,-520,-559,-475,-306,-87,136,319,433,461,406,288,130,-30,-163,-248,-282,-264,0,0,0,0,0,-131,-175,-202,-199,-169,-114,-32,68,162,234,267,259,204,112,-7,-125,-227,-281,-278,-219,-122,-1,124,227,289,286,227,118,-18,-144,-234,-285,-283,-208,-91,37,157,242,276,260,189,76,-49,-157,-226,-248,-221,-152,-57,55,148,207,220,195,132,44,-50,-121,-168,-185,-162,-123,-61,8,66,119,156,163,141,95,38,-18,-71,-124,-161,-169,-153,-114,-47,40,119,178,205,210,170,91,-7,-102,-189,-243,-255,-204,-107,5,124,223,280,270,201,85,-39,-161,-253,-287,-262,-175,-47,86,195,268,269,208,109,-15,-143,-234,-266,-239,-144,-14,113,203,240,217,145,0,-94,-190,-235,-223,-150,-28,100,207,263,253,173,49,-93,-220,-295,-288,-215,-81,77,228,330,345,271,131,-53,-226,-346,-386,-334,-191,6,211,371,442,409,278,70,-161,-353,-463,-455,-336,-146,78,304,460,490,404,221,-31,-266,-436,-501,-439,-267,-20,237,427,516,480,315,64,-222,-452,-567,-556,-389,-111,188,444,605,619,475,215,-111,-412,-619,-687,-587,-341,-9,328,601,732,682,465,142,-224,-544,-739,-754,-587,-284,84,438,697,791,695,436,74,-308,-611,-775,-767,-569,-236,143,485,713,772,643,369,23,-324,-593,-714,-664,-461,-156,178,465,631,647,508,248,0,0
39312,mtk,MTK 7916,2425611908,rx0-tx0,512,-349,-120,-92,452,329,188,19,-159,-313,-447,-537,-589,-579,-493,-362,-199,-7,190,372,517,614,647,604,514,363,164,-55,-261,-445,-583,-659,-668,-604,-474,-299,-98,114,311,469,581,639,620,542,423,257,62,-121,-282,-421,-504,-537,-526,-465,-364,-235,-92,49,181,296,377,441,464,446,400,323,220,103,-34,-168,-291,-403,-489,-528,-521,-468,-362,-229,-63,126,299,456,572,630,639,568,438,252,47,-171,-372,-540,-658,-702,-672,-572,-411,-212,24,250,450,604,688,702,640,508,330,117,-109,-317,-482,-574,-614,-598,-506,-379,-220,-36,141,276,389,463,483,460,389,289,180,42,-90,-511,-281,-337,-362,-365,-317,-265,-181,-84,-3,84,163,227,267,287,288,271,230,170,109,31,-51,-136,-210,-270,-314,-328,-323,-287,-224,-131,-19,92,207,319,388,428,428,380,302,181,34,-124,-265,-381,-463,-493,-485,-412,-300,-163,2,154,301,430,504,516,494,417,289,143,-25,-194,-347,-456,-521,-540,-491,-395,-258,-103,67,232,364,452,502,507,453,353,213,54,-104,-249,-379,-448,-473,-457,-390,-289,-169,-18,133,250,347,414,440,410,333,231,106,-35,-175,-288,-360,-402,-408,-353,-261,-140,4,144,260,348,393,384,319,213,74,-71,-201,-293,-326,-302,-227,-114,3,-188,-161,1179,148,-90,67,138,189,200,171,101,8,-96,-182,-237,-259,-248,-192,-103,-1,106,192,260,287,272,229,151,54,-48,-144,-236,-287,-301,-284,-229,-142,-41,66,164,249,288,293,265,212,130,41,-53,-149,-208,-256,-274,-257,-209,-141,-62,23,99,162,205,228,230,209,171,113,44,-16,-86,-150,-187,-207,-211,-192,-155,-104,-39,14,75,141,185,208,209,201,167,114,55,-12,-78,-144,-201,-236,-246,-222,-172,-112,-44,41,124,192,231,257,260,228,177,99,8,-80,-157,-224,-262,-267,-250,-204,-126,-53,36,138,198,248,270,253,223,167,103,31,-60,-132,-193,-235,-247,-233,-330,-150,-88,-12,59,132,177,209,228,218,198,149,95,24,-42,-104,-157,-194,-213,-214,-199,-168,-130,-69,-3,68,136,187,220,255,262,239,207,146,56,-39,-126,-209,-284,-342,-355,-338,-279,-195,-80,42,172,297,387,445,456,417,331,203,51,-102,-254,-385,-490,-539,-523,-451,-346,-193,-3,182,349,480,554,580,546,442,301,116,-81,-264,-419,-540,-608,-596,-526,-402,-233,-49,146,327,461,545,591,555,474,341,163,-4,-165,-325,-433,-498,-520,-479,-404,-290,-151,-1,135,261,357,421,464,453,386,300,195,70,-57,-195,-308,-393,-445,-459,-424,-358,-255,-126,12,160,780,584,-729,119,132,-276,-413,-497,-549,-535,-467,-353,-205,-23,174,349,482,580,621,599,509,373,197,-18,-224,-407,-557,-649,-661,-617,-508,-339,-134,87,299,475,598,660,653,574,442,274,80,-127,-304,-451,-564,-606,-576,-503,-380,-227,-70,90,242,362,447,487,485,441,367,267,160,27,-99,-219,-323,-402,-455,-477,-453,-397,-305,-184,-30,128,286,421,520,579,581,520,408,255,77,-127,-330,-508,-631,-680,-665,-577,-432,-240,-17,206,409,565,676,708,665,554,377,162,-62,-278,-460,-587,-662,-657,-582,-434,-251,-65,138,311,439,526,562,522,437,325,182,31,-113,-242,-332,-395,-426,-400,1105,-268,-167,-68,42,145,227,297,317,317,304,258,202,132,51,-30,-112,-187,-239,-274,-297,-303,-284,-237,-172,-81,11,105,201,282,347,377,374,347,273,160,37,-106,-237,-350,-433,-472,-462,-400,-302,-165,-17,141,294,400,485,512,491,426,304,141,-19,-173,-323,-439,-509,-534,-498,-409,-273,-120,48,216,353,449,511,526,477,372,235,84,-80,-235,-366,-454,-493,-484,-429,-325,-180,-36,116,251,350,420,459,431,360,263,137,-11,-158,-275,-365,-417,-429,-392,-304,-191,-65,79,211,307,375,403,372,302,192,56,-89,-219,-317,-368,-360,-298,-186,-51,76,184,246,251,73,101,1145,-1401,-1404,147,116,39,-49,-137,-209,-241,-230,-171,-86,6,104,194,252,276,255,202,120,14,-84,-178,-248,-289,-292,-267,-194,-97,9,109,197,266,298,295,256,179,76,-20,-119,-202,-260,-280,-274,-230,-164,-91,-6,79,157,213,244,248,224,185,127,59,-14,-90,-154,-201,-219,-216,-205,-161,-104,-40,23,90,142,183,201,199,195,163,113,54,-10,-78,-147,-189,-213,-219,-207,-177,-121,-55,22,102,171,221,252,261,230,171,100,26,-57,-136,-205,-256,-275,-260,-220,-160,-76,12,100,180,233,257,269,240,183,122,31,-57,-134,-194,-228,-256,-244,-204,-154,-86,-13,64,826,185,225,231,221,183,127,79,9,-52,-113,-167,-200,-221,-214,-197,-157,-105,-38,25,86,141,190,230,239,231,196,147,103,38,-46,-122,-189,-250,-293,-298,-280,-239,-182,-87,20,138,247,329,382,400,383,312,207,81,-64,-213,-343,-441,-489,-491,-439,-339,-202,-33,145,302,441,538,573,540,458,325,151,-34,-222,-383,-505,-583,-595,-538,-433,-273,-80,120,295,447,547,595,579,501,362,201,16,-170,-323,-460,-531,-536,-511,-433,-300,-159,6,157,293,406,473,489,455,387,289,168,35,-119,-250,-338,-409,-438,-436,-403,-326,-225,-95,41,176,291,393,454,476,451,-1151,-1267
39313,mtk,MTK 7916,2425611908,rx0-tx1,512,87,-147,-182,587,524,417,254,60,-142,-348,-519,-661,-737,-739,-671,-535,-341,-109,143,389,599,759,845,856,787,633,410,144,-136,-408,-657,-837,-942,-959,-883,-715,-477,-190,122,428,692,891,1012,1034,958,793,547,246,-80,-405,-686,-907,-1053,-1093,-1028,-869,-631,-331,-1,337,652,901,1068,1145,1116,983,749,445,90,-277,-622,-916,-1122,-1222,-1214,-1078,-839,-513,-139,251,629,946,1160,1272,1255,1111,862,527,153,-243,-624,-929,-1135,-1244,-1224,-1089,-847,-521,-162,207,560,855,1060,1160,1153,1043,832,543,208,-144,-475,-758,-973,-1087,-1098,-1011,-836,-577,-271,55,376,654,874,1009,1050,998,849,629,-689,53,-259,-543,-787,-956,-1033,-1026,-918,-727,-470,-158,166,471,745,963,1084,1104,1024,840,574,250,-110,-467,-783,-1027,-1175,-1207,-1127,-924,-626,-265,135,519,859,1123,1270,1290,1175,946,615,213,-211,-609,-956,-1200,-1322,-1319,-1168,-901,-536,-117,311,695,1015,1232,1322,1269,1090,795,413,4,-407,-779,-1063,-1226,-1261,-1159,-938,-619,-237,146,523,827,1026,1126,1089,953,714,410,69,-256,-535,-757,-894,-927,-868,-717,-509,-259,8,264,483,645,733,753,688,556,380,159,-72,-281,-456,-585,-643,-638,-559,-413,-229,-26,174,361,496,564,562,487,345,153,-54,-242,-382,-449,-439,-346,-195,-34,-49,-77,0,-252,-143,-90,-173,-229,-240,-203,-128,-22,94,195,275,309,295,242,156,51,-61,-168,-253,-307,-324,-314,-266,-183,-86,29,145,236,312,356,358,333,270,176,63,-66,-190,-297,-381,-424,-423,-383,-296,-177,-31,119,267,390,472,510,480,405,286,124,-48,-214,-358,-467,-531,-541,-486,-380,-238,-72,107,268,398,484,528,515,453,343,204,50,-115,-267,-385,-459,-501,-485,-424,-326,-195,-51,98,233,345,427,467,472,431,344,226,87,-70,-213,-326,-421,-473,-476,-444,-358,-239,-102,53,204,323,417,474,479,436,353,239,109,-36,-181,-299,-388,-443,-446,-417,-351,-248,-126,12,149,-130,349,401,423,404,347,255,143,23,-99,-211,-304,-363,-388,-381,-340,-264,-175,-72,36,135,219,288,323,336,326,288,229,148,63,-24,-111,-195,-270,-320,-351,-357,-331,-281,-205,-102,4,123,235,329,406,452,455,420,333,219,81,-77,-230,-365,-474,-548,-556,-517,-427,-285,-116,73,248,405,531,602,616,571,469,322,140,-61,-257,-424,-557,-626,-635,-589,-474,-316,-140,51,246,404,515,585,587,537,445,305,146,-22,-185,-315,-423,-487,-503,-472,-408,-311,-191,-65,64,187,286,364,406,422,409,362,297,204,89,-30,-143,-248,-345,-416,-456,-464,-431,-370,-262,-130,29,-75,-207,504,-89,-56,-152,-330,-487,-606,-664,-668,-602,-478,-303,-82,147,371,564,710,792,800,726,580,371,118,-140,-399,-630,-799,-899,-907,-832,-670,-435,-165,126,418,674,868,982,1004,931,760,517,224,-101,-416,-696,-913,-1036,-1068,-992,-824,-584,-286,49,375,672,907,1061,1114,1074,925,686,389,47,-301,-633,-906,-1093,-1184,-1163,-1035,-807,-491,-127,256,626,927,1150,1252,1240,1112,858,529,147,-259,-631,-950,-1162,-1261,-1250,-1105,-851,-528,-152,238,602,902,1106,1203,1192,1069,838,529,181,-178,-517,-810,-1018,-1124,-1120,-1017,-826,-554,-230,108,424,703,917,1039,1075,1007,841,608,312,-4,-321,-604,-824,261,-1042,-1001,-875,-677,-409,-114,199,505,759,950,1054,1053,965,790,528,209,-132,-467,-760,-988,-1124,-1164,-1082,-889,-608,-260,116,489,824,1077,1223,1255,1157,949,638,252,-161,-558,-900,-1166,-1305,-1306,-1179,-932,-579,-178,248,653,987,1223,1331,1294,1126,855,488,70,-354,-738,-1047,-1238,-1298,-1233,-1030,-717,-335,73,472,810,1064,1190,1193,1076,830,514,153,-213,-539,-801,-971,-1028,-972,-826,-604,-322,-19,267,514,695,808,833,771,634,441,214,-29,-268,-458,-604,-686,-687,-618,-493,-317,-108,103,307,468,571,609,580,479,314,117,-88,-282,-437,-522,-526,-451,-306,-126,65,231,327,337,-145,-131,0,-114,-247,-171,-129,-44,60,161,238,281,271,221,134,20,-90,-191,-267,-307,-311,-272,-207,-114,-12,96,203,280,328,347,317,256,176,64,-50,-160,-264,-342,-389,-397,-356,-285,-177,-43,97,226,346,428,469,459,401,293,159,-3,-172,-319,-444,-517,-529,-487,-394,-260,-95,86,254,390,486,537,530,466,353,216,53,-111,-266,-395,-479,-520,-506,-437,-327,-197,-49,113,253,368,449,483,476,421,332,209,69,-76,-219,-343,-429,-481,-482,-431,-352,-241,-98,54,200,329,415,469,483,439,354,242,103,-49,-193,-313,-403,-454,-467,-430,-351,-245,-113,27,154,278,369,425,445,421,245,245,135,9,-117,-233,-327,-382,-408,-392,-343,-263,-157,-42,74,183,267,324,359,359,329,277,195,103,8,-85,-172,-246,-298,-323,-328,-313,-279,-213,-132,-40,57,155,239,316,367,391,389,344,272,172,49,-87,-227,-350,-441,-502,-513,-473,-386,-263,-106,72,233,388,506,577,596,546,455,310,128,-60,-250,-418,-544,-623,-637,-584,-479,-327,-138,54,251,421,534,598,618,569,455,315,142,-46,-214,-369,-481,-541,-554,-508,-424,-308,-167,-13,130,255,360,425,454,446,400,327,232,125,14,-105,-208,-297,-370,-411,-424,-406,-364,-285,-178,-60,71,197,329,434,503,525,248,164
39314,mtk,MTK 7916,2425611908,rx1-tx0,512,0,48,512,-597,-470,-301,-96,125,335,528,651,744,759,682,540,348,112,-134,-380,-597,-752,-844,-841,-754,-605,-381,-107,174,449,686,851,936,918,809,625,360,57,-253,-532,-765,-924,-992,-959,-823,-597,-318,-10,302,582,801,948,1003,948,786,575,294,-24,-327,-595,-807,-949,-987,-920,-774,-542,-266,31,325,591,800,914,932,882,734,507,242,-51,-327,-571,-758,-861,-878,-809,-666,-454,-201,47,305,514,671,770,781,718,596,414,203,-35,-253,-440,-581,-670,-691,-647,-549,-404,-221,-21,172,352,490,582,632,608,535,416,259,84,-107,-291,-446,-553,-598,-598,-543,-423,-281,-97,87,216,414,524,581,582,528,419,278,103,-86,-246,-398,-507,-556,-554,-497,-388,-242,-80,87,255,386,482,520,506,448,358,224,77,-76,-234,-348,-430,-461,-462,-418,-312,-204,-68,76,199,300,370,394,381,347,284,193,75,-24,-118,-200,-269,-306,-325,-316,-291,-235,-156,-76,28,116,208,287,346,384,367,328,250,127,-4,-135,-266,-364,-426,-448,-412,-346,-227,-82,70,215,328,412,440,428,366,254,126,-26,-160,-268,-352,-403,-397,-354,-271,-157,-30,83,200,291,345,359,329,262,166,56,-56,-169,-255,-310,-323,-295,-228,-130,-8,110,205,272,282,243,171,71,-34,-117,-790,-738,0,187,7,18,92,167,206,213,184,109,13,-94,-189,-250,-276,-264,-214,-129,-28,76,181,254,283,297,266,191,98,6,-98,-189,-252,-287,-291,-263,-209,-120,-37,56,133,209,253,274,264,225,177,104,40,-40,-127,-198,-242,-259,-267,-250,-206,-131,-52,31,118,198,268,295,302,283,228,153,46,-55,-150,-255,-319,-353,-349,-304,-223,-123,-17,95,197,282,333,363,332,282,203,103,2,-113,-210,-283,-331,-340,-309,-257,-184,-90,25,119,194,257,305,314,298,243,170,79,-24,-119,-197,-259,-286,-300,-271,-229,-164,-77,13,101,176,236,265,274,251,200,142,70,-16,-97,-584,-202,-232,-233,-219,-182,-122,-54,10,73,137,173,196,199,176,143,94,49,-11,-59,-95,-117,-131,-137,-123,-94,-62,-36,-14,12,16,25,30,25,20,22,41,58,76,83,91,103,101,87,51,8,-59,-129,-187,-240,-269,-263,-231,-181,-84,35,138,248,333,396,422,388,316,196,56,-114,-274,-394,-497,-539,-527,-444,-326,-173,10,200,370,494,564,582,533,431,294,114,-78,-248,-412,-528,-587,-598,-529,-425,-295,-101,89,263,411,517,581,584,538,433,283,123,-60,-243,-398,-505,-566,-585,-541,-457,-321,-149,26,198,355,476,562,595,572,510,388,227,44,-148,197,295,0,-824,-651,320,496,627,705,704,643,507,331,126,-126,-368,-561,-712,-791,-792,-725,-567,-361,-109,170,417,633,802,881,879,789,615,377,94,-205,-480,-716,-892,-965,-940,-821,-619,-352,-44,276,563,800,944,1003,957,816,591,317,6,-325,-592,-804,-956,-991,-929,-782,-564,-285,32,330,599,806,930,965,908,762,534,254,-31,-315,-585,-782,-904,-925,-854,-701,-479,-221,56,314,544,727,815,843,785,637,446,202,-49,-275,-476,-629,-726,-750,-690,-567,-398,-204,11,214,397,542,629,658,628,545,405,245,50,-137,-310,-455,-551,-603,-602,-542,-427,-273,-93,82,271,425,539,600,585,757,425,276,99,-81,-261,-408,-510,-573,-568,-514,-417,-270,-94,83,254,396,490,535,534,479,372,234,71,-98,-241,-374,-459,-489,-493,-436,-334,-208,-62,73,214,326,391,436,426,376,292,187,55,-58,-161,-250,-313,-349,-348,-322,-273,-201,-115,-28,73,159,241,285,326,349,332,297,214,119,6,-116,-227,-331,-403,-417,-409,-351,-249,-118,35,179,303,403,445,442,387,296,172,25,-119,-260,-358,-416,-427,-388,-315,-220,-87,54,178,284,352,370,360,316,227,117,-12,-128,-229,-302,-334,-337,-293,-213,-110,7,116,216,287,314,284,219,118,-1,-105,-189,-231,-220,-163,155,-330,0,240,311,166,160,107,27,-62,-153,-225,-260,-253,-198,-112,-14,92,185,255,288,283,242,156,61,-36,-146,-231,-272,-293,-285,-230,-151,-63,32,119,206,258,279,277,240,185,103,29,-62,-133,-204,-245,-261,-264,-232,-179,-106,-37,35,120,195,254,275,285,270,231,159,60,-34,-135,-223,-293,-340,-330,-302,-237,-137,-42,69,177,261,316,347,338,296,223,127,15,-108,-198,-282,-319,-338,-331,-282,-202,-95,21,124,206,274,321,327,294,243,176,85,-12,-110,-192,-254,-297,-305,-285,-241,-167,-85,15,117,186,247,271,275,255,217,151,76,-10,-99,-172,-220,-256,-264,-239,-674,-128,-57,17,84,151,198,214,214,203,164,112,59,-8,-61,-107,-140,-158,-168,-144,-110,-71,-44,-4,31,64,80,81,78,61,46,46,44,45,45,47,48,40,31,8,-14,-47,-85,-127,-165,-183,-198,-174,-133,-76,6,101,178,259,332,351,329,280,190,82,-54,-196,-329,-428,-485,-489,-426,-336,-203,-34,150,318,442,534,571,547,454,315,140,-48,-233,-380,-501,-576,-580,-536,-441,-290,-123,81,264,402,522,598,586,537,422,277,108,-76,-249,-407,-510,-573,-589,-543,-437,-295,-138,40,209,359,485,557,578,553,474,344,183,1,-166,-329,-481,-583,-626,-614,-238,-82
39315,mtk,MTK 7916,2425611908,rx1-tx1,512,0,0,0,-521,-170,226,571,791,845,722,444,58,-340,-653,-821,-822,-648,-329,57,423,690,805,747,521,185,-180,-496,-700,-748,-625,-363,-20,322,583,712,685,490,182,-168,-480,-677,-719,-604,-343,-6,329,600,733,696,508,206,-148,-487,-709,-774,-675,-416,-64,292,589,766,761,595,309,-43,-390,-662,-782,-729,-522,-198,159,477,693,752,643,402,82,-249,-517,-674,-681,-542,-284,30,328,544,642,592,415,154,-134,-394,-552,-589,-494,-299,-39,221,418,525,517,386,175,-58,-284,-448,-501,-436,-290,-88,134,323,421,430,349,193,-1,-189,-324,-384,-352,-240,-78,90,234,322,335,0,131,-21,-166,-269,-297,-250,-151,-16,121,233,291,278,194,64,-81,-223,-311,-326,-264,-139,19,176,300,366,348,249,84,-103,-266,-386,-428,-376,-244,-53,150,325,431,454,390,236,38,-173,-354,-470,-480,-400,-245,-42,183,361,463,467,394,238,46,-155,-322,-432,-453,-383,-244,-69,117,284,388,406,355,247,103,-53,-197,-305,-347,-326,-259,-149,-23,101,200,251,269,236,170,84,-2,-94,-157,-195,-199,-181,-144,-91,-27,35,88,130,159,173,156,127,83,19,-48,-112,-161,-196,-204,-182,-132,-60,19,96,161,216,239,229,197,139,60,-18,-88,-139,-172,-181,-163,0,0,0,0,0,-74,-57,-28,10,52,88,111,122,108,66,10,-47,-100,-136,-153,-145,-103,-32,52,126,175,198,181,122,35,-59,-148,-211,-233,-213,-142,-35,78,176,247,264,227,142,14,-114,-209,-263,-265,-208,-104,29,161,257,296,272,186,49,-103,-226,-297,-331,-281,-151,17,178,310,374,357,254,92,-94,-274,-404,-443,-389,-250,-50,170,363,477,495,400,211,-26,-266,-463,-563,-537,-394,-164,92,342,548,641,587,406,143,-156,-429,-612,-666,-584,-374,-86,222,487,652,690,580,338,33,-276,-523,-666,-663,-520,-258,56,354,572,667,616,434,151,-169,-445,-615,-654,-543,-308,0,299,545,666,638,464,187,-146,-456,-666,-725,-620,-370,-41,303,593,762,772,595,279,-96,-458,-734,-857,-785,-541,-185,221,586,825,890,762,450,45,-381,-722,-913,-903,-695,-325,121,543,856,985,896,618,198,-280,-698,-960,-1022,-860,-521,-60,422,807,1011,1008,786,396,-89,-554,-900,-1045,-970,-681,-245,240,664,942,1018,867,529,90,-367,-742,-953,-945,-727,-358,79,496,808,932,835,557,177,-248,-616,-838,-868,-703,-375,27,416,703,845,795,554,194,-192,-543,-775,-841,-709,-412,-17,366,653,800,785,580,238,-146,-495,-737,-812,-707,-444,-78,310,614,788,797,628,310,0,0,0,0,0,-664,-826,-809,-623,-306,86,467,742,858,786,546,199,-192,-546,-776,-831,-710,-434,-67,301,597,760,760,590,286,-75,-403,-640,-734,-653,-424,-104,244,530,695,694,531,248,-93,-411,-644,-733,-651,-424,-99,254,552,730,750,603,319,-47,-400,-662,-785,-730,-509,-183,174,511,732,790,678,425,71,-289,-573,-742,-754,-599,-319,21,354,611,727,675,481,191,-130,-425,-626,-678,-579,-357,-66,234,474,604,600,464,224,-53,-307,-492,-568,-518,-352,-109,142,358,491,516,431,247,9,-218,-386,-460,-434,-315,-127,78,256,373,406,348,215,40,-139,-280,-351,-333,-248,-115,48,0,293,316,260,142,-2,-144,-252,-295,-272,-185,-54,93,225,304,306,237,111,-53,-202,-304,-341,-300,-181,-24,142,297,390,395,314,155,-39,-224,-360,-435,-427,-319,-141,67,264,409,475,442,330,148,-67,-275,-423,-485,-455,-337,-150,68,265,395,455,438,328,152,-48,-229,-364,-433,-417,-326,-180,-4,169,296,367,373,315,198,61,-80,-197,-269,-296,-274,-206,-107,1,99,172,214,228,202,146,79,9,-58,-115,-156,-176,-173,-153,-109,-56,12,72,121,160,188,186,157,110,43,-32,-109,-171,-215,-224,-206,-167,-99,-15,67,140,199,229,226,197,155,100,43,-17,0,0,0,0,0,-35,-70,-91,-98,-93,-69,-30,17,65,109,133,133,101,52,-9,-77,-138,-169,-169,-135,-67,14,104,176,207,205,164,83,-18,-119,-207,-249,-238,-175,-78,34,145,227,262,245,171,55,-70,-184,-268,-291,-240,-135,-5,129,238,296,289,218,84,-64,-208,-317,-353,-310,-207,-39,143,292,395,412,328,162,-44,-238,-387,-466,-444,-326,-133,102,328,481,539,483,312,70,-191,-416,-562,-591,-499,-293,-12,272,499,628,636,506,263,-43,-345,-573,-683,-656,-490,-222,97,395,610,697,632,437,155,-162,-442,-623,-675,-580,-354,-51,261,506,642,632,481,224,-85,-371,-575,0,-591,-389,-98,227,507,665,684,552,283,-63,-390,-637,-752,-699,-482,-156,210,542,763,816,692,415,36,-356,-679,-854,-838,-645,-318,93,496,793,912,835,571,187,-254,-653,-905,-955,-804,-474,-42,408,778,976,964,749,372,-100,-555,-899,-1037,-948,-645,-219,257,697,978,1033,880,542,75,-404,-790,-1002,-999,-783,-400,72,517,851,994,912,637,231,-222,-622,-883,-940,-782,-465,-55,372,707,879,856,646,285,-132,-519,-773,-851,-757,-486,-91,308,626,809,804,621,306,-85,-458,-725,-820,-736,-489,-143,239,573,782,806,644,344,-28,-398,-682,-810,-765,-542,-200,184,528,753,0,0
39316,mtk,MTK 7916,2425611908,rx2-tx0,512,0,0,0,878,1024,942,652,215,-277,-709,-979,-1028,-847,-479,-5,472,841,1021,969,698,273,-210,-649,-934,-1008,-856,-509,-44,438,818,998,949,689,273,-211,-645,-932,-1002,-841,-484,-14,466,837,1019,964,695,258,-248,-697,-983,-1053,-885,-514,-19,477,869,1062,1012,732,288,-224,-683,-985,-1065,-895,-516,-22,476,864,1048,985,703,252,-268,-716,-1002,-1067,-888,-489,25,538,928,1111,1042,735,243,-302,-780,-1095,-1161,-958,-541,-8,537,972,1190,1144,848,366,-203,-733,-1095,-1219,-1073,-693,-163,399,872,1142,1160,932,499,-42,-562,-952,-1130,-1051,-740,-272,251,711,1009,1075,895,519,30,-461,-839,0,-978,-711,-285,209,658,949,1015,858,507,31,-452,-831,-1021,-982,-717,-289,206,663,973,1066,914,552,57,-450,-866,-1092,-1074,-819,-377,168,682,1046,1186,1069,710,184,-390,-891,-1200,-1256,-1039,-597,-15,570,1039,1289,1264,967,462,-152,-739,-1166,-1346,-1248,-875,-307,320,880,1261,1375,1191,757,167,-459,-996,-1320,-1355,-1115,-654,-45,568,1055,1321,1314,1043,572,-19,-602,-1055,-1282,-1251,-974,-516,38,573,971,1164,1121,859,438,-55,-516,-855,-1016,-970,-736,-368,59,449,733,861,811,603,293,-62,-390,-629,-734,-697,-530,-272,22,300,514,627,627,527,348,128,-91,-272,-393,-443,-430,-364,0,0,0,0,0,84,202,308,392,431,410,325,179,-11,-212,-387,-512,-555,-503,-358,-149,98,330,505,593,569,435,211,-58,-321,-523,-627,-605,-463,-226,58,339,552,660,626,460,196,-111,-404,-610,-690,-618,-421,-130,187,465,643,691,584,340,27,-292,-552,-707,-700,-528,-241,94,421,668,763,685,452,119,-244,-565,-766,-803,-661,-369,5,385,691,844,818,611,271,-138,-519,-794,-898,-806,-535,-150,275,647,873,915,761,439,21,-404,-744,-925,-901,-688,-320,114,522,823,947,862,589,192,-245,-629,-876,-931,-782,-469,-57,368,711,893,879,671,322,-95,-490,-769,-866,-778,-522,-144,260,0,792,817,658,340,-54,-422,-699,-820,-742,-490,-127,262,596,790,802,632,315,-85,-471,-749,-856,-774,-508,-114,305,654,861,875,693,345,-90,-504,-817,-950,-861,-577,-164,293,694,935,966,787,426,-35,-493,-836,-992,-928,-655,-230,251,676,938,988,819,466,-2,-475,-835,-1002,-938,-661,-235,248,682,957,1006,828,470,-5,-488,-854,-1019,-958,-678,-249,242,687,975,1038,868,506,25,-466,-851,-1042,-998,-732,-299,207,662,965,1054,909,559,80,-417,-812,-1026,-1014,-766,-342,154,606,925,1039,913,586,131,-354,-763,-997,-999,-777,-385,88,548,883,1017,918,610,166,-312,-723,-971,0,0,0,0,0,-533,-71,415,805,1015,996,761,353,-137,-594,-916,-1031,-914,-593,-144,339,746,990,1004,788,395,-84,-537,-872,-1008,-911,-603,-160,319,725,962,978,767,378,-94,-550,-884,-1011,-907,-592,-129,359,767,1004,1013,784,378,-117,-591,-934,-1066,-954,-622,-151,350,774,1028,1042,818,407,-92,-579,-928,-1057,-945,-612,-131,377,795,1029,1031,793,364,-152,-638,-978,-1098,-966,-609,-103,430,865,1106,1103,849,394,-156,-677,-1051,-1188,-1064,-708,-188,381,862,1154,1191,971,537,-11,-564,-991,-1195,-1133,-830,-341,215,712,1053,1161,1006,630,127,-398,-837,-1076,-1069,-831,-410,100,579,923,1060,943,614,0,-334,-747,-991,-1004,-783,-381,97,554,889,1023,918,605,153,-333,-751,-1007,-1031,-818,-417,84,566,920,1081,998,682,212,-316,-783,-1077,-1142,-953,-542,-2,546,982,1211,1175,880,388,-196,-748,-1142,-1297,-1168,-789,-232,373,908,1255,1338,1125,675,79,-540,-1045,-1321,-1321,-1047,-548,78,688,1143,1363,1303,956,402,-219,-792,-1212,-1378,-1256,-876,-321,294,842,1221,1343,1184,795,260,-321,-819,-1148,-1245,-1084,-711,-211,313,750,1027,1091,935,605,170,-276,-659,-891,-932,-792,-511,-137,252,573,763,794,670,425,113,-210,-479,-644,-685,-605,-421,-174,89,323,488,566,550,456,308,141,-15,-140,0,0,0,0,0,-303,-284,-220,-110,33,198,351,462,510,480,367,186,-34,-258,-441,-555,-572,-485,-303,-61,199,429,579,622,539,348,87,-193,-442,-605,-646,-558,-345,-65,229,481,635,662,553,322,17,-294,-542,-676,-672,-513,-244,76,383,613,708,643,441,138,-205,-501,-685,-725,-610,-351,-2,348,626,770,753,565,248,-132,-486,-741,-840,-754,-497,-131,261,611,832,875,725,413,5,-406,-732,-899,-872,-659,-302,128,535,819,927,846,580,180,-256,-639,-881,-932,-782,-467,-41,392,740,921,907,696,337,-88,-494,-799,-924,-844,-581,-196,226,599,835,884,742,433,23,-381,-687,-839,-806,0,-245,146,506,751,817,695,417,43,-342,-649,-800,-768,-557,-219,175,539,778,836,703,406,10,-392,-710,-876,-842,-603,-227,204,591,853,924,782,459,35,-407,-762,-948,-923,-688,-290,171,591,891,988,860,539,91,-377,-760,-973,-965,-739,-346,124,569,886,1000,886,570,118,-362,-760,-983,-980,-752,-350,133,588,907,1022,904,580,119,-368,-774,-1006,-1011,-783,-375,117,584,921,1052,946,620,153,-347,-766,-1014,-1037,-827,-427,66,544,900,1058,968,661,212,-280,-713,-987,-1037,-853,-476,5,482,851,1025,960,686,261,-225,-661,-943,-1008,-850,-503,-35,445,814,996,965,714,297,0,0
39317,mtk,MTK 7916,2425611908,rx2-tx1,512,0,0,0,-492,-627,-627,-490,-253,41,317,517,603,557,398,164,-105,-349,-509,-559,-489,-321,-90,155,351,473,491,406,231,19,-181,-330,-411,-393,-302,-153,17,177,286,328,292,199,71,-54,-158,-213,-211,-161,-73,16,85,119,123,95,44,-18,-54,-63,-49,-7,42,76,93,86,32,-39,-112,-165,-189,-167,-100,14,142,243,297,288,215,82,-77,-233,-360,-417,-379,-243,-55,162,346,460,490,411,229,-1,-244,-434,-544,-549,-428,-199,77,338,529,614,578,411,147,-143,-402,-588,-650,-572,-360,-76,232,484,635,656,537,295,-17,-324,-560,-676,-647,-481,-207,116,412,627,701,0,415,105,-224,-501,-658,-669,-546,-310,7,327,566,689,661,484,194,-133,-432,-638,-710,-617,-394,-80,259,546,708,704,550,272,-79,-413,-663,-775,-717,-490,-151,229,567,793,834,705,428,44,-370,-704,-896,-895,-705,-369,60,491,815,968,931,705,316,-143,-581,-898,-1027,-943,-673,-250,229,668,978,1079,947,632,199,-286,-721,-1007,-1090,-957,-639,-198,284,706,980,1065,943,631,211,-236,-631,-894,-969,-857,-592,-216,194,551,789,860,767,534,213,-140,-455,-675,-739,-662,-475,-208,103,374,557,636,599,452,233,-12,-247,-427,-530,-544,-471,-326,-144,31,187,297,346,345,314,0,0,0,0,0,-69,-124,-177,-213,-227,-217,-169,-94,-1,98,188,251,282,267,204,106,-9,-125,-215,-272,-287,-255,-175,-68,55,165,249,284,264,198,104,-13,-125,-212,-259,-267,-215,-124,-17,82,166,208,224,202,136,46,-43,-130,-181,-192,-181,-143,-72,4,64,114,146,142,116,91,52,0,-41,-70,-89,-91,-86,-90,-78,-52,-15,32,78,112,153,165,152,121,52,-42,-119,-178,-217,-229,-201,-125,-25,94,196,268,298,279,196,77,-60,-192,-291,-329,-304,-229,-101,52,193,291,333,318,236,95,-63,-197,-285,-324,-303,-210,-68,81,211,286,307,261,150,10,-123,-228,-287,0,-211,-87,56,188,269,286,241,129,-17,-161,-268,-316,-296,-213,-61,112,255,347,365,301,167,-13,-201,-348,-424,-399,-285,-104,101,306,455,504,447,286,51,-196,-408,-538,-554,-448,-253,3,260,472,586,559,421,196,-77,-333,-512,-583,-523,-345,-89,187,432,578,592,469,242,-46,-328,-542,-634,-587,-405,-120,185,465,653,685,562,327,7,-325,-584,-717,-709,-545,-252,98,429,680,778,709,484,164,-199,-542,-769,-819,-697,-435,-84,293,618,815,840,688,382,2,-379,-667,-828,-821,-638,-325,49,411,684,814,767,557,240,-119,-444,-667,-750,-684,-470,-158,175,457,641,0,0,0,0,0,425,152,-154,-419,-589,-630,-535,-335,-72,205,432,568,576,460,247,-2,-247,-440,-526,-501,-377,-176,56,267,406,447,403,279,105,-86,-247,-354,-374,-309,-185,-36,113,222,265,253,185,78,-28,-110,-160,-166,-129,-69,5,60,72,75,57,3,-43,-63,-65,-41,14,74,121,141,120,62,-29,-129,-211,-252,-227,-151,-33,118,260,345,360,297,165,-12,-208,-363,-450,-443,-337,-145,90,309,467,536,487,322,88,-165,-393,-555,-601,-508,-302,-38,241,481,625,628,490,252,-39,-321,-549,-657,-620,-451,-187,121,405,599,674,599,385,89,-225,-497,-656,-671,-546,-307,1,0,567,684,654,486,203,-123,-419,-624,-692,-618,-410,-103,224,500,673,699,562,297,-24,-349,-596,-699,-659,-475,-183,172,491,692,738,633,383,33,-334,-621,-780,-773,-601,-284,99,481,754,873,809,573,201,-222,-600,-861,-950,-840,-542,-118,332,716,966,1009,831,491,58,-406,-807,-1025,-1035,-830,-457,15,486,861,1061,1054,829,436,-38,-515,-877,-1066,-1050,-822,-433,27,481,833,1016,996,779,428,4,-416,-737,-906,-900,-712,-399,-25,342,639,785,779,636,376,49,-278,-536,-674,-673,-558,-348,-75,205,430,564,595,523,370,174,-49,-252,-394,-463,-458,-392,-287,-157,-27,81,0,0,0,0,0,157,142,100,39,-27,-108,-188,-237,-259,-248,-197,-112,-4,110,206,264,282,259,192,94,-29,-147,-233,-275,-283,-237,-148,-31,91,192,253,277,243,159,56,-55,-161,-228,-257,-236,-172,-81,14,105,170,201,200,167,99,14,-65,-124,-156,-165,-145,-101,-54,-4,44,84,110,116,110,100,68,32,-7,-55,-87,-110,-129,-134,-121,-94,-31,38,96,150,191,207,193,136,41,-59,-145,-220,-276,-270,-212,-111,11,140,244,303,295,251,162,28,-117,-238,-319,-343,-296,-186,-39,114,246,321,330,273,168,21,-126,-247,-312,-301,-224,-108,30,159,259,303,274,178,41,0,-216,-277,-280,-215,-94,46,181,278,314,272,163,19,-141,-271,-334,-327,-252,-109,63,239,363,407,359,225,32,-167,-344,-449,-456,-374,-204,29,264,443,526,495,359,146,-110,-349,-516,-568,-501,-332,-103,172,419,563,586,486,284,16,-267,-482,-580,-548,-402,-161,120,381,556,605,519,321,42,-256,-501,-639,-640,-494,-221,100,397,615,706,645,440,121,-227,-527,-719,-755,-636,-382,-27,338,630,789,785,615,301,-75,-428,-699,-831,-783,-573,-239,149,512,755,838,752,518,163,-220,-551,-775,-833,-717,-455,-101,267,567,750,776,638,371,28,-313,-574,-704,-699,-539,-259,0,0
39318,mtk,MTK 7916,2425645406,rx0-tx0,512,-349,-120,-92,-580,-551,-488,-395,-273,-137,12,166,306,443,550,619,668,663,614,537,425,289,115,-59,-223,-384,-518,-617,-683,-699,-673,-611,-511,-374,-222,-45,119,276,418,529,618,653,647,609,533,438,313,176,28,-112,-237,-346,-431,-488,-523,-532,-505,-460,-395,-317,-223,-124,-32,69,172,264,351,420,478,514,524,513,471,405,322,209,79,-66,-215,-359,-475,-580,-644,-670,-659,-605,-505,-379,-222,-49,126,300,458,583,663,708,709,661,569,444,293,121,-62,-228,-380,-505,-588,-630,-634,-595,-519,-419,-297,-168,-23,107,225,326,395,439,464,458,415,371,309,219,133,51,-30,-511,-165,-223,-266,-296,-309,-309,-306,-292,-264,-219,-176,-118,-57,0,62,124,192,257,311,340,371,381,375,342,287,217,136,37,-80,-191,-294,-395,-470,-526,-547,-524,-466,-383,-287,-153,-2,146,298,422,529,605,647,639,591,511,391,250,87,-76,-242,-396,-527,-632,-686,-693,-665,-598,-482,-339,-172,6,189,359,502,612,674,694,673,604,499,364,199,26,-136,-298,-426,-530,-607,-633,-617,-565,-472,-355,-222,-69,81,229,352,448,517,546,540,503,432,326,204,75,-64,-194,-312,-402,-464,-485,-473,-426,-340,-231,-104,24,160,278,364,410,417,372,281,166,37,-85,-163,-188,-161,1179,148,-90,67,41,-7,-57,-102,-140,-157,-156,-131,-93,-44,19,84,133,173,202,204,174,143,106,40,-30,-89,-142,-191,-218,-219,-209,-186,-143,-85,-18,50,115,175,212,228,240,217,177,128,69,0,-54,-105,-158,-189,-211,-208,-191,-169,-127,-80,-41,6,48,91,129,143,164,174,164,154,138,100,56,20,-7,-57,-82,-105,-134,-143,-150,-155,-152,-145,-114,-85,-57,-17,21,66,114,149,176,192,197,199,173,142,103,61,3,-56,-103,-154,-197,-228,-237,-246,-228,-194,-151,-91,-30,36,95,153,203,239,262,266,257,223,179,118,60,-6,-82,-139,-185,-234,-266,-265,-330,-256,-217,-167,-109,-45,16,81,144,192,229,256,267,257,241,209,163,122,68,4,-47,-102,-155,-191,-233,-269,-281,-276,-265,-247,-206,-163,-101,-35,31,115,197,264,322,373,399,404,377,329,262,179,65,-46,-170,-285,-387,-467,-522,-546,-531,-478,-413,-307,-170,-18,135,274,405,519,597,633,639,608,526,404,261,103,-72,-237,-390,-521,-616,-668,-680,-651,-580,-476,-333,-178,-9,164,320,458,557,621,642,628,579,493,385,250,109,-33,-170,-297,-404,-486,-541,-559,-550,-507,-438,-351,-245,-130,-14,107,214,320,413,469,510,535,520,470,408,324,212,88,-38,-164,780,584,-729,119,132,80,224,353,472,555,604,625,604,564,477,350,211,58,-111,-272,-416,-538,-632,-691,-694,-664,-590,-468,-326,-162,14,184,344,483,586,655,683,664,617,525,408,266,103,-50,-206,-337,-450,-530,-580,-596,-578,-527,-450,-350,-239,-125,-2,112,216,305,378,436,470,487,489,452,407,346,270,183,70,-39,-160,-272,-376,-473,-545,-591,-606,-586,-523,-431,-307,-166,-2,166,334,477,592,676,709,703,650,556,420,261,90,-92,-268,-422,-546,-634,-686,-688,-643,-558,-438,-288,-136,23,181,308,418,495,543,556,526,472,392,290,191,85,-34,-126,-204,-282,-339,-362,-371,-361,1105,-303,-258,-205,-140,-70,-8,53,108,162,205,240,280,298,311,312,299,276,233,168,104,36,-46,-133,-223,-303,-369,-418,-457,-465,-437,-391,-310,-208,-92,42,176,307,416,508,583,603,599,547,454,340,196,43,-124,-272,-419,-533,-621,-669,-672,-633,-549,-438,-291,-123,49,214,382,525,625,687,704,683,609,497,351,184,9,-164,-328,-467,-575,-647,-667,-650,-592,-487,-367,-215,-44,111,260,387,479,555,584,583,541,455,347,215,73,-70,-202,-323,-418,-479,-514,-512,-470,-395,-299,-180,-41,92,222,329,405,448,458,424,347,239,109,-25,-157,-258,-321,-341,-305,-228,73,101,1145,-1401,-1404,-76,-112,-129,-126,-106,-64,-11,51,110,154,177,191,171,136,95,36,-30,-89,-129,-180,-212,-213,-196,-166,-122,-55,12,71,131,183,216,229,228,208,167,98,40,-26,-94,-147,-184,-218,-225,-207,-192,-154,-105,-50,13,59,104,146,169,179,181,171,156,122,88,53,6,-38,-66,-101,-133,-151,-157,-168,-158,-137,-123,-95,-55,-22,6,40,80,119,144,162,177,178,169,153,119,82,34,-15,-66,-120,-160,-198,-220,-238,-220,-200,-173,-132,-73,-14,45,112,160,203,235,251,253,236,205,163,107,47,-16,-86,-152,-205,-239,-262,-279,-273,-238,-196,-153,-86,-25,826,100,168,212,250,270,271,256,221,180,136,76,16,-40,-94,-153,-195,-226,-254,-262,-254,-245,-214,-177,-141,-79,-12,46,92,151,206,255,302,316,328,324,285,235,178,100,8,-90,-192,-282,-360,-428,-467,-478,-465,-418,-342,-241,-121,18,161,281,388,492,566,605,595,547,470,352,210,59,-93,-253,-402,-522,-610,-663,-674,-635,-564,-453,-305,-142,29,201,357,493,596,655,681,653,592,487,356,207,46,-105,-254,-381,-485,-560,-592,-593,-559,-492,-407,-298,-178,-46,83,208,320,408,474,514,534,520,478,421,328,227,124,8,-126,-247,-350,-438,-504,-544,-554,-545,-1151,-1267
